0.000000 -0.00508813918544
0.010000 -0.00499272400482
0.020000 -0.00316460232161
0.030000 -0.00535317180663
0.040000 -0.00471087641328
0.050000 -0.00045355581208
0.060000 -0.00829400473236
0.070000 -0.00752975214239
0.080000 0.00285429957062
0.090000 -0.00867365235797
0.100000 -0.00764749375982
0.110000 0.00982790915035
0.120000 0.01629531254356
0.130000 0.01344996318764
0.140000 -0.00091704260984
0.150000 -0.01473889054977
0.160000 -0.01214532209630
0.170000 -0.00210812101334
0.180000 -0.01030101848104
0.190000 0.00027573447567
0.200000 0.01869177987408
0.210000 -0.00892913679754
0.220000 -0.02431068748296
0.230000 0.00700189464302
0.240000 0.01002502430185
0.250000 0.00668361666153
0.260000 -0.00001968047698
0.270000 -0.02305420289552
0.280000 -0.00640699119760
0.290000 0.01949270484647
0.300000 0.02159784654657
0.310000 -0.00570261596479
0.320000 -0.02590815350596
0.330000 -0.01986030545505
0.340000 0.00770054096685
0.350000 0.03183468967355
0.360000 0.01559482146544
0.370000 -0.02341021241493
0.380000 -0.02357585451523
0.390000 0.01487145508351
0.400000 0.00704254061214
0.410000 -0.01958429374017
0.420000 -0.00565946940670
0.430000 0.01284653213760
0.440000 -0.00739246700169
0.450000 -0.01818962793842
0.460000 0.00781775476011
0.470000 -0.01097302458904
0.480000 -0.00835299829088
0.490000 0.03442869125849
0.500000 0.01248704704500
0.510000 -0.01769110588999
0.520000 -0.02706101971835
0.530000 -0.02311129909270
0.540000 0.00028261021858
0.550000 0.02081273876394
0.560000 0.01637126311151
0.570000 -0.01386486806573
0.580000 -0.03124519248047
0.590000 -0.01806235392149
0.600000 0.01213136719651
0.610000 0.02180197948005
0.620000 0.00783268639767
0.630000 -0.00567883932666
0.640000 -0.02425408228502
0.650000 -0.02331176706758
0.660000 -0.00677262254852
0.670000 0.00835642651771
0.680000 -0.00417497003353
0.690000 -0.04228502979091
0.700000 -0.02321558382386
0.710000 0.00156513021600
0.720000 -0.00910022197511
0.730000 0.02887456047775
0.740000 0.02329049627913
0.750000 -0.02749071419494
0.760000 -0.00924060917886
0.770000 0.01369597309547
0.780000 0.01777240133537
0.790000 -0.01388144981145
0.800000 -0.00405896269555
0.810000 0.02452567500675
0.820000 -0.02719851704087
0.830000 -0.00213626053042
0.840000 0.02179259788745
0.850000 -0.00027511108199
0.860000 0.01422180697655
0.870000 0.00098267816057
0.880000 -0.03168861740005
0.890000 -0.02155718128820
0.900000 0.00768495875530
0.910000 -0.02357631044310
0.920000 -0.04317205498694
0.930000 -0.00688152091895
0.940000 0.02496326054252
0.950000 0.02381870624581
0.960000 -0.00286558027812
0.970000 -0.02227267239306
0.980000 -0.01584865930399
0.990000 0.00363922673567
1.000000 0.00616225788780
1.010000 -0.01370918974283
1.020000 -0.01753696720043
1.030000 0.01364225251805
1.040000 0.03699453052996
1.050000 0.00850201480625
1.060000 -0.01934174011627
1.070000 0.00178383355188
1.080000 0.02614202696475
1.090000 0.02295482815675
1.100000 -0.01799782259298
1.110000 -0.03878736164289
1.120000 -0.01596932061333
1.130000 -0.00221774185408
1.140000 0.01103714908961
1.150000 0.02555628240871
1.160000 0.02333293264190
1.170000 -0.00499134043911
1.180000 -0.03022159935334
1.190000 0.02552031671448
1.200000 0.06609060180709
1.210000 0.02069640701575
1.220000 0.03772778528585
1.230000 0.07052590314410
1.240000 0.05297818656749
1.250000 0.01637650978909
1.260000 -0.00068196497542
1.270000 0.05930295818901
1.280000 0.04849024309782
1.290000 -0.03363041417485
1.300000 -0.03387042512413
1.310000 0.00116116041703
1.320000 0.02174298942866
1.330000 0.05923486711602
1.340000 0.08839297965409
1.350000 0.06543908088876
1.360000 0.04483729644057
1.370000 0.07362575669468
1.380000 0.12487958900734
1.390000 0.11725682582703
1.400000 0.06571354946317
1.410000 0.05540237255860
1.420000 0.04285683347572
1.430000 0.00759240715238
1.440000 -0.03586209339303
1.450000 -0.03685608628034
1.460000 -0.02168869894141
1.470000 -0.09402838834453
1.480000 -0.13858578014768
1.490000 -0.08816242044016
1.500000 -0.05811980784500
1.510000 -0.06639237344632
1.520000 -0.07405662606230
1.530000 -0.07882203670887
1.540000 -0.06571805613476
1.550000 -0.06748847663958
1.560000 -0.07614574014439
1.570000 -0.07213874796469
1.580000 -0.05320978038695
1.590000 0.03565899506510
1.600000 0.05388581619585
1.610000 -0.08349431532128
1.620000 -0.10894832960285
1.630000 -0.03734996137169
1.640000 -0.03516461143882
1.650000 -0.04576598642913
1.660000 -0.07775560389817
1.670000 -0.07450411926128
1.680000 -0.03394184797767
1.690000 0.03378662207550
1.700000 0.15906854988755
1.710000 0.19631622559642
1.720000 0.18579954797477
1.730000 0.23546920631525
1.740000 0.23421400183297
1.750000 0.19739449499591
1.760000 0.16787939093994
1.770000 0.11860598652076
1.780000 0.08299439041788
1.790000 0.05809950151935
1.800000 0.04208207174847
1.810000 0.02852610883948
1.820000 -0.04698482189638
1.830000 -0.09946352195264
1.840000 -0.09435002791723
1.850000 -0.14955470313951
1.860000 -0.17321346638333
1.870000 -0.04678672123926
1.880000 0.13105814806986
1.890000 0.19904705814776
1.900000 0.13643329209242
1.910000 0.04373589746980
1.920000 -0.03190144803432
1.930000 -0.02324046696385
1.940000 0.05853161592075
1.950000 0.01961135130536
1.960000 -0.05464910958373
1.970000 -0.00691049513474
1.980000 0.01885067073485
1.990000 -0.02741771312956
2.000000 -0.01686988862050
2.010000 0.05481948631955
2.020000 0.06906975722340
2.030000 -0.01550900707351
2.040000 -0.13493197424176
2.050000 -0.18629966577073
2.060000 -0.21303755538298
2.070000 -0.28915857020857
2.080000 -0.35976496215644
2.090000 -0.37541696574393
2.100000 -0.25013430143302
2.110000 -0.00885762801913
2.120000 0.17959647402169
2.130000 0.20374960335610
2.140000 0.10175445425752
2.150000 -0.03550934551143
2.160000 -0.13383673029717
2.170000 -0.15757578945219
2.180000 -0.19185637429748
2.190000 -0.21934812309795
2.200000 -0.08808461459652
2.210000 0.07401448780621
2.220000 0.05540826454946
2.230000 -0.03089042799485
2.240000 -0.06218123079745
2.250000 -0.08972730515655
2.260000 -0.14020279846180
2.270000 -0.08194284540553
2.280000 0.10464421274101
2.290000 0.21397413643074
2.300000 0.17420770477026
2.310000 -0.00155646583301
2.320000 -0.17879246276838
2.330000 -0.23779689342027
2.340000 -0.31791779847229
2.350000 -0.34581304343283
2.360000 -0.33285329388507
2.370000 -0.41272150968605
2.380000 -0.03324554091449
2.390000 0.51457439175523
2.400000 0.53797506475638
2.410000 0.34817264548837
2.420000 0.02943359818234
2.430000 -0.20945220879948
2.440000 -0.25061758496936
2.450000 -0.27214281623568
2.460000 -0.20149574149375
2.470000 -0.01984915275806
2.480000 0.19369937501119
2.490000 0.35497719350881
2.500000 0.43917356759864
2.510000 0.45266079061423
2.520000 0.34544970399621
2.530000 0.17908057410735
2.540000 0.07917531066109
2.550000 -0.03328531185282
2.560000 -0.22433895500214
2.570000 -0.36429565763124
2.580000 -0.39653519371276
2.590000 -0.29359878153796
2.600000 -0.15429638800145
2.610000 -0.08980023607918
2.620000 -0.01187194774876
2.630000 0.07403737187787
2.640000 0.09556588231766
2.650000 0.02517023425731
2.660000 -0.06976578371558
2.670000 -0.09794410727290
2.680000 -0.00578597886768
2.690000 0.13329561406478
2.700000 0.17231521834756
2.710000 0.18726605748655
2.720000 0.25102213327065
2.730000 0.28143199576065
2.740000 0.26124070421168
2.750000 0.22121181592244
2.760000 0.21181338906686
2.770000 0.22035204118416
2.780000 0.17297185968653
2.790000 0.12051816552006
2.800000 0.12296002748377
2.810000 0.10784572066968
2.820000 0.03936323360710
2.830000 -0.01059135159157
2.840000 0.02279851504199
2.850000 0.10484436507351
2.860000 0.14907929312667
2.870000 0.12446343208119
2.880000 0.06574383359479
2.890000 -0.02234930334567
2.900000 -0.10053020026296
2.910000 -0.07641194941018
2.920000 -0.06520226143453
2.930000 -0.11920961747764
2.940000 -0.14931746282880
2.950000 -0.18928879899299
2.960000 -0.23474603457944
2.970000 -0.22390021211102
2.980000 -0.15386585181188
2.990000 -0.08104005562680
3.000000 -0.06876219880743
3.010000 -0.11961916344975
3.020000 -0.17852995353256
3.030000 -0.17388552159126
3.040000 -0.11545338562340
3.050000 -0.07193144107185
3.060000 -0.01025862771106
3.070000 0.05514075764282
3.080000 0.04247350335581
3.090000 0.02872114075135
3.100000 0.12972813634643
3.110000 0.22817541262484
3.120000 0.19426560234750
3.130000 0.13772176177312
3.140000 0.12329438042961
3.150000 0.09426946897071
3.160000 0.04815981814588
3.170000 0.00571513995252
3.180000 -0.02371931397136
3.190000 -0.02308268085136
3.200000 -0.00161978246447
3.210000 0.02855555125811
3.220000 0.06953387425375
3.230000 0.13633177799983
3.240000 0.12176251541203
3.250000 -0.00634960566159
3.260000 -0.09373517412061
3.270000 -0.12117755996191
3.280000 -0.13252777893394
3.290000 -0.13872650403662
3.300000 -0.15829643604906
3.310000 -0.17831058208700
3.320000 -0.09000529840407
3.330000 -0.01209582060520
3.340000 -0.05581219910170
3.350000 -0.00549808672479
3.360000 0.07522343314593
3.370000 0.10972829942916
3.380000 0.14352314574191
3.390000 0.15578746501084
3.400000 0.20867362429245
3.410000 0.24596641932422
3.420000 0.22757972533422
3.430000 0.19676864632348
3.440000 0.19091751361040
3.450000 0.23227157377342
3.460000 0.24462073069652
3.470000 0.25571854098851
3.480000 0.29122234522281
3.490000 0.28920170799882
3.500000 0.27550826530300
3.510000 0.22963666143049
3.520000 0.20478420889472
3.530000 0.25515319043656
3.540000 0.24401995805664
3.550000 0.18794539000462
3.560000 0.16436373117696
3.570000 0.11428501786362
3.580000 0.03906193543143
3.590000 -0.02076740901280
3.600000 -0.07808690563446
3.610000 -0.13459057194970
3.620000 -0.17071189540507
3.630000 -0.18672841332021
3.640000 -0.20362422319337
3.650000 -0.22139962313123
3.660000 -0.23868297168920
3.670000 -0.28537191393722
3.680000 -0.29409942540453
3.690000 -0.27433477712258
3.700000 -0.31548402046034
3.710000 -0.31585086703437
3.720000 -0.27341362747947
3.730000 -0.29102945266476
3.740000 -0.26101501991876
3.750000 -0.17133834029086
3.760000 -0.11647054315336
3.770000 -0.09601356840921
3.780000 -0.11369801073810
3.790000 -0.10566671865553
3.800000 -0.06404387148071
3.810000 0.01359051522685
3.820000 0.03989000564744
3.830000 0.00397706402254
3.840000 0.08376887157413
3.850000 0.11152830263812
3.860000 0.02073631823958
3.870000 -0.03640980304377
3.880000 -0.05459948358925
3.890000 -0.08868587823565
3.900000 -0.14384176917643
3.910000 -0.18075488151121
3.920000 -0.18314955494094
3.930000 -0.13531628636014
3.940000 -0.13862900561637
3.950000 -0.15248330316992
3.960000 -0.10419070480135
3.970000 -0.04690955872737
3.980000 0.02985811963123
3.990000 0.05515320798066
4.000000 0.01103984081758
4.010000 -0.00957852537632
4.020000 -0.03143313997476
4.030000 -0.03714744172143
4.040000 0.02122498523187
4.050000 0.12854077743752
4.060000 0.22127424296850
4.070000 0.21689943975197
4.080000 0.18029369294060
4.090000 0.14557173485113
4.100000 0.08039176127489
4.110000 0.05888929133043
4.120000 0.11208895362593
4.130000 0.17806438104018
4.140000 0.20590035537834
4.150000 0.13369207841432
4.160000 0.04893791165367
4.170000 0.00735053391314
4.180000 -0.00644844731547
4.190000 0.03261537846303
4.200000 0.05100717533798
4.210000 0.04548518747168
4.220000 0.06978996542809
4.230000 0.10500225640012
4.240000 0.12257575043676
4.250000 0.11873026193521
4.260000 0.05582275558533
4.270000 -0.04716259869215
4.280000 -0.02933357462315
4.290000 0.00719911676221
4.300000 -0.02863907373575
4.310000 0.03935222119561
4.320000 0.04752290445490
4.330000 0.00550139044824
4.340000 0.12633107043527
4.350000 0.20325351876818
4.360000 0.17719496167400
4.370000 0.16551959599185
4.380000 0.13599852980227
4.390000 0.09147913783305
4.400000 0.06325679970112
4.410000 0.05096117923073
4.420000 0.01786963672031
4.430000 -0.03229966595257
4.440000 -0.01401503492217
4.450000 0.03272574807761
4.460000 0.00841256175924
4.470000 0.02584649803014
4.480000 0.10527754915183
4.490000 0.15716403398351
4.500000 0.18454662313182
4.510000 0.16710185857414
4.520000 0.10884015194916
4.530000 0.02876524300440
4.540000 -0.01021416773000
4.550000 0.04661620421795
4.560000 0.08287805866969
4.570000 0.06050825610581
4.580000 0.08968578064950
4.590000 0.13142045290093
4.600000 0.11105627701289
4.610000 0.07972454591660
4.620000 0.11268930540932
4.630000 0.16073878901200
4.640000 0.15225381363290
4.650000 0.11766803768941
4.660000 0.09157732014510
4.670000 0.07843505916605
4.680000 0.02798602721263
4.690000 -0.02605247221076
4.700000 0.01764076093234
4.710000 0.04688262391199
4.720000 -0.00138693291445
4.730000 -0.03220986569895
4.740000 -0.06106911752187
4.750000 -0.09413796885318
4.760000 -0.10240336235848
4.770000 -0.12061322647981
4.780000 -0.15993854793141
4.790000 -0.19081142270347
4.800000 -0.22428985507827
4.810000 -0.27995426340913
4.820000 -0.32922516022506
4.830000 -0.33646038472057
4.840000 -0.33574510404395
4.850000 -0.36078413629041
4.860000 -0.32683487071710
4.870000 -0.27632525296477
4.880000 -0.30478479633603
4.890000 -0.30116946372760
4.900000 -0.27300522132702
4.910000 -0.30301351658254
4.920000 -0.31449851484558
4.930000 -0.26829110256520
4.940000 -0.22252401138778
4.950000 -0.23071510618685
4.960000 -0.16101324005073
4.970000 -0.02782550553296
4.980000 -0.00676307612047
4.990000 -0.00882203057433
5.000000 0.00033443659107
5.010000 -0.03469947733862
5.020000 -0.07850329052454
5.030000 -0.14045932802831
5.040000 -0.20594524673730
5.050000 -0.22237548411808
5.060000 -0.26325678215702
5.070000 -0.29810194598403
5.080000 -0.26575316257190
5.090000 -0.22648532310260
5.100000 -0.16412871789851
5.110000 -0.13335130740699
5.120000 -0.13186368492795
5.130000 -0.09325751953982
5.140000 -0.10275686427463
5.150000 -0.11662494487823
5.160000 -0.09768535067412
5.170000 -0.11921298432956
5.180000 -0.17153121531322
5.190000 -0.20199936642712
5.200000 -0.17832320778171
5.210000 -0.17962260219547
5.220000 -0.17413014442623
5.230000 -0.14150396397995
5.240000 -0.16017498160051
5.250000 -0.14108857862404
5.260000 -0.09564759861953
5.270000 -0.09784087468297
5.280000 -0.08324373035269
5.290000 -0.07005424576830
5.300000 -0.11641669105829
5.310000 -0.16085508568882
5.320000 -0.14651013961034
5.330000 -0.15069797733106
5.340000 -0.20214087942198
5.350000 -0.21024587399741
5.360000 -0.17721512771416
5.370000 -0.17567005832419
5.380000 -0.19017154548137
5.390000 -0.16682875778332
5.400000 -0.12553291610145
5.410000 -0.08416993027369
5.420000 -0.03951975715011
5.430000 -0.00138257371800
5.440000 0.07590474719664
5.450000 0.18804288842487
5.460000 0.26047755110929
5.470000 0.31202738582012
5.480000 0.34436126389821
5.490000 0.35457667841556
5.500000 0.38526500761663
5.510000 0.41895492037780
5.520000 0.43782805432782
5.530000 0.45084567164299
5.540000 0.47136575732501
5.550000 0.48725028412338
5.560000 0.49195616111227
5.570000 0.47447816642754
5.580000 0.38878582287162
5.590000 0.26663889012708
5.600000 0.14674759034930
5.610000 0.04525653964764
5.620000 -0.01329911770011
5.630000 -0.06429698158824
5.640000 -0.11641102703136
5.650000 -0.16254342164235
5.660000 -0.21492544745566
5.670000 -0.25965442595704
5.680000 -0.30681998818031
5.690000 -0.35704605387231
5.700000 -0.28593919341475
5.710000 -0.10292418980089
5.720000 0.08622683129859
5.730000 0.19788444209335
5.740000 0.21711547941699
5.750000 0.24553539213541
5.760000 0.25310624968192
5.770000 0.22784661849181
5.780000 0.19377933774435
5.790000 0.14437571331280
5.800000 0.09097965132183
5.810000 0.06993973773157
5.820000 0.06860539469343
5.830000 0.06725085054375
5.840000 0.12522921553664
5.850000 0.16362775838957
5.860000 0.12536539768263
5.870000 0.11095190460330
5.880000 0.13104034934746
5.890000 0.14560366733733
5.900000 0.15752651417146
5.910000 0.14897416668254
5.920000 0.11800342524079
5.930000 0.10039010765876
5.940000 0.10702790883061
5.950000 0.11332346599743
5.960000 0.11951482611153
5.970000 0.12762625628413
5.980000 0.13228369970526
5.990000 0.16165665948163
6.000000 0.15955393770635
6.010000 0.12012575191425
6.020000 0.15423887094777
6.030000 0.17476842590082
6.040000 0.12285497118238
6.050000 0.11333461869443
6.060000 0.13365662125501
6.070000 0.14086335025899
6.080000 0.15616819984906
6.090000 0.15050471652358
6.100000 0.13613436123451
6.110000 0.14907108642511
6.120000 0.12113284395982
6.130000 0.05171579245350
6.140000 0.04701701741788
6.150000 0.06145455192422
6.160000 0.03832438443220
6.170000 0.03915464660910
6.180000 0.02314616003865
6.190000 -0.01137015003398
6.200000 0.00858539524482
6.210000 0.00915628356676
6.220000 -0.03517439635222
6.230000 -0.01873979258535
6.240000 0.03336927272263
6.250000 0.08142066771521
6.260000 0.13699460943634
6.270000 0.13987256640242
6.280000 0.12804081746275
6.290000 0.13475695054886
6.300000 0.10620804531616
6.310000 0.05890663412497
6.320000 0.01724174514033
6.330000 -0.03563409438942
6.340000 -0.08429271515473
6.350000 -0.07553863712147
6.360000 -0.03210949142602
6.370000 0.01079549855360
6.380000 0.04651127066637
6.390000 0.07218260471811
6.400000 0.10786109946726
6.410000 0.09984585253838
6.420000 0.03453497505798
6.430000 0.01588365176759
6.440000 -0.00911390331818
6.450000 -0.10235729610848
6.460000 -0.13428273296275
6.470000 -0.09732227427281
6.480000 -0.04126206794852
6.490000 -0.00688951193156
6.500000 -0.01906492175978
6.510000 -0.01886045564825
6.520000 0.00690392275922
6.530000 0.03910619550566
6.540000 0.00903270607266
6.550000 -0.11218224348127
6.560000 -0.19515238204391
6.570000 -0.17088074653611
6.580000 -0.21614575592062
6.590000 -0.23649995400271
6.600000 0.05447520817481
6.610000 0.31282087566118
6.620000 0.26588415415450
6.630000 0.07055657306083
6.640000 -0.07392153112891
6.650000 -0.05967254033023
6.660000 -0.08654052720504
6.670000 -0.14192464511337
6.680000 -0.10389307158428
6.690000 -0.04544429424937
6.700000 0.02251133309443
6.710000 0.05483139305109
6.720000 0.05926971052627
6.730000 0.10756655253112
6.740000 0.11869089431768
6.750000 0.08521468897514
6.760000 0.03077486781689
6.770000 -0.07241461939407
6.780000 -0.14032900280182
6.790000 -0.16704493773383
6.800000 -0.21857883250509
6.810000 -0.27894876711109
6.820000 -0.30803801700595
6.830000 -0.25248618778624
6.840000 -0.20338170464084
6.850000 -0.26352911137761
6.860000 -0.30812288973149
6.870000 -0.31881685314966
6.880000 -0.33134364658304
6.890000 -0.36114852786825
6.900000 -0.27762499809227
6.910000 -0.04111359328589
6.920000 0.05422320281556
6.930000 0.08488522848599
6.940000 0.18736145162435
6.950000 0.21607806816843
6.960000 0.14583242037549
6.970000 0.07030325252505
6.980000 0.05614251883951
6.990000 0.08660213007380
7.000000 0.08777516232635
7.010000 0.09243258821179
7.020000 0.12900377218390
7.030000 0.11738322305961
7.040000 0.08181241496491
7.050000 0.02429132808441
7.060000 -0.03774077922999
7.070000 -0.02855751525507
7.080000 0.00293510927746
7.090000 0.01031375289701
7.100000 0.04149446840960
7.110000 0.06922877083398
7.120000 0.01692316028432
7.130000 -0.05452399245631
7.140000 -0.08921338677485
7.150000 -0.13059646850001
7.160000 -0.19342318793944
7.170000 -0.22121672591483
7.180000 -0.21108127413063
7.190000 -0.22300448921419
7.200000 -0.19293534512445
7.210000 -0.10324931897533
7.220000 -0.06581543180520
7.230000 -0.09577162853435
7.240000 -0.14571543980687
7.250000 -0.19514957633397
7.260000 -0.22081270368415
7.270000 -0.25307328259019
7.280000 -0.26479957190766
7.290000 -0.18716873442317
7.300000 -0.13482865397340
7.310000 -0.16544680535471
7.320000 -0.13861911548885
7.330000 -0.05437830596792
7.340000 -0.02235843943864
7.350000 -0.01259345885501
7.360000 -0.01002896457074
7.370000 -0.03408679796720
7.380000 -0.05296529783747
7.390000 -0.07851305790225
7.400000 -0.11554001191765
7.410000 -0.08372971438485
7.420000 0.01260718579086
7.430000 0.08944305166873
7.440000 0.14614043471931
7.450000 0.20985307460648
7.460000 0.24446255879893
7.470000 0.18862752823263
7.480000 0.11846722662878
7.490000 0.11432908504529
7.500000 0.11383624455947
7.510000 0.09088204768746
7.520000 0.06014426784878
7.530000 0.03046292547915
7.540000 0.04363655780241
7.550000 0.03162983777690
7.560000 0.03332888803525
7.570000 0.08750663834986
7.580000 0.08301280288933
7.590000 0.17111658399185
7.600000 0.27187890414489
7.610000 0.23581764041783
7.620000 0.22681832580054
7.630000 0.22314302114224
7.640000 0.18512968472773
7.650000 0.14687312833322
7.660000 0.11240147464134
7.670000 0.09197699352537
7.680000 0.06695176186466
7.690000 0.06006665489769
7.700000 0.09632828138551
7.710000 0.13524367107988
7.720000 0.16173806014113
7.730000 0.14530813840271
7.740000 0.11998227492243
7.750000 0.14160179557826
7.760000 0.17579158063576
7.770000 0.18609256930614
7.780000 0.15381152625326
7.790000 0.11405672075332
7.800000 0.08000555530230
7.810000 0.04711418266008
7.820000 0.00724825000388
7.830000 -0.02638875408218
7.840000 0.01282670979690
7.850000 0.09479192723203
7.860000 0.11833518290495
7.870000 0.07529169957579
7.880000 0.07326268029337
7.890000 0.12521173245661
7.900000 0.11942495571517
7.910000 0.08524707738920
7.920000 0.10178407203302
7.930000 0.11263096417836
7.940000 0.09826997294619
7.950000 0.10724919166607
7.960000 0.11757252080180
7.970000 0.09712171861950
7.980000 0.08227853106359
7.990000 0.08188883548928
8.000000 0.06698951619897
8.010000 0.03389551869236
8.020000 -0.00664696181480
8.030000 -0.04483682297702
8.040000 -0.09129175148075
8.050000 -0.12795885566127
8.060000 -0.14163435934919
8.070000 -0.14402941856404
8.080000 -0.16958927825292
8.090000 -0.17089584476270
8.100000 -0.04916643672790
8.110000 0.04210069464817
8.120000 0.01283557233316
8.130000 0.02072206172597
8.140000 0.03205734029260
8.150000 -0.03289293331838
8.160000 -0.05946891593168
8.170000 -0.05815054790448
8.180000 -0.07319837692879
8.190000 -0.09095769664159
8.200000 -0.14334042388238
8.210000 -0.18291808387128
8.220000 -0.16205028304986
8.230000 -0.15221991714975
8.240000 -0.18855685941363
8.250000 -0.08599160759189
8.260000 0.04283275697733
8.270000 0.01323689932873
8.280000 0.03499193752799
8.290000 0.07137096544091
8.300000 0.04162291731757
8.310000 0.05665468365251
8.320000 0.04465348736844
8.330000 -0.02250065386099
8.340000 -0.08143871193723
8.350000 -0.15536087435088
8.360000 -0.21625237289816
8.370000 -0.24554065284154
8.380000 -0.27116397418202
8.390000 -0.28651313645338
8.400000 -0.26733593368912
8.410000 -0.27657548721962
8.420000 -0.34237675018964
8.430000 -0.37889551999302
8.440000 -0.39796610577973
8.450000 -0.40591643559499
8.460000 -0.39176268111291
8.470000 -0.36870097294331
8.480000 -0.34063019575495
8.490000 -0.30904193509215
8.500000 -0.25448911396626
8.510000 -0.22056527513924
8.520000 -0.19727560303740
8.530000 -0.17889118868672
8.540000 -0.20447768508430
8.550000 -0.20705034573804
8.560000 -0.17181068155846
8.570000 -0.15272783832646
8.580000 -0.13964935464138
8.590000 -0.11757664168827
8.600000 -0.10361392098141
8.610000 -0.13631303235032
8.620000 -0.14371447762381
8.630000 -0.07884986584429
8.640000 -0.04730960035707
8.650000 -0.03565608414104
8.660000 -0.01198352206505
8.670000 0.00149504743967
8.680000 0.01278020515473
8.690000 0.03073115134896
8.700000 0.04539309004305
8.710000 0.00774363141075
8.720000 -0.04223296633593
8.730000 -0.04976813875920
8.740000 -0.05697835736491
8.750000 -0.06154961288397
8.760000 -0.02852940554865
8.770000 -0.00080862033331
8.780000 0.01231595485315
8.790000 0.03786214372037
8.800000 0.05269970232073
8.810000 0.04629051390153
8.820000 0.04032608311413
8.830000 0.04198331075875
8.840000 0.06655747194032
8.850000 0.13460112843334
8.860000 0.19176062944594
8.870000 0.21639546410485
8.880000 0.24368555250373
8.890000 0.26937287910211
8.900000 0.28976109641716
8.910000 0.31806299396144
8.920000 0.33356611956549
8.930000 0.31840371236170
8.940000 0.30621202590872
8.950000 0.28043947587106
8.960000 0.24118338531211
8.970000 0.23220055424069
8.980000 0.24771893589252
8.990000 0.24765212492468
9.000000 0.20219033005959
9.010000 0.14929985699896
9.020000 0.10232422380262
9.030000 0.06874795982951
9.040000 0.05730616949947
9.050000 0.04011796957968
9.060000 0.01154545079074
9.070000 -0.00239755980383
9.080000 0.00750709252753
9.090000 0.02051331690679
9.100000 0.02997459166492
9.110000 0.01831991809354
9.120000 0.01150813835574
9.130000 0.03486731139981
9.140000 0.06764042336826
9.150000 0.12785173014880
9.160000 0.17878965705844
9.170000 0.18408508384747
9.180000 0.17968537995527
9.190000 0.16331660515775
9.200000 0.14282064858119
9.210000 0.12885785773158
9.220000 0.09681782516214
9.230000 0.06917996901679
9.240000 0.07969210489548
9.250000 0.10019230510832
9.260000 0.08620685815099
9.270000 0.06866787434655
9.280000 0.08575207010617
9.290000 0.10122345611658
9.300000 0.11566127119391
9.310000 0.13500397577297
9.320000 0.13013882213820
9.330000 0.11560878688244
9.340000 0.10781303414893
9.350000 0.09818348693744
9.360000 0.08875277688191
9.370000 0.07337520679746
9.380000 0.05482323895659
9.390000 0.03764477134314
9.400000 0.00276095535464
9.410000 -0.04378475189405
9.420000 -0.05569625313863
9.430000 -0.03003572107013
9.440000 -0.01389133292469
9.450000 -0.02600125046875
9.460000 -0.04014802574736
9.470000 -0.04573673690306
9.480000 -0.05152603878344
9.490000 -0.04223286112181
9.500000 -0.03224313089737
9.510000 -0.05441430673353
9.520000 -0.08806211630998
9.530000 -0.10676562755873
9.540000 -0.13233353612798
9.550000 -0.16560855453248
9.560000 -0.14363011343319
9.570000 -0.08832001366009
9.580000 -0.03146088143174
9.590000 0.07780196825485
9.600000 0.15530993317986
9.610000 0.15626924047810
9.620000 0.12218149558380
9.630000 0.05139566094989
9.640000 -0.02014082384151
9.650000 -0.06684239178424
9.660000 -0.06299234400404
9.670000 -0.04133610361944
9.680000 -0.04606998510062
9.690000 -0.05471711297829
9.700000 -0.07145871401913
9.710000 -0.07939855749350
9.720000 -0.05375505257718
9.730000 -0.02185400786366
9.740000 -0.00447651896952
9.750000 -0.01625802991923
9.760000 -0.04434410524101
9.770000 -0.07243885371364
9.780000 -0.08987053664874
9.790000 -0.09893834565983
9.800000 -0.09861781083541
9.810000 -0.07622824555217
9.820000 -0.05248681907939
9.830000 -0.02942295402028
9.840000 -0.00451815044426
9.850000 0.02432541746012
9.860000 0.04319537745078
9.870000 0.03437201591780
9.880000 0.02440855415264
9.890000 0.01687072857991
9.900000 -0.00672596183873
9.910000 -0.03784425731953
9.920000 -0.06755640989139
9.930000 -0.08908018569567
9.940000 -0.10111582206919
9.950000 -0.11300889330663
9.960000 -0.12276976527878
9.970000 -0.13028785794283
9.980000 -0.13943994346609
9.990000 -0.14864191801914
10.000000 -0.15093151761180
10.010000 -0.15111795703699
10.020000 -0.15101800362055
10.030000 -0.14786705107778
10.040000 -0.17189686946053
10.050000 -0.19378705344667
10.060000 -0.15180912614385
10.070000 -0.10156200009165
10.080000 -0.08110230731599
10.090000 -0.03282792852631
10.100000 0.05300171945957
10.110000 0.11187009071529
10.120000 0.13673011866788
10.130000 0.17324650361782
10.140000 0.17325330746441
10.150000 0.12636773755699
10.160000 0.12543824092682
10.170000 0.13242658048371
10.180000 0.09410780747138
10.190000 0.06386025530113
10.200000 0.02423379349505
10.210000 -0.02966321046917
10.220000 -0.02499920870107
10.230000 0.01059605641642
10.240000 0.02845040727829
10.250000 0.04773655926647
10.260000 0.05872435065761
10.270000 0.06044356695612
10.280000 0.04397422499311
10.290000 0.01499243729592
10.300000 0.02109011826242
10.310000 0.02559226563863
10.320000 -0.00500238616841
10.330000 -0.02840837423632
10.340000 -0.05251973356407
10.350000 -0.08532628608781
10.360000 -0.08322950891046
10.370000 -0.05606757131287
10.380000 -0.03499542712972
10.390000 -0.01332567199108
10.400000 0.01553079867186
10.410000 0.03744970435989
10.420000 0.02162714867971
10.430000 0.01010401029723
10.440000 0.03556940523973
10.450000 0.06040988090121
10.460000 0.07081166470100
10.470000 0.07717376980035
10.480000 0.08956892283070
10.490000 0.09251533911920
10.500000 0.08846652432577
10.510000 0.08958549405501
10.520000 0.10285774708249
10.530000 0.13361832331439
10.540000 0.13887517159181
10.550000 0.09114380288873
10.560000 0.03108537222828
10.570000 0.00011519631245
10.580000 -0.01818119327293
10.590000 -0.04053647628790
10.600000 -0.05421098044166
10.610000 -0.05959084156405
10.620000 -0.04173256796898
10.630000 -0.01219217043795
10.640000 -0.01679193547708
10.650000 -0.02914222520557
10.660000 -0.01863049264769
10.670000 -0.00183798550720
10.680000 0.00444446373351
10.690000 0.00776280493102
10.700000 0.02833363713792
10.710000 0.04387865549845
10.720000 0.04800871313018
10.730000 0.05266466601791
10.740000 0.04219763192643
10.750000 0.02357974743777
10.760000 0.00888225864522
10.770000 -0.00425441371034
10.780000 -0.00911581821521
10.790000 0.00713670199113
10.800000 0.03494290774687
10.810000 0.04770843202436
10.820000 0.04831243123067
10.830000 0.03717644574789
10.840000 0.01818145630824
10.850000 0.00586668862110
10.860000 -0.01613434019674
10.870000 -0.03183618020695
10.880000 -0.01453140830006
10.890000 0.00216937492193
10.900000 -0.00330017247211
10.910000 -0.01741452075814
10.920000 -0.04307659070639
10.930000 -0.07587674270435
10.940000 -0.09664110050760
10.950000 -0.10820437807784
10.960000 -0.10914039798361
10.970000 -0.09411150750136
10.980000 -0.08216377752724
10.990000 -0.09342172371378
11.000000 -0.10102842420471
11.010000 -0.09070285050103
11.020000 -0.09244337265936
11.030000 -0.10900035798646
11.040000 -0.11711024501860
11.050000 -0.11181027648661
11.060000 -0.10807435095802
11.070000 -0.10315364426653
11.080000 -0.08630877556439
11.090000 -0.06764352718488
11.100000 -0.03347752051907
11.110000 0.01226885925832
11.120000 0.02841914114820
11.130000 0.03662137110857
11.140000 0.05032321339851
11.150000 0.05611342713462
11.160000 0.06062004611104
11.170000 0.07559231385966
11.180000 0.12052130440805
11.190000 0.16101623865322
11.200000 0.15214419805287
11.210000 0.12101833592308
11.220000 0.08877511734727
11.230000 0.05349850547498
11.240000 0.03319240778259
11.250000 0.03486646968683
11.260000 0.04826631237361
11.270000 0.06950597497558
11.280000 0.09354086117190
11.290000 0.10971719933923
11.300000 0.10912665000492
11.310000 0.08763954132236
11.320000 0.05546113464605
11.330000 0.02344277618587
11.340000 -0.00920523443728
11.350000 -0.04417546453822
11.360000 -0.06911212344342
11.370000 -0.07946457935542
11.380000 -0.08395255789646
11.390000 -0.06905764006361
11.400000 -0.05447198160838
11.410000 -0.06210815958932
11.420000 -0.06393150279780
11.430000 -0.06185874951177
11.440000 -0.05787990210985
11.450000 -0.04825763220850
11.460000 -0.05803440904885
11.470000 -0.08089422885292
11.480000 -0.08409750788599
11.490000 -0.07379888653337
11.500000 -0.04845320772667
11.510000 -0.02272337462278
11.520000 -0.01418144333200
11.530000 0.00439318938445
11.540000 0.02914241809813
11.550000 0.02888915016941
11.560000 0.01555269899147
11.570000 0.00550426630092
11.580000 0.01065102904189
11.590000 0.03466815860147
11.600000 0.03289891298768
11.610000 0.01573532791186
11.620000 0.01058342020030
11.630000 0.02201242526088
11.640000 0.04420006710721
11.650000 0.04015354948880
11.660000 0.03200406687520
11.670000 0.03634183472059
11.680000 0.03036511141653
11.690000 0.02130668399804
11.700000 0.01918516396620
11.710000 0.02049827128726
11.720000 0.01989285169030
11.730000 0.02434474178730
11.740000 0.04005724349527
11.750000 0.05540074173970
11.760000 0.06171350141556
11.770000 0.06703358338064
11.780000 0.07060476112897
11.790000 0.06984215163288
11.800000 0.06175599038539
11.810000 0.03915550585777
11.820000 0.00349634771078
11.830000 -0.02367819278512
11.840000 -0.02487644135571
11.850000 -0.03169568428195
11.860000 -0.05069312871779
11.870000 -0.06480919900829
11.880000 -0.07690806906948
11.890000 -0.08331385556538
11.900000 -0.04978250048693
11.910000 -0.00436390127986
11.920000 0.00435664501254
11.930000 0.01145053713077
11.940000 0.02164582418647
11.950000 0.02546844615205
11.960000 0.01556701687999
11.970000 -0.00835253008804
11.980000 -0.02411889967320
11.990000 -0.02005696818582
12.000000 -0.00733991605460
12.010000 0.00606052810625
12.020000 0.02409932984640
12.030000 0.04329722472143
12.040000 0.05955138626809
12.050000 0.06300651283921
12.060000 0.04632051746215
12.070000 0.00446361796453
12.080000 -0.05395303048449
12.090000 -0.10194580367510
12.100000 -0.11832773023793
12.110000 -0.11772215281979
12.120000 -0.11525624942908
12.130000 -0.10054759566456
12.140000 -0.08187670079381
12.150000 -0.06416916396500
12.160000 -0.04832728395764
12.170000 -0.04055615132882
12.180000 -0.03299281659207
12.190000 -0.02391336388475
12.200000 -0.01796902899477
12.210000 -0.00999457358121
12.220000 0.01384259423598
12.230000 0.04042682563649
12.240000 0.05618465709560
12.250000 0.06651103744089
12.260000 0.06754376666099
12.270000 0.06605637214588
12.280000 0.06649564110762
12.290000 0.05789359748147
12.300000 0.04000123451069
12.310000 0.02348207366065
12.320000 0.02156719416553
12.330000 0.03140531083934
12.340000 0.02408772122154
12.350000 0.00753145485761
12.360000 0.00329760349395
12.370000 -0.00285487824829
12.380000 -0.01245454289541
12.390000 -0.02300554136383
12.400000 -0.02841309133615
12.410000 -0.01967121814110
12.420000 -0.00896067648435
12.430000 0.00352230754196
12.440000 0.01114511631506
12.450000 0.00982412670264
12.460000 0.00774549896143
12.470000 0.00232067633733
12.480000 -0.01202032771869
12.490000 -0.03014261861867
12.500000 -0.02908533943663
12.510000 -0.03099111791015
12.520000 -0.05421273401037
12.530000 -0.07717685608128
12.540000 -0.09796031024777
12.550000 -0.10797364350704
12.560000 -0.10877583104890
12.570000 -0.10548627643532
12.580000 -0.07103783999316
12.590000 -0.02694012869152
12.600000 -0.01601075568836
12.610000 -0.01833112339760
12.620000 -0.00203704010570
12.630000 0.02182289955475
12.640000 0.04806114483460
12.650000 0.06991168063221
12.660000 0.07413913147008
12.670000 0.07057314428513
12.680000 0.05264602558253
12.690000 0.03655633124514
12.700000 0.04321670084629
12.710000 0.04847463633630
12.720000 0.05880382239153
12.730000 0.06168647892174
12.740000 0.03025037541587
12.750000 -0.00610727824805
12.760000 -0.03642579559040
12.770000 -0.05486956824189
12.780000 -0.05504096204756
12.790000 -0.04362496671324
12.800000 -0.01780841963666
12.810000 0.00073363615708
12.820000 0.00873384185036
12.830000 0.02026832582238
12.840000 0.03313389119475
12.850000 0.03789535631173
12.860000 0.02887289458747
12.870000 0.01807191087095
12.880000 -0.00344151712437
12.890000 -0.03514621650306
12.900000 -0.04965419186446
12.910000 -0.05174353391048
12.920000 -0.05576178400130
12.930000 -0.05782868036785
12.940000 -0.06782358361997
12.950000 -0.07104101395252
12.960000 -0.04834730971231
12.970000 -0.04126475090865
12.980000 -0.05859030786545
12.990000 -0.07139612915189
13.000000 -0.08519648693193
13.010000 -0.09844571560226
13.020000 -0.10766392820156
13.030000 -0.10542055268009
13.040000 -0.08818770690096
13.050000 -0.07135786628265
13.060000 -0.05347228962277
13.070000 -0.03435078020073
13.080000 -0.02144018318390
13.090000 -0.02526501464606
13.100000 -0.04142949868891
13.110000 -0.04710511670985
13.120000 -0.04621069145387
13.130000 -0.04688372866027
13.140000 -0.04828975758726
13.150000 -0.04717282199773
13.160000 -0.02474395923971
13.170000 -0.00035883294039
13.180000 0.00413300888788
13.190000 0.00464078627196
13.200000 0.00842552063200
13.210000 0.02382219584755
13.220000 0.04583633960576
13.230000 0.06618461062561
13.240000 0.08727578102925
13.250000 0.11018406947246
13.260000 0.12660294372800
13.270000 0.12934254412289
13.280000 0.12892985926279
13.290000 0.12274335653402
13.300000 0.12186143422294
13.310000 0.12589148583117
13.320000 0.13874330322486
13.330000 0.15925558552611
13.340000 0.17328990444338
13.350000 0.16685479827865
13.360000 0.16215968820164
13.370000 0.16784577502778
13.380000 0.17475950023608
13.390000 0.17481838507335
13.400000 0.16724458153141
13.410000 0.16779672771098
13.420000 0.17063270424214
13.430000 0.17104975548833
13.440000 0.16828678002254
13.450000 0.15321852192276
13.460000 0.12507791762839
13.470000 0.08709144588651
13.480000 0.05740007310386
13.490000 0.05296158027181
13.500000 0.04330453710295
13.510000 0.01624298956041
13.520000 -0.00623615151965
13.530000 -0.02922459032786
13.540000 -0.05277019578285
13.550000 -0.07389215885303
13.560000 -0.08340870609688
13.570000 -0.07453736692401
13.580000 -0.06562334588875
13.590000 -0.06044760016415
13.600000 -0.04994949283514
13.610000 -0.04125228303513
13.620000 -0.05805331251954
13.630000 -0.08865273578704
13.640000 -0.09574413257699
13.650000 -0.09390116693465
13.660000 -0.10484143661377
13.670000 -0.11788721624241
13.680000 -0.13005998168902
13.690000 -0.13735084691968
13.700000 -0.13840291800265
13.710000 -0.13947487455478
13.720000 -0.14092956501346
13.730000 -0.14491877600645
13.740000 -0.14961030880329
13.750000 -0.14635394924539
13.760000 -0.13453799995979
13.770000 -0.11295409428446
13.780000 -0.08105269885720
13.790000 -0.04917588846324
13.800000 -0.02920945702989
13.810000 -0.02145137095227
13.820000 -0.01391834665066
13.830000 -0.00044799805142
13.840000 0.01232417032256
13.850000 0.01447172909617
13.860000 0.00512517455659
13.870000 -0.00393254266657
13.880000 0.00374705192205
13.890000 0.01421458051990
13.900000 0.01392991845058
13.910000 0.00670204666867
13.920000 -0.01511576052255
13.930000 -0.03590244300904
13.940000 -0.04170477390493
13.950000 -0.04155235371270
13.960000 -0.02205224880627
13.970000 0.01801597202912
13.980000 0.05600477601738
13.990000 0.07596103675222
14.000000 0.07363818949683
14.010000 0.05848793452419
14.020000 0.04521424357037
14.030000 0.03531275292340
14.040000 0.02584690135094
14.050000 0.02017152882962
14.060000 0.01650873588406
14.070000 0.01328090864263
14.080000 0.01440513557086
14.090000 0.01736209957514
14.100000 0.01954091045030
14.110000 0.02281007105978
14.120000 0.02387985318672
14.130000 0.02321188379388
14.140000 0.02282288964705
14.150000 0.02067911682828
14.160000 0.01616728098494
14.170000 0.01169505825876
14.180000 0.00601844421079
14.190000 0.00030171149182
14.200000 0.00108523773083
14.210000 0.00507111904755
14.220000 0.00655882745146
14.230000 0.00603609738699
14.240000 0.00497164610893
14.250000 0.00428489073451
14.260000 0.00475903116361
14.270000 0.00557580488999
14.280000 0.00696056127497
14.290000 0.00979787402549
14.300000 0.01022187291091
14.310000 0.00658124156670
14.320000 0.00520740991479
14.330000 0.00723056000274
14.340000 0.00726457222143
14.350000 0.00496998021866
14.360000 0.00197726620909
14.370000 -0.00153280738541
14.380000 -0.00456160212331
14.390000 -0.00686557221154
14.400000 -0.00735956829913
14.410000 -0.00590333820713
14.420000 -0.00415374308430
14.430000 -0.00282712626989
14.440000 -0.00183903414129
14.450000 -0.00088369271405
14.460000 -0.00034447577193
14.470000 -0.00045877057471
14.480000 -0.00044478533818
14.490000 -0.00021472133206
14.500000 -0.00004560509650
14.510000 -0.00003328839813
14.520000 -0.00041155135329
14.530000 -0.00081637882271
14.540000 -0.00113099693094
14.550000 -0.00141911703776
14.560000 -0.00151922511897
14.570000 -0.00152685945570
14.580000 -0.00159112739819
14.590000 -0.00166691523496
14.600000 -0.00172935175029
14.610000 -0.00177443442360
14.620000 -0.00177816426425
14.630000 -0.00177502186912
14.640000 -0.00178665855108
14.650000 -0.00180402589557
14.660000 -0.00182827775083
14.670000 -0.00185551768716
14.680000 -0.00187663766870
14.690000 -0.00189242680136
14.700000 -0.00190043008895
14.710000 -0.00189872035946
14.720000 -0.00188937559180
14.730000 -0.00187277631040
14.740000 -0.00184914171133
14.750000 -0.00181856122661
14.760000 -0.00178106817403
