0.000000 0.00110201660832
0.010000 0.00109262802845
0.020000 0.00108567048505
0.030000 0.00108003640987
0.040000 0.00107402479164
0.050000 0.00106946558018
0.060000 0.00106544856214
0.070000 0.00106027949270
0.080000 0.00106052809723
0.090000 0.00105620069945
0.100000 0.00103923444323
0.110000 0.00102044049267
0.120000 0.00100998018172
0.130000 0.00099950821743
0.140000 0.00099104050179
0.150000 0.00097260880712
0.160000 0.00096130770163
0.170000 0.00100204751715
0.180000 0.00104201031822
0.190000 0.00107211452151
0.200000 0.00113380866589
0.210000 0.00116104476993
0.220000 0.00115507901322
0.230000 0.00112258625176
0.240000 0.00109003685258
0.250000 0.00111073969493
0.260000 0.00110614314266
0.270000 0.00110043626545
0.280000 0.00115678378364
0.290000 0.00110840113333
0.300000 0.00090105944817
0.310000 0.00082029179844
0.320000 0.00082118246424
0.330000 0.00073682846873
0.340000 0.00057620701644
0.350000 0.00050139033747
0.360000 0.00059682339854
0.370000 0.00073270018012
0.380000 0.00086771912573
0.390000 0.00100585602816
0.400000 0.00090175451333
0.410000 0.00091818158344
0.420000 0.00107733584301
0.430000 0.00096628167166
0.440000 0.00088830305391
0.450000 0.00116796810515
0.460000 0.00184419821908
0.470000 0.00247223790011
0.480000 0.00269498454495
0.490000 0.00248323213439
0.500000 0.00177402633469
0.510000 0.00026780057583
0.520000 -0.00128681911077
0.530000 -0.00287188846571
0.540000 -0.00357017270786
0.550000 -0.00305922901485
0.560000 -0.00181204252727
0.570000 0.00033967610291
0.580000 0.00279991595280
0.590000 0.00432365366985
0.600000 0.00499326318471
0.610000 0.00462165831680
0.620000 0.00283665904964
0.630000 0.00016255540501
0.640000 -0.00185464236573
0.650000 -0.00222099446067
0.660000 -0.00069301743505
0.670000 0.00201092990440
0.680000 0.00516895164990
0.690000 0.00656494874477
0.700000 0.00531711944409
0.710000 0.00106752523691
0.720000 -0.00493086770993
0.730000 -0.01036676473109
0.740000 -0.01192770416017
0.750000 -0.00828476200151
0.760000 -0.00215361561801
0.770000 0.00340288968187
0.780000 0.00946047092973
0.790000 0.01392601337530
0.800000 0.01224189190898
0.810000 0.00598008906296
0.820000 -0.00047992614378
0.830000 -0.00638616274743
0.840000 -0.01045072514454
0.850000 -0.00878805709571
0.860000 -0.00225930511929
0.870000 0.00362368032036
0.880000 0.00741638540202
0.890000 0.01061727388500
0.900000 0.01199152184329
0.910000 0.01075650369501
0.920000 0.00676048547426
0.930000 -0.00005574654432
0.940000 -0.01169305607504
0.950000 -0.01891369172959
0.960000 -0.01412503482846
0.970000 -0.00476774229385
0.980000 0.00329949826877
0.990000 0.01060062214357
1.000000 0.01388131718923
1.010000 0.01060782716375
1.020000 0.00362774019260
1.030000 -0.00013449817928
1.040000 0.00081534276406
1.050000 -0.00103693785871
1.060000 -0.00202539006664
1.070000 0.00350735620929
1.080000 0.01118402077259
1.090000 0.01541886849628
1.100000 0.01288812708533
1.110000 0.00388041586475
1.120000 -0.00938743833906
1.130000 -0.01709807676536
1.140000 -0.01550656925499
1.150000 -0.01164077895469
1.160000 -0.00909373289633
1.170000 -0.00365011334658
1.180000 0.00043579245050
1.190000 -0.00095048363114
1.200000 -0.00535886971669
1.210000 -0.00341762802055
1.220000 -0.00024533895673
1.230000 -0.00249796922002
1.240000 -0.00281997848813
1.250000 0.00003553963292
1.260000 -0.00389775427593
1.270000 -0.01259854792632
1.280000 -0.01292365096745
1.290000 -0.00370855796421
1.300000 0.00356019720079
1.310000 0.00534508870591
1.320000 0.00293400827016
1.330000 -0.00198623736045
1.340000 -0.00856010529368
1.350000 -0.01175577859509
1.360000 -0.01184039059298
1.370000 -0.01504832997136
1.380000 -0.01110531438516
1.390000 -0.00080026773165
1.400000 0.00369316177586
1.410000 0.00077438028209
1.420000 0.00082328683135
1.430000 -0.00574018444571
1.440000 -0.02381526069484
1.450000 -0.03320214894627
1.460000 -0.02161235396745
1.470000 0.00030288676863
1.480000 0.01839182271989
1.490000 0.02772338894679
1.500000 0.02754371453913
1.510000 0.01760730253095
1.520000 0.00283645981517
1.530000 -0.01619598317751
1.540000 -0.02993550556954
1.550000 -0.02732588485067
1.560000 -0.02411081688798
1.570000 -0.02018395558356
1.580000 -0.00818592541421
1.590000 0.00615343307723
1.600000 0.01351845984235
1.610000 0.00826974423335
1.620000 -0.00418252424060
1.630000 -0.01562951822549
1.640000 -0.02096035602800
1.650000 -0.02215189093969
1.660000 -0.02083302139305
1.670000 -0.01325161095571
1.680000 0.00066656711678
1.690000 0.00978561406836
1.700000 0.00903200780168
1.710000 0.00211451428674
1.720000 -0.00507387796271
1.730000 -0.00974674956297
1.740000 -0.01408095263541
1.750000 -0.01707651182669
1.760000 -0.01573405993573
1.770000 -0.00963081013733
1.780000 -0.00277485626608
1.790000 0.00079106259787
1.800000 -0.00179553363320
1.810000 -0.00950756544774
1.820000 -0.01936166855839
1.830000 -0.02786638666910
1.840000 -0.02882932821870
1.850000 -0.01755616568336
1.860000 0.00054916087433
1.870000 0.01137193020506
1.880000 0.00940802715413
1.890000 -0.00131795482234
1.900000 -0.01009758141791
1.910000 -0.00677170024480
1.920000 0.00230456642955
1.930000 0.00492239836533
1.940000 0.00122131407458
1.950000 0.00332559547840
1.960000 0.00562208476706
1.970000 0.00214597829661
1.980000 0.00271568362815
1.990000 0.00485984124749
2.000000 0.00133200774432
2.010000 -0.00993739565006
2.020000 -0.02728346921012
2.030000 -0.03371369284880
2.040000 -0.02497575763262
2.050000 -0.00537188762185
2.060000 0.01659768498103
2.070000 0.02725941070794
2.080000 0.02799897157093
2.090000 0.02661523178170
2.100000 0.02134438986899
2.110000 0.00798705933888
2.120000 -0.00351855844937
2.130000 -0.00095918892448
2.140000 0.00493538494432
2.150000 0.00228905370784
2.160000 0.00378075727863
2.170000 0.00857860778551
2.180000 0.00367929681094
2.190000 -0.00627455510522
2.200000 -0.01471524502091
2.210000 -0.02357179366500
2.220000 -0.02535635812486
2.230000 -0.02161576225526
2.240000 -0.02483254689233
2.250000 -0.02489872030378
2.260000 -0.01703358243687
2.270000 -0.00805966464052
2.280000 0.00405876830784
2.290000 0.00947506767410
2.300000 -0.00225323661272
2.310000 -0.02173990162039
2.320000 -0.03343471446731
2.330000 -0.03687519305274
2.340000 -0.03411441727567
2.350000 -0.02443211066626
2.360000 -0.00451423835763
2.370000 0.01008380792541
2.380000 0.01105436925375
2.390000 0.00715044622750
2.400000 0.00240074781029
2.410000 -0.00879635351982
2.420000 -0.02819719107402
2.430000 -0.04547916501539
2.440000 -0.04876435348755
2.450000 -0.04003655542151
2.460000 -0.02192866061872
2.470000 -0.00306028408041
2.480000 0.01083814597154
2.490000 0.01827377316311
2.500000 0.02115876348814
2.510000 0.01847785692611
2.520000 0.00810745459961
2.530000 -0.00935357850335
2.540000 -0.02180517283802
2.550000 -0.02208230924043
2.560000 -0.01594730347220
2.570000 -0.00019656585698
2.580000 0.02216756655751
2.590000 0.03625110046972
2.600000 0.03517131228846
2.610000 0.01995638972000
2.620000 -0.00565040112290
2.630000 -0.02394327197517
2.640000 -0.01605697014462
2.650000 0.00883391986853
2.660000 0.03450788656048
2.670000 0.05098480287278
2.680000 0.05054149990924
2.690000 0.04269166174606
2.700000 0.03789870689376
2.710000 0.03073134077278
2.720000 0.01487514634710
2.730000 -0.00886141798469
2.740000 -0.03180348536741
2.750000 -0.03667625931287
2.760000 -0.02332659743032
2.770000 -0.01152858363344
2.780000 0.00025828719248
2.790000 0.01919904812025
2.800000 0.03481682529546
2.810000 0.04014948001610
2.820000 0.03791195160043
2.830000 0.02453932136658
2.840000 0.00937337038053
2.850000 -0.00660039493798
2.860000 -0.02594524008751
2.870000 -0.04332936241936
2.880000 -0.04506425609661
2.890000 -0.03078998337183
2.900000 -0.01682145411221
2.910000 -0.01306186205026
2.920000 -0.01698658064434
2.930000 -0.02365850451660
2.940000 -0.03150588670768
2.950000 -0.03461147595501
2.960000 -0.03276754212884
2.970000 -0.03119080804246
2.980000 -0.03369341854853
2.990000 -0.03768743064105
3.000000 -0.03847945658145
3.010000 -0.03480715177271
3.020000 -0.02968655019390
3.030000 -0.02230498822073
3.040000 -0.01142472483382
3.050000 -0.00572125591791
3.060000 -0.01516696846021
3.070000 -0.03747581606566
3.080000 -0.05107221543068
3.090000 -0.04076607937813
3.100000 -0.01747422894079
3.110000 0.00173145656935
3.120000 0.00918168050530
3.130000 0.00502352051034
3.140000 -0.00357896283249
3.150000 -0.00087794361324
3.160000 0.01604058029002
3.170000 0.03783945030168
3.180000 0.04184946380425
3.190000 0.01039561237885
3.200000 -0.03005901841118
3.210000 -0.04507741308998
3.220000 -0.03243528418941
3.230000 -0.01065189432024
3.240000 0.00444947337099
3.250000 0.01008189702876
3.260000 0.01462411091345
3.270000 0.02700325031211
3.280000 0.04808268339542
3.290000 0.07067711293999
3.300000 0.09055631496551
3.310000 0.10258782153819
3.320000 0.10447997261247
3.330000 0.09830079693791
3.340000 0.08053027250625
3.350000 0.04912046944164
3.360000 0.01977200385567
3.370000 -0.00114619691495
3.380000 -0.02426505444177
3.390000 -0.04386506506782
3.400000 -0.04743360505546
3.410000 -0.03102737312377
3.420000 0.01274170854474
3.430000 0.07551904939906
3.440000 0.13031575904555
3.450000 0.15375350174374
3.460000 0.15642499792289
3.470000 0.15682722600615
3.480000 0.15443453278190
3.490000 0.13831508571444
3.500000 0.09827049826173
3.510000 0.04509691050112
3.520000 -0.00683317598310
3.530000 -0.05541487531725
3.540000 -0.09251279747217
3.550000 -0.10049182477985
3.560000 -0.07475893856546
3.570000 -0.03081889116585
3.580000 0.00759733791761
3.590000 0.02894014769435
3.600000 0.03978988059139
3.610000 0.04830942224796
3.620000 0.05597538829608
3.630000 0.06109127841821
3.640000 0.05774984066674
3.650000 0.03603493733377
3.660000 -0.01642450135677
3.670000 -0.08626583195553
3.680000 -0.15467862633523
3.690000 -0.20188566796473
3.700000 -0.21660671459320
3.710000 -0.21592818964901
3.720000 -0.21181631595676
3.730000 -0.20571723504569
3.740000 -0.19441262103094
3.750000 -0.14926270664221
3.760000 -0.06792914330314
3.770000 0.00992838498917
3.780000 0.03541100764686
3.790000 0.00650296051026
3.800000 -0.02514612190116
3.810000 -0.01874899123344
3.820000 0.01426036390320
3.830000 0.04449271630428
3.840000 0.06863794186256
3.850000 0.08580226722220
3.860000 0.09159121900365
3.870000 0.08366698744077
3.880000 0.05691083799475
3.890000 0.01087622356342
3.900000 -0.02893354413672
3.910000 -0.05288833161371
3.920000 -0.07100344396716
3.930000 -0.08543234269030
3.940000 -0.09236215616323
3.950000 -0.08816344631468
3.960000 -0.05616135299962
3.970000 0.02732017095641
3.980000 0.11892336908926
3.990000 0.18102418987457
4.000000 0.23330907911964
4.010000 0.27708803479842
4.020000 0.27061642301772
4.030000 0.19851772826945
4.040000 0.10526709913914
4.050000 0.01465720388441
4.060000 -0.07034931584783
4.070000 -0.14073283987845
4.080000 -0.20751510686456
4.090000 -0.26378781815003
4.100000 -0.29171610534035
4.110000 -0.29360369532360
4.120000 -0.27785878400095
4.130000 -0.24779893857876
4.140000 -0.19788143100877
4.150000 -0.09817728409627
4.160000 0.00972419221109
4.170000 0.08521361080801
4.180000 0.14058924069359
4.190000 0.18904757504564
4.200000 0.22226409644087
4.210000 0.23364790302529
4.220000 0.24295490953121
4.230000 0.25997141293763
4.240000 0.27405992144639
4.250000 0.25591103947660
4.260000 0.20182715067037
4.270000 0.13232652354774
4.280000 0.07113594115571
4.290000 0.03594902843224
4.300000 0.02303377287962
4.310000 0.02099169473318
4.320000 0.03128788159265
4.330000 0.04790852239451
4.340000 0.06106819729268
4.350000 0.06792859196246
4.360000 0.06847018393176
4.370000 0.06332949600973
4.380000 0.05450224360423
4.390000 0.04297896035954
4.400000 0.02875651365821
4.410000 0.02538343647028
4.420000 0.04386638076716
4.430000 0.06834189698110
4.440000 0.08872384651928
4.450000 0.09722724893064
4.460000 0.09161762070369
4.470000 0.07035855080414
4.480000 0.04032807680335
4.490000 0.02243053099849
4.500000 0.01175520595262
4.510000 -0.00451778823975
4.520000 -0.02314254988868
4.530000 -0.04224652933392
4.540000 -0.06714131507015
4.550000 -0.09680787916459
4.560000 -0.12263815219091
4.570000 -0.14304483687664
4.580000 -0.16205518865092
4.590000 -0.17576703123497
4.600000 -0.18640251815795
4.610000 -0.19998880543377
4.620000 -0.21747206884335
4.630000 -0.23897122254587
4.640000 -0.26514411621022
4.650000 -0.28318385778732
4.660000 -0.26947013563278
4.670000 -0.19686671355761
4.680000 -0.08015294246665
4.690000 0.05410604267698
4.700000 0.15884300269630
4.710000 0.22424278294017
4.720000 0.26895976959443
4.730000 0.28989204483942
4.740000 0.29302779492775
4.750000 0.28869638740314
4.760000 0.27709367350987
4.770000 0.25800525690822
4.780000 0.23895067257526
4.790000 0.21218483707603
4.800000 0.18129121418779
4.810000 0.16549392550103
4.820000 0.15875829671988
4.830000 0.15036689164834
4.840000 0.14069825578157
4.850000 0.12814046947378
4.860000 0.11181589861433
4.870000 0.09330963511299
4.880000 0.07570917421860
4.890000 0.05777425002207
4.900000 0.04575700312411
4.910000 0.05405285083233
4.920000 0.08671819444880
4.930000 0.12017848360514
4.940000 0.12512799414816
4.950000 0.10237396400869
4.960000 0.04610755554957
4.970000 -0.01881485138315
4.980000 -0.07103187560333
4.990000 -0.14343415857592
5.000000 -0.23845383944438
5.010000 -0.32059846250760
5.020000 -0.34666158925577
5.030000 -0.28996873131511
5.040000 -0.15302648388110
5.050000 -0.02421580969513
5.060000 0.03782841095771
5.070000 0.04703319389033
5.080000 0.00913551198901
5.090000 -0.05309355564946
5.100000 -0.11877231427482
5.110000 -0.17774496590608
5.120000 -0.22490877741447
5.130000 -0.26690539905703
5.140000 -0.30312096311417
5.150000 -0.32552782405505
5.160000 -0.33455803248125
5.170000 -0.33372525745280
5.180000 -0.31779063481612
5.190000 -0.26448526410375
5.200000 -0.16625715642163
5.210000 -0.06553049810570
5.220000 0.00162675822824
5.230000 0.06124139344741
5.240000 0.12500083493978
5.250000 0.17854253031416
5.260000 0.22463248055354
5.270000 0.25492113235581
5.280000 0.24947012734711
5.290000 0.17932906790874
5.300000 0.05462045605711
5.310000 -0.05223808794005
5.320000 -0.09110686622077
5.330000 -0.08309291649353
5.340000 -0.05146958169163
5.350000 -0.01076428762290
5.360000 0.01422071749649
5.370000 0.02070018588181
5.380000 0.01722518585186
5.390000 0.00717655471455
5.400000 0.00586084034022
5.410000 0.03066120773284
5.420000 0.07401792416796
5.430000 0.11601276648380
5.440000 0.15577817506750
5.450000 0.19111247117774
5.460000 0.22014957964804
5.470000 0.24507694460598
5.480000 0.26958767144029
5.490000 0.29171610534035
5.500000 0.31341424290463
5.510000 0.31819511838395
5.520000 0.28329537896928
5.530000 0.22616934268475
5.540000 0.15380575380315
5.550000 0.08624396628559
5.560000 0.05556866177413
5.570000 0.04953485208068
5.580000 0.03177293608184
5.590000 -0.00462460673637
5.600000 -0.04242949925515
5.610000 -0.07478297200669
5.620000 -0.09202273079503
5.630000 -0.09381429978755
5.640000 -0.09299613528698
5.650000 -0.10117959721081
5.660000 -0.12573486986556
5.670000 -0.15861494814442
5.680000 -0.18825364447383
5.690000 -0.20516551845672
5.700000 -0.20455490865930
5.710000 -0.18733127658571
5.720000 -0.16403074253274
5.730000 -0.13796924474566
5.740000 -0.09274607722999
5.750000 -0.02816924812618
5.760000 0.03763299827988
5.770000 0.09234908688314
5.780000 0.12610715012579
5.790000 0.13847234311148
5.800000 0.12335187522500
5.810000 0.07472060785808
5.820000 0.02303610354702
5.830000 0.00067825604030
5.840000 -0.00784887457005
5.850000 -0.02123289374797
5.860000 -0.04442208204555
5.870000 -0.07618506893430
5.880000 -0.11569545739494
5.890000 -0.15593392880815
5.900000 -0.18109573885761
5.910000 -0.18154219949955
5.920000 -0.13429781706981
5.930000 -0.03065545624716
5.940000 0.05802290466644
5.950000 0.10782011972554
5.960000 0.11537283538685
5.970000 0.07148278456208
5.980000 -0.01384246020212
5.990000 -0.09732061346175
6.000000 -0.15530615226699
6.010000 -0.17856345619886
6.020000 -0.18057685209973
6.030000 -0.18253260783914
6.040000 -0.19470633524501
6.050000 -0.21261200079435
6.060000 -0.22617422956800
6.070000 -0.23011844557321
6.080000 -0.21290558970372
6.090000 -0.15726278513929
6.100000 -0.07395177581745
6.110000 0.00604863323932
6.120000 0.06916979765677
6.130000 0.11440167384900
6.140000 0.13400472937923
6.150000 0.13500202947726
6.160000 0.12695045074895
6.170000 0.11713593515180
6.180000 0.11206139558028
6.190000 0.11520333572074
6.200000 0.12873604270734
6.210000 0.15071661706278
6.220000 0.16968611950524
6.230000 0.17121107769005
6.240000 0.15983792200504
6.250000 0.14437670052056
6.260000 0.12594625889249
6.270000 0.10281018725674
6.280000 0.06568050036067
6.290000 0.01687343050129
6.300000 -0.03103972816708
6.310000 -0.06251326120152
6.320000 -0.07641664454822
6.330000 -0.07730315023153
6.340000 -0.06162822158318
6.350000 -0.03135113540462
6.360000 -0.00023578008778
6.370000 0.01415490746867
6.380000 -0.00182154939477
6.390000 -0.04880937546584
6.400000 -0.10479188106881
6.410000 -0.15437726853453
6.420000 -0.19224522565520
6.430000 -0.21983631790096
6.440000 -0.23242893891502
6.450000 -0.22918968714545
6.460000 -0.19947292598867
6.470000 -0.14011684197898
6.480000 -0.07980341753973
6.490000 -0.04075935051580
6.500000 -0.01588181923659
6.510000 -0.00413228708074
6.520000 -0.00745772467521
6.530000 -0.02312669884427
6.540000 -0.04560071057326
6.550000 -0.06473967509041
6.560000 -0.07690166144600
6.570000 -0.08553895192807
6.580000 -0.09017739355623
6.590000 -0.08144480885070
6.600000 -0.05150355179548
6.610000 -0.01672440562297
6.620000 -0.00010407279499
6.630000 -0.00232127957028
6.640000 -0.00735232963998
6.650000 -0.01082908644181
6.660000 -0.01430413283451
6.670000 -0.01289689841425
6.680000 -0.00787707313948
6.690000 -0.00976229862305
6.700000 -0.01912198573046
6.710000 -0.02255368045650
6.720000 -0.00686417887168
6.730000 0.02843397936341
6.740000 0.06007473151844
6.750000 0.07941954659485
6.760000 0.09190775120337
6.770000 0.10128337456239
6.780000 0.10744398008058
6.790000 0.11037271427597
6.800000 0.10822749783192
6.810000 0.10215653529527
6.820000 0.09166800572309
6.830000 0.07214072194425
6.840000 0.05280687102900
6.850000 0.04357504734237
6.860000 0.03426812854973
6.870000 0.02146265244375
6.880000 0.01231130444690
6.890000 0.00828670422434
6.900000 0.00631649834706
6.910000 0.00309172678849
6.920000 -0.00394460194368
6.930000 -0.01711252439713
6.940000 -0.03735586187747
6.950000 -0.05957787332663
6.960000 -0.07703273016098
6.970000 -0.09057251686306
6.980000 -0.09929502707081
6.990000 -0.09023959480873
7.000000 -0.05625080802411
7.010000 -0.01143898200245
7.020000 0.01924588701667
7.030000 0.02858901886727
7.040000 0.02961224450749
7.050000 0.03146738057373
7.060000 0.03765521480298
7.070000 0.05015192760056
7.080000 0.06737588546637
7.090000 0.08386429221955
7.100000 0.09654217055071
7.110000 0.10413528444692
7.120000 0.11049540010660
7.130000 0.11799311953559
7.140000 0.12314196479351
7.150000 0.12029791151360
7.160000 0.10336651505863
7.170000 0.06716859390309
7.180000 0.01586314883647
7.190000 -0.04746899110241
7.200000 -0.10529705949263
7.210000 -0.13327921517298
7.220000 -0.13666620118248
7.230000 -0.13142182362216
7.240000 -0.12240860651312
7.250000 -0.10659737141338
7.260000 -0.08623528266996
7.270000 -0.07019440164867
7.280000 -0.05582100037664
7.290000 -0.03990925837797
7.300000 -0.02330019573028
7.310000 -0.01031037511052
7.320000 -0.00269322025479
7.330000 -0.00091321838962
7.340000 -0.00352135149110
7.350000 -0.01144207702851
7.360000 -0.02076488069782
7.370000 -0.02168395307236
7.380000 -0.00991753986748
7.390000 0.00889802951159
7.400000 0.01963109872183
7.410000 0.01273001761634
7.420000 -0.00999073159512
7.430000 -0.03918603724770
7.440000 -0.06611278904118
7.450000 -0.07753631721512
7.460000 -0.06649778772835
7.470000 -0.04147703317837
7.480000 -0.01957010039444
7.490000 -0.00474584905686
7.500000 0.01481498756119
7.510000 0.04629824424026
7.520000 0.08147019558268
7.530000 0.11610740912283
7.540000 0.14439035873273
7.550000 0.15459354444472
7.560000 0.14410353627710
7.570000 0.10815657537238
7.580000 0.05278281252682
7.590000 0.01027435878093
7.600000 -0.01508103449775
7.610000 -0.02416259278954
7.620000 -0.01594499786574
7.630000 0.01311466545035
7.640000 0.05378959819055
7.650000 0.08068434716394
7.660000 0.08892772979475
7.670000 0.09007177422558
7.680000 0.08678929233491
7.690000 0.07821544362187
7.700000 0.06672697002252
7.710000 0.05880872802424
7.720000 0.05635212940359
7.730000 0.05860651130126
7.740000 0.06899360671973
7.750000 0.09059826697868
7.760000 0.11553424036942
7.770000 0.13137959593865
7.780000 0.13787752170611
7.790000 0.13740499768680
7.800000 0.12774149931269
7.810000 0.09855222081612
7.820000 0.04783765005685
7.830000 -0.00660735060181
7.840000 -0.05263495298220
7.850000 -0.08771934140107
7.860000 -0.10858768618872
7.870000 -0.11422674848943
7.880000 -0.10282458476664
7.890000 -0.06416965148495
7.900000 -0.00594026722967
7.910000 0.03737513374015
7.920000 0.05509046145197
7.930000 0.06407356784188
7.940000 0.07757210423711
7.950000 0.09674295880012
7.960000 0.11499487882376
7.970000 0.13137696453998
7.980000 0.14060678335142
7.990000 0.13499100266376
8.000000 0.11344296759822
8.010000 0.08940473972228
8.020000 0.07932474105971
8.030000 0.08607971688636
8.040000 0.10952785987455
8.050000 0.13603241001577
8.060000 0.15405749094311
8.070000 0.16260853420097
8.080000 0.15339137116410
8.090000 0.11834021355136
8.100000 0.07178534528789
8.110000 0.02922673207105
8.120000 -0.01210230247448
8.130000 -0.04998713939113
8.140000 -0.06483704937188
8.150000 -0.06236516357797
8.160000 -0.06368813058826
8.170000 -0.07477780945310
8.180000 -0.09107569041170
8.190000 -0.10199940320294
8.200000 -0.09178724567451
8.210000 -0.05816416065344
8.220000 -0.02429272171928
8.230000 -0.01694028055812
8.240000 -0.03464940568734
8.250000 -0.05765573683792
8.260000 -0.07629255530496
8.270000 -0.08908270664627
8.280000 -0.09315716435545
8.290000 -0.09456714294862
8.300000 -0.09744750953026
8.310000 -0.10074749648735
8.320000 -0.10267895564565
8.330000 -0.10656056942333
8.340000 -0.11473163871244
8.350000 -0.12226706232531
8.360000 -0.12397603046037
8.370000 -0.12018355844544
8.380000 -0.11558398633486
8.390000 -0.11126017227499
8.400000 -0.10284505955443
8.410000 -0.08562600110235
8.420000 -0.06415125675516
8.430000 -0.04765055761102
8.440000 -0.04322271559019
8.450000 -0.05646852493834
8.460000 -0.08535615743341
8.470000 -0.11691313086680
8.480000 -0.14625426612789
8.490000 -0.17464868679788
8.500000 -0.19281636447249
8.510000 -0.19926103574294
8.520000 -0.20824137289901
8.530000 -0.21885042053053
8.540000 -0.22138282849397
8.550000 -0.21691371110534
8.560000 -0.19897233371683
8.570000 -0.15526743311505
8.580000 -0.10429855646950
8.590000 -0.05521242051534
8.600000 -0.01458294831988
8.610000 -0.00266332631279
8.620000 -0.00957879615684
8.630000 -0.01031049164389
8.640000 0.00046774489809
8.650000 0.01378050955902
8.660000 0.01871019689868
8.670000 0.01240354248876
8.680000 0.00265925892226
8.690000 -0.00444758502918
8.700000 -0.00619015361923
8.710000 -0.00319641134609
8.720000 -0.00337633260400
8.730000 -0.00911758213965
8.740000 -0.01422814806513
8.750000 -0.01349664429428
8.760000 0.00284425251439
8.770000 0.03896397226043
8.780000 0.07862886141473
8.790000 0.11703096740559
8.800000 0.14987983228397
8.810000 0.16230579804859
8.820000 0.16097293196708
8.830000 0.15913659160566
8.840000 0.15948569049662
8.850000 0.16020694434311
8.860000 0.16103445657421
8.870000 0.16006409698644
8.880000 0.14600516038661
8.890000 0.10663120368206
8.900000 0.05991160986150
8.910000 0.02454194023479
8.920000 0.00025287590906
8.930000 -0.00486433216789
8.940000 0.02650270816215
8.950000 0.09247526871487
8.960000 0.16337752913772
8.970000 0.22034305010304
8.980000 0.25300810551870
8.990000 0.26444579312361
9.000000 0.26434517345045
9.010000 0.25792418476808
9.020000 0.24918054818811
9.030000 0.24148771681256
9.040000 0.22745283871491
9.050000 0.18160861098994
9.060000 0.11024464034329
9.070000 0.04048473273783
9.080000 -0.02013385876496
9.090000 -0.07544480636500
9.100000 -0.12188613604086
9.110000 -0.16185520235158
9.120000 -0.19686896904219
9.130000 -0.22535761884570
9.140000 -0.25666173992732
9.150000 -0.28045785406417
9.160000 -0.29617281756380
9.170000 -0.31174468309735
9.180000 -0.32135968855302
9.190000 -0.31750180748530
9.200000 -0.30326857204940
9.210000 -0.28824804719071
9.220000 -0.26773529207742
9.230000 -0.23174389812650
9.240000 -0.18239539919392
9.250000 -0.12906095779142
9.260000 -0.08251324442625
9.270000 -0.04638442881212
9.280000 -0.02482755976531
9.290000 -0.01374764213651
9.300000 0.00117332325206
9.310000 0.03219626547638
9.320000 0.08026329831492
9.330000 0.12796830081758
9.340000 0.16169969922032
9.350000 0.17923759547859
9.360000 0.17158899666174
9.370000 0.13430997162559
9.380000 0.09143426233789
9.390000 0.06020289316441
9.400000 0.03692774584343
9.410000 0.01963469496668
9.420000 -0.00137144990437
9.430000 -0.03549813200396
9.440000 -0.07734788400902
9.450000 -0.11012263115804
9.460000 -0.11997447502497
9.470000 -0.11066305779364
9.480000 -0.09193031857963
9.490000 -0.07379699945344
9.500000 -0.06115398088951
9.510000 -0.04695324949248
9.520000 -0.02154314818228
9.530000 0.00828249774560
9.540000 0.03404800578529
9.550000 0.05140903446115
9.560000 0.05793962716359
9.570000 0.05086344527196
9.580000 0.02126014751997
9.590000 -0.02344032397499
9.600000 -0.05827312561954
9.610000 -0.07402068087133
9.620000 -0.07540871861173
9.630000 -0.06149612536967
9.640000 -0.02200096142994
9.650000 0.02678419263761
9.660000 0.05521698160638
9.670000 0.06226725048630
9.680000 0.05532875339774
9.690000 0.02977457674483
9.700000 -0.00734512086065
9.710000 -0.03755789064340
9.720000 -0.05417422096362
9.730000 -0.05903878745130
9.740000 -0.05387330172937
9.750000 -0.03522795001233
9.760000 -0.00820471861294
9.770000 0.01796505997659
9.780000 0.03584532626349
9.790000 0.04200008005225
9.800000 0.04740883231650
9.810000 0.06048251059986
9.820000 0.07801298881996
9.830000 0.09511689225381
9.840000 0.11077444114043
9.850000 0.12469806119599
9.860000 0.13744522049513
9.870000 0.15110380858218
9.880000 0.16659748398367
9.890000 0.18254576483252
9.900000 0.19332886069072
9.910000 0.19598118525095
9.920000 0.19007770497476
9.930000 0.17056951763202
9.940000 0.13426360888702
9.950000 0.08861191183181
9.960000 0.04449754053519
9.970000 0.00591905940939
9.980000 -0.02146707569962
9.990000 -0.04038606781797
10.000000 -0.05373431375742
10.010000 -0.05911871931869
10.020000 -0.05932487060921
10.030000 -0.05602765288596
10.040000 -0.04791231912689
10.050000 -0.03695702955155
10.060000 -0.02579293222607
10.070000 -0.02063332329452
10.080000 -0.02913369333217
10.090000 -0.05827203546866
10.100000 -0.09917596254598
10.110000 -0.13573481135604
10.120000 -0.16202198290573
10.130000 -0.17690279302521
10.140000 -0.17797665429422
10.150000 -0.17138299573685
10.160000 -0.15875027721916
10.170000 -0.13137007278154
10.180000 -0.08593090502602
10.190000 -0.03971804340755
10.200000 -0.00567935653271
10.210000 0.01781753875466
10.220000 0.02412211937181
10.230000 0.01649652649766
10.240000 0.00361638382775
10.250000 -0.00358214306574
10.260000 0.00134259724441
10.270000 0.01992609104382
10.280000 0.05110991961456
10.290000 0.08124088798381
10.300000 0.10104177457256
10.310000 0.11239776351383
10.320000 0.11704090406820
10.330000 0.11665506583955
10.340000 0.11262970251138
10.350000 0.10344533171420
10.360000 0.09020047468176
10.370000 0.07611892058379
10.380000 0.06504674678538
10.390000 0.05876640009697
10.400000 0.05514746255947
10.410000 0.05191703224070
10.420000 0.04818330306858
10.430000 0.04569516525524
10.440000 0.04865989949060
10.450000 0.05534158459890
10.460000 0.05850339806459
10.470000 0.05436707742560
10.480000 0.04347386379806
10.490000 0.02748603678625
10.500000 0.00528939577947
10.510000 -0.02058450458385
10.520000 -0.04514611765636
10.530000 -0.06812057129155
10.540000 -0.08923403713105
10.550000 -0.10929414155028
10.560000 -0.12761945253603
10.570000 -0.13777564898596
10.580000 -0.13086496954054
10.590000 -0.09912310902401
10.600000 -0.04797848000787
10.610000 0.00503396340394
10.620000 0.04686667647605
10.630000 0.06546035253529
10.640000 0.06522097043864
10.650000 0.05244217170304
10.660000 0.03779942798087
10.670000 0.03278720243608
10.680000 0.03829190050823
10.690000 0.05154936319337
10.700000 0.06677526245345
10.710000 0.07523192621215
10.720000 0.07747889007165
10.730000 0.07852394379040
10.740000 0.07938027610223
10.750000 0.07985203576287
10.760000 0.07914303671593
10.770000 0.07621016746548
10.780000 0.07051449250184
10.790000 0.06355862818202
10.800000 0.06198223241833
10.810000 0.07070696051925
10.820000 0.08394591570037
10.830000 0.09096107420368
10.840000 0.08805644863235
10.850000 0.07721751700035
10.860000 0.05819294314276
10.870000 0.03312387110091
10.880000 0.00625004425308
10.890000 -0.01992498836247
10.900000 -0.04577531014061
10.910000 -0.07098810667202
10.920000 -0.08993363832559
10.930000 -0.09433667001605
10.940000 -0.08722450061491
10.950000 -0.07630348187470
10.960000 -0.06299887956186
10.970000 -0.04780614845556
10.980000 -0.03276299356827
10.990000 -0.01889712644841
11.000000 -0.00530811003624
11.010000 0.00849755068193
11.020000 0.02420319151196
11.030000 0.04458383788128
11.040000 0.06602338413856
11.050000 0.08422326512077
11.060000 0.09315973310178
11.070000 0.09249615700816
11.080000 0.07721186575843
11.090000 0.04603471592814
11.100000 0.01137996474235
11.110000 -0.01751242181300
11.120000 -0.03379985235972
11.130000 -0.03757603476379
11.140000 -0.03256499961364
11.150000 -0.02598011238519
11.160000 -0.02416420922015
11.170000 -0.02800704119354
11.180000 -0.03680369419158
11.190000 -0.05265461328944
11.200000 -0.07429978455752
11.210000 -0.09730805793092
11.220000 -0.11698885249631
11.230000 -0.12697162724305
11.240000 -0.12061677438072
11.250000 -0.09408525866831
11.260000 -0.06143446292738
11.270000 -0.03282939252818
11.280000 -0.00404621152397
11.290000 0.02245148194413
11.300000 0.03713798206713
11.310000 0.04816235212294
11.320000 0.06207118622403
11.330000 0.07693623301240
11.340000 0.08920371339394
11.350000 0.09506873765805
11.360000 0.09317939340903
11.370000 0.08403340344110
11.380000 0.06630315193965
11.390000 0.03884028399221
11.400000 0.00975082321873
11.410000 -0.01802429150773
11.420000 -0.04576026104628
11.430000 -0.07273645807392
11.440000 -0.09271953769477
11.450000 -0.10267010913392
11.460000 -0.10627015072284
11.470000 -0.10604932625208
11.480000 -0.10408702960740
11.490000 -0.10197103421912
11.500000 -0.10001816048778
11.510000 -0.10022246979923
11.520000 -0.10474718488274
11.530000 -0.11267324589422
11.540000 -0.12167873170334
11.550000 -0.12902537125695
11.560000 -0.13219031734011
11.570000 -0.13096007580695
11.580000 -0.12734553646437
11.590000 -0.12168835510422
11.600000 -0.11471164008251
11.610000 -0.10797797858513
11.620000 -0.10135037498485
11.630000 -0.09281661124496
11.640000 -0.07861311061409
11.650000 -0.05731830381442
11.660000 -0.02897460648653
11.670000 0.00544709048990
11.680000 0.03992551039741
11.690000 0.07089630844966
11.700000 0.09458558780029
11.710000 0.11577359740513
11.720000 0.13594782934406
11.730000 0.14850523973775
11.740000 0.15175514240672
11.750000 0.14379478549917
11.760000 0.12243072279246
11.770000 0.09898358224186
11.780000 0.08601140076455
11.790000 0.07965476857550
11.800000 0.07495332374476
11.810000 0.07346214770675
11.820000 0.07352026402607
11.830000 0.07324133576646
11.840000 0.07464456043636
11.850000 0.07690944286779
11.860000 0.07702144020761
11.870000 0.07255110736340
11.880000 0.06112577480180
11.890000 0.04504343045566
11.900000 0.03365125351737
11.910000 0.03185824352081
11.920000 0.03946359968609
11.930000 0.05436839312493
11.940000 0.07360406780865
11.950000 0.08738992787831
11.960000 0.08997767039676
11.970000 0.08457391778999
11.980000 0.07531545432439
11.990000 0.06444728910615
12.000000 0.05302674318404
12.010000 0.03958372930087
12.020000 0.02489463537060
12.030000 0.00817627068716
12.040000 -0.01237959676081
12.050000 -0.03431143385365
12.060000 -0.05484842289570
12.070000 -0.06908025491898
12.080000 -0.07090108255868
12.090000 -0.05432612785002
12.100000 -0.02622876702956
12.110000 0.00175825172615
12.120000 0.02650492605532
12.130000 0.04021209477411
12.140000 0.03978746221070
12.150000 0.02950805365041
12.160000 0.01325865307978
12.170000 -0.00401264364820
12.180000 -0.02254612458316
12.190000 -0.04067068491090
12.200000 -0.05622395522715
12.210000 -0.06758995601386
12.220000 -0.07591413511448
12.230000 -0.08229364794154
12.240000 -0.08504136696899
12.250000 -0.08464822347640
12.260000 -0.08114721019097
12.270000 -0.07172567519030
12.280000 -0.05821718960198
12.290000 -0.04682347141589
12.300000 -0.03265563250231
12.310000 -0.01321868088085
12.320000 0.00578601213322
12.330000 0.02357745743739
12.340000 0.03989096389194
12.350000 0.05357354782882
12.360000 0.06556450580096
12.370000 0.07393056173193
12.380000 0.07288958041590
12.390000 0.06264058330601
12.400000 0.04319716596209
12.410000 0.01779837966621
12.420000 -0.00434728362995
12.430000 -0.01787714619989
12.440000 -0.02431526403460
12.450000 -0.02592770996014
12.460000 -0.02146181290227
12.470000 -0.01353893463014
12.480000 -0.00463932126715
12.490000 0.00469687747447
12.500000 0.00440748752556
12.510000 -0.00782025372379
12.520000 -0.02791664638380
12.530000 -0.05018376752454
12.540000 -0.07271353984450
12.550000 -0.09363413669157
12.560000 -0.10991934934512
12.570000 -0.11992724768398
12.580000 -0.12565317120192
12.590000 -0.12698516015053
12.600000 -0.12345411132878
12.610000 -0.10955843422106
12.620000 -0.07677656976515
12.630000 -0.03830870386835
12.640000 -0.00463527267233
12.650000 0.01214189124103
12.660000 0.00908966425275
12.670000 -0.00138787108515
12.680000 -0.01592291917781
12.690000 -0.04026071299726
12.700000 -0.07121101120078
12.710000 -0.10127668329147
12.720000 -0.12840411056013
12.730000 -0.14858317926043
12.740000 -0.15726228392050
12.750000 -0.15848525778112
12.760000 -0.15601099119794
12.770000 -0.14793723353794
12.780000 -0.12887901536871
12.790000 -0.10125315106903
12.800000 -0.07421000374080
12.810000 -0.04859717195837
12.820000 -0.02254681375901
12.830000 0.00416158833152
12.840000 0.02589350177736
12.850000 0.03932659152839
12.860000 0.05108695126327
12.870000 0.05877380560468
12.880000 0.05808897783414
12.890000 0.05020674840630
12.900000 0.04052229908655
12.910000 0.03413252380465
12.920000 0.03201721759222
12.930000 0.03652704647750
12.940000 0.04815801658036
12.950000 0.06241032339143
12.960000 0.07410152746302
12.970000 0.08266804585119
12.980000 0.09241739047447
12.990000 0.10524169987669
13.000000 0.12217680535074
13.010000 0.13925148772883
13.020000 0.14986893077517
13.030000 0.15375513070482
13.040000 0.15542757252016
13.050000 0.15696543708896
13.060000 0.16020080441287
13.070000 0.16588450024730
13.080000 0.17110080955508
13.090000 0.17136720734480
13.100000 0.16474497931610
13.110000 0.14562711611023
13.120000 0.11797279511344
13.130000 0.09026446779145
13.140000 0.06403938472004
13.150000 0.03769121484296
13.160000 0.01690790182394
13.170000 0.00716463322550
13.180000 0.00116704385769
13.190000 -0.00841204776763
13.200000 -0.01946326560821
13.210000 -0.03087188252299
13.220000 -0.04480210613618
13.230000 -0.05909639002136
13.240000 -0.06964185804868
13.250000 -0.07357024807043
13.260000 -0.06943401514473
13.270000 -0.05855311896909
13.280000 -0.04443451227167
13.290000 -0.03010238636745
13.300000 -0.01859947766679
13.310000 -0.01096181795015
13.320000 -0.00691135984993
13.330000 -0.00682019817544
13.340000 -0.01076169381564
13.350000 -0.01621534275348
13.360000 -0.01969297418211
13.370000 -0.02068825687448
13.380000 -0.01716527767534
13.390000 -0.00954969038140
13.400000 0.00011059699716
13.410000 0.01088590585750
13.420000 0.01974236929439
13.430000 0.02263470247477
13.440000 0.02010318417469
13.450000 0.01388931162902
13.460000 0.00815917662015
13.470000 0.00845910218814
13.480000 0.01552244536034
13.490000 0.02808055746034
13.500000 0.04618441745184
13.510000 0.06657528868458
13.520000 0.08648244618841
13.530000 0.10138043558210
13.540000 0.10525192474011
13.550000 0.09666287656709
13.560000 0.07642067935952
13.570000 0.04972438796814
13.580000 0.02403864138145
13.590000 0.00044778498731
13.600000 -0.01555332043813
13.610000 -0.02303367263586
13.620000 -0.02707191728708
13.630000 -0.03130331913155
13.640000 -0.03602357219758
13.650000 -0.04135857011610
13.660000 -0.04652450693494
13.670000 -0.05020519462804
13.680000 -0.05469279445975
13.690000 -0.06216962559544
13.700000 -0.07074046699572
13.710000 -0.07613873125667
13.720000 -0.07835787747303
13.730000 -0.07759072451536
13.740000 -0.07518333304994
13.750000 -0.07260190588831
13.760000 -0.07025022489200
13.770000 -0.06988020011634
13.780000 -0.07100935834894
13.790000 -0.07076648025119
13.800000 -0.06748528899892
13.810000 -0.06085328720371
13.820000 -0.05508393307716
13.830000 -0.05439638619465
13.840000 -0.05894142570031
13.850000 -0.06780312436752
13.860000 -0.07674575733971
13.870000 -0.08274945631402
13.880000 -0.08699335103697
13.890000 -0.09091803203963
13.900000 -0.09552245344206
13.910000 -0.09870143365149
13.920000 -0.09702002001971
13.930000 -0.08914405582682
13.940000 -0.07370948665178
13.950000 -0.05642679847363
13.960000 -0.04269082220457
13.970000 -0.03208618529845
13.980000 -0.02302685606024
13.990000 -0.01366149515607
14.000000 -0.00303151286851
14.010000 0.00683777341250
14.020000 0.01333971268946
14.030000 0.01532866164359
14.040000 0.01407671733659
14.050000 0.00906608190843
14.060000 0.00042832692185
14.070000 -0.00811303943004
14.080000 -0.01293237217449
14.090000 -0.01569710758004
14.100000 -0.01696688274568
14.110000 -0.01641331164717
14.120000 -0.01489701201704
14.130000 -0.00918332826209
14.140000 0.00217026360030
14.150000 0.01679166918530
14.160000 0.03123017877884
14.170000 0.04605549144721
14.180000 0.05764439676267
14.190000 0.06193602004540
14.200000 0.06124057896687
14.210000 0.05830136929866
14.220000 0.05201692514661
14.230000 0.04113809649850
14.240000 0.02812655681529
14.250000 0.01518602730490
14.260000 0.00517894971182
14.270000 0.00025512375005
14.280000 0.00025429611252
14.290000 0.00522484756996
14.300000 0.01425303357832
14.310000 0.02781333265961
14.320000 0.04501358287640
14.330000 0.05673033657608
14.340000 0.06143764566673
14.350000 0.06106394946339
14.360000 0.05513989415566
14.370000 0.04469990762381
14.380000 0.03336981916379
14.390000 0.02499571867115
14.400000 0.01969204692734
14.410000 0.01585888847671
14.420000 0.01280666650062
14.430000 0.00942078943771
14.440000 0.00599717059951
14.450000 0.00219129850009
14.460000 -0.00137068429266
14.470000 -0.00389821790332
14.480000 -0.00634856757864
14.490000 -0.00932480478535
14.500000 -0.01088850718305
14.510000 -0.01075464417328
14.520000 -0.00919683360253
14.530000 -0.00513598899583
14.540000 0.00078125362074
14.550000 0.00949737692268
14.560000 0.01998762818142
14.570000 0.03047556882152
14.580000 0.03841312027388
14.590000 0.04137044900155
14.600000 0.04003455054633
14.610000 0.03484476824330
14.620000 0.02743521320041
14.630000 0.02091683770610
14.640000 0.01600743719717
14.650000 0.01374167763285
14.660000 0.01323107351557
14.670000 0.01353060186766
14.680000 0.01436756207306
14.690000 0.01497120492922
14.700000 0.01436556972835
14.710000 0.01303533504552
14.720000 0.01112279313760
14.730000 0.00926565344922
14.740000 0.00664198857971
14.750000 0.00363766432475
14.760000 0.00184469066655
14.770000 0.00234926261563
14.780000 0.00524242781920
14.790000 0.00787509457828
14.800000 0.00819868017950
14.810000 0.00821703606484
14.820000 0.00795659901964
14.830000 0.00767196814319
14.840000 0.00789888618145
14.850000 0.01066851473549
14.860000 0.01562605981580
14.870000 0.02021291349946
14.880000 0.02228148105923
14.890000 0.01888528515437
14.900000 0.01074310736966
14.910000 0.00041581299218
14.920000 -0.00859395385198
14.930000 -0.01416025797931
14.940000 -0.01834395632493
14.950000 -0.02296976723945
14.960000 -0.02722659340732
14.970000 -0.02828474146709
14.980000 -0.02484674391470
14.990000 -0.01861737117779
15.000000 -0.01404902499815
15.010000 -0.01361547074018
15.020000 -0.01616481989891
15.030000 -0.01849170309533
15.040000 -0.01719645348441
15.050000 -0.01206977838685
15.060000 -0.00395379179030
15.070000 0.00444128721502
15.080000 0.01114093851104
15.090000 0.01612938373008
15.100000 0.01976625236999
15.110000 0.02247008969191
15.120000 0.02339889824155
15.130000 0.02241473007597
15.140000 0.01999747713075
15.150000 0.01767533045195
15.160000 0.01737075232049
15.170000 0.01810830830830
15.180000 0.01898373705624
15.190000 0.01896558040538
15.200000 0.01772332215160
15.210000 0.01587376214446
15.220000 0.01233463367573
15.230000 0.00920688429242
15.240000 0.00811377246253
15.250000 0.00872812009911
15.260000 0.01077176079514
15.270000 0.01496635563738
15.280000 0.01948021933396
15.290000 0.02235225315313
15.300000 0.02110530850362
15.310000 0.01716810956154
15.320000 0.01294753404305
15.330000 0.00869887648850
15.340000 0.00564097319736
15.350000 0.00408238949662
15.360000 0.00145894391033
15.370000 -0.00123423436739
15.380000 -0.00403517468610
15.390000 -0.00790314278207
15.400000 -0.01259625485033
15.410000 -0.01778551087364
15.420000 -0.02314404101459
15.430000 -0.03158041794255
15.440000 -0.04179049541298
15.450000 -0.05089325525981
15.460000 -0.05799682875861
15.470000 -0.06095581150830
15.480000 -0.05880590866852
15.490000 -0.04883561426978
15.500000 -0.03003662646150
15.510000 -0.01173160857173
15.520000 -0.00529211238534
15.530000 -0.00698992088392
15.540000 -0.01136690548663
15.550000 -0.01616272731044
15.560000 -0.01950325033761
15.570000 -0.01845473820917
15.580000 -0.01246911694376
15.590000 -0.00178962426360
15.600000 0.01009875677598
15.610000 0.02157086558166
15.620000 0.03152906807697
15.630000 0.03956420682879
15.640000 0.04701701705371
15.650000 0.05232517470574
15.660000 0.05462718491944
15.670000 0.05457213856524
15.680000 0.05087927125542
15.690000 0.04140294050995
15.700000 0.02802344357862
15.710000 0.01657504242195
15.720000 0.00990768590597
15.730000 0.00711054921139
15.740000 0.00817283232623
15.750000 0.01278709390666
15.760000 0.01911313921873
15.770000 0.02507494883222
15.780000 0.03030150806437
15.790000 0.03452140693748
15.800000 0.03663538492011
15.810000 0.03709685706498
15.820000 0.03519444353586
15.830000 0.03135831536387
15.840000 0.02640359214537
15.850000 0.02235637567772
15.860000 0.02123070091574
15.870000 0.02414486217465
15.880000 0.03042028438839
15.890000 0.03751276842135
15.900000 0.04330942644178
15.910000 0.04504161353753
15.920000 0.04217595772753
15.930000 0.03107725692438
15.940000 0.00915617222775
15.950000 -0.01605739618060
15.960000 -0.04016386499553
15.970000 -0.06386220387589
15.980000 -0.08708507407651
15.990000 -0.10220675741857
16.000000 -0.10838583284937
16.010000 -0.10989253413957
16.020000 -0.10662036482561
16.030000 -0.09628236378814
16.040000 -0.08179831846705
16.050000 -0.06734665188013
16.060000 -0.05635519936871
16.070000 -0.05143815527316
16.080000 -0.05228277159565
16.090000 -0.05757405070475
16.100000 -0.06497854343780
16.110000 -0.07291960342174
16.120000 -0.07801263796680
16.130000 -0.07970804813344
16.140000 -0.07721128935682
16.150000 -0.07008590030994
16.160000 -0.06082402855654
16.170000 -0.04973540225117
16.180000 -0.03715755466109
16.190000 -0.02735937879667
16.200000 -0.02017098654723
16.210000 -0.01533849806245
16.220000 -0.01313734560084
16.230000 -0.01412656354579
16.240000 -0.01707276521619
16.250000 -0.01883013855641
16.260000 -0.01744608550543
16.270000 -0.01053749363630
16.280000 0.00217522817246
16.290000 0.01851463385521
16.300000 0.03341928945888
16.310000 0.04427280655783
16.320000 0.05376403603198
16.330000 0.06198602915071
16.340000 0.06529357198114
16.350000 0.06435070424429
16.360000 0.06067307398585
16.370000 0.05461159701490
16.380000 0.04739100145785
16.390000 0.03875805904884
16.400000 0.02868772137855
16.410000 0.01925499666828
16.420000 0.01137982189499
16.430000 0.00609213903075
16.440000 0.00402139492837
16.450000 0.00650483506855
16.460000 0.01270317734985
16.470000 0.02115561834020
16.480000 0.02984462207148
16.490000 0.03777041994309
16.500000 0.04282019930612
16.510000 0.04458605577445
16.520000 0.04341720101325
16.530000 0.03935408337931
16.540000 0.03063052061210
16.550000 0.01667034917589
16.560000 -0.00030778768601
16.570000 -0.01558274198141
16.580000 -0.02640542159398
16.590000 -0.03319468078622
16.600000 -0.03740921661823
16.610000 -0.04097718020425
16.620000 -0.04436350209885
16.630000 -0.04698912422775
16.640000 -0.04944544717806
16.650000 -0.04989636866729
16.660000 -0.04533367372957
16.670000 -0.03495890829346
16.680000 -0.02124222894803
16.690000 -0.00823680413412
16.700000 0.00152459605424
16.710000 0.01116301093374
16.720000 0.01974664218462
16.730000 0.02565874342409
16.740000 0.02907654185903
16.750000 0.02822597356334
16.760000 0.02425492982211
16.770000 0.01755804525384
16.780000 0.01013117184853
16.790000 0.00346650813052
16.800000 -0.00082848008460
16.810000 -0.00261780311570
16.820000 -0.00285043254213
16.830000 -0.00359513966911
16.840000 -0.00630678222072
16.850000 -0.01023185166795
16.860000 -0.01285167594844
16.870000 -0.01509785038833
16.880000 -0.01758170278098
16.890000 -0.01964652373025
16.900000 -0.02147860373191
16.910000 -0.02203653543394
16.920000 -0.02021800087023
16.930000 -0.01596415695420
16.940000 -0.00979232664108
16.950000 -0.00224475097852
16.960000 0.00374923688164
16.970000 0.00779841687392
16.980000 0.01061371899069
16.990000 0.01370576530616
17.000000 0.01677747216292
17.010000 0.01915980268857
17.020000 0.01903155332931
17.030000 0.01587154425129
17.040000 0.01045001967909
17.050000 0.00260624125114
17.060000 -0.00495270080065
17.070000 -0.01086141881325
17.080000 -0.01560124948543
17.090000 -0.02101673061201
17.100000 -0.02620307956630
17.110000 -0.02972916632197
17.120000 -0.03039440896808
17.130000 -0.02736798722948
17.140000 -0.01981654967610
17.150000 -0.00778159346506
17.160000 0.00596383328438
17.170000 0.01955308401633
17.180000 0.03134718830661
17.190000 0.03879763027273
17.200000 0.04201976542044
17.210000 0.04193581127222
17.220000 0.03862457195317
17.230000 0.03030105696745
17.240000 0.01841243534284
17.250000 0.00415442842102
17.260000 -0.01067476743996
17.270000 -0.02190366233130
17.280000 -0.02796364817633
17.290000 -0.03069525301951
17.300000 -0.03196126904419
17.310000 -0.03008308944383
17.320000 -0.02453433423957
17.330000 -0.01759249151555
17.340000 -0.01017040474973
17.350000 -0.00342864982186
17.360000 0.00131636219962
17.370000 0.00430731644321
17.380000 0.00571726371020
17.390000 0.00561820658663
17.400000 0.00530664271822
17.410000 0.00488836686218
17.420000 0.00348822719397
17.430000 -0.00018372876649
17.440000 -0.00494415502019
17.450000 -0.00934438990978
17.460000 -0.01306404235202
17.470000 -0.01471172395888
17.480000 -0.01531994043655
17.490000 -0.01501067590936
17.500000 -0.01254796241940
17.510000 -0.00804256806741
17.520000 -0.00364907081148
17.530000 0.00048852881257
17.540000 0.00380223951620
17.550000 0.00543285712916
17.560000 0.00667384604634
17.570000 0.00768667264960
17.580000 0.00838018528881
17.590000 0.00908989230731
17.600000 0.01093981319198
17.610000 0.01305456931679
17.620000 0.01471661084213
17.630000 0.01630617612967
17.640000 0.01825743343039
17.650000 0.01936705666044
17.660000 0.02043302373343
17.670000 0.02413183048597
17.680000 0.03175793710939
17.690000 0.03921364187286
17.700000 0.04511165886418
17.710000 0.04981688789682
17.720000 0.05183000812735
17.730000 0.05113508079809
17.740000 0.04853821609756
17.750000 0.04417018200948
17.760000 0.04114867221508
17.770000 0.04034277504452
17.780000 0.04203378701624
17.790000 0.04491569484567
17.800000 0.04556390858321
17.810000 0.04384730939200
17.820000 0.04354364598484
17.830000 0.04550757159061
17.840000 0.04826171874912
17.850000 0.05042881339358
17.860000 0.05227725818890
17.870000 0.05114883925402
17.880000 0.04530744745611
17.890000 0.03814376529327
17.900000 0.03265440451626
17.910000 0.03037511204446
17.920000 0.03297072369800
17.930000 0.03839566532934
17.940000 0.04381460486560
17.950000 0.04756992403732
17.960000 0.05152175856822
17.970000 0.05424990500172
17.980000 0.05556933841950
17.990000 0.05498303773366
18.000000 0.05275134851694
18.010000 0.04770516539877
18.020000 0.03896721765213
18.030000 0.02832523994576
18.040000 0.01880562895732
18.050000 0.01196110663374
18.060000 0.00819294498344
18.070000 0.00675697944878
18.080000 0.00719692549944
18.090000 0.00685401290147
18.100000 0.00388784267425
18.110000 -0.00082490626928
18.120000 -0.00752931876794
18.130000 -0.01573461127640
18.140000 -0.02293946856327
18.150000 -0.02865061865722
18.160000 -0.03157403993338
18.170000 -0.03059036045612
18.180000 -0.02515905334608
18.190000 -0.01533721995452
18.200000 -0.00447084283433
18.210000 0.00532261154904
18.220000 0.01212278728665
18.230000 0.01544995659206
18.240000 0.01636766314538
18.250000 0.01429640153459
18.260000 0.00745927469434
18.270000 -0.00084147994588
18.280000 -0.00767193180483
18.290000 -0.01283818063237
18.300000 -0.01707755185569
18.310000 -0.01811828256233
18.320000 -0.01633279084770
18.330000 -0.01399981784292
18.340000 -0.01243948864772
18.350000 -0.01072378914424
18.360000 -0.00888976691975
18.370000 -0.00565812114540
18.380000 -0.00146875526825
18.390000 0.00202499660989
18.400000 0.00546055447979
18.410000 0.00940603606247
18.420000 0.01243965530297
18.430000 0.01278882311150
18.440000 0.00953686168633
18.450000 0.00327313917232
18.460000 -0.00471554912764
18.470000 -0.01201472200828
18.480000 -0.01638226114280
18.490000 -0.01949237388975
18.500000 -0.02160566269653
18.510000 -0.02133732268398
18.520000 -0.01974983745444
18.530000 -0.01945272748304
18.540000 -0.02000362959146
18.550000 -0.02193475042708
18.560000 -0.02317447752594
18.570000 -0.02207664546804
18.580000 -0.01950643307696
18.590000 -0.01651869289889
18.600000 -0.01365217248647
18.610000 -0.01121978649278
18.620000 -0.00942104255320
18.630000 -0.00823512254507
18.640000 -0.00804903504292
18.650000 -0.00883094513498
18.660000 -0.01162195317673
18.670000 -0.01582479306815
18.680000 -0.02252880747378
18.690000 -0.03257977303763
18.700000 -0.04371398519244
18.710000 -0.05397157820466
18.720000 -0.06140522934114
18.730000 -0.06642318131066
18.740000 -0.07081356975702
18.750000 -0.07630886997675
18.760000 -0.08231291980422
18.770000 -0.08631609167024
18.780000 -0.08782542435911
18.790000 -0.08579373397221
18.800000 -0.07867590079867
18.810000 -0.06651787407157
18.820000 -0.05226150738826
18.830000 -0.04024449856923
18.840000 -0.02939920145853
18.850000 -0.01714649450099
18.860000 -0.00524831714005
18.870000 0.00541571544636
18.880000 0.01539088795703
18.890000 0.02520695733244
18.900000 0.03168018554376
18.910000 0.03309787037590
18.920000 0.03063109701371
18.930000 0.02509360670188
18.940000 0.01633145008742
18.950000 0.00722338985183
18.960000 -0.00094946365089
18.970000 -0.00839947469415
18.980000 -0.01386629315584
18.990000 -0.01826777106804
19.000000 -0.02120477537355
19.010000 -0.02304835834656
19.020000 -0.02316764841985
19.030000 -0.02052665140440
19.040000 -0.01431566086680
19.050000 -0.00593655946363
19.060000 0.00339545786018
19.070000 0.01075635583547
19.080000 0.01411680230975
19.090000 0.01412240342979
19.100000 0.01241506049668
19.110000 0.01095282232582
19.120000 0.00948374251840
19.130000 0.00851389793294
19.140000 0.00716537377627
19.150000 0.00549065016236
19.160000 0.00297466839189
19.170000 0.00006929342327
19.180000 -0.00233574975691
19.190000 -0.00533484880592
19.200000 -0.01021174652902
19.210000 -0.01705493435755
19.220000 -0.02338061628599
19.230000 -0.02907655438950
19.240000 -0.03497296748067
19.250000 -0.04092199601489
19.260000 -0.04593482302223
19.270000 -0.05082729486634
19.280000 -0.05429507734565
19.290000 -0.05681267429369
19.300000 -0.05881489301542
19.310000 -0.05953194915450
19.320000 -0.05833036480597
19.330000 -0.05565691387352
19.340000 -0.05224274927485
19.350000 -0.04722583733432
19.360000 -0.04119693958507
19.370000 -0.03622825742313
19.380000 -0.03270596739983
19.390000 -0.02930163922002
19.400000 -0.02766809198319
19.410000 -0.02628846218808
19.420000 -0.02313094667356
19.430000 -0.01812474828479
19.440000 -0.01063537164265
19.450000 -0.00138096303710
19.460000 0.00765371375466
19.470000 0.01551690689265
19.480000 0.02259846435587
19.490000 0.02804977009584
19.500000 0.03044402962882
19.510000 0.03155001902261
19.520000 0.03252866125098
19.530000 0.03270373697619
19.540000 0.03262821583420
19.550000 0.03229887749426
19.560000 0.03087197023628
19.570000 0.03013302336631
19.580000 0.03006326624047
19.590000 0.03186670158798
19.600000 0.03463391802657
19.610000 0.03778030648383
19.620000 0.04072331288442
19.630000 0.04158304095359
19.640000 0.03950775706196
19.650000 0.03610212571328
19.660000 0.03315117499479
19.670000 0.03041619945521
19.680000 0.02748497169631
19.690000 0.02474680088691
19.700000 0.02114385222898
19.710000 0.01726771426664
19.720000 0.01221135390083
19.730000 0.00683129641261
19.740000 0.00217334484284
19.750000 -0.00240153848293
19.760000 -0.00564714194769
19.770000 -0.00678698867111
19.780000 -0.00811760678631
19.790000 -0.01060551529206
19.800000 -0.01507608496215
19.810000 -0.02096016807096
19.820000 -0.02709537432670
19.830000 -0.03218443671281
19.840000 -0.03591624872303
19.850000 -0.03811677466114
19.860000 -0.03927058032801
19.870000 -0.03946510334248
19.880000 -0.03793489489078
19.890000 -0.03539743714797
19.900000 -0.03149711537876
19.910000 -0.02702769725886
19.920000 -0.02371472873496
19.930000 -0.02016822984385
19.940000 -0.01427697930627
19.950000 -0.00752760585271
19.960000 -0.00136605177794
19.970000 0.00452969970442
19.980000 0.00945844099361
19.990000 0.01387644283645
20.000000 0.01835855432234
20.010000 0.02285121646389
20.020000 0.02703802236604
20.030000 0.02974352624046
20.040000 0.03016918630240
20.050000 0.02893457163525
20.060000 0.02453076305565
20.070000 0.01826992630886
20.080000 0.01134003389397
20.090000 0.00397116403374
20.100000 -0.00298574282117
20.110000 -0.00940248242121
20.120000 -0.01468373088916
20.130000 -0.01850246676896
20.140000 -0.02032319416490
20.150000 -0.02017732696499
20.160000 -0.01929796364951
20.170000 -0.01630305604266
20.180000 -0.01312093068529
20.190000 -0.01088931915750
20.200000 -0.00890244023699
20.210000 -0.00797273199961
20.220000 -0.00787987996473
20.230000 -0.00779002396519
20.240000 -0.00700941704201
20.250000 -0.00435879036045
20.260000 -0.00113257178321
20.270000 0.00403087673493
20.280000 0.01061526399763
20.290000 0.01634746402793
20.300000 0.01991777081182
20.310000 0.02117346172931
20.320000 0.01967717325959
20.330000 0.01605072997062
20.340000 0.01112746073763
20.350000 0.00498843018248
20.360000 -0.00177217182515
20.370000 -0.00889118787504
20.380000 -0.01433988226509
20.390000 -0.01830092669135
20.400000 -0.01963968209370
20.410000 -0.01840065670115
20.420000 -0.01484121383465
20.430000 -0.01051904502549
20.440000 -0.00559167456970
20.450000 0.00063749366995
20.460000 0.00715414647525
20.470000 0.01438122028523
20.480000 0.02397397162638
20.490000 0.03171248909512
20.500000 0.03549076408767
20.510000 0.03649414146358
20.520000 0.03562910047518
20.530000 0.03333274150340
20.540000 0.03032767168548
20.550000 0.02668611664983
20.560000 0.02204603353012
20.570000 0.01674975476354
20.580000 0.01217504185215
20.590000 0.00944488051910
20.600000 0.00728710854423
20.610000 0.00638660883215
20.620000 0.00692667459023
20.630000 0.00750072799481
20.640000 0.00834045868709
20.650000 0.00928191298694
20.660000 0.01091912162707
20.670000 0.01318643998184
20.680000 0.01578232730572
20.690000 0.01721783046604
20.700000 0.01627496272919
20.710000 0.01348337452667
20.720000 0.00834088973526
20.730000 -0.00000005616960
20.740000 -0.00988869221972
20.750000 -0.01986289988420
20.760000 -0.02861527020168
20.770000 -0.03572203897031
20.780000 -0.04053233599292
20.790000 -0.04393359420761
20.800000 -0.04768707140026
20.810000 -0.04890668709496
20.820000 -0.04857268742021
20.830000 -0.04713220966335
20.840000 -0.04347050563213
20.850000 -0.03897157825565
20.860000 -0.03268457788774
20.870000 -0.02283673124070
20.880000 -0.01099182466638
20.890000 0.00266147932153
20.900000 0.01820157259565
20.910000 0.03072938601948
20.920000 0.03804169208560
20.930000 0.04201616917558
20.940000 0.04366326185035
20.950000 0.04383662090119
20.960000 0.04279496293978
20.970000 0.04243185498349
20.980000 0.04227341972229
20.990000 0.04220359994410
21.000000 0.04223283353033
21.010000 0.04322415659422
21.020000 0.04570768319465
21.030000 0.04703299340281
21.040000 0.04667106331070
21.050000 0.04522589915810
21.060000 0.04254895222455
21.070000 0.03927308642198
21.080000 0.03633971595274
21.090000 0.03400591593695
21.100000 0.03311944784504
21.110000 0.03310453658588
21.120000 0.03295176509706
21.130000 0.03364976239145
21.140000 0.03473131736897
21.150000 0.03590474575168
21.160000 0.03753903228622
21.170000 0.03792256490842
21.180000 0.03692977577955
21.190000 0.03520604675098
21.200000 0.03389132478986
21.210000 0.03289259621827
21.220000 0.03211412824630
21.230000 0.03246048296434
21.240000 0.03320436683944
21.250000 0.03368137676697
21.260000 0.03445953147720
21.270000 0.03564867306914
21.280000 0.03847146214166
21.290000 0.04124325220176
21.300000 0.04225372182363
21.310000 0.04084846721761
21.320000 0.03678873281054
21.330000 0.03008347788839
21.340000 0.02198734080918
21.350000 0.01461670540575
21.360000 0.00824980324358
21.370000 0.00358511654625
21.380000 0.00075672660429
21.390000 -0.00007114285798
21.400000 0.00157627171204
21.410000 0.00461981884382
21.420000 0.00847517251576
21.430000 0.01173893388443
21.440000 0.01316243160155
21.450000 0.01410922137547
21.460000 0.01333978787228
21.470000 0.01022661518458
21.480000 0.00620806592593
21.490000 0.00303658019053
21.500000 0.00098941342028
21.510000 0.00027819748260
21.520000 0.00190251377287
21.530000 0.00635498317922
21.540000 0.01224246329841
21.550000 0.01788270972852
21.560000 0.02466665600154
21.570000 0.02941312281057
21.580000 0.03260725235809
21.590000 0.03415635675837
21.600000 0.03293199201559
21.610000 0.02835112789654
21.620000 0.02187392752627
21.630000 0.01339636294380
21.640000 0.00521442221902
21.650000 -0.00129510801660
21.660000 -0.00710666476573
21.670000 -0.01044675298559
21.680000 -0.01030474517040
21.690000 -0.00830863755882
21.700000 -0.00510757114318
21.710000 -0.00061953788252
21.720000 0.00389225841184
21.730000 0.00637213238030
21.740000 0.00725404689945
21.750000 0.00660397865236
21.760000 0.00440723566311
21.770000 0.00255774958574
21.780000 0.00096017908221
21.790000 -0.00231147698369
21.800000 -0.00692519599478
21.810000 -0.01087479884899
21.820000 -0.01430440850485
21.830000 -0.01826274634962
21.840000 -0.02264289740207
21.850000 -0.02732778948210
21.860000 -0.03154882862797
21.870000 -0.03455131716910
21.880000 -0.03722297624435
21.890000 -0.03960902831956
21.900000 -0.04219778580607
21.910000 -0.04417998083693
21.920000 -0.04570486383893
21.930000 -0.04692004374729
21.940000 -0.04785683420624
21.950000 -0.04732332439001
21.960000 -0.04580669896767
21.970000 -0.04493002970322
21.980000 -0.04423086707513
21.990000 -0.04428702864115
22.000000 -0.04425557716174
22.010000 -0.04276973910390
22.020000 -0.03999096957208
22.030000 -0.03718632461995
22.040000 -0.03491854764997
22.050000 -0.03335425632019
22.060000 -0.03360154514334
22.070000 -0.03597083144984
22.080000 -0.03841763124304
22.090000 -0.04022358521499
22.100000 -0.04105139817737
22.110000 -0.03985215702671
22.120000 -0.03759099614483
22.130000 -0.03491389884564
22.140000 -0.03234471395309
22.150000 -0.03145477492103
22.160000 -0.03111602619820
22.170000 -0.03146879651683
22.180000 -0.03248241128664
22.190000 -0.03270473941378
22.200000 -0.03259754124393
22.210000 -0.03234173170126
22.220000 -0.03016064052194
22.230000 -0.02533980537415
22.240000 -0.02041214797060
22.250000 -0.01630668987893
22.260000 -0.01331868656099
22.270000 -0.01040320333751
22.280000 -0.00895554060922
22.290000 -0.00920256754554
22.300000 -0.00968366240625
22.310000 -0.01063505336871
22.320000 -0.01143510006288
22.330000 -0.01189522643528
22.340000 -0.01209919742404
22.350000 -0.01168875436473
22.360000 -0.01030214259180
22.370000 -0.00641107081546
22.380000 -0.00093585631243
22.390000 0.00553928843426
22.400000 0.01222025429359
22.410000 0.01761350511355
22.420000 0.02156388610994
22.430000 0.02394349752363
22.440000 0.02459897893370
22.450000 0.02359459912019
22.460000 0.02193041488450
22.470000 0.01973199406533
22.480000 0.01719258156922
22.490000 0.01493784881839
22.500000 0.01368884917182
22.510000 0.01382591998188
22.520000 0.01396628630551
22.530000 0.01392592566202
22.540000 0.01298753130291
22.550000 0.01135370588966
22.560000 0.00813836100358
22.570000 0.00339600544172
22.580000 -0.00135957728415
22.590000 -0.00525189458920
22.600000 -0.00684956959684
22.610000 -0.00620987532578
22.620000 -0.00418023492375
22.630000 -0.00082820353713
22.640000 0.00271043962650
22.650000 0.00585154398461
22.660000 0.00819912125204
22.670000 0.01088536454120
22.680000 0.01267218949783
22.690000 0.01359725143697
22.700000 0.01464884606100
22.710000 0.01519854524432
22.720000 0.01425710598104
22.730000 0.01266646307309
22.740000 0.01273150874226
22.750000 0.01442195684282
22.760000 0.01557586275345
22.770000 0.01694279918256
22.780000 0.01805158287114
22.790000 0.01726619807979
22.800000 0.01544612226828
22.810000 0.01380440516509
22.820000 0.01187008655355
22.830000 0.01045007230706
22.840000 0.00986471767169
22.850000 0.01025121625610
22.860000 0.01138488169873
22.870000 0.01332516481392
22.880000 0.01589094141867
22.890000 0.01700160467773
22.900000 0.01766709793324
22.910000 0.01884842051197
22.920000 0.01937397347982
22.930000 0.01798363013296
22.940000 0.01441316045296
22.950000 0.00893827863390
22.960000 0.00201895942950
22.970000 -0.00485330911354
22.980000 -0.00957226527594
22.990000 -0.01268458213254
23.000000 -0.01403234694274
23.010000 -0.01572476232707
23.020000 -0.01742078648674
23.030000 -0.01892941746929
23.040000 -0.02124125157138
23.050000 -0.02392871156916
23.060000 -0.02708335760608
23.070000 -0.03088511469919
23.080000 -0.03534028567484
23.090000 -0.03860489911545
23.100000 -0.04005884712744
23.110000 -0.04034311336721
23.120000 -0.03962216025200
23.130000 -0.03742807497541
23.140000 -0.03496002350528
23.150000 -0.03341437751469
23.160000 -0.03117132316179
23.170000 -0.02924224479277
23.180000 -0.02926676692233
23.190000 -0.02984001085856
23.200000 -0.02939006674598
23.210000 -0.02859446962167
23.220000 -0.02825718696382
23.230000 -0.02658371764995
23.240000 -0.02383499618490
23.250000 -0.02077482989091
23.260000 -0.01729569480589
23.270000 -0.01292169621415
23.280000 -0.00873377008798
23.290000 -0.00553270868452
23.300000 -0.00231104593553
23.310000 0.00173095785665
23.320000 0.00585530813777
23.330000 0.00895056100048
23.340000 0.01231660358262
23.350000 0.01679839804763
23.360000 0.02040545669969
23.370000 0.02496105939145
23.380000 0.02828521762495
23.390000 0.02862815152472
23.400000 0.02701559282495
23.410000 0.02339805870007
23.420000 0.01766481738772
23.430000 0.01070496712543
23.440000 0.00369164934815
23.450000 -0.00177537711934
23.460000 -0.00522287652705
23.470000 -0.00764573560449
23.480000 -0.00836869108879
23.490000 -0.00790135092487
23.500000 -0.00725352187276
23.510000 -0.00694694513136
23.520000 -0.00636026727837
23.530000 -0.00601537361311
23.540000 -0.00504684222089
23.550000 -0.00287896567510
23.560000 0.00027546308346
23.570000 0.00314627067085
23.580000 0.00496012134492
23.590000 0.00712412346941
23.600000 0.00955707082816
23.610000 0.01169077552952
23.620000 0.01276789722680
23.630000 0.01434790176581
23.640000 0.01514512785121
23.650000 0.01508860290156
23.660000 0.01638445397503
23.670000 0.01899654319646
23.680000 0.02232170386755
23.690000 0.02501767205438
23.700000 0.02750380499255
23.710000 0.02923128063162
23.720000 0.03007008281609
23.730000 0.02979429970442
23.740000 0.02974518026248
23.750000 0.02996406251040
23.760000 0.03011472888028
23.770000 0.02940738385536
23.780000 0.02787763903105
23.790000 0.02659800238561
23.800000 0.02385093494260
23.810000 0.02153051746864
23.820000 0.02084458701675
23.830000 0.02177863330280
23.840000 0.02405572041190
23.850000 0.02724695542088
23.860000 0.03084023055606
23.870000 0.03417379917245
23.880000 0.03660204133975
23.890000 0.03918898190813
23.900000 0.04042239365016
23.910000 0.04091253551013
23.920000 0.04098030029125
23.930000 0.04040631705730
23.940000 0.03859317059564
23.950000 0.03614772409319
23.960000 0.03324967701854
23.970000 0.02993271127476
23.980000 0.02738041745561
23.990000 0.02439235148532
24.000000 0.02080162003552
24.010000 0.01741229082816
24.020000 0.01452464404352
24.030000 0.01140399943663
24.040000 0.00837624320299
24.050000 0.00542528747231
24.060000 0.00343860277409
24.070000 0.00297599411560
24.080000 0.00395216282921
24.090000 0.00721274772376
24.100000 0.01244395200109
24.110000 0.01779716421063
24.120000 0.02244390100985
24.130000 0.02538898746844
24.140000 0.02743595249813
24.150000 0.02889023883280
24.160000 0.02953414208870
24.170000 0.03002651437230
24.180000 0.03083891485673
24.190000 0.03175967884470
24.200000 0.03101951651916
24.210000 0.02922446405600
24.220000 0.02698648454341
24.230000 0.02282234626127
24.240000 0.01603336273936
24.250000 0.00823197489103
24.260000 -0.00042125885970
24.270000 -0.01078725096201
24.280000 -0.02079125733693
24.290000 -0.02773206003195
24.300000 -0.03195138250345
24.310000 -0.03477255514536
24.320000 -0.03544349915527
24.330000 -0.03317634870878
24.340000 -0.02975476607194
24.350000 -0.02623587180598
24.360000 -0.02294370386210
24.370000 -0.02043743445883
24.380000 -0.01796538576881
24.390000 -0.01615453238314
24.400000 -0.01387477628395
24.410000 -0.01049462188664
24.420000 -0.00793430856676
24.430000 -0.00768185217783
24.440000 -0.00997334682120
24.450000 -0.01393556159336
24.460000 -0.01993007573325
24.470000 -0.02650803361185
24.480000 -0.03304249822949
24.490000 -0.03770757963663
24.500000 -0.04067316594394
24.510000 -0.04148712020663
24.520000 -0.04048964468203
24.530000 -0.03845731524116
24.540000 -0.03642217897504
24.550000 -0.03363475088853
24.560000 -0.03094710293370
24.570000 -0.02939238488291
24.580000 -0.02817047611223
24.590000 -0.02665218413739
24.600000 -0.02514451800101
24.610000 -0.02320631744991
24.620000 -0.01998839254008
24.630000 -0.01685754186548
24.640000 -0.01491431659595
24.650000 -0.01366208408815
24.660000 -0.01246637402390
24.670000 -0.01330149475631
24.680000 -0.01527163547515
24.690000 -0.01674036944160
24.700000 -0.01830424726587
24.710000 -0.01949140904357
24.720000 -0.01990993926814
24.730000 -0.02064919939986
24.740000 -0.02180379448633
24.750000 -0.02397430994907
24.760000 -0.02687505107474
24.770000 -0.03049656988904
24.780000 -0.03534355612748
24.790000 -0.03927821138417
24.800000 -0.04001248438887
24.810000 -0.03750880879287
24.820000 -0.03205764088806
24.830000 -0.02344419589018
24.840000 -0.01456642063011
24.850000 -0.00807453329609
24.860000 -0.00359152462854
24.870000 -0.00222870571183
24.880000 -0.00291413369188
24.890000 -0.00464472816491
24.900000 -0.00813131637341
24.910000 -0.01230807785091
24.920000 -0.01669761547835
24.930000 -0.02050580070251
24.940000 -0.02233390854522
24.950000 -0.02204575785978
24.960000 -0.02083946205457
24.970000 -0.01946691197495
24.980000 -0.01714697065884
24.990000 -0.01439323700585
25.000000 -0.01280251891509
25.010000 -0.01116914083960
25.020000 -0.00907182211669
25.030000 -0.00630387891084
25.040000 -0.00272683449330
25.050000 0.00114872932291
25.060000 0.00480929583807
25.070000 0.00908699902181
25.080000 0.01308825121984
25.090000 0.01596810405221
25.100000 0.01716663096609
25.110000 0.01783425440148
25.120000 0.01699684309917
25.130000 0.01545450515263
25.140000 0.01510994229177
25.150000 0.01549485326565
25.160000 0.01519497406040
25.170000 0.01344090876424
25.180000 0.01048538943643
25.190000 0.00689142011321
25.200000 0.00284614085620
25.210000 0.00021546067782
25.220000 -0.00007231717602
25.230000 0.00138835601433
25.240000 0.00475315807995
25.250000 0.00903095023002
25.260000 0.01340711408696
25.270000 0.01704569940125
25.280000 0.01969690874966
25.290000 0.02000127386312
25.300000 0.01753830976377
25.310000 0.01302631310720
25.320000 0.00701005609597
25.330000 0.00222645148030
25.340000 0.00073524624630
25.350000 0.00126981526314
25.360000 0.00264486767760
25.370000 0.00391879794705
25.380000 0.00381646285256
25.390000 0.00145160982631
25.400000 -0.00268919296177
25.410000 -0.00740355921305
25.420000 -0.01250950766038
25.430000 -0.01766350168838
25.440000 -0.02142161515488
25.450000 -0.02340601554845
25.460000 -0.02228436306730
25.470000 -0.01787407623477
25.480000 -0.01086726051831
25.490000 -0.00298466895990
25.500000 0.00350258460636
25.510000 0.00691000655919
25.520000 0.00795960257327
25.530000 0.00761362502236
25.540000 0.00643427348654
25.550000 0.00458280759493
25.560000 0.00193114213742
25.570000 -0.00139452225856
25.580000 -0.00463863334435
25.590000 -0.00797990444057
25.600000 -0.01041508974124
25.610000 -0.01128605388276
25.620000 -0.01143825398215
25.630000 -0.01187934907689
25.640000 -0.01257699551812
25.650000 -0.01544514489162
25.660000 -0.01925769071930
25.670000 -0.02245972699332
25.680000 -0.02439419346439
25.690000 -0.02471884540860
25.700000 -0.02254791644036
25.710000 -0.01761375572294
25.720000 -0.01079617766876
25.730000 -0.00379488538342
25.740000 0.00302433792146
25.750000 0.00883615781045
25.760000 0.01226477004090
25.770000 0.01284814235593
25.780000 0.01088466158184
25.790000 0.00794530029494
25.800000 0.00459027450193
25.810000 0.00052009281560
25.820000 -0.00314740843751
25.830000 -0.00490754224024
25.840000 -0.00557898370980
25.850000 -0.00458266975976
25.860000 -0.00236582789681
25.870000 0.00191260456027
25.880000 0.00693379816235
25.890000 0.01010882375549
25.900000 0.01040201294287
25.910000 0.00798421742831
25.920000 0.00365266580329
25.930000 -0.00079920188989
25.940000 -0.00485011509676
25.950000 -0.00690671480475
25.960000 -0.00764771792482
25.970000 -0.00808823912404
25.980000 -0.00749913161294
25.990000 -0.00588836602341
26.000000 -0.00420751876887
26.010000 -0.00135250634000
26.020000 0.00095008791890
26.030000 0.00203881019989
26.040000 0.00246521707784
26.050000 0.00246320092523
26.060000 0.00231799408108
26.070000 0.00260713467364
26.080000 0.00246165967744
26.090000 0.00134664834533
26.100000 -0.00052251934109
26.110000 -0.00266734734057
26.120000 -0.00506281481085
26.130000 -0.00628378254324
26.140000 -0.00611928128157
26.150000 -0.00557945610852
26.160000 -0.00622499709683
26.170000 -0.00751203924997
26.180000 -0.00869253105855
26.190000 -0.00926193189966
26.200000 -0.00740906134238
26.210000 -0.00363740494402
26.220000 0.00034909463059
26.230000 0.00275869195993
26.240000 0.00404990926563
26.250000 0.00344456226556
26.260000 0.00040061716605
26.270000 -0.00218721231386
26.280000 -0.00354483359166
26.290000 -0.00437615759171
26.300000 -0.00440440252387
26.310000 -0.00309732916158
26.320000 -0.00058776487125
26.330000 0.00296413653195
26.340000 0.00599699266683
26.350000 0.00758247928642
26.360000 0.00748721012390
26.370000 0.00569704579705
26.380000 0.00390124526484
26.390000 0.00191518082488
26.400000 0.00019509728591
26.410000 -0.00040209162644
26.420000 -0.00021317111036
26.430000 0.00067528594303
26.440000 0.00353407868936
26.450000 0.00715357508583
26.460000 0.00957019398927
26.470000 0.01136029942291
26.480000 0.01270483137187
26.490000 0.01381219911735
26.500000 0.01532124360542
26.510000 0.01680488883103
26.520000 0.01810130377564
26.530000 0.01831404609332
26.540000 0.01699809614616
26.550000 0.01384009194331
26.560000 0.00995317527078
26.570000 0.00535564186765
26.580000 0.00043901729223
26.590000 -0.00366522759935
26.600000 -0.00627476311102
26.610000 -0.00720296267983
26.620000 -0.00684497091440
26.630000 -0.00513339518856
26.640000 -0.00274794206982
26.650000 -0.00221837433941
26.660000 -0.00362875766676
26.670000 -0.00548775061163
26.680000 -0.00630215095905
26.690000 -0.00684564881282
26.700000 -0.00654063086187
26.710000 -0.00464243634196
26.720000 -0.00065601696236
26.730000 0.00425581245285
26.740000 0.01021672363166
26.750000 0.01604532933810
26.760000 0.01910559587586
26.770000 0.02094110922626
26.780000 0.02088339388198
26.790000 0.01869824283042
26.800000 0.01484588769992
26.810000 0.00947360035608
26.820000 0.00447818067750
26.830000 0.00104906873191
26.840000 -0.00215474837249
26.850000 -0.00502827457061
26.860000 -0.00607070691506
26.870000 -0.00742769039195
26.880000 -0.00863127710957
26.890000 -0.00951420283764
26.900000 -0.01116431660870
26.910000 -0.01213418249596
26.920000 -0.01277465115006
26.930000 -0.01293044248213
26.940000 -0.01285360564080
26.950000 -0.01284346849066
26.960000 -0.01286663732948
26.970000 -0.01285236512428
26.980000 -0.01195779608360
26.990000 -0.00938711505294
27.000000 -0.00719087328248
27.010000 -0.00546240397715
27.020000 -0.00275878217931
27.030000 -0.00008150798748
27.040000 0.00186089381716
27.050000 0.00410969840268
27.060000 0.00590145535225
27.070000 0.00630302182670
27.080000 0.00534177690272
27.090000 0.00304227027691
27.100000 -0.00029850010174
27.110000 -0.00311803701611
27.120000 -0.00515046419464
27.130000 -0.00570936700808
27.140000 -0.00531887997510
27.150000 -0.00562387537121
27.160000 -0.00563620284748
27.170000 -0.00481171296571
27.180000 -0.00279367201966
27.190000 -0.00041418177561
27.200000 0.00100419586621
27.210000 0.00252430074943
27.220000 0.00356641356690
27.230000 0.00457133219061
27.240000 0.00583325826991
27.250000 0.00702995949433
27.260000 0.00984003139297
27.270000 0.01267494620120
27.280000 0.01572135403927
27.290000 0.01832311815351
27.300000 0.01940452276540
27.310000 0.01971289762923
27.320000 0.01949386501566
27.330000 0.01815702677521
27.340000 0.01648138969005
27.350000 0.01409418481161
27.360000 0.01307464312954
27.370000 0.01391514945792
27.380000 0.01549974014891
27.390000 0.01681546454761
27.400000 0.01752450118596
27.410000 0.01827617901333
27.420000 0.01875960454143
27.430000 0.01781070964857
27.440000 0.01713091912692
27.450000 0.01720433514997
27.460000 0.01667912050481
27.470000 0.01557539912606
27.480000 0.01352206861767
27.490000 0.01047726969194
27.500000 0.00719027307298
27.510000 0.00535033270756
27.520000 0.00523212777296
27.530000 0.00538904559426
27.540000 0.00613020283912
27.550000 0.00647794718628
27.560000 0.00551553818164
27.570000 0.00500041933606
27.580000 0.00470133832174
27.590000 0.00403896139409
27.600000 0.00297037419986
27.610000 0.00181691312091
27.620000 0.00254426680014
27.630000 0.00379620233581
27.640000 0.00474182677603
27.650000 0.00569801189627
27.660000 0.00722477822789
27.670000 0.00946712586229
27.680000 0.01119482078458
27.690000 0.01291076964441
27.700000 0.01413107451495
27.710000 0.01413213960489
27.720000 0.01479985075357
27.730000 0.01734506485723
27.740000 0.02114391488133
27.750000 0.02416237977155
27.760000 0.02668654268581
27.770000 0.02908607754661
27.780000 0.03038038737228
27.790000 0.02999610292190
27.800000 0.02930700226113
27.810000 0.02819800555456
27.820000 0.02586047145874
27.830000 0.02226725897591
27.840000 0.01796409513041
27.850000 0.01231776891632
27.860000 0.00895314227728
27.870000 0.00750055632737
27.880000 0.00688841530653
27.890000 0.00591720615290
27.900000 0.00400262428448
27.910000 0.00064415637139
27.920000 -0.00358582827693
27.930000 -0.00757606869803
27.940000 -0.01125636042827
27.950000 -0.01457269839552
27.960000 -0.01720892130195
27.970000 -0.01915864988534
27.980000 -0.02113488041254
27.990000 -0.02295880307830
28.000000 -0.02391692039700
28.010000 -0.02357585353725
28.020000 -0.02194823321267
28.030000 -0.01996606324275
28.040000 -0.01912129655462
28.050000 -0.01917680653620
28.060000 -0.01962037263961
28.070000 -0.02009447549812
28.080000 -0.02080321140520
28.090000 -0.02182096123007
28.100000 -0.02290893180817
28.110000 -0.02465402528790
28.120000 -0.02598347055112
28.130000 -0.02630968880407
28.140000 -0.02671185423498
28.150000 -0.02717469220106
28.160000 -0.02779320872498
28.170000 -0.02869706910908
28.180000 -0.02952033351089
28.190000 -0.03097716353095
28.200000 -0.03232687056398
28.210000 -0.03272429947727
28.220000 -0.03276155256423
28.230000 -0.03259878176045
28.240000 -0.03187578617864
28.250000 -0.03094905768700
28.260000 -0.02994155778649
28.270000 -0.02844639705906
28.280000 -0.02606742469934
28.290000 -0.02403710013365
28.300000 -0.02320131779243
28.310000 -0.02300482749419
28.320000 -0.02230579017080
28.330000 -0.02081467678514
28.340000 -0.01896095666199
28.350000 -0.01643467609832
28.360000 -0.01349045424216
28.370000 -0.01133801147613
28.380000 -0.00908327496616
28.390000 -0.00680579565335
28.400000 -0.00530969138154
28.410000 -0.00407051311726
28.420000 -0.00340099131568
28.430000 -0.00262583514690
28.440000 -0.00212531555178
28.450000 -0.00170239089141
28.460000 0.00013274842447
28.470000 0.00316117942391
28.480000 0.00551749794713
28.490000 0.00759597084334
28.500000 0.00984455865174
28.510000 0.01184039560517
28.520000 0.01307773815561
28.530000 0.01358289151849
28.540000 0.01449695170507
28.550000 0.01482763080530
28.560000 0.01459442623030
28.570000 0.01440879984944
28.580000 0.01433931839394
28.590000 0.01506261470702
28.600000 0.01637699834545
28.610000 0.01734354867038
28.620000 0.01807660621950
28.630000 0.01929132250047
28.640000 0.02002174865091
28.650000 0.02049928485817
28.660000 0.02103953606720
28.670000 0.02176640356420
28.680000 0.02285026414817
28.690000 0.02446111870404
28.700000 0.02617014949144
28.710000 0.02744021285789
28.720000 0.02808718607891
28.730000 0.02823367980232
28.740000 0.02808302596291
28.750000 0.02756441487537
28.760000 0.02673591273715
28.770000 0.02588535697193
28.780000 0.02455173906224
28.790000 0.02276431765524
28.800000 0.02136126841192
28.810000 0.01996413355039
28.820000 0.01868988500700
28.830000 0.01785212285154
28.840000 0.01725088584559
28.850000 0.01698754549052
28.860000 0.01667567462559
28.870000 0.01619850180196
28.880000 0.01611582576167
28.890000 0.01609198027748
28.900000 0.01621555577147
28.910000 0.01651677573700
28.920000 0.01652064765219
28.930000 0.01629345770273
28.940000 0.01580830296979
28.950000 0.01449335546022
28.960000 0.01272293790086
28.970000 0.01098471738386
28.980000 0.00924562349311
28.990000 0.00748826644251
29.000000 0.00577189029366
29.010000 0.00452095218340
29.020000 0.00341082021626
29.030000 0.00233825961002
29.040000 0.00150410121769
29.050000 0.00107679139409
29.060000 0.00031195607212
29.070000 -0.00103134864262
29.080000 -0.00233692386193
29.090000 -0.00344538050525
29.100000 -0.00472064777584
29.110000 -0.00594988185921
29.120000 -0.00654620065573
29.130000 -0.00688100228055
29.140000 -0.00739235697297
29.150000 -0.00803868362175
29.160000 -0.00881530836161
29.170000 -0.00945841217353
29.180000 -0.00986973863097
29.190000 -0.01017304366669
29.200000 -0.01007809403115
29.210000 -0.00965785089134
29.220000 -0.00898095741433
29.230000 -0.00830787946540
29.240000 -0.00772578651134
29.250000 -0.00709697996555
29.260000 -0.00661151823609
29.270000 -0.00651763369049
29.280000 -0.00660675289840
29.290000 -0.00689755753736
29.300000 -0.00720551012435
29.310000 -0.00733973902384
29.320000 -0.00722531829115
29.330000 -0.00689634960006
29.340000 -0.00634862020661
29.350000 -0.00575494533924
29.360000 -0.00539225214151
29.370000 -0.00538206486949
29.380000 -0.00560752310801
29.390000 -0.00580211128092
29.400000 -0.00606990245890
29.410000 -0.00632689237183
29.420000 -0.00635552700161
29.430000 -0.00623191141011
29.440000 -0.00604485029046
29.450000 -0.00585259905018
29.460000 -0.00560755819333
29.470000 -0.00534978387298
29.480000 -0.00517214441363
29.490000 -0.00494927998238
29.500000 -0.00475559901548
29.510000 -0.00458533874985
29.520000 -0.00444181850694
29.530000 -0.00440517314777
29.540000 -0.00441548572448
29.550000 -0.00444749856894
29.560000 -0.00445117500880
29.570000 -0.00445290922584
29.580000 -0.00447526483715
29.590000 -0.00448582050498
29.600000 -0.00450136455287
29.610000 -0.00448218165653
29.620000 -0.00439692684554
29.630000 -0.00430604710661
29.640000 -0.00422051286614
29.650000 -0.00410741660412
29.660000 -0.00395943050174
29.670000 -0.00382615517102
29.680000 -0.00370558072456
29.690000 -0.00355512737267
29.700000 -0.00336934060181
29.710000 -0.00316795088984
29.720000 -0.00293965700599
29.730000 -0.00272269943824
29.740000 -0.00252366921375
29.750000 -0.00233000328342
29.760000 -0.00214577029081
29.770000 -0.00199200262964
29.780000 -0.00187033051402
29.790000 -0.00176274014046
29.800000 -0.00168206772231
29.810000 -0.00160879705271
29.820000 -0.00151914905898
29.830000 -0.00141952681122
29.840000 -0.00131592989841
29.850000 -0.00120665542970
29.860000 -0.00109726931450
29.870000 -0.00099967412085
29.880000 -0.00090210210857
29.890000 -0.00081186430562
29.900000 -0.00073958254070
29.910000 -0.00067250768725
29.920000 -0.00061442833281
29.930000 -0.00056655930646
29.940000 -0.00052115539945
29.950000 -0.00047759096541
29.960000 -0.00043811710327
29.970000 -0.00039930823317
29.980000 -0.00036289594073
29.990000 -0.00033112443312
30.000000 -0.00030377768504
30.010000 -0.00027939075925
30.020000 -0.00025767044275
30.030000 -0.00023923874808
30.040000 -0.00022360648568
30.050000 -0.00020949128727
30.060000 -0.00019632038507
30.070000 -0.00018389730131
30.080000 -0.00017266035184
30.090000 -0.00016263560002
30.100000 -0.00015342357447
30.110000 -0.00014491989639
30.120000 -0.00013709424203
30.130000 -0.00012990663920
30.140000 -0.00012336182442
30.150000 -0.00011742432392
30.160000 -0.00011198812992
30.170000 -0.00010701966078
30.180000 -0.00010250631083
30.190000 -0.00009838483880
30.200000 -0.00009463351685
30.210000 -0.00009123536619
30.220000 -0.00008817035060
30.230000 -0.00008542672904
30.240000 -0.00008298594387
30.250000 -0.00008083456244
30.260000 -0.00007896441487
30.270000 -0.00007737055163
