3.79783e-04
3.78586e-04
3.75404e-04
3.69875e-04
3.66853e-04
3.62741e-04
3.54947e-04
3.45722e-04
3.41179e-04
3.35768e-04
3.26766e-04
3.23322e-04
3.05554e-04
2.63882e-04
2.37914e-04
2.60631e-04
2.88524e-04
2.87461e-04
3.03765e-04
2.86906e-04
2.63110e-04
2.18230e-04
1.91076e-04
1.81856e-04
1.85030e-04
2.16750e-04
1.96368e-04
1.47744e-04
1.11357e-04
1.02947e-04
9.03759e-05
1.16424e-04
1.58392e-04
1.27804e-04
1.16777e-04
9.38688e-05
9.31914e-06
-2.23169e-05
1.25636e-05
6.87015e-05
1.80822e-04
5.43739e-05
-1.09246e-04
-1.16340e-04
-9.58237e-05
-8.64186e-05
-9.71563e-05
-1.33775e-04
-1.61822e-04
-4.05315e-05
4.55745e-05
9.15172e-05
-2.00187e-05
-2.95079e-04
-2.14027e-04
-7.69810e-06
1.16877e-04
2.97228e-04
3.17314e-04
1.58433e-04
3.39662e-04
8.92391e-04
1.03138e-03
4.23615e-04
-2.46129e-04
-3.26365e-04
-2.05159e-04
-1.67244e-04
9.47103e-05
1.54240e-04
2.59211e-04
2.77967e-04
-1.40295e-04
-9.90285e-04
-1.37414e-03
-1.35181e-03
-6.74325e-04
7.54087e-04
2.07451e-03
2.36479e-03
1.79676e-03
7.01437e-04
-4.70224e-05
-6.02470e-04
-1.57368e-03
-2.05885e-03
-1.34620e-03
-6.17372e-04
-4.06798e-04
2.40647e-04
1.22142e-04
-8.58876e-04
-1.64284e-03
-2.28897e-03
-3.45129e-03
-4.43541e-03
-3.88819e-03
-2.75803e-03
-1.71134e-03
-1.24778e-03
-2.66305e-03
-3.26178e-03
-3.33133e-03
-3.34567e-03
-3.06249e-03
-2.93017e-03
-2.12719e-03
-2.95526e-03
-4.57478e-03
-2.98212e-03
-1.01901e-03
1.42286e-04
8.93370e-04
1.79256e-03
2.76934e-03
3.66402e-03
2.53711e-03
1.20994e-03
9.67249e-04
8.93028e-04
2.41475e-04
-6.71328e-04
-1.27770e-03
-5.06416e-04
-5.96875e-04
-8.87549e-04
-1.28872e-03
-3.51625e-03
-6.26702e-03
-6.79555e-03
-5.66161e-03
-4.24384e-03
-3.76619e-03
-1.49167e-03
1.70228e-03
2.51033e-03
1.29056e-03
1.03583e-03
2.25075e-03
3.66107e-03
3.94025e-03
2.71043e-03
1.83557e-03
1.84494e-03
1.73962e-03
1.58164e-03
1.19072e-03
1.51912e-03
4.07139e-03
4.20004e-03
1.61202e-03
-6.11438e-04
-1.94168e-03
-3.05314e-03
-4.16069e-03
-5.07020e-03
-4.51816e-03
-3.90031e-03
-5.11037e-03
-5.41338e-03
-3.89216e-03
-2.17638e-03
-1.67231e-03
-1.96056e-03
-1.81473e-03
-3.48680e-03
-5.99249e-03
-8.12312e-03
-7.79139e-03
-6.18156e-03
-5.43519e-03
-4.47245e-03
-3.24854e-03
-1.81067e-03
2.63024e-04
9.64715e-04
1.36230e-03
2.58308e-03
4.55378e-03
5.05363e-03
4.95829e-03
4.03069e-03
8.69221e-04
-2.46710e-03
-4.67835e-03
-6.42915e-03
-6.31838e-03
-4.71310e-03
-3.89983e-03
-5.07370e-03
-9.48725e-03
-1.06572e-02
-5.37295e-03
4.51651e-04
1.10637e-03
-1.97069e-03
-4.67341e-03
-5.75021e-03
-2.55094e-03
1.25300e-03
-7.68604e-04
-5.58030e-03
-7.29877e-03
-3.07879e-03
2.57159e-03
5.77322e-03
5.66710e-03
4.61807e-03
4.65726e-03
5.91566e-03
6.46230e-03
6.51939e-03
4.80922e-03
4.78719e-03
6.81361e-03
7.24049e-03
5.56476e-03
3.45076e-03
3.26624e-03
5.42369e-03
6.95684e-03
5.08445e-03
3.94664e-04
-4.07574e-03
-6.72161e-03
-6.90674e-03
-4.01580e-03
-3.02574e-03
-2.26870e-03
9.09881e-04
3.34243e-03
3.91572e-03
1.63097e-03
-1.97953e-03
-3.53423e-03
-2.74639e-03
-3.20118e-04
3.05825e-03
4.20721e-03
4.06314e-03
2.43686e-03
-3.60889e-04
-2.49373e-03
-2.83090e-03
-2.24264e-03
-1.80600e-03
2.10897e-04
3.95385e-03
4.70330e-03
1.34509e-03
-8.64563e-04
1.80121e-03
5.17692e-03
7.59677e-03
9.31390e-03
9.86671e-03
7.78055e-03
4.07485e-03
1.92506e-03
6.39602e-04
-1.41703e-03
-2.97640e-03
-2.92520e-03
-3.40565e-03
-1.91645e-03
-4.35075e-04
1.09930e-03
5.22597e-03
7.67236e-03
7.10371e-03
4.61402e-03
1.94889e-03
1.35284e-03
1.23281e-03
1.90281e-03
7.16885e-04
-1.64938e-03
-1.47281e-03
-3.98164e-04
6.68324e-04
2.83545e-03
6.17050e-03
8.16257e-03
9.23242e-03
1.08342e-02
9.40927e-03
6.89395e-04
-1.03191e-02
-1.55681e-02
-1.33487e-02
-7.76443e-03
-3.40929e-03
-1.32857e-03
4.52923e-05
2.33274e-03
6.29747e-03
7.47019e-03
4.39061e-03
-2.55916e-04
-2.91256e-03
-3.37264e-03
-1.85557e-03
1.00155e-03
6.06883e-03
1.14890e-02
1.51526e-02
1.57356e-02
1.33003e-02
9.08101e-03
5.04130e-03
4.92823e-03
6.90235e-03
5.97558e-03
3.60255e-03
2.34549e-03
1.75390e-04
-3.80897e-03
-6.22738e-03
-4.68851e-03
-1.94947e-03
-4.56459e-04
2.28208e-05
-2.41119e-03
-5.66989e-03
-6.04523e-03
-3.50136e-03
-1.41856e-03
-3.08550e-04
2.27253e-03
4.23623e-03
4.13875e-03
3.91630e-03
4.31393e-03
4.66494e-03
4.06973e-03
3.54505e-03
2.86149e-03
6.11994e-04
-1.97206e-03
-3.48864e-03
-4.78063e-03
-4.54475e-03
-3.73316e-03
2.01464e-06
7.79549e-03
1.32885e-02
1.22096e-02
7.21071e-03
2.15157e-03
5.13993e-04
1.55347e-03
3.93738e-03
3.98210e-03
2.52200e-03
2.19187e-03
2.45094e-03
2.01859e-03
-1.93519e-03
-9.20670e-03
-1.38109e-02
-1.14825e-02
-6.26995e-03
-4.09030e-03
-6.80025e-03
-1.06788e-02
-1.15800e-02
-7.51618e-03
-2.42569e-03
-7.92827e-04
4.39537e-04
5.51126e-03
9.93613e-03
1.17851e-02
1.18101e-02
9.40960e-03
6.19380e-03
3.72706e-03
1.98098e-03
2.82785e-03
4.23856e-03
3.13749e-03
-9.31090e-04
-6.07465e-03
-9.21145e-03
-9.26258e-03
-8.59310e-03
-6.97276e-03
-4.80763e-03
-3.12009e-03
-1.55302e-03
-2.56762e-04
4.05213e-04
1.78234e-03
1.55301e-03
5.01587e-04
-4.11483e-04
-1.85590e-03
-4.48165e-03
-7.51107e-03
-9.26983e-03
-8.90123e-03
-6.30904e-03
-4.36059e-04
4.91121e-03
7.67714e-03
9.28555e-03
1.01064e-02
1.11598e-02
1.25793e-02
1.26862e-02
1.14086e-02
9.80940e-03
6.40170e-03
1.72011e-03
-2.13744e-03
-4.49471e-03
-6.44313e-03
-6.14246e-03
-3.44785e-03
-1.72295e-03
-3.00969e-03
-1.70707e-03
2.63558e-03
6.20331e-03
6.89117e-03
4.76706e-03
2.13100e-03
1.85839e-03
4.02775e-03
9.46219e-03
1.34983e-02
9.62989e-03
1.08913e-03
-4.55788e-03
-4.57706e-03
-1.61961e-03
-3.83692e-04
-2.91969e-04
1.60117e-03
3.89246e-03
2.10470e-03
-3.42300e-03
-1.01174e-02
-1.33371e-02
-1.08768e-02
-5.56798e-03
-2.92002e-03
-4.11526e-03
-7.31080e-03
-8.69085e-03
-7.31358e-03
-7.34133e-03
-9.79035e-03
-1.18476e-02
-1.16640e-02
-8.22508e-03
-3.33838e-03
5.10993e-04
1.03226e-03
-2.42727e-03
-3.77370e-03
-2.32135e-03
-1.80757e-03
-3.09782e-03
-2.36636e-03
3.08586e-03
9.83529e-03
1.37223e-02
1.46828e-02
1.22090e-02
7.13423e-03
3.88248e-03
2.95506e-03
2.59652e-03
1.29714e-03
2.06483e-03
4.71479e-03
6.12627e-03
2.46585e-03
-5.59403e-03
-1.47908e-02
-1.91530e-02
-1.52249e-02
-7.43050e-03
4.73729e-05
3.40844e-03
3.94852e-04
-8.57010e-03
-1.96419e-02
-2.27342e-02
-1.57328e-02
-5.19712e-03
2.76661e-03
6.53998e-03
7.61930e-03
6.90017e-03
4.82696e-03
2.72034e-03
1.36025e-03
2.19110e-03
3.47764e-03
3.51698e-03
3.57767e-03
5.73853e-03
1.01901e-02
1.48961e-02
1.50467e-02
8.46338e-03
-1.46047e-03
-8.86473e-03
-9.85155e-03
-6.69126e-03
-5.81003e-03
-9.07250e-03
-1.11504e-02
-7.58189e-03
-2.46509e-04
7.19409e-03
9.05203e-03
3.40146e-03
-1.98494e-03
-1.80209e-03
2.00205e-03
4.81864e-03
1.94435e-03
-3.06083e-03
-7.33953e-03
-1.01631e-02
-1.38310e-02
-1.69573e-02
-1.61657e-02
-1.17638e-02
-1.09323e-02
-1.62527e-02
-2.50562e-02
-3.47590e-02
-3.96462e-02
-3.34158e-02
-1.99270e-02
-1.14391e-02
-1.02188e-02
-9.44424e-03
-6.83754e-03
-6.40323e-03
-9.07488e-03
-1.16555e-02
-1.26701e-02
-7.46398e-03
1.12545e-02
3.56243e-02
5.08008e-02
5.57686e-02
5.71804e-02
5.91061e-02
6.32066e-02
6.41452e-02
6.12299e-02
5.89039e-02
5.92051e-02
5.95977e-02
5.74598e-02
4.86078e-02
3.35518e-02
1.99878e-02
1.24098e-02
6.13373e-03
-3.08769e-03
-1.32096e-02
-2.00485e-02
-2.00053e-02
-1.33613e-02
-3.70766e-03
2.87378e-03
6.51065e-03
9.10037e-03
9.71049e-03
4.04372e-03
-7.02887e-03
-1.54249e-02
-2.05204e-02
-2.64550e-02
-3.28081e-02
-3.81951e-02
-4.42030e-02
-4.77127e-02
-4.46525e-02
-4.32654e-02
-5.44716e-02
-7.39582e-02
-8.45142e-02
-8.03344e-02
-6.82515e-02
-6.09331e-02
-6.17693e-02
-6.44316e-02
-6.14652e-02
-5.28941e-02
-4.63393e-02
-4.57855e-02
-4.50864e-02
-3.68511e-02
-1.63211e-02
1.33362e-02
4.19628e-02
5.92924e-02
6.38372e-02
6.05993e-02
5.92380e-02
7.18214e-02
9.69779e-02
1.13591e-01
1.11850e-01
9.22893e-02
6.95931e-02
6.31220e-02
6.88608e-02
7.36495e-02
6.95540e-02
5.79413e-02
4.31534e-02
3.14932e-02
2.23909e-02
1.23784e-02
1.38122e-03
-5.75316e-03
-6.86025e-03
-6.32532e-03
-8.70444e-03
-1.52795e-02
-2.42826e-02
-3.27693e-02
-3.89752e-02
-4.33071e-02
-4.77893e-02
-4.99920e-02
-4.84231e-02
-4.31175e-02
-3.66258e-02
-3.26264e-02
-3.28610e-02
-3.25462e-02
-2.81488e-02
-1.72252e-02
-3.28270e-03
6.69775e-03
1.56252e-03
-1.89840e-02
-3.30674e-02
-2.89464e-02
-1.40367e-02
2.21004e-03
1.01186e-02
7.44342e-03
-5.43620e-03
-1.91842e-02
-2.23621e-02
-1.50571e-02
-4.34740e-03
2.69045e-03
4.87055e-03
5.84867e-03
6.63397e-03
8.48737e-03
1.53914e-02
2.57426e-02
3.42477e-02
3.67657e-02
2.88240e-02
1.44464e-02
3.66504e-03
3.14421e-04
3.99654e-03
1.28100e-02
2.34586e-02
3.15869e-02
3.20499e-02
2.58771e-02
1.76505e-02
8.33426e-03
-1.47131e-04
-6.20759e-03
-9.14832e-03
-7.52702e-03
-4.29990e-03
-6.82120e-03
-1.33035e-02
-1.82370e-02
-2.06087e-02
-2.21022e-02
-2.65787e-02
-3.45824e-02
-4.27323e-02
-4.75483e-02
-4.33753e-02
-3.30346e-02
-2.59360e-02
-2.41793e-02
-2.08330e-02
-6.68907e-03
1.22443e-02
2.20918e-02
1.77142e-02
2.99578e-03
-1.32932e-02
-1.91342e-02
-1.29957e-02
-5.46489e-03
-5.11889e-03
-7.86930e-03
-6.98900e-03
-3.87090e-04
6.58695e-03
1.17561e-02
1.38298e-02
1.14657e-02
7.39198e-03
-5.51966e-04
-1.42053e-02
-2.72578e-02
-3.17578e-02
-2.68437e-02
-1.87881e-02
-1.32321e-02
-1.08142e-02
-1.05322e-02
-1.38575e-02
-1.79224e-02
-1.67853e-02
-9.70342e-03
-7.86101e-04
4.82364e-03
8.22698e-03
8.84134e-03
6.29975e-03
2.64383e-03
3.26139e-04
1.15508e-03
4.16756e-03
8.93731e-03
1.62943e-02
2.62650e-02
3.84675e-02
5.04822e-02
5.77424e-02
5.90120e-02
5.58828e-02
4.91050e-02
3.60922e-02
2.01573e-02
8.46438e-03
2.60590e-03
2.76042e-03
4.72148e-03
6.37316e-03
9.79411e-03
1.85616e-02
2.71873e-02
2.94913e-02
2.66946e-02
2.58476e-02
2.90351e-02
3.06607e-02
2.53526e-02
1.30516e-02
-5.84834e-03
-2.62546e-02
-3.89976e-02
-4.07796e-02
-3.45001e-02
-2.22822e-02
-6.79607e-03
6.13213e-03
1.26961e-02
1.01256e-02
9.60035e-04
-1.58231e-02
-3.70610e-02
-5.37781e-02
-5.96909e-02
-5.52191e-02
-4.52530e-02
-3.57258e-02
-2.68017e-02
-1.47740e-02
-4.77887e-03
-1.14099e-02
-3.10160e-02
-4.92401e-02
-6.25135e-02
-7.54104e-02
-8.11044e-02
-7.51082e-02
-6.47174e-02
-5.65836e-02
-4.67473e-02
-3.37784e-02
-2.45929e-02
-1.98687e-02
-1.30320e-02
-3.40600e-03
5.68983e-03
9.43997e-03
8.10995e-03
7.45435e-03
1.17472e-02
1.72034e-02
2.05722e-02
2.27470e-02
2.77570e-02
3.40523e-02
3.94866e-02
4.50127e-02
6.24443e-02
9.21211e-02
1.14215e-01
1.16763e-01
9.52370e-02
5.39526e-02
1.05833e-02
-1.97466e-02
-3.08331e-02
-3.14022e-02
-2.94295e-02
-2.82017e-02
-2.77338e-02
-2.43135e-02
-1.61783e-02
-6.70548e-03
9.57024e-05
2.67714e-03
2.21316e-03
-7.55336e-04
-2.34058e-03
1.42736e-03
7.66835e-03
1.37982e-02
2.09326e-02
3.28265e-02
4.82642e-02
6.52613e-02
7.02544e-02
6.08596e-02
4.92580e-02
4.46019e-02
4.42137e-02
4.26351e-02
3.70398e-02
2.53143e-02
1.11520e-02
1.05811e-03
-9.77580e-03
-2.67808e-02
-5.02511e-02
-7.08973e-02
-8.01060e-02
-7.74870e-02
-6.17368e-02
-3.79861e-02
-2.00234e-02
-1.30242e-02
-1.01356e-02
-8.26720e-03
-1.18730e-02
-2.82171e-02
-4.71726e-02
-5.22447e-02
-3.86258e-02
-1.88254e-02
-9.92649e-03
-9.42658e-03
-7.69084e-03
-1.21792e-03
1.11845e-02
2.48638e-02
3.49652e-02
4.35385e-02
5.23050e-02
6.14109e-02
6.55131e-02
5.45515e-02
2.55770e-02
-6.26390e-03
-2.32492e-02
-2.26683e-02
-9.81253e-03
7.86675e-03
1.84382e-02
1.75359e-02
1.48862e-02
1.88386e-02
2.53965e-02
2.78221e-02
2.29155e-02
1.51777e-02
1.24289e-02
1.40187e-02
1.73738e-02
1.94437e-02
2.12381e-02
2.57073e-02
3.39580e-02
3.92194e-02
3.57182e-02
2.77143e-02
2.03381e-02
1.45256e-02
6.87450e-03
-5.46361e-03
-1.44258e-02
-1.11304e-02
2.86817e-03
1.83733e-02
2.57229e-02
2.87282e-02
3.41054e-02
4.13831e-02
4.89008e-02
5.49519e-02
5.63880e-02
5.21222e-02
4.24335e-02
2.95187e-02
1.59036e-02
-8.66148e-04
-1.56132e-02
-2.33113e-02
-2.92742e-02
-3.69811e-02
-4.55982e-02
-4.99232e-02
-4.65123e-02
-3.96072e-02
-3.60392e-02
-3.67929e-02
-3.63201e-02
-2.85832e-02
-1.45187e-02
-5.69246e-03
-6.39574e-03
-1.04441e-02
-1.27590e-02
-1.24280e-02
-7.60928e-03
3.02835e-03
1.96187e-02
3.45651e-02
4.28821e-02
4.39789e-02
3.90806e-02
2.93455e-02
1.80143e-02
1.35259e-02
1.79269e-02
2.37049e-02
2.42279e-02
1.58649e-02
-2.27115e-03
-2.48480e-02
-4.15971e-02
-4.85385e-02
-4.65535e-02
-3.83824e-02
-2.99276e-02
-1.92197e-02
-8.74557e-03
-3.20623e-03
-2.63717e-03
8.22139e-05
1.01793e-02
2.44526e-02
3.19272e-02
3.18137e-02
3.01675e-02
2.96374e-02
2.91088e-02
2.60399e-02
1.32452e-02
-1.00448e-02
-2.87920e-02
-3.42211e-02
-3.78074e-02
-4.67086e-02
-5.38474e-02
-5.17944e-02
-4.38045e-02
-3.89022e-02
-3.48519e-02
-2.42575e-02
-6.85378e-03
8.06344e-03
1.32591e-02
1.04223e-02
3.12318e-04
-2.05869e-02
-4.37267e-02
-6.30029e-02
-7.68808e-02
-8.25321e-02
-7.42646e-02
-4.99993e-02
-2.53561e-02
-1.29465e-02
-1.04955e-02
-6.77266e-03
4.47043e-03
1.45466e-02
1.23131e-02
-8.79659e-04
-1.00010e-02
-2.25922e-03
2.20330e-02
4.50465e-02
5.32665e-02
5.01134e-02
4.48947e-02
4.12590e-02
3.79798e-02
3.70131e-02
3.45666e-02
2.84441e-02
2.14579e-02
1.91581e-02
2.05241e-02
1.22159e-02
-9.96409e-03
-3.50894e-02
-4.99842e-02
-5.46551e-02
-4.82161e-02
-3.27600e-02
-1.60359e-02
-7.70689e-03
-1.05962e-02
-2.27156e-02
-4.32198e-02
-6.89252e-02
-9.43570e-02
-1.17599e-01
-1.31314e-01
-1.29751e-01
-1.14163e-01
-8.57572e-02
-4.79508e-02
-1.15156e-02
8.23663e-03
9.47320e-03
1.23874e-03
-4.66448e-03
-1.04719e-03
7.35182e-03
1.23331e-02
1.29618e-02
1.76289e-02
2.97616e-02
4.27669e-02
4.66714e-02
4.05538e-02
2.90949e-02
1.98832e-02
2.00140e-02
2.87330e-02
4.06405e-02
5.24303e-02
6.28153e-02
6.91661e-02
7.19381e-02
7.27103e-02
7.14477e-02
6.87172e-02
6.56978e-02
6.31631e-02
6.39907e-02
6.96611e-02
7.84378e-02
8.66199e-02
9.03927e-02
9.07310e-02
8.93224e-02
8.72459e-02
8.37133e-02
8.10159e-02
8.17771e-02
8.47294e-02
8.54166e-02
7.78705e-02
5.44726e-02
1.71630e-02
-2.43302e-02
-5.40632e-02
-6.49973e-02
-6.32930e-02
-4.39212e-02
-8.80631e-03
1.54635e-02
1.68475e-02
7.46518e-03
-7.43662e-03
-3.81170e-02
-8.13906e-02
-1.24801e-01
-1.66291e-01
-2.07337e-01
-2.37176e-01
-2.45335e-01
-2.29966e-01
-1.93391e-01
-1.60639e-01
-1.55409e-01
-1.70446e-01
-1.89189e-01
-2.03876e-01
-2.18867e-01
-2.32218e-01
-2.40946e-01
-2.44928e-01
-2.44011e-01
-2.39748e-01
-2.30413e-01
-2.06007e-01
-1.59274e-01
-1.10771e-01
-6.59683e-02
-1.34338e-02
4.89686e-02
1.13100e-01
1.80429e-01
2.45768e-01
2.79880e-01
2.82898e-01
2.74459e-01
2.63963e-01
2.58007e-01
2.59019e-01
2.62291e-01
2.63940e-01
2.61389e-01
2.41651e-01
2.00178e-01
1.54064e-01
1.15643e-01
9.40302e-02
8.66136e-02
8.20227e-02
7.67177e-02
7.12906e-02
6.20503e-02
4.62338e-02
2.58143e-02
9.16053e-03
4.39741e-03
8.89784e-03
1.69758e-02
1.96276e-02
1.33931e-02
5.93108e-03
4.33565e-03
6.95125e-03
6.51645e-03
-2.54904e-03
-1.31181e-02
-2.01752e-02
-2.85695e-02
-4.13013e-02
-5.89377e-02
-7.88862e-02
-9.44702e-02
-1.03323e-01
-1.05133e-01
-9.75696e-02
-7.58345e-02
-4.62584e-02
-2.29319e-02
-9.62797e-03
-3.59479e-03
-1.49153e-03
-5.53934e-03
-1.71848e-02
-3.46191e-02
-4.71963e-02
-4.80333e-02
-3.89882e-02
-2.34806e-02
-9.62179e-03
1.90931e-03
1.39727e-02
3.16568e-02
4.92138e-02
5.89943e-02
5.94299e-02
5.46267e-02
4.73944e-02
3.63686e-02
2.02617e-02
1.97937e-03
-1.48841e-02
-2.57137e-02
-2.29764e-02
1.11632e-03
3.53775e-02
5.08890e-02
4.65595e-02
3.73608e-02
2.97349e-02
2.94640e-02
3.62576e-02
4.13875e-02
3.85320e-02
3.05285e-02
1.96940e-02
5.61843e-03
-8.92126e-03
-2.33244e-02
-3.36593e-02
-3.67553e-02
-3.80979e-02
-4.03965e-02
-4.49470e-02
-5.13834e-02
-5.37138e-02
-4.73253e-02
-2.79825e-02
-4.01730e-03
8.87464e-03
1.21258e-02
1.47208e-02
2.20698e-02
3.30572e-02
4.20073e-02
4.39121e-02
3.93971e-02
3.61659e-02
3.81479e-02
3.95511e-02
3.36243e-02
2.01252e-02
7.16696e-03
-7.64234e-04
-9.05139e-03
-2.17452e-02
-3.52349e-02
-4.31016e-02
-4.19065e-02
-3.48151e-02
-2.76027e-02
-2.16845e-02
-1.45674e-02
1.15470e-03
2.07139e-02
3.28728e-02
3.18624e-02
2.41218e-02
1.72459e-02
1.14353e-02
3.43785e-03
-8.28649e-03
-1.93643e-02
-2.50825e-02
-2.47644e-02
-2.24588e-02
-2.39058e-02
-2.95742e-02
-3.35065e-02
-3.37911e-02
-3.84476e-02
-5.63515e-02
-8.70723e-02
-1.10284e-01
-1.15424e-01
-1.02827e-01
-7.12671e-02
-3.46792e-02
-1.40340e-02
-1.11222e-02
-1.43243e-02
-1.64102e-02
-1.41381e-02
-6.43841e-03
8.56356e-03
3.03623e-02
5.52734e-02
6.99482e-02
6.92768e-02
5.70781e-02
4.40533e-02
4.00979e-02
4.87094e-02
6.13525e-02
6.82143e-02
5.97866e-02
3.50221e-02
1.01451e-02
4.82736e-03
1.20073e-02
1.63107e-02
9.58821e-03
-6.47132e-03
-2.57981e-02
-4.08278e-02
-4.92627e-02
-5.19626e-02
-4.67735e-02
-2.87245e-02
-2.14988e-03
1.78513e-02
2.50070e-02
2.23605e-02
1.34322e-02
-3.42116e-04
-1.70993e-02
-3.27491e-02
-5.14454e-02
-7.09477e-02
-8.32091e-02
-8.65624e-02
-8.55794e-02
-8.17850e-02
-7.69243e-02
-7.38271e-02
-7.55605e-02
-7.82680e-02
-7.84800e-02
-7.60302e-02
-6.99845e-02
-5.66868e-02
-3.50200e-02
-4.89464e-03
2.63908e-02
4.48814e-02
5.08795e-02
5.31800e-02
5.81518e-02
6.56637e-02
7.31617e-02
7.70952e-02
7.42569e-02
6.54398e-02
4.88753e-02
2.75037e-02
8.72994e-03
-2.37428e-03
-6.13822e-03
-2.67828e-03
7.67491e-03
2.02194e-02
2.79291e-02
2.76224e-02
1.47102e-02
-6.70278e-03
-2.23101e-02
-2.42791e-02
-1.81711e-02
-1.38642e-02
-1.60336e-02
-2.13567e-02
-2.63959e-02
-2.96577e-02
-2.98594e-02
-2.58781e-02
-1.65226e-02
-6.59814e-04
1.77892e-02
3.15423e-02
3.80311e-02
4.01280e-02
4.09452e-02
4.11626e-02
3.77803e-02
2.42004e-02
-4.01524e-03
-2.99699e-02
-3.99016e-02
-3.98081e-02
-3.71818e-02
-3.13785e-02
-1.89644e-02
-1.24190e-03
1.02543e-02
1.21825e-02
8.62923e-03
5.36301e-03
4.37423e-03
4.75839e-03
3.09272e-03
-3.27277e-03
-1.44844e-02
-2.51269e-02
-2.94697e-02
-2.42826e-02
-1.21238e-02
5.97672e-04
7.64142e-03
7.42272e-03
3.65159e-03
-6.29001e-03
-2.13974e-02
-3.70432e-02
-4.80132e-02
-5.27822e-02
-5.34924e-02
-4.94329e-02
-3.75564e-02
-1.66458e-02
4.55126e-03
1.49553e-02
1.74196e-02
1.85063e-02
1.96046e-02
1.97797e-02
2.03485e-02
2.31365e-02
3.09472e-02
4.36293e-02
5.48580e-02
5.92835e-02
5.79492e-02
4.78996e-02
2.68788e-02
-9.19477e-04
-2.00916e-02
-2.46542e-02
-1.92672e-02
-7.82505e-03
6.47452e-03
2.01809e-02
3.45255e-02
4.86980e-02
5.97012e-02
6.47439e-02
6.48596e-02
6.27986e-02
5.77796e-02
5.20401e-02
4.87822e-02
4.77308e-02
4.46228e-02
3.78827e-02
2.92771e-02
1.78681e-02
5.37869e-03
-3.90753e-03
-6.40682e-03
-2.99961e-03
4.61805e-03
1.63509e-02
2.96009e-02
4.04439e-02
4.71826e-02
4.53199e-02
3.26986e-02
1.17753e-02
-9.51732e-03
-2.39862e-02
-3.28778e-02
-3.51375e-02
-3.26499e-02
-2.38540e-02
-8.78217e-03
7.98243e-03
2.17300e-02
3.26866e-02
3.67197e-02
3.14091e-02
1.85736e-02
2.00548e-03
-1.10091e-02
-1.64236e-02
-1.76007e-02
-1.53460e-02
-1.13777e-02
-6.69229e-03
6.68083e-04
1.34275e-02
2.81595e-02
3.77201e-02
3.81623e-02
3.02738e-02
1.99173e-02
1.23929e-02
1.32946e-02
2.16449e-02
3.22967e-02
4.10920e-02
4.85777e-02
6.04085e-02
7.49733e-02
8.30563e-02
7.59428e-02
5.10967e-02
1.47094e-02
-1.26557e-02
-2.01762e-02
-1.55163e-02
-8.29281e-03
-2.90616e-03
-1.60900e-03
-1.58846e-03
3.32535e-03
1.26574e-02
2.34360e-02
3.44325e-02
4.04338e-02
3.72722e-02
2.58885e-02
8.84278e-03
-5.92848e-03
-1.10381e-02
-8.98322e-03
-5.03399e-03
-3.37215e-03
-7.67952e-03
-1.96785e-02
-3.23349e-02
-3.78079e-02
-3.56733e-02
-3.13427e-02
-3.42543e-02
-4.61976e-02
-6.05757e-02
-6.89591e-02
-6.98549e-02
-6.34430e-02
-5.22223e-02
-4.00670e-02
-3.33030e-02
-3.39631e-02
-4.07803e-02
-4.89130e-02
-5.32768e-02
-5.42207e-02
-5.33946e-02
-5.14334e-02
-4.49479e-02
-3.31863e-02
-1.46014e-02
9.00174e-03
2.90924e-02
4.00583e-02
4.89083e-02
5.44908e-02
5.20393e-02
3.98974e-02
2.22754e-02
8.33592e-03
5.26206e-03
7.76131e-03
6.19086e-03
-4.59598e-04
-7.57583e-03
-8.85241e-03
-3.13417e-03
5.40519e-03
1.71434e-02
2.87609e-02
3.48772e-02
2.99432e-02
1.51484e-02
-7.33203e-03
-3.02464e-02
-4.31462e-02
-4.44236e-02
-3.85899e-02
-2.73334e-02
-1.35475e-02
-3.90672e-03
-4.41060e-03
-1.49891e-02
-2.57288e-02
-3.09331e-02
-3.02096e-02
-2.85745e-02
-2.94043e-02
-3.35395e-02
-3.68777e-02
-3.83632e-02
-3.98845e-02
-4.21033e-02
-4.55490e-02
-4.64725e-02
-3.99724e-02
-2.57055e-02
-6.53394e-03
7.98843e-03
1.35922e-02
1.38146e-02
1.02715e-02
5.96380e-03
7.44881e-04
-6.66289e-03
-1.46868e-02
-1.97927e-02
-1.84461e-02
-1.27556e-02
-5.02079e-03
5.53691e-04
4.88029e-03
8.41913e-03
1.31130e-02
2.09732e-02
2.73341e-02
2.89309e-02
2.67188e-02
2.31254e-02
1.78138e-02
1.01374e-02
1.73107e-03
1.70238e-04
6.13015e-03
1.70990e-02
2.86520e-02
3.86974e-02
4.39076e-02
4.30979e-02
3.33558e-02
1.62984e-02
-4.83261e-04
-8.96017e-03
-1.02114e-02
-9.84084e-03
-7.33107e-03
-2.57186e-03
-4.05598e-05
-2.39323e-03
-6.48103e-03
-1.10805e-02
-1.53845e-02
-1.98875e-02
-2.48562e-02
-2.84340e-02
-2.59125e-02
-1.50793e-02
1.40844e-03
1.55719e-02
2.21675e-02
2.29478e-02
1.99666e-02
1.55018e-02
1.43413e-02
1.75712e-02
2.28040e-02
2.52913e-02
2.20868e-02
1.48109e-02
3.30397e-03
-1.16995e-02
-2.65769e-02
-4.17628e-02
-5.54085e-02
-6.52611e-02
-7.11901e-02
-7.52444e-02
-7.85859e-02
-7.87834e-02
-7.51963e-02
-7.09447e-02
-7.05642e-02
-7.43877e-02
-7.81028e-02
-7.97302e-02
-7.75234e-02
-7.01049e-02
-5.64309e-02
-3.62551e-02
-1.74807e-02
-4.41496e-03
1.89942e-03
5.72599e-03
6.90519e-03
3.73003e-03
-2.62965e-03
-1.24873e-02
-2.33299e-02
-2.96633e-02
-2.67574e-02
-1.32628e-02
1.03205e-02
3.60882e-02
5.26489e-02
5.89312e-02
5.81982e-02
5.27034e-02
4.28382e-02
3.24238e-02
2.46895e-02
2.01040e-02
2.16590e-02
3.09809e-02
4.75138e-02
6.70922e-02
8.56775e-02
1.00271e-01
1.13995e-01
1.27421e-01
1.36094e-01
1.35899e-01
1.29178e-01
1.19325e-01
1.08234e-01
9.50517e-02
8.07822e-02
6.69031e-02
5.31626e-02
4.12059e-02
3.24250e-02
2.57155e-02
1.85368e-02
7.83280e-03
-4.89534e-03
-1.93909e-02
-3.83890e-02
-5.82441e-02
-7.02147e-02
-7.10720e-02
-6.41835e-02
-5.48154e-02
-4.72607e-02
-4.34370e-02
-3.93966e-02
-2.80005e-02
-9.81431e-03
6.79313e-03
1.84143e-02
2.43030e-02
2.66425e-02
2.66025e-02
2.47580e-02
2.23182e-02
1.96183e-02
1.69666e-02
1.12391e-02
1.69900e-04
-1.26207e-02
-2.12747e-02
-2.24552e-02
-1.69114e-02
-1.11176e-02
-1.11517e-02
-1.54299e-02
-2.20855e-02
-2.80855e-02
-3.06762e-02
-3.09188e-02
-2.89045e-02
-2.49350e-02
-1.75928e-02
-8.11824e-03
3.11885e-03
1.29392e-02
1.97535e-02
2.32419e-02
2.68229e-02
3.02963e-02
2.92956e-02
2.37247e-02
1.64604e-02
1.01974e-02
7.77604e-03
1.02834e-02
1.43095e-02
1.73676e-02
1.84197e-02
1.70512e-02
9.83990e-03
-4.33553e-03
-2.17820e-02
-3.47101e-02
-4.02303e-02
-3.97691e-02
-3.47962e-02
-2.84919e-02
-2.34450e-02
-1.56493e-02
-2.19735e-03
1.25172e-02
2.43843e-02
3.20106e-02
3.48664e-02
3.58835e-02
3.74596e-02
3.68151e-02
3.30313e-02
2.39894e-02
9.33525e-03
-4.58248e-03
-1.07829e-02
-9.88439e-03
-3.60748e-03
4.76743e-03
8.21170e-03
8.55983e-03
8.20763e-03
8.56116e-03
8.46891e-03
5.91658e-03
1.59917e-04
-5.54096e-03
-8.71016e-03
-9.30971e-03
-9.84573e-03
-1.19460e-02
-1.50135e-02
-1.65269e-02
-1.53404e-02
-1.35065e-02
-1.15247e-02
-9.64284e-03
-6.44257e-03
-2.32470e-03
9.60631e-04
3.05342e-03
5.49964e-03
8.73278e-03
1.22654e-02
1.45558e-02
1.44104e-02
1.26109e-02
9.70159e-03
7.07923e-03
5.71895e-03
6.14713e-03
7.83357e-03
8.61495e-03
8.40142e-03
8.37116e-03
7.97282e-03
6.18444e-03
5.37002e-04
-1.19322e-02
-2.59226e-02
-3.48946e-02
-3.59518e-02
-3.13639e-02
-2.50725e-02
-1.79550e-02
-1.08016e-02
-7.17013e-03
-8.16509e-03
-1.08807e-02
-1.22340e-02
-1.08855e-02
-6.52934e-03
-5.13583e-03
-1.03457e-02
-1.81060e-02
-2.27572e-02
-2.12347e-02
-1.67492e-02
-1.45503e-02
-1.32440e-02
-1.11934e-02
-5.62227e-03
3.80734e-03
1.27144e-02
1.72268e-02
1.76367e-02
1.30280e-02
4.25234e-03
-3.31376e-03
-9.03269e-03
-1.58636e-02
-2.22924e-02
-2.51406e-02
-2.25881e-02
-1.53560e-02
-7.64898e-03
-3.10446e-03
-2.21762e-03
-5.73457e-03
-1.33300e-02
-1.94936e-02
-2.37987e-02
-2.76222e-02
-3.03281e-02
-3.29219e-02
-3.37082e-02
-3.34370e-02
-3.18817e-02
-2.87257e-02
-2.78083e-02
-3.15928e-02
-3.94291e-02
-4.57855e-02
-4.57236e-02
-4.05161e-02
-3.34895e-02
-2.70182e-02
-2.22715e-02
-1.69355e-02
-9.88950e-03
-3.86577e-03
-3.15026e-03
-6.06707e-03
-1.17593e-02
-1.90958e-02
-2.47281e-02
-2.79064e-02
-3.18225e-02
-3.56247e-02
-3.84317e-02
-3.62448e-02
-2.68022e-02
-1.31172e-02
-1.95704e-03
2.51219e-03
3.79246e-03
5.13680e-03
5.73147e-03
6.59769e-03
8.22887e-03
9.95572e-03
1.06455e-02
1.15944e-02
1.30690e-02
1.39363e-02
1.36844e-02
9.86818e-03
6.78186e-04
-1.24894e-02
-2.67323e-02
-3.78441e-02
-4.56903e-02
-4.96449e-02
-5.15341e-02
-5.32078e-02
-5.31000e-02
-5.04187e-02
-4.66595e-02
-4.41078e-02
-4.35990e-02
-4.24768e-02
-3.94426e-02
-3.44343e-02
-2.86270e-02
-2.39409e-02
-2.13548e-02
-1.80060e-02
-1.25975e-02
-3.90820e-03
7.04139e-03
1.43642e-02
1.56417e-02
1.19910e-02
8.04639e-03
6.43117e-03
6.87571e-03
7.87816e-03
9.80512e-03
1.18697e-02
1.44867e-02
1.61375e-02
1.80337e-02
1.96440e-02
2.04103e-02
2.33635e-02
2.91658e-02
3.75534e-02
4.57431e-02
5.24348e-02
5.61697e-02
5.69017e-02
5.35911e-02
4.89497e-02
4.50266e-02
4.34581e-02
4.16460e-02
3.89578e-02
3.50229e-02
2.96907e-02
2.38596e-02
2.00574e-02
1.93823e-02
1.84186e-02
1.62688e-02
1.66412e-02
1.96396e-02
2.05800e-02
2.01453e-02
2.00650e-02
2.07675e-02
2.36645e-02
2.85785e-02
3.40557e-02
3.99550e-02
4.43673e-02
4.51893e-02
4.12123e-02
3.66060e-02
3.41995e-02
3.27463e-02
3.00316e-02
2.51367e-02
2.02855e-02
1.62082e-02
1.20611e-02
8.71268e-03
4.21763e-03
-1.59441e-03
-9.54145e-03
-2.07101e-02
-3.25955e-02
-4.34165e-02
-5.34971e-02
-5.90154e-02
-5.86642e-02
-5.54589e-02
-5.07111e-02
-4.64185e-02
-4.21618e-02
-3.54267e-02
-2.53488e-02
-1.34851e-02
-3.88896e-03
4.11177e-03
1.11747e-02
1.59775e-02
2.04000e-02
2.34169e-02
2.57150e-02
2.76810e-02
2.91862e-02
2.89603e-02
2.59270e-02
2.21722e-02
1.90880e-02
1.77751e-02
1.76668e-02
1.71615e-02
1.82128e-02
2.11902e-02
2.34893e-02
2.65452e-02
3.14105e-02
3.46439e-02
3.49146e-02
3.25969e-02
2.60968e-02
1.57209e-02
2.99261e-03
-9.37452e-03
-2.02167e-02
-2.82133e-02
-3.08928e-02
-2.82233e-02
-2.01401e-02
-1.10778e-02
-3.35280e-03
2.19191e-03
4.18634e-03
4.45829e-03
4.43591e-03
4.26209e-03
4.83574e-03
5.10124e-03
5.10348e-03
5.16945e-03
5.16800e-03
6.17566e-03
7.12452e-03
7.47506e-03
7.18271e-03
8.66582e-03
1.21292e-02
1.76550e-02
2.34362e-02
2.83156e-02
3.23773e-02
3.51788e-02
3.62531e-02
3.56096e-02
3.30907e-02
2.80531e-02
2.11986e-02
1.65727e-02
1.41161e-02
1.36978e-02
1.25162e-02
8.36405e-03
3.54571e-03
9.16819e-04
-9.95643e-04
-2.32596e-03
-5.28815e-04
4.81600e-03
1.10210e-02
1.64708e-02
1.93683e-02
1.99156e-02
1.69299e-02
1.37190e-02
1.25579e-02
1.36672e-02
1.38359e-02
1.26783e-02
1.10209e-02
7.71151e-03
2.32688e-03
-3.98421e-03
-1.05918e-02
-1.66653e-02
-1.98726e-02
-2.19354e-02
-2.26581e-02
-2.19230e-02
-2.17463e-02
-2.41951e-02
-2.68789e-02
-2.68484e-02
-2.36663e-02
-1.73372e-02
-1.14446e-02
-6.36852e-03
-9.22362e-04
4.49369e-03
8.65699e-03
1.10876e-02
1.11467e-02
8.33146e-03
2.76747e-03
-4.16772e-03
-8.22487e-03
-9.82774e-03
-1.12458e-02
-1.19358e-02
-1.19387e-02
-1.39684e-02
-1.65737e-02
-1.79222e-02
-1.82035e-02
-1.81344e-02
-1.74144e-02
-1.64000e-02
-1.58458e-02
-1.66018e-02
-2.03064e-02
-2.41695e-02
-2.58792e-02
-2.55247e-02
-2.40632e-02
-2.21898e-02
-1.97576e-02
-1.72814e-02
-1.44620e-02
-8.06213e-03
1.09069e-03
1.07831e-02
1.96411e-02
2.58394e-02
3.00438e-02
3.16021e-02
3.05879e-02
2.66890e-02
1.97166e-02
9.56848e-03
-2.38732e-03
-1.33229e-02
-2.26387e-02
-3.06228e-02
-3.48824e-02
-3.41628e-02
-3.20148e-02
-3.05213e-02
-2.69257e-02
-2.27572e-02
-1.85947e-02
-1.53233e-02
-1.29013e-02
-1.23523e-02
-1.45974e-02
-1.51880e-02
-1.36402e-02
-1.06653e-02
-8.68440e-03
-8.66647e-03
-8.82131e-03
-8.15228e-03
-8.23662e-03
-8.73812e-03
-1.13193e-02
-1.70645e-02
-2.50049e-02
-3.40828e-02
-3.98533e-02
-4.19253e-02
-4.23898e-02
-4.08978e-02
-3.76321e-02
-3.40217e-02
-3.13443e-02
-3.01771e-02
-2.82313e-02
-2.55505e-02
-2.30029e-02
-2.05412e-02
-1.81063e-02
-1.64555e-02
-1.34900e-02
-7.84919e-03
1.06239e-03
1.25530e-02
2.26011e-02
3.17754e-02
3.97282e-02
4.38906e-02
4.40718e-02
4.17373e-02
3.72966e-02
3.30782e-02
3.28818e-02
3.60520e-02
3.92761e-02
3.95794e-02
3.92716e-02
3.92593e-02
3.87020e-02
3.54551e-02
2.83364e-02
1.73453e-02
6.70624e-03
8.77437e-04
-1.30009e-03
-5.63470e-04
3.16102e-03
7.97042e-03
1.31253e-02
1.81702e-02
2.44593e-02
2.88071e-02
3.08660e-02
3.03363e-02
2.63508e-02
2.06341e-02
1.57598e-02
1.39375e-02
1.51562e-02
1.94686e-02
2.43130e-02
3.01245e-02
3.66147e-02
4.33565e-02
5.04514e-02
5.54820e-02
5.65172e-02
5.40405e-02
5.00021e-02
4.56564e-02
3.97729e-02
3.34166e-02
2.70484e-02
2.07956e-02
1.19059e-02
4.76907e-04
-9.65229e-03
-1.74654e-02
-2.38291e-02
-3.03950e-02
-3.87619e-02
-4.45475e-02
-4.64035e-02
-4.94751e-02
-5.14681e-02
-5.06778e-02
-4.74689e-02
-4.35623e-02
-3.77888e-02
-3.03223e-02
-2.26631e-02
-1.71112e-02
-1.43590e-02
-1.33936e-02
-1.38154e-02
-1.73394e-02
-2.21575e-02
-2.67911e-02
-2.92128e-02
-2.76993e-02
-2.51883e-02
-2.18469e-02
-1.83894e-02
-1.74163e-02
-1.83545e-02
-2.00372e-02
-2.11875e-02
-2.00518e-02
-1.85930e-02
-1.93355e-02
-2.17576e-02
-2.32635e-02
-2.50983e-02
-2.60258e-02
-2.47243e-02
-2.19100e-02
-1.82469e-02
-1.48147e-02
-1.16319e-02
-8.96646e-03
-6.98855e-03
-4.79433e-03
-3.55942e-03
-7.43776e-04
1.63148e-03
2.05324e-03
1.56367e-04
-6.41987e-04
-3.01106e-04
-5.92193e-06
1.13607e-04
1.53426e-03
4.92970e-03
8.07416e-03
1.00205e-02
1.16986e-02
1.09894e-02
1.03351e-02
1.16557e-02
1.40231e-02
1.67163e-02
1.73818e-02
1.63392e-02
1.34364e-02
9.60541e-03
5.24484e-03
1.46479e-03
-3.56363e-04
-2.59326e-03
-3.04842e-03
-6.30700e-05
1.99943e-03
4.00649e-03
4.92296e-03
4.79059e-03
6.57185e-03
1.03758e-02
1.63948e-02
2.34467e-02
2.79513e-02
2.94052e-02
2.73730e-02
2.48005e-02
2.30399e-02
2.24146e-02
2.14831e-02
1.92315e-02
1.76242e-02
1.76909e-02
1.74944e-02
1.51106e-02
1.19129e-02
7.35460e-03
2.77987e-03
-1.88614e-03
-7.17728e-03
-1.31026e-02
-2.11557e-02
-2.78823e-02
-3.09311e-02
-3.18129e-02
-3.14447e-02
-2.98452e-02
-2.84350e-02
-2.82589e-02
-2.64602e-02
-2.03910e-02
-1.29953e-02
-6.33661e-03
-1.16642e-03
2.63216e-03
5.26693e-03
5.02242e-03
3.88502e-03
3.28604e-03
3.84604e-03
7.40238e-03
1.20503e-02
1.68555e-02
2.14779e-02
2.48363e-02
2.58127e-02
2.51730e-02
2.38488e-02
2.19940e-02
2.03046e-02
1.97800e-02
1.97026e-02
1.83378e-02
1.61996e-02
1.37167e-02
1.32627e-02
1.38735e-02
1.32388e-02
1.12767e-02
7.44297e-03
3.61848e-03
4.55164e-04
-3.47252e-03
-8.38685e-03
-1.39651e-02
-1.89867e-02
-2.24992e-02
-2.55316e-02
-2.62299e-02
-2.54549e-02
-2.45799e-02
-2.24089e-02
-1.81058e-02
-1.29248e-02
-5.92833e-03
2.49988e-03
9.79387e-03
1.49174e-02
1.57491e-02
1.33710e-02
9.32354e-03
6.09003e-03
5.49216e-03
6.09660e-03
4.43318e-03
2.05720e-03
-1.23967e-03
-5.45402e-03
-1.10349e-02
-1.65894e-02
-2.00340e-02
-2.17416e-02
-2.19768e-02
-1.96032e-02
-1.43486e-02
-9.09939e-03
-3.87652e-03
-5.05504e-04
7.66398e-04
1.08562e-03
3.93251e-04
-9.98572e-04
-1.35670e-03
-2.42412e-03
-3.49378e-03
-2.96146e-03
-1.08988e-03
1.03809e-03
2.95958e-03
4.94333e-03
8.02869e-03
1.25400e-02
1.61668e-02
1.92244e-02
2.32061e-02
2.63980e-02
2.80438e-02
2.81943e-02
2.87716e-02
2.99146e-02
3.01923e-02
2.93503e-02
2.76394e-02
2.60455e-02
2.46761e-02
2.43170e-02
2.51899e-02
2.57224e-02
2.46281e-02
2.11144e-02
1.61924e-02
1.10658e-02
6.17883e-03
5.07570e-04
-6.35921e-03
-1.42403e-02
-2.14760e-02
-2.75125e-02
-3.28415e-02
-3.84593e-02
-4.28516e-02
-4.55790e-02
-4.58307e-02
-4.27524e-02
-3.62797e-02
-2.79201e-02
-2.29510e-02
-2.30662e-02
-2.49058e-02
-2.54035e-02
-2.60575e-02
-2.70271e-02
-2.76202e-02
-2.86416e-02
-3.02526e-02
-3.06279e-02
-2.98015e-02
-2.73819e-02
-2.48073e-02
-2.24604e-02
-2.10173e-02
-2.08192e-02
-2.13216e-02
-2.19705e-02
-2.13357e-02
-1.87510e-02
-1.61771e-02
-1.26788e-02
-7.97845e-03
-3.88821e-03
-7.62196e-04
1.91763e-03
5.98699e-03
1.19667e-02
1.77042e-02
2.19843e-02
2.61999e-02
2.92478e-02
3.14809e-02
3.35362e-02
3.61493e-02
3.90398e-02
4.03410e-02
4.08838e-02
4.18647e-02
4.33306e-02
4.60081e-02
4.79248e-02
4.64893e-02
4.31772e-02
4.03692e-02
3.82203e-02
3.69535e-02
3.47316e-02
3.16380e-02
2.89885e-02
2.61017e-02
2.46223e-02
2.42533e-02
2.20433e-02
1.68155e-02
1.01384e-02
4.49135e-03
7.73100e-04
-4.67983e-04
-7.45602e-04
1.32168e-06
7.29211e-04
9.29771e-04
2.46983e-03
4.57497e-03
4.01615e-03
1.27018e-03
-1.61622e-03
-4.83843e-03
-8.57289e-03
-1.13844e-02
-1.23936e-02
-1.30443e-02
-1.34861e-02
-1.25854e-02
-9.09692e-03
-4.63643e-03
-1.98137e-03
-1.36264e-04
3.34012e-04
-1.82511e-03
-5.51813e-03
-9.60591e-03
-1.43054e-02
-1.84011e-02
-2.14240e-02
-2.45489e-02
-2.77389e-02
-3.06704e-02
-3.25454e-02
-3.13929e-02
-2.75404e-02
-2.25526e-02
-1.65771e-02
-1.05259e-02
-4.89049e-03
-1.44611e-03
2.16885e-05
6.02604e-04
-1.00220e-03
-3.31109e-03
-6.05159e-03
-9.29161e-03
-1.14157e-02
-1.30963e-02
-1.54738e-02
-1.73188e-02
-1.80233e-02
-1.86228e-02
-1.92833e-02
-2.02520e-02
-2.07026e-02
-1.88431e-02
-1.74272e-02
-1.77080e-02
-1.89537e-02
-1.82006e-02
-1.66589e-02
-1.53775e-02
-1.48236e-02
-1.40294e-02
-1.27267e-02
-1.11759e-02
-1.15801e-02
-1.20622e-02
-1.11727e-02
-1.05717e-02
-1.14495e-02
-1.18482e-02
-1.13092e-02
-1.14725e-02
-1.06247e-02
-8.61922e-03
-4.88782e-03
-1.81578e-03
4.55249e-04
2.13056e-03
3.83985e-04
-3.10428e-03
-5.50471e-03
-7.04948e-03
-1.01739e-02
-1.59683e-02
-2.10638e-02
-2.44659e-02
-2.63757e-02
-2.83393e-02
-2.97933e-02
-3.11029e-02
-3.22354e-02
-3.27624e-02
-3.28920e-02
-3.27492e-02
-3.26551e-02
-3.11241e-02
-2.69469e-02
-2.07030e-02
-1.38386e-02
-7.43190e-03
-4.80341e-04
5.55806e-03
9.03415e-03
1.08031e-02
1.20969e-02
1.40763e-02
1.53332e-02
1.58361e-02
1.80382e-02
2.34884e-02
2.91397e-02
3.44864e-02
4.02118e-02
4.62118e-02
5.18566e-02
5.69613e-02
6.17681e-02
6.51083e-02
6.68895e-02
6.72357e-02
6.75828e-02
6.71875e-02
6.52535e-02
6.24375e-02
5.95407e-02
5.73037e-02
5.43786e-02
5.06730e-02
4.62454e-02
4.12662e-02
3.73225e-02
3.38299e-02
3.05317e-02
2.70211e-02
2.24505e-02
1.85514e-02
1.46544e-02
9.34117e-03
3.45246e-03
-7.79845e-04
-3.67218e-03
-6.09728e-03
-7.04998e-03
-4.51806e-03
-1.10227e-03
7.27312e-04
1.87673e-03
3.60373e-03
4.02951e-03
3.04739e-03
1.48523e-03
-1.01357e-03
-4.33377e-03
-6.84132e-03
-8.19886e-03
-8.05105e-03
-6.37904e-03
-4.05718e-03
-1.41679e-03
1.07938e-03
3.02741e-03
3.90862e-03
5.14255e-03
6.97357e-03
8.29291e-03
9.11199e-03
1.04414e-02
1.11577e-02
1.12031e-02
1.07631e-02
1.08979e-02
1.11258e-02
1.11106e-02
1.10696e-02
1.03184e-02
8.20439e-03
6.74351e-03
5.60031e-03
3.94670e-03
3.86328e-03
4.38110e-03
4.69084e-03
4.69029e-03
3.51478e-03
4.25125e-03
6.93552e-03
8.28306e-03
1.02214e-02
1.45381e-02
1.92686e-02
2.28962e-02
2.73645e-02
3.20830e-02
3.43493e-02
3.48557e-02
3.32737e-02
3.03267e-02
2.58106e-02
2.16004e-02
1.84954e-02
1.63544e-02
1.45318e-02
1.18959e-02
8.09455e-03
3.12205e-03
-3.35298e-03
-1.03037e-02
-1.60594e-02
-2.02618e-02
-2.38887e-02
-2.51863e-02
-2.67024e-02
-2.82885e-02
-2.85395e-02
-2.83747e-02
-3.00975e-02
-3.39039e-02
-3.70094e-02
-3.90502e-02
-4.04999e-02
-4.05885e-02
-4.02868e-02
-4.01868e-02
-4.03370e-02
-4.12559e-02
-4.19467e-02
-4.13820e-02
-3.82808e-02
-3.45851e-02
-3.16100e-02
-2.95928e-02
-2.90156e-02
-3.06948e-02
-3.07493e-02
-2.69819e-02
-2.30935e-02
-2.04679e-02
-1.71021e-02
-1.37687e-02
-1.10031e-02
-9.52525e-03
-9.09117e-03
-8.99362e-03
-8.79119e-03
-9.17375e-03
-8.50617e-03
-6.31105e-03
-5.14219e-03
-2.64898e-03
-5.05366e-04
-5.71817e-04
-9.28139e-04
-1.83130e-03
-4.34843e-03
-7.04634e-03
-1.07594e-02
-1.35159e-02
-1.53332e-02
-1.70424e-02
-1.73857e-02
-1.80237e-02
-1.85916e-02
-1.87416e-02
-1.70634e-02
-1.35104e-02
-9.89895e-03
-7.46601e-03
-6.53835e-03
-7.87979e-03
-1.02359e-02
-1.23000e-02
-1.45863e-02
-1.74583e-02
-1.79295e-02
-1.57205e-02
-1.37796e-02
-1.16153e-02
-1.11155e-02
-1.17205e-02
-1.15078e-02
-8.95915e-03
-4.52204e-03
-5.60554e-04
2.32852e-03
6.07447e-03
1.00383e-02
1.27856e-02
1.40353e-02
1.43515e-02
1.47387e-02
1.38152e-02
1.05058e-02
7.63010e-03
6.39217e-03
5.94021e-03
4.82208e-03
3.06937e-03
1.86325e-03
3.83811e-04
-4.24997e-03
-8.92507e-03
-1.46473e-02
-2.22814e-02
-2.74163e-02
-2.91319e-02
-2.90502e-02
-2.89022e-02
-2.89590e-02
-2.89659e-02
-2.88421e-02
-2.86932e-02
-2.76086e-02
-2.58933e-02
-2.56852e-02
-2.72074e-02
-2.85623e-02
-2.85744e-02
-2.90219e-02
-2.92495e-02
-2.82470e-02
-2.53588e-02
-2.00839e-02
-1.34996e-02
-8.94147e-03
-2.81637e-03
3.56952e-03
7.64157e-03
9.95375e-03
1.10192e-02
1.06711e-02
1.03417e-02
9.91162e-03
7.79065e-03
6.43352e-03
8.80910e-03
1.30576e-02
1.57829e-02
1.99471e-02
2.34588e-02
2.57692e-02
2.81873e-02
2.85850e-02
2.74720e-02
2.80753e-02
3.04959e-02
3.26567e-02
3.44230e-02
3.68527e-02
3.82879e-02
3.90540e-02
4.03142e-02
3.98610e-02
3.77830e-02
3.47423e-02
2.94343e-02
2.35380e-02
1.68719e-02
1.02816e-02
4.88169e-03
1.61432e-03
-7.43915e-04
-2.41825e-03
-3.19596e-03
-2.69222e-03
-8.03415e-04
-4.09171e-04
1.29655e-04
-4.06778e-04
-2.55739e-03
-3.12861e-03
-3.56119e-03
-5.68471e-03
-8.14977e-03
-9.83940e-03
-1.03604e-02
-8.86067e-03
-6.38239e-03
-4.57586e-03
-3.74302e-03
-4.08386e-03
-4.11261e-03
-4.46085e-03
-4.86063e-03
-4.40096e-03
-4.14203e-03
-4.98213e-03
-7.55122e-03
-8.81503e-03
-1.08224e-02
-1.27822e-02
-1.48077e-02
-1.61062e-02
-1.59954e-02
-1.65785e-02
-1.53098e-02
-1.25622e-02
-8.97121e-03
-6.05975e-03
-4.23928e-03
-1.79633e-03
2.65014e-03
6.54377e-03
1.03565e-02
1.39919e-02
1.61244e-02
1.80186e-02
2.04346e-02
2.29484e-02
2.40190e-02
2.28156e-02
2.12005e-02
1.90761e-02
1.73561e-02
1.61950e-02
1.61624e-02
1.69377e-02
1.84805e-02
2.01855e-02
2.26254e-02
2.40008e-02
2.46771e-02
2.59723e-02
2.78102e-02
3.00454e-02
3.18980e-02
3.29063e-02
3.13343e-02
2.86605e-02
2.77940e-02
2.78473e-02
2.65518e-02
2.35537e-02
1.99079e-02
1.62514e-02
1.15566e-02
7.07862e-03
4.35495e-03
9.36845e-04
-3.27756e-03
-8.93714e-03
-1.67618e-02
-2.36948e-02
-3.21190e-02
-3.95842e-02
-4.44243e-02
-4.83576e-02
-5.02657e-02
-5.04618e-02
-4.74938e-02
-4.38586e-02
-4.11398e-02
-3.75604e-02
-3.47952e-02
-3.38183e-02
-3.25025e-02
-3.14011e-02
-2.99722e-02
-2.79372e-02
-2.66977e-02
-2.56540e-02
-2.32865e-02
-1.98791e-02
-1.53426e-02
-9.51228e-03
-3.38025e-03
5.08239e-04
2.01777e-03
3.22642e-03
4.01518e-03
3.77291e-03
3.25461e-03
3.80361e-03
4.65253e-03
6.70900e-03
8.92863e-03
1.04911e-02
1.07816e-02
1.09975e-02
1.19794e-02
1.45240e-02
1.52211e-02
1.48796e-02
1.71316e-02
2.00999e-02
2.21281e-02
2.41595e-02
2.54749e-02
2.45600e-02
2.32350e-02
2.25288e-02
2.12916e-02
2.06556e-02
2.03555e-02
2.01846e-02
2.01173e-02
1.91455e-02
1.78904e-02
1.58870e-02
1.34546e-02
1.22375e-02
1.17102e-02
9.35174e-03
7.01720e-03
7.74453e-03
9.70735e-03
1.12447e-02
1.32216e-02
1.49469e-02
1.65280e-02
1.74753e-02
1.88301e-02
2.02173e-02
2.08088e-02
2.08389e-02
2.07898e-02
1.98636e-02
1.80794e-02
1.75232e-02
1.98119e-02
2.15698e-02
2.17921e-02
2.20361e-02
2.23893e-02
2.20475e-02
2.03039e-02
1.79461e-02
1.57425e-02
1.49426e-02
1.71300e-02
1.93385e-02
1.93649e-02
1.82859e-02
1.71723e-02
1.57619e-02
1.28403e-02
9.05643e-03
6.78940e-03
4.88402e-03
2.46686e-03
2.99737e-04
-1.35177e-03
-2.18322e-03
-3.23347e-03
-3.43698e-03
-2.83015e-03
-3.39033e-03
-4.22722e-03
-3.21900e-03
-2.74113e-03
-4.42764e-03
-6.75821e-03
-8.14066e-03
-9.51526e-03
-1.12387e-02
-1.28885e-02
-1.52783e-02
-1.78893e-02
-2.12349e-02
-2.52402e-02
-2.82076e-02
-3.01705e-02
-3.00696e-02
-2.87437e-02
-2.67354e-02
-2.42468e-02
-2.27989e-02
-2.30266e-02
-2.24915e-02
-2.25137e-02
-2.35431e-02
-2.29134e-02
-2.14408e-02
-2.05219e-02
-1.84789e-02
-1.62709e-02
-1.38944e-02
-1.13819e-02
-9.52278e-03
-7.99754e-03
-8.48722e-03
-1.07335e-02
-1.13433e-02
-1.14759e-02
-1.03506e-02
-7.68265e-03
-4.03494e-03
-1.84174e-03
-1.23415e-03
-1.20083e-03
-1.71497e-03
-1.47946e-03
-3.95708e-04
3.36547e-04
3.30879e-04
-1.58021e-03
-2.95870e-03
-3.94338e-03
-3.29516e-03
-1.56849e-03
-1.19995e-03
-1.33345e-03
-9.68669e-04
-1.02054e-03
-1.21640e-03
-8.98579e-04
-1.16270e-03
-2.26400e-03
-3.55021e-03
-5.46516e-03
-7.62999e-03
-9.92107e-03
-1.29689e-02
-1.55587e-02
-1.78152e-02
-1.97792e-02
-2.11100e-02
-2.06092e-02
-1.88541e-02
-1.71705e-02
-1.64011e-02
-1.39319e-02
-1.04583e-02
-7.38430e-03
-3.94994e-03
3.83306e-04
3.48268e-03
6.32370e-03
9.00386e-03
1.08547e-02
1.19610e-02
1.24346e-02
1.23063e-02
1.29386e-02
1.40321e-02
1.39028e-02
1.35473e-02
1.36379e-02
1.26365e-02
1.37312e-02
1.49316e-02
1.44032e-02
1.41159e-02
1.48029e-02
1.45722e-02
1.39650e-02
1.38794e-02
1.48242e-02
1.44583e-02
1.26811e-02
9.38704e-03
6.51133e-03
4.35084e-03
2.87269e-03
5.09019e-04
-1.31376e-03
-2.69506e-03
-4.33301e-03
-6.95577e-03
-9.56398e-03
-1.01526e-02
-1.06995e-02
-1.14480e-02
-1.14365e-02
-1.12375e-02
-1.10498e-02
-1.08247e-02
-1.00724e-02
-8.40718e-03
-6.72427e-03
-6.57985e-03
-8.41277e-03
-1.06238e-02
-1.35410e-02
-1.64253e-02
-1.89382e-02
-2.03846e-02
-1.94368e-02
-1.74027e-02
-1.65998e-02
-1.73650e-02
-1.61780e-02
-1.38347e-02
-1.18718e-02
-9.74068e-03
-8.11964e-03
-6.85218e-03
-5.47739e-03
-4.40669e-03
-3.25465e-03
-3.28531e-03
-4.64966e-03
-4.48716e-03
-1.89843e-03
2.74008e-05
4.99397e-04
1.47550e-03
3.92936e-03
6.53850e-03
7.78558e-03
6.77105e-03
5.01115e-03
3.88401e-03
3.04924e-03
1.22838e-03
-6.45201e-04
-2.51474e-03
-4.44730e-03
-5.77038e-03
-5.81831e-03
-5.40714e-03
-4.23431e-03
-2.42831e-03
-2.86402e-04
1.81155e-03
3.48890e-03
4.45689e-03
5.69208e-03
6.24762e-03
5.47682e-03
4.49504e-03
3.22820e-03
2.37139e-03
3.09637e-03
3.61323e-03
4.46535e-03
6.32628e-03
8.15334e-03
7.71373e-03
6.73462e-03
6.32981e-03
5.95140e-03
5.13263e-03
4.19526e-03
4.94734e-03
6.49461e-03
7.98158e-03
9.91205e-03
1.13163e-02
1.28661e-02
1.34165e-02
1.31089e-02
1.24368e-02
1.19651e-02
1.21414e-02
1.19049e-02
1.14369e-02
1.08406e-02
9.61384e-03
9.07843e-03
8.25224e-03
7.48713e-03
6.62461e-03
6.05016e-03
5.88101e-03
4.75365e-03
2.32772e-03
9.57119e-05
-1.51377e-03
-3.65502e-03
-5.51862e-03
-7.41421e-03
-9.62493e-03
-1.19297e-02
-1.37368e-02
-1.45280e-02
-1.39250e-02
-1.30845e-02
-1.27929e-02
-1.27000e-02
-1.20943e-02
-1.18118e-02
-1.20653e-02
-1.19341e-02
-1.10647e-02
-9.55585e-03
-8.01670e-03
-5.42741e-03
-4.21845e-03
-3.46052e-03
-2.34026e-03
-1.26358e-03
-1.76093e-04
1.59584e-03
2.69198e-03
3.16352e-03
4.22772e-03
5.03658e-03
4.94520e-03
4.86497e-03
5.64524e-03
6.03883e-03
6.29867e-03
6.41803e-03
5.76273e-03
4.90699e-03
4.74446e-03
4.42396e-03
4.00304e-03
3.84908e-03
3.28021e-03
2.79002e-03
2.59485e-03
2.61722e-03
2.40187e-03
2.41459e-03
2.13061e-03
1.66011e-03
5.75044e-04
-2.04773e-04
-5.23764e-04
-8.26308e-04
-6.16068e-04
9.88903e-05
-2.63126e-04
-6.39441e-04
-7.46735e-04
-1.33701e-03
-2.15937e-03
-2.35723e-03
-2.28993e-03
-2.52465e-03
-2.99435e-03
-3.23253e-03
-3.53296e-03
-3.98377e-03
-3.94692e-03
-4.51538e-03
-5.43478e-03
-5.31330e-03
-4.71215e-03
-3.91344e-03
-2.78425e-03
-1.74586e-03
-7.48055e-04
5.14514e-05
7.10608e-04
1.20509e-03
1.32205e-03
1.24869e-03
1.49896e-03
1.87962e-03
2.34064e-03
2.95399e-03
3.75946e-03
4.59650e-03
5.16164e-03
5.77158e-03
5.92377e-03
6.07569e-03
6.42888e-03
6.63286e-03
6.80419e-03
6.78838e-03
6.73911e-03
6.76390e-03
6.71067e-03
6.54379e-03
6.35000e-03
6.10683e-03
5.79645e-03
5.51531e-03
5.27921e-03
5.04864e-03
4.69579e-03
4.38864e-03
4.21684e-03
3.98422e-03
3.71597e-03
3.32257e-03
2.79124e-03
2.27177e-03
2.02232e-03
1.88546e-03
1.68367e-03
1.46254e-03
1.21020e-03
9.58794e-04
6.64894e-04
3.99685e-04
2.34421e-04
1.25779e-04
2.79608e-05
-1.70558e-05
2.37689e-05
8.86784e-05
9.41957e-05
5.85778e-05
-1.75397e-05
-1.14160e-04
-2.10055e-04
-2.87912e-04
-3.03100e-04
-3.70956e-04
-4.63252e-04
-4.87887e-04
-4.94077e-04
-5.28167e-04
-5.66675e-04
-5.78580e-04
-5.95494e-04
-6.43337e-04
-7.00452e-04
-7.49584e-04
-8.00262e-04
-8.65531e-04
-9.24530e-04
-9.82384e-04
-1.03540e-03
-1.07631e-03
-1.09610e-03
-1.12803e-03
-1.16302e-03
-1.18517e-03
-1.19580e-03
-1.19946e-03
-1.20084e-03
-1.20172e-03
-1.19315e-03
-1.18254e-03
-1.17408e-03
-1.16159e-03
-1.14723e-03
-1.12938e-03
-1.11518e-03
-1.09947e-03
-1.07171e-03
-1.04268e-03
-1.02123e-03
-1.00054e-03
-9.79937e-04
-9.59951e-04
-9.41427e-04
-9.21611e-04
-9.00960e-04
-8.82623e-04
-8.65090e-04
-8.47128e-04
-8.27484e-04
-8.07821e-04
-7.89179e-04
-7.70791e-04
-7.52691e-04
-7.35059e-04
-7.17607e-04
-7.00563e-04
-6.83665e-04
-6.66687e-04
-6.49656e-04
-6.32580e-04
-6.15307e-04
-5.97653e-04
-5.79924e-04
-5.62148e-04
-5.44329e-04
-5.26516e-04
-5.08744e-04
-4.91018e-04
-4.73346e-04
-4.55739e-04
-4.38206e-04
-4.20751e-04
-4.03377e-04
-3.86088e-04
-3.68884e-04
