-1.06572e-04
1.24063e-04
8.32914e-04
-3.76251e-04
-7.57884e-04
-2.60426e-04
2.04818e-05
7.32391e-05
3.50281e-04
-5.88193e-04
-4.06536e-04
6.78703e-04
6.16742e-04
5.09667e-04
-7.05938e-04
9.18581e-05
-6.54554e-04
2.59252e-04
4.75715e-04
8.24866e-05
8.78995e-04
-2.42511e-04
-6.31871e-04
-4.29584e-04
7.38155e-04
-1.98550e-05
1.56653e-04
-3.28091e-04
-3.51376e-04
4.19357e-04
-5.75825e-04
-6.23600e-04
-5.19273e-04
-7.24304e-04
2.92627e-04
4.30469e-04
1.54545e-04
6.15923e-04
-7.72398e-04
-2.47858e-04
-1.07632e-05
6.25919e-04
6.12637e-05
6.11860e-05
-1.91533e-04
-7.16229e-04
1.89854e-04
2.52938e-04
2.01303e-04
-2.60231e-04
-1.22384e-04
-7.90155e-04
3.06699e-04
-7.87824e-05
-2.01310e-04
-2.41342e-04
1.06612e-04
-2.82736e-04
1.30957e-04
5.88476e-04
-7.23786e-04
-3.51340e-04
6.79780e-04
3.60040e-04
-3.36084e-04
-1.19604e-04
-5.81132e-04
8.28952e-04
2.56572e-04
-2.88739e-04
5.38723e-04
7.62939e-04
2.80790e-04
2.52365e-04
1.10509e-04
6.66163e-05
-2.95656e-04
1.64447e-04
-1.47885e-05
-6.23257e-04
8.30657e-04
2.90506e-04
-5.12598e-04
-1.46590e-04
-3.69649e-04
-8.44060e-04
3.90728e-04
-2.28050e-04
1.50850e-04
4.97526e-04
6.82308e-05
8.14494e-04
4.98630e-04
2.24014e-04
-3.34179e-04
-4.37358e-04
1.72273e-04
-3.08579e-04
-4.53006e-04
6.88979e-04
4.02765e-04
-1.12889e-04
-2.53448e-04
5.23755e-04
7.54426e-04
-2.43309e-04
7.11471e-05
2.86351e-04
-3.50466e-04
-6.82334e-05
2.96738e-05
-5.23358e-04
-6.78092e-04
-3.80391e-04
1.05503e-04
-7.88768e-05
1.16995e-04
2.11038e-04
2.68988e-04
-5.58903e-05
-7.90667e-04
-3.44730e-04
6.43872e-04
3.79577e-04
-4.15781e-04
1.16520e-04
-6.78570e-05
6.74357e-05
3.03270e-04
8.66691e-05
8.98682e-04
-4.04536e-04
2.81156e-04
-1.97108e-04
1.14778e-04
5.20761e-04
-6.49690e-04
-1.32854e-04
-1.79306e-04
-3.21142e-04
-3.44392e-04
-2.27141e-04
-4.54050e-04
5.75805e-04
7.43327e-04
-3.00800e-04
-3.51117e-04
2.81731e-04
2.70085e-04
-1.51460e-04
-4.85353e-04
6.24225e-05
5.85708e-04
-1.69684e-04
-1.32348e-04
-5.56469e-04
-3.95388e-04
3.79251e-04
-4.18676e-04
6.98077e-05
5.20911e-04
7.61680e-05
5.35006e-04
4.42157e-04
-6.41924e-04
-6.48410e-04
1.15919e-04
7.50061e-04
-1.17718e-05
3.65584e-06
4.90483e-06
-1.88483e-04
-7.76302e-04
-3.44530e-04
5.66746e-04
1.25873e-04
2.36688e-04
-3.69175e-04
7.93548e-05
2.95867e-04
-5.88417e-04
-6.60638e-04
-4.36391e-04
6.47612e-04
5.43167e-04
1.69324e-04
-3.48886e-04
-4.49463e-04
1.16367e-04
2.38786e-04
1.40787e-04
7.71068e-04
2.87662e-04
-4.01982e-04
1.25180e-04
-3.18266e-04
-8.37042e-05
-5.98044e-04
1.44380e-04
-1.41995e-05
-3.35191e-04
3.51807e-04
1.09445e-04
-3.15954e-04
9.64901e-05
1.13848e-05
-3.52142e-04
3.55481e-04
6.31294e-04
-1.48576e-04
-2.19501e-04
5.50227e-05
1.28464e-04
2.25108e-04
-3.13719e-04
-7.36537e-04
1.90216e-04
9.35121e-05
5.39473e-04
3.68008e-04
-3.91235e-04
-1.52801e-04
-2.13412e-04
-4.60926e-04
-2.12179e-04
2.59563e-04
1.71884e-04
1.58966e-04
-2.47092e-04
-3.06413e-04
1.17638e-04
-1.90220e-05
-8.46579e-04
3.76406e-05
-9.77293e-05
-3.18172e-04
5.17417e-05
-2.40884e-04
-2.28020e-04
-2.16444e-04
-2.31937e-04
-2.24228e-04
3.01655e-04
4.30529e-04
-5.25924e-04
2.24243e-04
8.11413e-05
3.41493e-04
3.24713e-04
-3.66208e-04
-1.17595e-05
5.74707e-04
3.82625e-04
-6.16364e-04
-6.84702e-04
-4.12748e-04
5.95219e-04
7.05788e-05
-9.70114e-05
6.00310e-04
3.92761e-04
-6.79698e-04
9.10959e-05
7.98730e-04
2.23820e-04
2.04465e-04
1.20660e-04
-7.52861e-05
7.44311e-07
4.91829e-04
6.65823e-04
3.83515e-04
-6.87654e-04
-3.96362e-04
4.05867e-05
4.90425e-04
1.15311e-04
-9.48130e-05
4.13030e-04
-7.26454e-04
-5.08633e-04
-8.05118e-04
-2.54737e-04
-2.72801e-04
-6.35024e-04
-7.25270e-04
-3.17967e-04
2.90419e-04
1.42169e-04
7.22197e-04
-1.62066e-04
-3.15472e-04
4.29548e-04
2.50362e-04
2.56792e-04
3.81808e-04
-4.09647e-04
2.73052e-05
5.28707e-04
5.68650e-04
7.01401e-04
-2.71800e-04
-4.36805e-04
-1.44219e-04
-2.16417e-04
-4.78095e-04
-3.08303e-05
8.94650e-04
1.44445e-04
2.96532e-04
3.81592e-04
7.60881e-05
2.88758e-04
-4.58868e-04
1.99792e-04
4.56288e-04
-6.53544e-04
-6.56134e-04
-4.17683e-04
7.34093e-05
3.26039e-04
-7.02586e-04
2.12585e-04
-9.42063e-05
-6.13680e-04
7.43614e-04
-2.97908e-05
-1.49678e-04
-3.00500e-04
-1.61300e-04
-1.17485e-04
1.22256e-04
1.98296e-04
4.23182e-05
-1.18815e-04
-2.45146e-04
3.16843e-04
-6.72854e-05
3.06681e-05
-6.07391e-04
-4.32098e-04
8.09107e-05
4.70176e-04
1.58232e-04
2.47163e-04
-5.62330e-04
-6.57724e-04
-1.04756e-04
2.31661e-04
1.49158e-04
-8.93130e-05
4.30141e-04
-7.42846e-04
-3.13621e-04
4.90701e-04
7.84583e-04
-3.43290e-04
2.07101e-04
-1.38355e-04
2.92065e-05
2.10947e-04
4.63582e-04
4.67442e-04
-4.87705e-04
1.37448e-04
4.57111e-04
5.42178e-04
-7.81620e-04
2.25075e-04
6.83949e-04
3.42928e-05
2.06239e-06
-3.14569e-05
6.65008e-05
-2.50596e-04
-1.61661e-04
-2.64785e-04
-1.13978e-04
-8.57730e-04
3.43603e-04
3.46176e-04
-3.18947e-04
-1.83607e-04
-5.39372e-04
7.52190e-04
-2.08111e-04
-5.47119e-04
7.96003e-04
2.34000e-04
2.68799e-04
4.80190e-04
-6.74747e-04
-3.82150e-04
9.73499e-05
4.77598e-04
1.97885e-04
-1.42411e-04
1.73388e-04
1.88853e-04
-2.70030e-04
5.21406e-04
7.48266e-04
3.29342e-04
-1.22423e-05
-3.73161e-04
1.83680e-04
1.83677e-04
2.88083e-04
1.03756e-04
2.89929e-05
3.34482e-04
-5.40743e-04
-6.88979e-04
2.03000e-04
6.97970e-04
6.55432e-04
-1.32141e-04
-3.54679e-05
9.68653e-04
-3.88653e-04
2.49396e-04
4.60789e-04
-4.35059e-04
6.97962e-04
5.67774e-04
7.26319e-04
3.82158e-04
-5.47203e-04
-6.68368e-04
2.05566e-04
1.90099e-04
4.74965e-04
7.36630e-04
5.67773e-04
1.97833e-04
-2.58468e-04
-6.46454e-04
-3.93811e-04
6.96674e-04
5.65198e-04
7.64992e-04
3.13847e-04
2.51976e-04
1.60922e-05
-8.16593e-04
-2.39125e-04
5.48448e-04
7.54688e-04
3.84749e-04
-5.39454e-04
-6.15503e-04
-5.23983e-04
-6.68348e-04
2.15900e-04
7.45676e-04
6.05178e-04
1.79814e-04
-2.17193e-04
-6.54158e-04
1.61186e-05
1.99879e-05
-2.98390e-04
6.49019e-04
6.42577e-04
6.99295e-04
-6.63620e-05
-7.75303e-04
3.03583e-04
1.60508e-04
3.25443e-06
5.87169e-04
7.25094e-04
4.42809e-04
-5.80645e-04
-5.34239e-04
-6.28331e-04
1.91469e-04
8.03742e-04
5.49815e-04
8.05038e-04
-1.75879e-04
-5.97375e-04
-6.06394e-04
1.94072e-04
7.94744e-04
5.75620e-04
7.72839e-04
-1.21715e-04
-6.69531e-04
-4.72312e-04
-6.68234e-04
2.39218e-04
7.87043e-04
-8.17311e-05
-7.49423e-04
3.06263e-04
7.03276e-04
1.70929e-04
4.48066e-04
1.08354e-03
8.63129e-04
-6.46272e-04
-3.58822e-04
7.65181e-04
3.88801e-04
-4.47748e-04
-1.25078e-03
3.47569e-04
2.09415e-03
1.10164e-03
-1.10007e-04
-1.22627e-03
-5.39230e-04
-7.51907e-04
-1.79727e-03
-1.61681e-03
9.88419e-05
-7.09348e-04
-1.76373e-03
-1.84236e-03
-8.65299e-04
1.57863e-03
1.94986e-03
1.88671e-03
1.94859e-03
1.73591e-03
-2.61320e-05
-1.41566e-03
-1.70309e-03
3.01289e-04
7.18928e-04
7.49870e-04
2.85840e-04
-1.79071e-03
-1.88352e-03
-3.12996e-03
-2.56022e-03
1.77597e-04
8.92993e-04
3.25844e-04
4.10924e-04
2.81103e-03
2.95153e-03
-1.06366e-03
-3.92263e-03
-4.13788e-03
-2.10385e-03
-2.46476e-03
-3.01773e-03
-5.05486e-04
5.22536e-03
7.49528e-03
2.87942e-03
5.29600e-04
3.78559e-03
5.57472e-03
5.70869e-04
-2.65546e-03
-8.09623e-04
1.48607e-03
-9.97800e-04
-6.37674e-03
-9.94981e-03
-1.03803e-02
-6.47855e-03
1.42425e-03
4.25358e-03
3.17858e-03
3.04324e-03
3.55498e-03
2.65140e-03
3.10606e-04
-5.13050e-04
3.80227e-04
2.03530e-03
-1.07116e-03
-3.88244e-03
-4.70474e-04
5.19980e-03
4.60945e-03
3.31273e-03
7.34599e-03
7.02117e-03
1.71441e-03
-1.12265e-03
-2.13965e-03
-4.18843e-04
-1.19223e-03
-4.52812e-03
-3.76117e-03
-3.82690e-03
-4.39146e-03
-5.45100e-03
-2.23110e-03
1.62685e-03
2.08574e-03
7.49230e-05
-7.30324e-03
-1.24527e-02
-6.56205e-03
5.36626e-03
1.02116e-02
5.28120e-03
-2.08150e-03
-3.62698e-03
3.56816e-03
1.03663e-02
7.15543e-03
-1.03866e-03
-4.29464e-03
-1.18043e-03
4.69994e-03
6.15780e-03
1.98812e-04
-2.97467e-03
8.03365e-04
7.33769e-04
-2.48998e-03
-3.91946e-03
-3.21567e-03
1.33318e-03
3.24219e-03
-3.04936e-03
-1.26600e-02
-1.24358e-02
-6.64704e-04
1.12133e-02
1.10844e-02
1.64390e-03
-4.05729e-03
-2.70126e-03
1.69420e-03
4.60346e-03
5.76742e-03
4.40755e-03
1.81540e-03
1.90564e-03
-5.03471e-04
-6.88138e-03
-8.20516e-03
9.51825e-04
4.16786e-03
-1.95740e-03
-6.73825e-03
-4.49927e-03
5.69041e-04
2.95755e-03
7.48320e-03
9.32259e-03
2.97562e-03
-1.14030e-02
-2.07869e-02
-1.58191e-02
-6.33986e-03
-9.26715e-03
-9.66286e-03
4.06101e-03
1.26199e-02
1.43433e-02
1.71765e-02
2.15243e-02
1.69806e-02
6.23946e-03
2.21009e-03
-4.47793e-04
-9.29866e-04
1.67261e-03
-2.99996e-03
-1.72974e-02
-1.70667e-02
-7.90859e-05
5.15164e-03
-3.67277e-03
-8.30409e-03
-4.39965e-04
3.25171e-03
-1.42087e-03
-4.32624e-03
-3.23918e-04
3.67325e-03
-2.14524e-03
-1.21877e-02
-1.52633e-02
-9.11477e-03
4.04710e-03
1.17114e-02
8.41550e-03
1.73597e-03
-6.78294e-04
5.52820e-03
1.34555e-02
1.47844e-02
1.40497e-02
1.33743e-02
7.45786e-03
-1.88343e-03
-7.12961e-03
7.37102e-04
1.04522e-02
1.20055e-02
3.98280e-03
-5.97334e-03
-1.04229e-02
-1.22120e-02
-7.44404e-03
-3.97923e-03
-8.46233e-03
-1.93388e-02
-1.99756e-02
-7.85389e-03
-2.04570e-03
-4.78093e-03
-9.18926e-03
-5.59813e-03
4.79113e-03
6.92958e-03
-1.83812e-03
-8.33977e-03
2.95952e-03
2.25174e-02
2.59010e-02
1.24594e-02
-1.02857e-03
-5.03345e-03
-8.53820e-03
-3.88365e-03
1.36878e-02
2.26077e-02
1.04035e-02
-7.99420e-03
-1.11329e-02
-4.11062e-04
9.36979e-03
5.12516e-03
-5.48449e-03
-4.95213e-03
-1.45510e-03
-5.08230e-03
-4.89023e-03
5.56090e-03
8.71249e-03
-8.50066e-03
-1.87803e-02
-1.07538e-02
-9.66493e-04
-2.05955e-03
-7.90510e-03
-3.94661e-03
1.41560e-03
7.01497e-03
1.24764e-02
1.04579e-02
1.41306e-03
-6.22419e-03
-8.05584e-03
-8.35229e-03
-8.00039e-03
-2.59952e-03
-3.09706e-03
-1.24770e-02
-1.11313e-02
7.05484e-04
1.10393e-02
1.28761e-02
1.38274e-02
1.24585e-02
3.22808e-03
-8.21813e-03
-8.34057e-03
2.15438e-03
7.96257e-03
6.10257e-03
-1.01908e-03
-5.46608e-03
-9.71200e-03
-1.18440e-02
-1.14006e-02
-8.54673e-03
1.63629e-03
4.77499e-03
-5.29716e-03
-8.39330e-03
-5.12417e-04
7.17254e-03
9.35868e-03
9.19241e-03
5.22491e-03
-3.85988e-03
-4.72220e-03
5.83978e-03
5.88104e-03
-4.85267e-04
1.61814e-04
1.69959e-03
2.26933e-03
-2.66620e-03
-3.40607e-03
-1.65304e-03
-5.09978e-03
-8.03996e-03
-5.51740e-03
-1.43130e-03
2.79789e-03
9.46326e-03
1.48242e-02
1.48048e-02
7.67932e-03
1.00366e-03
2.62521e-03
8.54297e-03
5.33211e-03
-4.71168e-03
-9.30048e-03
-2.73049e-03
8.94647e-03
6.72941e-03
-2.16589e-03
-2.19295e-03
2.56214e-03
1.20871e-03
-5.48242e-03
-1.23824e-02
-1.29560e-02
-4.01204e-04
1.11288e-02
3.53539e-03
-8.52954e-03
-1.20034e-03
1.14356e-02
6.67797e-03
-1.09064e-02
-1.61577e-02
-8.81694e-03
3.58830e-03
1.36630e-02
1.35973e-02
4.38492e-03
-5.98499e-03
-2.45573e-03
7.17818e-03
6.31973e-03
3.33572e-03
-7.73563e-04
-6.16926e-03
-6.13832e-03
-5.19348e-03
-1.05260e-02
-1.62401e-02
-1.20251e-02
-6.29553e-03
-1.08109e-02
-1.23770e-02
5.39997e-04
1.59395e-02
2.04085e-02
1.11548e-02
-5.21015e-03
-1.30047e-02
-2.16039e-03
1.37329e-02
1.69837e-02
1.31116e-02
1.19902e-02
6.32635e-03
-1.08404e-03
-4.56301e-03
-1.81728e-04
5.50659e-03
6.49685e-04
-6.43717e-03
-7.85247e-03
-6.91794e-03
-1.43747e-02
-2.04394e-02
-8.71864e-03
4.55151e-03
7.44143e-03
8.95986e-03
4.14034e-03
-1.32339e-02
-2.48658e-02
-1.46338e-02
8.71886e-03
1.98931e-02
1.54242e-02
6.99035e-03
-1.50150e-03
-3.16816e-03
2.98548e-03
1.71712e-03
1.28145e-03
8.74986e-03
1.06898e-02
5.37143e-03
-3.73580e-04
-9.07215e-04
1.56894e-03
7.12707e-03
6.23767e-03
-1.59046e-02
-2.80752e-02
-1.37121e-03
2.74519e-02
1.44344e-02
-2.06751e-02
-3.06312e-02
-1.39878e-02
1.16541e-02
1.86301e-02
3.53861e-03
-1.33033e-02
-2.25080e-02
-2.45626e-02
-2.14330e-02
-6.04628e-03
1.89627e-02
2.97683e-02
8.56958e-03
-1.08490e-02
2.94286e-04
2.32396e-02
1.84909e-02
-2.01814e-03
-1.73327e-03
1.38893e-02
1.47233e-02
-6.42646e-03
-2.27218e-02
-1.36860e-02
7.64030e-03
1.03910e-02
-5.94821e-03
-1.84037e-02
-2.02405e-02
-1.78391e-02
-1.44310e-02
-9.99431e-03
6.57435e-03
2.52467e-02
2.83622e-02
1.77009e-02
7.14024e-03
-3.13974e-04
-3.79939e-03
-6.03192e-03
-8.93214e-03
-9.24149e-03
-8.96177e-03
-8.86638e-03
-1.37658e-02
-1.26186e-02
4.35093e-03
2.45236e-02
2.47440e-02
7.66236e-03
-1.17833e-02
-1.71726e-02
-2.64051e-03
1.82862e-02
2.67020e-02
1.47815e-02
-1.72015e-03
-1.17059e-02
-1.54376e-02
-1.02610e-02
7.19452e-03
1.77372e-02
2.76685e-03
-2.28660e-02
-2.58332e-02
-2.30530e-03
1.69432e-02
1.96758e-02
2.42234e-02
2.59055e-02
6.77565e-03
-1.32024e-02
-8.42152e-03
8.40623e-03
4.98011e-03
-1.03073e-02
-3.61228e-03
9.39233e-03
9.37687e-03
2.76178e-03
-1.59371e-03
1.37742e-03
8.56869e-03
1.30363e-02
1.39548e-03
-7.88653e-03
6.00944e-05
1.41887e-02
1.65966e-02
-3.82361e-03
-2.95647e-02
-3.48186e-02
-2.12172e-02
-1.11167e-02
-1.52827e-02
-1.49321e-02
-7.54618e-03
-6.69287e-03
-4.29277e-03
-7.92642e-03
-2.01396e-02
-2.69570e-02
-2.68294e-02
-2.36624e-02
-1.81455e-02
-4.37008e-03
1.38021e-02
2.19279e-02
2.14303e-02
1.69395e-02
1.07408e-02
-1.46467e-03
-1.32834e-02
-6.71213e-03
1.12577e-02
1.70774e-02
3.56627e-03
-1.27085e-02
-3.42906e-03
2.29372e-02
3.04417e-02
1.11468e-02
-1.74391e-02
-2.87641e-02
-1.95208e-02
-8.50378e-03
-1.26840e-02
-1.64736e-02
-6.45170e-03
1.13415e-02
2.15426e-02
1.31590e-02
6.60706e-03
3.50309e-04
-6.06241e-03
-2.74841e-03
1.21910e-02
3.59767e-02
5.24693e-02
5.80777e-02
5.82736e-02
5.23520e-02
4.58993e-02
5.14304e-02
6.44440e-02
7.25466e-02
6.66611e-02
5.33987e-02
4.19125e-02
3.16882e-02
1.75300e-02
-3.11701e-03
-1.97720e-02
-3.33773e-02
-5.19645e-02
-8.14321e-02
-1.07276e-01
-1.10102e-01
-9.87535e-02
-9.42343e-02
-1.02517e-01
-9.87741e-02
-7.18472e-02
-2.98171e-02
1.49263e-02
4.49417e-02
6.57563e-02
8.83819e-02
1.07153e-01
1.12853e-01
1.11286e-01
1.07436e-01
9.51839e-02
7.87467e-02
4.99262e-02
3.29448e-03
-4.29016e-02
-6.55672e-02
-6.16138e-02
-4.00297e-02
-1.72741e-03
3.81977e-02
4.22516e-02
-6.15636e-03
-7.12864e-02
-1.20397e-01
-1.30071e-01
-1.15606e-01
-1.23289e-01
-1.52931e-01
-1.80626e-01
-1.89528e-01
-1.73345e-01
-1.56054e-01
-1.48279e-01
-1.36625e-01
-1.26327e-01
-9.52074e-02
-1.92989e-02
7.38705e-02
1.54092e-01
2.16788e-01
2.63151e-01
2.89246e-01
3.02798e-01
2.84177e-01
2.46107e-01
2.30197e-01
2.24373e-01
2.30762e-01
2.25430e-01
1.63887e-01
5.12952e-02
-5.73330e-02
-1.17994e-01
-1.33948e-01
-1.30100e-01
-1.22341e-01
-1.18267e-01
-1.31994e-01
-1.55016e-01
-1.68896e-01
-1.61295e-01
-1.13347e-01
-6.09228e-02
-3.68819e-02
-3.48827e-02
-3.88322e-02
-6.02913e-02
-8.51481e-02
9.97025e-03
1.15330e-01
5.85626e-02
-1.27082e-02
1.09821e-02
1.99399e-03
-8.07462e-02
-1.44278e-01
-1.21799e-01
-5.67916e-02
-5.31329e-03
1.48484e-03
-2.01096e-02
-7.11013e-03
2.94443e-02
7.45937e-02
1.11149e-01
1.32888e-01
1.38557e-01
1.13529e-01
6.64885e-02
8.32293e-03
-4.67672e-02
-7.18470e-02
-6.44817e-02
-5.33487e-02
-6.44791e-02
-8.92677e-02
-1.00571e-01
-7.83100e-02
-1.95450e-02
5.04484e-02
9.47432e-02
9.86037e-02
8.51647e-02
8.81358e-02
1.02490e-01
1.15118e-01
1.00453e-01
3.83525e-02
-4.05272e-02
-1.02824e-01
-1.30111e-01
-1.05925e-01
-4.43271e-02
2.78112e-02
8.57602e-02
8.67076e-02
3.26887e-02
-3.47499e-02
-4.79762e-02
9.84137e-03
6.50140e-02
7.12707e-02
3.97085e-02
3.00972e-03
-2.09655e-02
-3.47048e-02
-5.31605e-02
-7.96505e-02
-9.63520e-02
-9.03144e-02
-6.04253e-02
-1.88451e-02
5.05019e-03
1.87928e-03
-1.02862e-02
-7.39500e-03
1.44791e-02
3.93450e-02
5.29542e-02
4.71898e-02
3.56920e-02
3.46853e-02
4.87765e-02
5.77247e-02
2.99934e-02
-2.07193e-02
-6.10582e-02
-6.57862e-02
-2.57025e-02
4.15556e-02
1.01740e-01
1.14145e-01
6.97806e-02
1.00630e-02
-1.98183e-02
-2.99085e-02
-4.91273e-02
-8.00218e-02
-1.17508e-01
-1.46633e-01
-1.50437e-01
-1.31722e-01
-9.84273e-02
-5.96584e-02
-2.65649e-02
-1.87330e-02
-2.81181e-02
-2.43646e-02
-7.98281e-03
2.06547e-02
6.18494e-02
9.50190e-02
1.06049e-01
1.00131e-01
8.58156e-02
7.20724e-02
6.06855e-02
5.62501e-02
6.69100e-02
8.49881e-02
8.59845e-02
7.11237e-02
7.20079e-02
8.73766e-02
9.46452e-02
8.05668e-02
5.58956e-02
4.64641e-02
4.28639e-02
1.52718e-02
-2.66551e-02
-5.49768e-02
-5.44883e-02
-3.01367e-02
-2.03455e-02
-3.59320e-02
-4.79840e-02
-3.05582e-02
7.09315e-03
2.07126e-02
3.22093e-04
-3.00143e-02
-6.31232e-02
-1.01873e-01
-1.41481e-01
-1.67177e-01
-1.54654e-01
-1.12525e-01
-7.98930e-02
-6.68549e-02
-6.30343e-02
-4.94509e-02
-1.35797e-02
3.93346e-02
8.79372e-02
1.26597e-01
1.60492e-01
1.80158e-01
1.82060e-01
1.64357e-01
1.37521e-01
1.10823e-01
7.06763e-02
1.51622e-02
-3.81826e-02
-7.55079e-02
-9.67646e-02
-1.07382e-01
-1.07253e-01
-1.05612e-01
-1.01854e-01
-9.48440e-02
-9.03983e-02
-7.96533e-02
-6.45927e-02
-4.97487e-02
-2.32691e-02
1.25184e-02
3.63699e-02
3.02394e-02
6.95385e-03
-1.55919e-02
-3.01832e-02
-3.54977e-02
-2.86197e-02
-8.57204e-03
1.15323e-02
1.94055e-02
2.32170e-02
3.70814e-02
4.41979e-02
3.20530e-02
1.22928e-02
3.68368e-04
-4.73990e-03
-1.47824e-02
-1.90567e-02
6.35177e-04
3.01633e-02
4.34257e-02
2.89620e-02
-1.03279e-03
-2.21761e-02
-2.51987e-02
-1.70665e-02
-2.03563e-03
1.96439e-02
3.74461e-02
4.19047e-02
2.22786e-02
5.09117e-03
1.07692e-02
9.51626e-03
-2.85540e-02
-8.79068e-02
-1.16433e-01
-9.49640e-02
-4.76104e-02
-8.32594e-03
1.36926e-02
4.12060e-02
7.10474e-02
7.66481e-02
6.29745e-02
5.18595e-02
4.43473e-02
2.05989e-02
3.07127e-03
1.78946e-02
3.25749e-02
1.37003e-02
-2.60083e-02
-6.51897e-02
-9.11164e-02
-9.69646e-02
-8.68834e-02
-7.15148e-02
-6.32563e-02
-5.35914e-02
-2.76389e-02
7.54788e-03
2.91861e-02
2.53772e-02
1.40121e-02
5.13101e-03
-3.45752e-03
-1.96653e-02
-4.02968e-02
-2.90079e-02
2.09624e-02
7.61195e-02
1.15637e-01
1.37912e-01
1.52756e-01
1.65836e-01
1.70262e-01
1.67938e-01
1.69444e-01
1.74126e-01
1.70326e-01
1.34199e-01
6.19689e-02
-2.33119e-02
-9.98237e-02
-1.54269e-01
-1.96382e-01
-2.25553e-01
-2.19718e-01
-1.87651e-01
-1.52404e-01
-1.23038e-01
-8.74043e-02
-2.60845e-02
2.56774e-02
5.04389e-02
6.58332e-02
6.42710e-02
5.70411e-02
5.63115e-02
5.10369e-02
3.39346e-02
3.18966e-03
-2.54104e-02
-3.38765e-02
-3.02931e-02
-2.85904e-02
-3.63514e-02
-6.39731e-02
-1.07480e-01
-1.34821e-01
-1.15070e-01
-5.03344e-02
2.29704e-02
6.73761e-02
8.64299e-02
1.06158e-01
1.21738e-01
1.13450e-01
8.28027e-02
4.91137e-02
3.96280e-02
5.80141e-02
7.60097e-02
7.09491e-02
4.12444e-02
6.28442e-03
-1.90945e-02
-4.45417e-02
-7.75153e-02
-1.01163e-01
-8.51165e-02
-3.20218e-02
5.33054e-03
2.46382e-03
-1.89115e-02
-3.38986e-02
-2.79757e-02
-8.66532e-03
-1.18662e-03
-8.74009e-03
-1.80414e-02
-8.82131e-03
2.69597e-02
6.24894e-02
8.37513e-02
8.84522e-02
7.52594e-02
4.31275e-02
-2.63162e-03
-4.37439e-02
-5.18220e-02
-2.18285e-02
2.13539e-02
5.32576e-02
5.62816e-02
4.79483e-02
4.86443e-02
4.76930e-02
3.63190e-02
2.28233e-02
1.37952e-02
9.34432e-03
4.34562e-03
-4.47752e-03
-9.83069e-03
-2.17668e-03
3.70497e-03
-6.51156e-03
-2.59224e-02
-4.76368e-02
-7.13361e-02
-1.00176e-01
-1.27276e-01
-1.35448e-01
-1.21464e-01
-9.70953e-02
-9.56606e-02
-1.18019e-01
-1.30025e-01
-1.15418e-01
-8.18504e-02
-3.96489e-02
5.25168e-03
3.54140e-02
3.64143e-02
2.35579e-02
2.42642e-02
3.39484e-02
2.73771e-02
-3.05459e-03
-2.53335e-02
-1.53387e-02
1.69569e-02
4.11332e-02
3.52760e-02
1.34419e-02
9.07725e-04
6.51611e-03
1.82691e-02
1.77226e-02
7.80637e-03
8.46504e-03
2.55364e-02
3.41443e-02
1.97836e-02
7.34958e-04
-5.62621e-03
4.04378e-03
2.41301e-02
4.52682e-02
5.21836e-02
3.63059e-02
1.29558e-02
7.75217e-03
2.21373e-02
2.96005e-02
4.58383e-03
-3.85097e-02
-6.93603e-02
-7.27749e-02
-5.68404e-02
-3.79851e-02
-1.96041e-02
-7.72992e-03
-1.01867e-02
-2.57758e-02
-3.19500e-02
-1.84724e-02
4.47163e-03
1.34765e-02
6.69383e-03
2.73405e-03
5.04134e-03
9.04880e-03
1.84421e-04
-3.00617e-02
-4.85432e-02
-3.38745e-02
-5.85125e-04
3.95334e-02
6.53982e-02
6.83603e-02
6.16730e-02
6.17568e-02
7.91697e-02
1.08113e-01
1.38904e-01
1.63055e-01
1.73219e-01
1.65518e-01
1.41304e-01
1.11295e-01
8.01622e-02
5.18393e-02
3.49999e-02
2.46622e-02
6.81745e-03
-1.59809e-02
-1.85396e-02
4.94946e-04
1.39455e-02
1.03016e-02
-2.69502e-02
-7.21744e-02
-8.52203e-02
-5.98478e-02
-1.38051e-02
2.32868e-02
1.91930e-02
-2.02050e-02
-3.77404e-02
-8.68862e-04
7.31358e-02
1.44439e-01
1.77879e-01
1.82891e-01
1.61745e-01
9.46890e-02
-4.13444e-02
-1.81055e-01
-2.54824e-01
-2.93420e-01
-3.08215e-01
-3.23553e-01
-3.37619e-01
-3.15133e-01
-2.67748e-01
-2.07156e-01
-1.04675e-01
1.65876e-03
6.08775e-02
8.17475e-02
1.02699e-01
1.62807e-01
2.44878e-01
2.98742e-01
3.15120e-01
3.08876e-01
2.87283e-01
2.38206e-01
1.51676e-01
4.23946e-02
-5.77418e-02
-1.14500e-01
-1.03162e-01
-5.10068e-02
-2.42925e-02
-2.50208e-02
-1.00673e-02
5.21264e-02
1.30021e-01
1.74864e-01
1.67849e-01
1.19522e-01
3.55603e-02
-7.81182e-02
-1.81619e-01
-2.59631e-01
-3.13428e-01
-3.38186e-01
-3.69967e-01
-3.97045e-01
-3.90180e-01
-3.90293e-01
-3.60417e-01
-3.46729e-01
-3.28205e-01
-3.26557e-01
-3.70899e-01
-3.27514e-01
-2.62941e-01
-2.10503e-01
-1.54987e-01
-8.25782e-02
8.23625e-03
1.20062e-01
2.38312e-01
3.50677e-01
4.47878e-01
5.05210e-01
5.16327e-01
4.86103e-01
4.69907e-01
5.06443e-01
5.83906e-01
6.23010e-01
5.81799e-01
4.95304e-01
4.19577e-01
3.49424e-01
2.52043e-01
1.41113e-01
5.90752e-02
1.39051e-02
-2.09465e-02
-8.10869e-02
-1.68729e-01
-2.50135e-01
-2.93050e-01
-2.95548e-01
-2.79518e-01
-3.05455e-01
-3.89865e-01
-4.15735e-01
-3.68975e-01
-3.03965e-01
-2.19148e-01
-1.41917e-01
-8.86920e-02
-8.27987e-02
-1.24730e-01
-1.65645e-01
-1.93419e-01
-1.82350e-01
-1.30998e-01
-6.55560e-02
-3.70900e-03
3.93226e-02
7.45416e-02
1.02129e-01
1.15492e-01
1.09852e-01
8.71518e-02
4.11001e-02
-6.45716e-03
-3.29600e-02
-3.97865e-02
3.34688e-03
5.22962e-02
6.47994e-02
7.73748e-02
1.00743e-01
1.37097e-01
1.71806e-01
1.81103e-01
1.70370e-01
1.49873e-01
1.21129e-01
1.03481e-01
9.54812e-02
6.30850e-02
4.66053e-02
3.99116e-02
-1.03358e-02
-6.19843e-02
-7.66775e-02
-6.91227e-02
-6.33403e-02
-6.61142e-02
-6.61709e-02
-6.58088e-02
-7.31495e-02
-8.69508e-02
-8.90247e-02
-6.51552e-02
-4.26353e-02
-3.90584e-02
-5.59557e-02
-7.02841e-02
-4.08424e-02
4.22085e-02
1.33794e-01
1.87680e-01
1.91441e-01
1.70338e-01
1.47924e-01
1.14554e-01
8.51240e-02
7.31906e-02
7.16670e-02
6.79405e-02
5.19918e-02
2.06862e-02
-1.47365e-02
-2.83173e-02
-3.00111e-02
-2.86434e-02
-2.28314e-02
-3.93085e-02
-7.57160e-02
-1.08184e-01
-1.18214e-01
-9.68452e-02
-5.90069e-02
-3.91062e-02
-5.85068e-02
-9.84744e-02
-1.30400e-01
-1.43844e-01
-1.34535e-01
-1.19375e-01
-1.07403e-01
-9.10808e-02
-6.72320e-02
-4.04223e-02
-2.37518e-02
-1.94530e-02
-2.11700e-02
-2.83148e-02
-3.15773e-02
-2.04198e-02
3.40459e-03
4.03431e-02
7.50711e-02
8.95825e-02
8.86647e-02
8.35307e-02
7.00736e-02
5.41662e-02
4.84328e-02
5.38775e-02
5.94897e-02
5.84405e-02
5.38375e-02
4.76272e-02
4.31260e-02
3.97618e-02
2.85063e-02
6.11140e-03
1.22277e-02
3.65676e-02
4.33877e-02
3.39664e-02
1.54488e-02
1.05687e-02
1.46123e-02
1.42565e-02
-8.80101e-04
-2.18996e-02
-3.46026e-02
-4.10746e-02
-5.49287e-02
-7.65154e-02
-9.45187e-02
-1.01090e-01
-8.42210e-02
-4.78277e-02
-4.08714e-03
2.81079e-02
3.54139e-02
2.61255e-02
1.80590e-02
1.52296e-02
1.31853e-02
7.90817e-03
1.41682e-03
-6.85720e-03
-2.28316e-02
-4.35135e-02
-6.28290e-02
-7.05436e-02
-5.57370e-02
-2.41129e-02
1.54552e-02
5.07013e-02
7.26953e-02
8.27301e-02
8.39417e-02
8.99716e-02
1.08855e-01
1.33146e-01
1.52851e-01
1.55656e-01
1.31119e-01
8.97421e-02
4.68162e-02
1.44974e-02
9.38270e-03
3.75394e-02
7.82276e-02
1.01419e-01
8.61987e-02
4.20005e-02
-4.51906e-03
-4.24050e-02
-6.51234e-02
-7.35625e-02
-7.47548e-02
-8.10927e-02
-9.78573e-02
-1.15783e-01
-1.21084e-01
-1.03740e-01
-7.44931e-02
-4.59756e-02
-1.78498e-02
4.14421e-03
1.38993e-02
1.16874e-02
3.00989e-03
-4.48473e-04
6.27231e-03
6.69768e-03
-1.35420e-02
-4.58918e-02
-7.72915e-02
-1.00248e-01
-1.11314e-01
-1.06911e-01
-8.42276e-02
-5.60748e-02
-3.81205e-02
-3.74966e-02
-4.99199e-02
-6.08595e-02
-5.70029e-02
-4.04059e-02
-1.94431e-02
-1.29667e-03
8.86700e-03
8.68654e-03
-1.37917e-03
-7.90790e-03
-2.64367e-03
1.23421e-02
2.96751e-02
4.11587e-02
4.17826e-02
3.60221e-02
3.38411e-02
3.60982e-02
3.45462e-02
2.31013e-02
3.20058e-03
-1.90074e-02
-3.48607e-02
-4.17542e-02
-4.96609e-02
-6.25636e-02
-7.74257e-02
-8.10774e-02
-6.20932e-02
-2.51198e-02
9.74733e-03
2.99832e-02
3.84712e-02
3.69953e-02
2.89249e-02
2.21435e-02
2.26411e-02
2.72673e-02
2.81786e-02
2.00618e-02
9.12087e-03
4.24061e-04
2.23509e-03
1.63444e-02
3.80651e-02
6.34530e-02
8.99740e-02
1.13062e-01
1.22895e-01
1.17161e-01
9.99765e-02
8.56417e-02
8.38113e-02
9.09446e-02
9.08054e-02
7.86296e-02
6.35497e-02
5.60658e-02
5.29013e-02
4.24283e-02
2.59976e-02
1.19811e-02
4.00742e-03
-3.49450e-03
-1.59229e-02
-3.30768e-02
-4.54330e-02
-5.04562e-02
-5.23923e-02
-5.75521e-02
-6.38604e-02
-7.08583e-02
-8.27158e-02
-9.93218e-02
-1.20704e-01
-1.37986e-01
-1.36113e-01
-1.23145e-01
-1.08735e-01
-9.60194e-02
-8.28782e-02
-6.42175e-02
-3.66035e-02
2.65653e-03
4.70261e-02
9.01247e-02
1.19751e-01
1.31174e-01
1.30165e-01
1.30224e-01
1.31775e-01
1.25126e-01
1.05928e-01
8.08234e-02
6.21395e-02
5.12965e-02
4.12205e-02
2.85845e-02
2.10130e-02
1.88643e-02
1.19295e-02
4.93596e-04
1.94113e-03
1.92342e-02
3.85858e-02
4.42328e-02
2.77686e-02
4.40052e-03
-1.14205e-02
-1.42963e-02
-9.15707e-03
-7.29964e-03
-2.01586e-02
-4.55143e-02
-7.44946e-02
-1.00010e-01
-1.12094e-01
-1.16654e-01
-1.24422e-01
-1.35701e-01
-1.42542e-01
-1.37570e-01
-1.25470e-01
-1.15649e-01
-1.08226e-01
-9.21834e-02
-6.22131e-02
-3.09229e-02
-9.29113e-03
4.83490e-03
1.88191e-02
3.14680e-02
3.60800e-02
3.14577e-02
2.29645e-02
2.13249e-02
2.64280e-02
2.85020e-02
2.07694e-02
8.32677e-03
-8.49543e-04
-4.92404e-03
-8.58863e-03
-1.98402e-02
-3.11408e-02
-3.48428e-02
-3.14759e-02
-2.96004e-02
-2.97229e-02
-2.96675e-02
-2.63303e-02
-1.41429e-02
7.00555e-03
3.36257e-02
5.54058e-02
6.57564e-02
6.34826e-02
5.69693e-02
5.48863e-02
5.32687e-02
4.38745e-02
2.97614e-02
2.30780e-02
3.02344e-02
4.54780e-02
5.54148e-02
5.14254e-02
3.70261e-02
1.77557e-02
2.11127e-03
-5.68536e-04
6.39974e-03
9.51780e-03
2.14092e-03
-3.85932e-03
2.38373e-04
8.90296e-03
8.99963e-03
-2.12047e-03
-1.82663e-02
-3.34081e-02
-4.23730e-02
-4.36117e-02
-3.77133e-02
-2.75935e-02
-2.02179e-02
-2.43130e-02
-4.01186e-02
-5.94353e-02
-7.28163e-02
-7.15995e-02
-5.83990e-02
-4.57192e-02
-3.78461e-02
-3.24903e-02
-2.86311e-02
-3.00876e-02
-3.55362e-02
-3.41840e-02
-1.41300e-02
2.00102e-02
5.24914e-02
7.12733e-02
7.91606e-02
8.24127e-02
8.23109e-02
7.81139e-02
7.02124e-02
6.75004e-02
7.07010e-02
7.21807e-02
6.61612e-02
5.78936e-02
4.94971e-02
3.95771e-02
2.69772e-02
1.73278e-02
1.79491e-02
2.03711e-02
2.31128e-02
3.06031e-02
4.52383e-02
5.60594e-02
5.56752e-02
4.33706e-02
2.07668e-02
-3.00854e-03
-2.07192e-02
-3.00837e-02
-3.22016e-02
-3.12851e-02
-2.72789e-02
-1.61665e-02
5.49084e-04
1.03480e-02
8.74448e-03
9.41604e-03
1.73704e-02
3.03686e-02
3.31489e-02
1.77996e-02
-5.89456e-03
-2.01482e-02
-2.23704e-02
-2.53028e-02
-3.36220e-02
-4.38372e-02
-4.58120e-02
-3.80561e-02
-2.89107e-02
-2.59254e-02
-2.81644e-02
-3.34854e-02
-3.90331e-02
-4.37805e-02
-4.79491e-02
-4.92381e-02
-4.85510e-02
-4.62502e-02
-3.91453e-02
-2.78202e-02
-1.72428e-02
-9.52818e-03
-4.36578e-03
-1.71561e-03
2.50712e-03
7.33954e-03
8.19543e-03
6.57904e-03
4.92269e-03
2.97503e-03
5.97838e-03
1.15752e-02
1.66667e-02
1.96056e-02
1.64733e-02
1.36041e-02
1.42833e-02
1.91983e-02
2.57889e-02
3.15068e-02
3.12696e-02
2.58546e-02
1.99356e-02
1.59861e-02
1.37123e-02
1.41390e-02
1.75780e-02
2.11382e-02
1.88541e-02
8.70206e-03
-1.66528e-03
-7.62169e-03
-1.08687e-02
-1.31811e-02
-1.06534e-02
-2.22469e-03
5.58143e-03
7.91579e-03
6.45150e-03
3.62991e-03
2.33963e-03
1.53531e-03
-1.99265e-03
-3.90422e-03
-7.04945e-04
4.37367e-03
8.28576e-03
1.13561e-02
1.77160e-02
2.29145e-02
1.90875e-02
3.29094e-03
-1.24386e-02
-1.62218e-02
-1.30044e-02
-1.10787e-02
-1.40769e-02
-1.78820e-02
-1.68701e-02
-8.27642e-03
3.35284e-03
1.60713e-02
2.58947e-02
2.65843e-02
2.10842e-02
1.51316e-02
1.32110e-02
1.41765e-02
1.92242e-02
2.85693e-02
3.70496e-02
4.07877e-02
3.51097e-02
2.02167e-02
-4.43190e-04
-2.05347e-02
-3.04431e-02
-2.65684e-02
-1.83021e-02
-1.81410e-02
-2.68829e-02
-3.95214e-02
-5.04998e-02
-5.49932e-02
-5.00409e-02
-4.35289e-02
-4.48462e-02
-5.21935e-02
-5.13982e-02
-3.49803e-02
-9.82182e-03
1.09657e-02
1.48211e-02
5.57387e-03
-3.68880e-03
-2.19099e-03
9.93840e-03
2.29378e-02
3.35669e-02
4.34173e-02
4.94936e-02
5.00891e-02
4.81685e-02
4.68087e-02
4.32420e-02
3.69079e-02
3.43145e-02
3.94653e-02
4.98958e-02
5.71915e-02
5.86712e-02
5.64645e-02
5.12054e-02
4.14465e-02
2.47966e-02
7.11687e-03
-4.40282e-03
-8.52629e-03
-1.18751e-02
-2.30570e-02
-4.09753e-02
-6.07716e-02
-7.62356e-02
-8.23840e-02
-8.34835e-02
-8.43072e-02
-8.56001e-02
-8.66093e-02
-8.28287e-02
-7.32489e-02
-6.00394e-02
-4.44929e-02
-3.09108e-02
-2.08851e-02
-1.69162e-02
-1.92274e-02
-2.41114e-02
-2.29435e-02
-1.47224e-02
-4.60123e-03
6.13734e-03
1.67083e-02
2.40955e-02
2.47774e-02
1.74959e-02
5.89245e-03
-2.16888e-03
2.27427e-03
1.47156e-02
2.49038e-02
2.56591e-02
1.68643e-02
7.61457e-03
2.40577e-03
-2.97446e-03
-9.70298e-03
-1.02753e-02
-5.49829e-03
-2.43307e-03
-6.61970e-03
-1.10151e-02
-7.87259e-03
4.90387e-03
2.06978e-02
3.06978e-02
3.09311e-02
2.51861e-02
2.06399e-02
2.00444e-02
1.85466e-02
1.29498e-02
4.58038e-03
-2.14814e-03
-2.37758e-03
1.32827e-03
2.16870e-03
-4.60622e-03
-1.20836e-02
-1.67047e-02
-2.03461e-02
-2.42143e-02
-2.54182e-02
-2.04633e-02
-1.18864e-02
-5.67218e-03
-3.71034e-03
-4.03000e-03
-3.61534e-04
1.05807e-02
2.63566e-02
4.14494e-02
4.76172e-02
4.58036e-02
4.37142e-02
4.40300e-02
4.38160e-02
4.39243e-02
4.07134e-02
3.35093e-02
2.39901e-02
1.21224e-02
2.93061e-03
1.08349e-03
5.43126e-03
1.18079e-02
1.69278e-02
1.95973e-02
1.73248e-02
7.16884e-03
-7.44313e-03
-2.17638e-02
-3.25243e-02
-3.97245e-02
-4.60844e-02
-4.71878e-02
-3.54386e-02
-1.09685e-02
1.59250e-02
3.11724e-02
2.85017e-02
1.47714e-02
7.90987e-04
-7.24328e-03
-9.12648e-03
-1.02054e-02
-9.26697e-03
-9.76065e-03
-1.55882e-02
-2.88183e-02
-4.41844e-02
-5.02929e-02
-4.13073e-02
-2.16657e-02
-4.38940e-03
5.05889e-03
7.91272e-03
1.15322e-02
1.83639e-02
2.37067e-02
2.56234e-02
2.37982e-02
2.03296e-02
1.79359e-02
1.58852e-02
1.34348e-02
1.00873e-02
4.32165e-03
-2.71235e-03
-1.17378e-02
-2.11075e-02
-2.69376e-02
-2.52799e-02
-1.30320e-02
4.85920e-03
2.09832e-02
2.97767e-02
3.17656e-02
3.04134e-02
2.97341e-02
2.97793e-02
2.38589e-02
8.74554e-03
-1.05906e-02
-2.71695e-02
-3.48519e-02
-3.27122e-02
-2.59179e-02
-2.36184e-02
-2.91558e-02
-3.85100e-02
-4.55634e-02
-4.99021e-02
-5.69155e-02
-6.46894e-02
-7.20534e-02
-7.55065e-02
-7.41982e-02
-6.89843e-02
-6.57837e-02
-6.75032e-02
-7.08778e-02
-6.98195e-02
-5.90874e-02
-4.27881e-02
-2.61640e-02
-1.28488e-02
3.99476e-04
1.22878e-02
2.09009e-02
2.75868e-02
3.34028e-02
4.13558e-02
5.13726e-02
6.09291e-02
6.87146e-02
7.37056e-02
7.66162e-02
7.58080e-02
7.04587e-02
6.10942e-02
5.08042e-02
4.33422e-02
3.79298e-02
3.37818e-02
2.80007e-02
1.96274e-02
8.32171e-03
-5.01029e-03
-1.69631e-02
-2.46712e-02
-2.84338e-02
-2.79195e-02
-2.37354e-02
-1.62928e-02
-9.61581e-03
-9.37734e-03
-1.25315e-02
-1.39507e-02
-8.65420e-03
1.71185e-03
1.52256e-02
2.89121e-02
3.79995e-02
3.90100e-02
3.19438e-02
2.28216e-02
1.47152e-02
8.39917e-03
-1.77481e-03
-1.84466e-02
-3.45718e-02
-4.30083e-02
-3.94171e-02
-2.98619e-02
-2.54006e-02
-2.66200e-02
-2.65594e-02
-2.08247e-02
-9.12586e-03
2.11799e-03
9.71788e-03
1.72959e-02
2.57452e-02
3.21128e-02
3.32355e-02
3.08148e-02
2.70097e-02
2.49654e-02
2.56253e-02
2.85256e-02
3.03675e-02
2.90115e-02
2.76491e-02
3.08870e-02
4.01832e-02
4.89548e-02
5.31492e-02
4.94446e-02
3.78966e-02
2.28670e-02
1.24687e-02
9.62261e-03
8.31687e-03
5.43599e-03
6.88648e-04
2.47819e-04
3.55795e-03
7.43652e-03
9.51051e-03
1.05005e-02
9.51310e-03
7.05629e-03
3.65208e-03
-1.33372e-03
-6.35691e-03
-9.39118e-03
-9.08311e-03
-8.63840e-03
-6.90084e-03
-7.80957e-03
-1.22772e-02
-1.75337e-02
-2.35107e-02
-3.05447e-02
-3.70928e-02
-4.06903e-02
-3.87659e-02
-3.53127e-02
-3.43962e-02
-3.37195e-02
-3.17950e-02
-2.66042e-02
-1.84926e-02
-1.14780e-02
-4.89766e-03
5.61215e-04
1.73420e-03
-3.87470e-04
-2.64835e-03
-3.92187e-03
-5.03039e-03
-6.61584e-03
-8.58412e-03
-8.67434e-03
-7.84939e-03
-6.85428e-03
-9.05973e-03
-1.36240e-02
-1.78725e-02
-2.12484e-02
-2.29022e-02
-2.24214e-02
-2.14997e-02
-1.83378e-02
-1.11363e-02
-5.35384e-03
-3.12131e-03
-2.36338e-03
2.14036e-03
9.86012e-03
1.89398e-02
2.69109e-02
3.09261e-02
3.11942e-02
2.82682e-02
2.21623e-02
1.49284e-02
1.02017e-02
7.77845e-03
5.82564e-03
2.94346e-03
-2.22924e-03
-8.55430e-03
-1.13566e-02
-8.71671e-03
-3.45118e-03
4.14502e-04
5.77154e-03
1.33199e-02
1.82167e-02
1.83379e-02
1.50871e-02
1.21018e-02
8.32507e-03
3.70147e-03
-2.46118e-03
-8.67668e-03
-1.14300e-02
-1.14171e-02
-8.26290e-03
-6.73802e-03
-9.89604e-03
-1.48548e-02
-1.60690e-02
-1.04232e-02
2.90864e-04
8.38830e-03
1.42377e-02
2.07368e-02
2.73661e-02
3.23596e-02
3.36229e-02
3.13684e-02
2.69433e-02
2.10436e-02
1.27026e-02
2.76192e-03
-3.81321e-03
-5.94777e-03
-6.52394e-03
-4.87790e-03
-2.37534e-04
7.18189e-03
1.45962e-02
2.16907e-02
2.73159e-02
3.02033e-02
3.28006e-02
3.69447e-02
4.18042e-02
4.51581e-02
4.18867e-02
3.11275e-02
1.44828e-02
-3.73062e-03
-1.48920e-02
-1.78631e-02
-1.48327e-02
-1.26917e-02
-1.68164e-02
-2.23010e-02
-2.37860e-02
-2.02283e-02
-1.77922e-02
-2.10584e-02
-3.12350e-02
-4.51226e-02
-5.40707e-02
-5.42550e-02
-4.81865e-02
-4.06201e-02
-3.63484e-02
-3.80060e-02
-4.64141e-02
-6.03597e-02
-7.12877e-02
-7.42356e-02
-6.73434e-02
-5.33398e-02
-3.77662e-02
-2.67441e-02
-2.09875e-02
-1.76348e-02
-1.14386e-02
-2.96352e-03
4.31025e-03
7.27751e-03
4.26643e-03
3.17466e-03
2.87434e-03
4.23036e-03
7.85371e-03
1.17245e-02
1.42677e-02
1.63082e-02
1.78937e-02
1.83964e-02
2.00965e-02
2.23806e-02
2.49973e-02
2.65067e-02
2.55812e-02
2.51649e-02
2.76281e-02
3.34312e-02
3.92961e-02
4.19952e-02
4.30367e-02
4.47215e-02
4.91749e-02
5.64925e-02
6.10156e-02
5.66730e-02
4.93025e-02
4.40718e-02
3.89056e-02
2.99200e-02
1.76850e-02
7.35629e-03
5.06608e-04
-2.87569e-03
-2.18608e-03
1.25552e-03
3.32951e-03
2.94798e-03
3.49967e-03
7.14622e-03
1.05272e-02
1.15120e-02
9.65332e-03
6.39863e-03
4.06685e-03
1.81499e-03
-1.46419e-03
-4.03572e-03
-6.38554e-03
-8.84364e-03
-8.45178e-03
-7.03905e-03
-6.58403e-03
-6.88822e-03
-8.04960e-03
-9.97405e-03
-1.34298e-02
-1.93141e-02
-2.69178e-02
-3.25507e-02
-3.56120e-02
-3.70531e-02
-3.96259e-02
-4.09832e-02
-3.80559e-02
-3.17412e-02
-2.35561e-02
-2.04084e-02
-2.07680e-02
-2.24733e-02
-2.38770e-02
-2.38925e-02
-2.60502e-02
-2.75236e-02
-2.50706e-02
-2.17321e-02
-2.15027e-02
-2.58968e-02
-3.12126e-02
-3.15207e-02
-2.82454e-02
-2.43835e-02
-2.17179e-02
-2.05862e-02
-1.93294e-02
-1.78574e-02
-1.25107e-02
-3.28794e-03
8.24723e-03
2.23849e-02
3.43634e-02
4.28141e-02
4.73629e-02
4.85668e-02
4.79855e-02
4.53856e-02
3.73320e-02
2.52658e-02
1.37873e-02
6.22871e-03
5.90647e-03
9.25269e-03
1.28116e-02
1.50892e-02
1.56152e-02
1.84638e-02
2.36971e-02
2.82743e-02
3.12106e-02
3.11629e-02
2.71052e-02
1.95556e-02
9.92429e-03
4.63686e-03
5.40768e-03
1.07454e-02
1.39279e-02
1.21439e-02
9.52730e-03
8.07719e-03
7.45719e-03
2.83617e-03
-4.63867e-03
-1.18583e-02
-1.63788e-02
-1.75260e-02
-1.46399e-02
-9.20038e-03
-3.65128e-03
-2.99390e-03
-7.31201e-03
-1.44813e-02
-2.06711e-02
-2.43099e-02
-2.65566e-02
-2.79165e-02
-2.67603e-02
-2.29075e-02
-1.89322e-02
-1.75517e-02
-1.75955e-02
-1.75156e-02
-1.52044e-02
-1.18428e-02
-1.11841e-02
-1.09057e-02
-1.17757e-02
-9.41816e-03
-2.48598e-03
5.78289e-03
1.30051e-02
1.84975e-02
2.15563e-02
2.36921e-02
2.42051e-02
2.46833e-02
2.33196e-02
1.75965e-02
9.26834e-03
1.51323e-04
-2.99381e-03
-2.11987e-03
-6.56865e-04
2.47280e-03
6.63882e-03
1.34872e-02
2.09221e-02
2.51693e-02
2.51410e-02
2.41794e-02
2.40518e-02
2.50791e-02
2.68347e-02
2.48664e-02
1.79446e-02
7.71515e-03
-3.13813e-03
-1.11260e-02
-1.25606e-02
-1.37052e-02
-1.82283e-02
-2.26431e-02
-2.41538e-02
-2.03719e-02
-1.34900e-02
-5.42220e-03
1.30503e-03
5.63475e-03
4.16272e-03
-4.80211e-04
-4.16285e-03
-4.31624e-03
-2.03086e-03
-8.52721e-04
-2.73851e-03
-8.56216e-03
-1.18517e-02
-1.15384e-02
-7.69080e-03
-5.21594e-03
-8.56344e-03
-1.45598e-02
-1.71494e-02
-1.77694e-02
-1.95972e-02
-2.23376e-02
-2.42607e-02
-2.31483e-02
-2.06400e-02
-1.70347e-02
-1.37709e-02
-1.05098e-02
-7.88928e-03
-5.72120e-03
-5.21720e-03
-7.73331e-03
-1.09880e-02
-1.08295e-02
-5.29840e-03
2.08751e-03
6.74720e-03
8.54405e-03
9.46052e-03
1.24845e-02
1.76765e-02
2.14094e-02
2.16054e-02
1.96887e-02
1.98021e-02
2.16595e-02
2.29279e-02
2.29923e-02
2.28377e-02
2.37554e-02
2.42207e-02
2.42079e-02
2.33004e-02
2.06567e-02
1.83662e-02
1.56129e-02
1.14095e-02
4.44509e-03
-5.52653e-03
-1.26353e-02
-1.55484e-02
-1.71377e-02
-1.86046e-02
-2.24149e-02
-2.34460e-02
-2.24961e-02
-2.23285e-02
-2.35156e-02
-2.79034e-02
-3.07817e-02
-3.10047e-02
-3.04143e-02
-2.54453e-02
-1.77732e-02
-1.18323e-02
-8.07614e-03
-6.95214e-03
-6.40947e-03
-5.81912e-03
-1.85419e-03
3.89986e-03
6.60545e-03
4.03520e-03
-1.43526e-03
-7.03979e-03
-1.00186e-02
-8.73610e-03
-6.65180e-03
-4.31100e-03
-2.68171e-03
-3.07615e-03
-4.75054e-03
-6.12847e-03
-7.34528e-03
-7.17900e-03
-5.43242e-03
-3.18184e-03
-4.29852e-04
3.63562e-03
5.37962e-03
6.65959e-03
9.31104e-03
1.38135e-02
1.77977e-02
1.72048e-02
1.34500e-02
8.00400e-03
5.72378e-03
5.77662e-03
4.79184e-03
-1.52724e-04
-5.86810e-03
-8.79282e-03
-8.06325e-03
-6.33987e-03
-7.49094e-03
-1.00290e-02
-1.15770e-02
-1.12187e-02
-9.45923e-03
-5.78046e-03
-1.62476e-03
1.81427e-03
3.53378e-03
4.60621e-03
6.08984e-03
8.51829e-03
1.20437e-02
1.41679e-02
1.34190e-02
1.44979e-02
1.97132e-02
2.64069e-02
3.18206e-02
3.36458e-02
3.33571e-02
3.39706e-02
3.59273e-02
3.65344e-02
3.52931e-02
3.07984e-02
2.51243e-02
1.86471e-02
1.21532e-02
8.37004e-03
6.05115e-03
5.56648e-03
3.23599e-03
-2.51419e-03
-9.25689e-03
-1.16763e-02
-8.36105e-03
-2.69466e-03
2.96658e-03
6.61313e-03
9.22462e-03
1.05072e-02
8.94104e-03
6.18260e-03
4.83947e-03
4.29552e-03
5.37311e-03
8.00780e-03
1.23968e-02
1.43831e-02
1.05200e-02
3.07999e-03
-3.87024e-03
-8.25538e-03
-1.22899e-02
-1.71043e-02
-2.27359e-02
-2.91396e-02
-3.40365e-02
-3.56245e-02
-3.38869e-02
-3.21996e-02
-3.32992e-02
-3.57869e-02
-3.52120e-02
-3.19161e-02
-2.80156e-02
-2.54712e-02
-2.33856e-02
-1.88135e-02
-1.43536e-02
-9.73260e-03
-3.67952e-03
2.84276e-03
6.67879e-03
8.87136e-03
9.57901e-03
1.07700e-02
1.41820e-02
1.74998e-02
1.78865e-02
1.55831e-02
1.48252e-02
1.64764e-02
1.87450e-02
1.83931e-02
1.45738e-02
7.52433e-03
-1.22533e-03
-6.41738e-03
-6.51792e-03
-4.02631e-03
-1.85565e-03
-2.64452e-03
-2.75795e-03
-2.48082e-03
-3.87036e-03
-7.50015e-03
-1.36486e-02
-1.74254e-02
-1.76484e-02
-1.85893e-02
-2.19729e-02
-2.72630e-02
-3.00691e-02
-2.98629e-02
-2.76613e-02
-2.34063e-02
-1.92571e-02
-1.31202e-02
-7.10835e-03
-2.63169e-03
-8.10353e-04
-1.34400e-03
-4.81654e-03
-7.64845e-03
-7.66392e-03
-4.20299e-03
1.38735e-03
6.14114e-03
9.68327e-03
1.06732e-02
1.01989e-02
9.14704e-03
7.63248e-03
4.60077e-03
-3.79885e-04
-7.77740e-03
-1.25209e-02
-1.21729e-02
-7.46418e-03
-9.76708e-04
4.38548e-03
7.37722e-03
7.61181e-03
6.87708e-03
7.36303e-03
9.10574e-03
1.08368e-02
1.31055e-02
1.55017e-02
1.77071e-02
1.75176e-02
1.60546e-02
1.33890e-02
8.49859e-03
4.21656e-03
1.10880e-03
-1.75033e-04
-1.31064e-03
2.74814e-04
2.20314e-03
3.04484e-03
2.52022e-03
3.25623e-03
7.23146e-03
1.04204e-02
1.15676e-02
1.26529e-02
1.43054e-02
1.69233e-02
2.08831e-02
2.43544e-02
2.51870e-02
2.29674e-02
1.98055e-02
1.59553e-02
1.23100e-02
5.52478e-03
-4.93408e-03
-1.43579e-02
-1.74424e-02
-1.55876e-02
-1.32068e-02
-1.00037e-02
-8.40923e-03
-7.05838e-03
-6.92433e-03
-8.05993e-03
-1.03350e-02
-1.38707e-02
-1.63481e-02
-1.79491e-02
-1.68650e-02
-1.41943e-02
-9.90838e-03
-6.98496e-03
-7.00430e-03
-1.10324e-02
-1.54768e-02
-1.86581e-02
-2.13108e-02
-2.35137e-02
-2.32559e-02
-1.94392e-02
-1.46996e-02
-9.60940e-03
-4.90718e-03
2.64242e-04
4.04613e-03
6.50809e-03
8.91334e-03
1.14204e-02
1.43542e-02
1.63675e-02
1.63186e-02
1.47202e-02
1.29375e-02
1.17645e-02
1.38527e-02
1.90976e-02
2.33203e-02
2.62373e-02
2.77712e-02
2.91594e-02
3.21898e-02
3.40872e-02
3.42161e-02
3.20751e-02
2.86528e-02
2.56739e-02
2.42457e-02
2.32274e-02
2.16200e-02
1.98657e-02
1.73561e-02
1.46633e-02
1.30457e-02
1.13829e-02
1.03272e-02
8.13460e-03
3.62313e-03
-1.44002e-03
-5.36500e-03
-7.55113e-03
-8.70221e-03
-1.09038e-02
-1.41740e-02
-1.80513e-02
-2.00221e-02
-1.95813e-02
-1.78399e-02
-1.42900e-02
-1.26401e-02
-1.15290e-02
-9.52852e-03
-6.94024e-03
-4.70127e-03
-4.20760e-03
-4.23080e-03
-2.08207e-03
1.98146e-04
8.03963e-04
-1.13211e-03
-6.48786e-03
-9.43965e-03
-1.05057e-02
-1.01125e-02
-9.38683e-03
-7.45077e-03
-5.11900e-03
-4.32886e-03
-4.34949e-03
-3.35569e-03
-9.18216e-04
2.55173e-03
6.66876e-03
8.12788e-03
6.34005e-03
3.11370e-03
1.80408e-03
2.68316e-03
5.60014e-03
8.10335e-03
7.76304e-03
5.97650e-03
3.01826e-03
-3.56319e-04
-5.11141e-03
-8.79406e-03
-1.01075e-02
-1.25244e-02
-1.35079e-02
-1.52145e-02
-1.66260e-02
-1.93290e-02
-2.03911e-02
-2.00264e-02
-1.80710e-02
-1.50625e-02
-1.20604e-02
-7.30408e-03
-2.09786e-03
8.47466e-04
2.94464e-03
7.13127e-03
9.02092e-03
8.25138e-03
3.59813e-03
-6.33633e-04
-3.95536e-03
-5.84761e-03
-6.57203e-03
-6.75894e-03
-3.54034e-03
6.93975e-04
4.10721e-03
6.37066e-03
7.58875e-03
8.83777e-03
9.41136e-03
8.30927e-03
5.94139e-03
4.87023e-03
3.41237e-03
3.30151e-03
4.98879e-03
7.24838e-03
8.16355e-03
8.03722e-03
7.20839e-03
4.47444e-03
3.04365e-03
4.01554e-03
6.57289e-03
5.94901e-03
3.34137e-03
9.64469e-04
-1.53489e-03
-3.85894e-03
-4.10644e-03
-2.76977e-03
-1.57231e-03
-5.11477e-04
-5.26954e-04
-1.09541e-03
3.11600e-05
1.80996e-03
3.37349e-03
4.52712e-03
6.48896e-03
9.64568e-03
1.14915e-02
1.09411e-02
8.15429e-03
6.80213e-03
7.62321e-03
1.06897e-02
1.23087e-02
1.07528e-02
8.41719e-03
8.18130e-03
1.02037e-02
1.20921e-02
9.81184e-03
5.05933e-03
2.77781e-03
5.19594e-03
9.74606e-03
1.32805e-02
1.44496e-02
1.29556e-02
1.21796e-02
9.35803e-03
4.92519e-03
-2.24933e-03
-9.33105e-03
-1.56033e-02
-2.01044e-02
-2.13380e-02
-2.12259e-02
-1.91996e-02
-1.59939e-02
-1.15404e-02
-9.29503e-03
-9.07849e-03
-8.93671e-03
-6.79184e-03
-2.98676e-03
-1.76223e-03
-9.23107e-04
-2.48976e-04
1.00907e-03
1.15729e-03
-2.36037e-03
-7.43384e-03
-1.13163e-02
-1.36867e-02
-1.61668e-02
-1.86249e-02
-2.10353e-02
-2.35952e-02
-2.50930e-02
-2.47824e-02
-2.35785e-02
-2.19866e-02
-2.17778e-02
-2.03097e-02
-1.79083e-02
-1.53342e-02
-1.38944e-02
-1.32009e-02
-9.49639e-03
-4.68460e-03
2.84440e-04
1.99363e-03
-2.75001e-04
-4.98240e-03
-1.09801e-02
-1.28311e-02
-1.26377e-02
-1.27602e-02
-1.27628e-02
-1.48419e-02
-1.43315e-02
-1.15138e-02
-7.84018e-03
-4.36636e-03
-1.88120e-03
3.42295e-04
1.87489e-03
5.75989e-03
9.00427e-03
1.24278e-02
1.51901e-02
1.55072e-02
1.30890e-02
9.73250e-03
6.30893e-03
4.36513e-03
3.77218e-03
3.92427e-03
6.39397e-03
8.74249e-03
1.28002e-02
1.63978e-02
1.97917e-02
2.26842e-02
2.44861e-02
2.50004e-02
2.49373e-02
2.53601e-02
2.61966e-02
2.87436e-02
2.89060e-02
2.67998e-02
2.20099e-02
1.58550e-02
9.05299e-03
1.42990e-03
-5.50358e-03
-1.19266e-02
-1.62344e-02
-1.82504e-02
-1.75131e-02
-1.84593e-02
-1.79514e-02
-1.59342e-02
-1.20350e-02
-5.53074e-03
-1.97959e-03
7.25991e-04
2.16707e-03
4.25135e-03
6.50450e-03
7.83472e-03
7.55887e-03
5.93860e-03
3.48565e-03
1.94658e-03
2.08707e-03
2.72124e-03
3.42245e-03
1.00711e-04
-4.67243e-03
-6.87145e-03
-4.73689e-03
-1.92820e-03
-1.68588e-03
-3.97126e-03
-7.49150e-03
-6.94240e-03
-3.43121e-03
1.58166e-03
3.21995e-03
1.20010e-03
-2.25698e-03
-4.10927e-03
-2.43230e-03
6.57395e-04
3.69295e-03
4.97678e-03
7.65013e-03
1.02242e-02
1.14526e-02
1.26192e-02
1.40821e-02
1.64139e-02
1.67078e-02
1.45139e-02
9.76528e-03
3.72636e-03
-1.60878e-03
-6.15247e-03
-7.78305e-03
-7.82560e-03
-6.97745e-03
-6.44382e-03
-6.56499e-03
-6.55985e-03
-5.72459e-03
-2.19406e-03
3.52259e-03
8.99434e-03
1.06842e-02
1.12771e-02
1.29335e-02
1.45511e-02
1.61043e-02
1.54934e-02
1.40110e-02
1.31835e-02
1.23224e-02
1.10721e-02
9.79212e-03
9.30745e-03
1.01259e-02
1.09032e-02
8.78023e-03
3.48634e-03
-5.33551e-03
-1.24598e-02
-1.60045e-02
-1.62082e-02
-1.57648e-02
-1.72703e-02
-1.83763e-02
-2.20293e-02
-2.62069e-02
-2.89718e-02
-2.89486e-02
-2.63448e-02
-2.41922e-02
-2.28904e-02
-2.16555e-02
-1.80915e-02
-1.32629e-02
-7.45992e-03
-2.74481e-03
4.96993e-04
3.00149e-03
5.64391e-03
9.26596e-03
1.37980e-02
1.72151e-02
1.76598e-02
1.66673e-02
1.46964e-02
1.42118e-02
1.43510e-02
1.40931e-02
1.28738e-02
1.17871e-02
1.19070e-02
1.11284e-02
8.84434e-03
3.35195e-03
-1.52688e-03
-5.96358e-03
-8.60086e-03
-1.00316e-02
-1.22436e-02
-1.37040e-02
-1.59597e-02
-1.72977e-02
-2.00381e-02
-2.36241e-02
-2.80105e-02
-3.01361e-02
-2.89283e-02
-2.57432e-02
-2.25826e-02
-2.06144e-02
-1.91784e-02
-1.87801e-02
-1.95832e-02
-2.02547e-02
-1.98075e-02
-1.82336e-02
-1.60514e-02
-1.34489e-02
-9.66832e-03
-6.09654e-03
-2.40231e-03
-1.59025e-03
-1.60186e-03
3.68996e-04
8.07245e-04
7.90481e-04
5.31716e-05
-1.42788e-03
-3.98396e-03
-5.54493e-03
-7.53256e-03
-9.47636e-03
-1.19396e-02
-1.39053e-02
-1.47664e-02
-1.44867e-02
-1.08943e-02
-7.98891e-03
-6.51173e-03
-6.69607e-03
-6.43054e-03
-4.39652e-03
-4.59958e-04
4.42327e-04
-1.85417e-04
6.85076e-05
1.59853e-03
4.04116e-03
5.22960e-03
5.69878e-03
6.31620e-03
7.20431e-03
8.17234e-03
1.02076e-02
1.35345e-02
1.63780e-02
1.75059e-02
2.02708e-02
2.22326e-02
2.37936e-02
2.37858e-02
2.28964e-02
2.19954e-02
2.15172e-02
2.14424e-02
1.96069e-02
1.81671e-02
1.55942e-02
1.41506e-02
1.36711e-02
1.47628e-02
1.63676e-02
1.74710e-02
1.97705e-02
2.13379e-02
2.25895e-02
2.47731e-02
2.60711e-02
2.72118e-02
2.85447e-02
2.98197e-02
2.86796e-02
2.38268e-02
1.71129e-02
1.07394e-02
5.52046e-03
2.70011e-03
-4.78885e-04
-3.82614e-03
-7.78478e-03
-1.18975e-02
-1.37032e-02
-1.32639e-02
-1.02136e-02
-7.14939e-03
-2.96067e-03
6.85583e-04
3.25061e-03
4.50562e-03
5.34991e-03
7.90103e-03
9.34653e-03
8.72914e-03
5.71836e-03
9.46912e-04
-2.70798e-03
-3.21455e-03
-2.31756e-03
-1.84728e-03
-2.63736e-03
-4.16506e-03
-6.47851e-03
-8.27755e-03
-8.96048e-03
-9.21202e-03
-8.70296e-03
-7.98678e-03
-6.93347e-03
-6.79761e-03
-7.65524e-03
-8.61244e-03
-1.01262e-02
-9.68382e-03
-8.56312e-03
-7.31110e-03
-6.13263e-03
-4.96266e-03
-3.74325e-03
-2.69307e-03
-7.61625e-04
1.46610e-03
4.35473e-03
5.04005e-03
3.48348e-03
7.46479e-04
-1.39427e-03
-2.55503e-03
-2.15528e-03
3.37976e-04
2.29489e-03
4.74729e-03
7.73514e-03
9.61205e-03
1.00162e-02
8.82433e-03
7.25390e-03
5.58718e-03
5.59941e-03
6.96419e-03
8.86401e-03
1.01280e-02
9.54252e-03
8.56235e-03
6.53998e-03
5.04909e-03
3.84620e-03
3.62107e-03
3.36882e-03
2.45964e-03
1.18121e-03
-1.60728e-04
-4.84610e-04
1.03129e-04
4.05581e-05
-1.63683e-03
-4.36622e-03
-7.40634e-03
-9.93604e-03
-1.17931e-02
-1.34243e-02
-1.29213e-02
-1.05675e-02
-9.43160e-03
-9.33042e-03
-8.75254e-03
-9.01091e-03
-8.78974e-03
-7.86003e-03
-7.74167e-03
-8.15627e-03
-8.49774e-03
-8.05716e-03
-7.10539e-03
-6.11704e-03
-4.61182e-03
-3.24201e-03
-2.12642e-03
-1.40865e-03
-8.33749e-04
7.34954e-04
1.75611e-03
2.91691e-03
3.64473e-03
4.10640e-03
4.01929e-03
3.18919e-03
2.06101e-03
1.13147e-03
6.31379e-04
1.15234e-04
-1.01759e-03
-2.69205e-03
-3.61035e-03
-4.16330e-03
-4.03619e-03
-4.02132e-03
-3.45342e-03
-2.62005e-03
-1.87192e-03
-1.11913e-03
-4.22449e-04
3.83117e-04
1.39171e-03
1.67656e-03
7.54199e-04
-3.02759e-04
-1.83926e-03
-3.27646e-03
-3.89226e-03
-3.87336e-03
-4.50685e-03
-5.61711e-03
-5.80166e-03
-5.16278e-03
-4.63691e-03
-4.04643e-03
-3.65146e-03
-3.61343e-03
-3.43508e-03
-3.35776e-03
-3.20862e-03
-2.80830e-03
-1.91953e-03
-9.03464e-04
-1.42439e-04
5.54349e-04
4.61980e-04
6.45251e-04
1.00928e-03
1.38286e-03
1.55958e-03
1.56864e-03
2.05510e-03
2.72406e-03
3.16044e-03
3.58958e-03
3.56001e-03
3.01405e-03
2.93581e-03
2.85210e-03
2.46729e-03
2.10962e-03
1.39590e-03
1.31963e-04
-1.17619e-03
-2.17483e-03
-2.55709e-03
-2.41923e-03
-2.12206e-03
-1.43238e-03
-9.91808e-04
-1.33802e-03
-1.65680e-03
-1.94368e-03
-2.19542e-03
-1.97051e-03
-1.59099e-03
-1.45280e-03
-1.45978e-03
-1.62496e-03
-1.56642e-03
-1.16362e-03
-4.38853e-04
-3.85884e-05
-4.73246e-05
-2.85762e-04
-3.43619e-04
-5.15604e-05
6.05133e-04
1.43013e-03
1.71724e-03
1.79922e-03
1.85099e-03
1.89745e-03
2.10784e-03
2.34437e-03
2.37179e-03
2.26232e-03
2.24854e-03
2.39279e-03
2.25146e-03
1.99328e-03
2.18754e-03
2.31409e-03
2.48235e-03
2.68948e-03
3.18735e-03
3.52953e-03
3.46558e-03
3.50580e-03
3.17060e-03
2.75006e-03
2.18178e-03
1.65729e-03
1.15623e-03
6.94530e-04
3.41617e-04
-1.20271e-04
-5.40274e-04
-7.18188e-04
-7.02798e-04
-5.69715e-04
-3.78548e-04
-2.78057e-04
-1.67141e-04
-1.53747e-04
-2.75208e-04
-3.36429e-04
-3.22927e-04
-3.21065e-04
-3.24487e-04
-3.07099e-04
-4.01482e-04
-4.47481e-04
-4.23981e-04
-4.13759e-04
-4.20420e-04
-5.29655e-04
-6.26334e-04
-6.96177e-04
-6.54150e-04
-6.88131e-04
-7.72669e-04
-7.57482e-04
-7.65637e-04
-8.33250e-04
-8.07828e-04
-7.33605e-04
-5.88049e-04
-3.78158e-04
-3.14985e-04
-2.41242e-04
-8.94930e-05
-1.23760e-05
1.49482e-04
3.35107e-04
4.52907e-04
5.15252e-04
4.49560e-04
3.63372e-04
2.91184e-04
2.17545e-04
1.60689e-04
8.67696e-05
-9.38107e-06
-6.25837e-05
-1.23796e-04
-1.58184e-04
-1.52795e-04
-1.10628e-04
-4.59829e-05
5.38398e-05
1.04516e-04
1.42705e-04
2.03217e-04
2.22541e-04
2.24920e-04
2.23275e-04
1.87993e-04
1.08711e-04
1.93163e-05
-4.40435e-05
-9.29201e-05
-1.35017e-04
-1.43843e-04
-1.73561e-04
-1.86040e-04
-1.82594e-04
-1.48076e-04
-1.09766e-04
-1.13226e-04
-1.33504e-04
-1.45633e-04
-1.38297e-04
-1.17057e-04
-9.91880e-05
-1.12857e-04
-1.42000e-04
-1.67374e-04
-1.73937e-04
-1.79679e-04
-1.67496e-04
-1.44066e-04
-1.05560e-04
-7.75394e-05
-5.04561e-05
-1.93488e-05
-7.95007e-06
-1.56904e-05
-2.21771e-05
-2.19414e-05
-1.33585e-05
4.56171e-06
1.71226e-05
2.26453e-05
1.64127e-05
2.18124e-05
2.15692e-05
2.43950e-05
2.98121e-05
2.80108e-05
2.65313e-05
2.65652e-05
2.49740e-05
2.22003e-05
2.23463e-05
2.36937e-05
2.77558e-05
2.94088e-05
3.79844e-05
4.83650e-05
5.79614e-05
6.80054e-05
7.01609e-05
6.80275e-05
6.47799e-05
6.16198e-05
5.82190e-05
5.49604e-05
5.06186e-05
4.47638e-05
3.83213e-05
3.23942e-05
2.88020e-05
2.61883e-05
2.53274e-05
2.51998e-05
2.47221e-05
2.53250e-05
2.50698e-05
2.40924e-05
2.37193e-05
2.35936e-05
2.32066e-05
2.24156e-05
2.17365e-05
2.10725e-05
2.02141e-05
1.93012e-05
1.84649e-05
1.78524e-05
1.72051e-05
1.64265e-05
1.56807e-05
1.47629e-05
1.40615e-05
1.34079e-05
1.27412e-05
1.20691e-05
1.14252e-05
1.09098e-05
1.04133e-05
9.93853e-06
9.46353e-06
9.03510e-06
8.64488e-06
8.28788e-06
7.96618e-06
7.68512e-06
7.44509e-06
7.23557e-06
7.05278e-06
6.89146e-06
6.74725e-06
6.61649e-06
6.49518e-06
6.38003e-06
6.26815e-06
6.15715e-06
6.04486e-06
