-3.55538e-03
-1.00874e-03
-2.05962e-03
-8.20587e-04
3.21506e-04
-1.30025e-03
1.28349e-04
-4.44312e-04
-1.66324e-03
-6.78414e-04
2.03006e-04
-1.00300e-03
2.42684e-03
9.41763e-05
-5.73287e-04
8.81139e-04
1.00857e-03
-5.22734e-04
2.55165e-03
-3.47549e-03
-2.26235e-03
5.58574e-03
-3.10830e-03
-4.83350e-03
2.32093e-03
4.26864e-03
-5.56930e-03
-4.74293e-04
-2.99495e-04
-2.37800e-03
1.53219e-03
4.63239e-03
7.09882e-04
-7.68045e-03
9.17276e-04
1.41950e-03
5.49489e-04
-1.07018e-03
6.01764e-04
2.59469e-03
3.14429e-03
8.99071e-05
-4.18807e-03
4.32993e-03
5.58194e-04
-3.55391e-03
-2.27405e-03
7.14872e-03
3.68932e-03
-7.58552e-03
-1.16524e-02
1.72332e-03
1.05946e-02
-3.19638e-03
-1.22416e-02
-1.45520e-04
8.92178e-03
9.39379e-03
1.50319e-03
-3.82823e-03
1.50367e-03
-2.85836e-03
-1.32648e-03
-6.69884e-03
7.35759e-03
1.36920e-04
-4.38048e-05
-2.64827e-06
-7.11130e-03
-5.38598e-04
3.75926e-03
-1.32444e-03
1.71751e-03
6.83612e-03
-1.01733e-02
6.00071e-03
1.01995e-02
2.78059e-03
-1.29794e-02
8.01788e-03
6.88712e-03
-6.24040e-03
3.25984e-03
1.96321e-03
-2.48719e-03
3.42846e-03
9.13729e-03
-1.41818e-02
-2.66953e-03
1.78624e-02
1.62318e-02
-1.62663e-02
-1.08462e-02
7.36137e-03
1.01741e-03
-6.79141e-03
-1.40572e-03
2.69987e-05
3.76472e-03
6.33916e-03
1.12615e-03
-7.56590e-03
-1.12710e-02
1.58356e-02
9.89873e-03
-4.90696e-03
-5.46905e-03
2.52676e-04
3.86328e-03
-4.49704e-03
-1.23877e-02
9.29233e-03
9.01028e-03
1.52335e-04
-7.26435e-04
-5.83176e-03
7.60847e-03
-5.79701e-03
3.66655e-03
1.59004e-03
-5.96031e-03
-2.89905e-03
4.76359e-03
4.22733e-03
-2.08221e-03
1.99367e-03
4.57454e-03
8.09894e-03
-8.10486e-03
-4.69679e-03
-2.47352e-03
2.00423e-02
-6.27546e-03
-3.29896e-02
-2.00128e-03
3.54303e-02
1.74493e-02
-1.09237e-02
-3.77589e-03
1.63773e-03
7.19138e-03
-1.22071e-02
-2.55889e-02
3.83114e-03
3.39319e-02
1.75038e-03
-9.79175e-03
1.69657e-02
2.98243e-02
-2.06185e-02
-2.33111e-02
-1.39790e-02
5.15470e-03
-5.23279e-03
-5.04172e-02
2.65678e-02
3.22442e-02
-1.28809e-03
-1.72054e-02
-1.63431e-04
3.01226e-02
1.48925e-02
2.18549e-02
6.40291e-03
-7.77168e-03
2.00417e-03
2.90686e-03
2.90693e-03
-4.81218e-02
-8.09604e-02
-4.96425e-02
1.28941e-03
4.31398e-03
8.26916e-03
4.56037e-02
5.35421e-02
1.83259e-03
-1.08284e-04
1.43702e-02
2.85298e-02
-2.74773e-02
-4.01396e-02
1.06803e-02
2.89092e-02
2.44027e-02
4.65092e-02
1.29950e-01
1.20215e-01
-3.72376e-02
-2.11002e-01
-1.90147e-01
-1.71854e-01
-7.81026e-02
-2.80451e-03
6.51068e-02
1.03852e-01
2.48127e-04
-2.63416e-03
-2.05464e-03
-5.76697e-02
2.25142e-02
1.41831e-01
1.49662e-01
9.75431e-02
3.83929e-02
-1.86665e-05
-3.25471e-02
-1.27517e-01
-1.68238e-01
-1.04306e-01
4.19511e-03
3.78675e-02
5.59111e-02
1.34535e-01
1.09684e-01
7.57795e-02
5.89681e-02
-1.04868e-01
-1.47000e-01
-1.22995e-01
-1.50951e-01
-1.33008e-01
-1.74847e-01
-1.43734e-01
-1.20165e-01
1.25430e-02
1.81146e-01
3.04091e-01
2.55173e-01
1.49656e-01
1.68553e-01
1.35537e-01
8.59777e-02
-8.05725e-02
-1.89000e-01
-2.25143e-01
-1.63675e-01
-6.70053e-02
-2.10345e-02
6.10105e-02
1.21619e-01
1.45923e-01
5.00176e-02
-1.07963e-01
-1.93761e-01
-2.26339e-01
-2.72510e-01
-1.80950e-01
3.95352e-02
1.84270e-01
2.01441e-01
1.39617e-01
1.65384e-01
1.97785e-01
1.64602e-01
1.66655e-01
1.14185e-01
8.24104e-03
-6.01033e-02
-6.66758e-02
2.00137e-02
7.34768e-02
1.03397e-01
1.57288e-01
2.61155e-01
3.42326e-01
3.46725e-01
1.33980e-01
-1.08976e-01
-2.16025e-01
-2.61963e-01
-2.32991e-01
-2.97822e-01
-4.04033e-01
-4.63711e-01
-4.93812e-01
-4.83646e-01
-2.78107e-01
-5.31025e-02
2.66548e-02
1.41246e-01
2.85799e-01
4.59512e-01
4.71196e-01
3.64210e-01
3.19413e-01
2.46786e-01
1.84351e-01
1.68442e-01
1.76779e-02
-1.83792e-01
-2.08040e-01
-2.35051e-01
-3.54188e-01
-4.43542e-01
-4.15014e-01
-3.96608e-01
-3.47156e-01
-1.19519e-01
2.14237e-02
1.66975e-01
3.31853e-01
4.18950e-01
3.56411e-01
2.51917e-01
2.15705e-01
9.20555e-02
1.25448e-01
1.88682e-01
2.04882e-01
2.19761e-01
-3.07437e-03
-2.44059e-01
-2.69089e-01
-1.64019e-01
-1.02424e-01
-1.27525e-01
-2.35475e-01
-2.73539e-01
-3.24562e-01
-3.59109e-01
-9.37216e-02
1.02246e-01
2.02365e-01
2.59941e-01
2.49825e-01
3.03315e-01
2.49805e-01
1.29247e-01
1.46927e-02
-1.34400e-01
-1.77868e-01
1.16832e-01
3.01833e-01
1.15458e-01
-1.62879e-01
-3.28843e-01
-2.20245e-01
-1.47825e-01
-1.11557e-01
2.85479e-02
2.32473e-03
-6.26462e-02
-5.68902e-03
-1.07558e-02
-4.09933e-03
-2.00119e-03
3.17379e-02
4.26231e-02
-3.28194e-02
3.71750e-02
1.18253e-01
1.29556e-01
9.02307e-02
8.60342e-02
2.31456e-01
2.46372e-01
1.22632e-01
-2.97502e-02
-1.92188e-01
-2.70968e-01
-1.66045e-01
-3.15040e-02
-2.27494e-02
5.09395e-02
1.51248e-01
5.07110e-02
-1.07003e-01
-1.83035e-01
-2.24917e-01
-2.65387e-01
-1.38500e-01
4.59498e-02
1.51323e-01
2.05156e-01
2.23598e-01
2.15918e-01
2.45696e-01
1.16138e-01
-1.27901e-01
-1.94154e-01
-1.90878e-01
-1.53905e-01
-2.04443e-01
-1.10427e-01
1.47711e-02
4.21596e-02
7.69478e-02
1.67569e-01
8.16051e-02
-1.33158e-02
8.00302e-02
1.03608e-01
1.52883e-01
8.32182e-02
1.95700e-02
9.01998e-02
5.82852e-02
2.97549e-02
2.12069e-02
-2.03370e-02
-9.88105e-02
-2.05431e-01
-2.03938e-01
-1.54486e-01
-1.01969e-01
9.16653e-03
-6.68188e-02
-8.65105e-02
6.94000e-02
7.94149e-02
-3.23734e-02
-1.17191e-01
2.80498e-02
1.65992e-01
1.71225e-01
4.33681e-02
-6.43073e-03
5.91044e-02
4.92467e-02
7.84253e-02
1.16759e-01
3.38870e-02
-2.72380e-03
4.82015e-03
4.85811e-04
1.50654e-02
3.82769e-02
-2.56945e-02
-1.08575e-01
-5.65989e-02
-4.05673e-02
-5.40786e-02
-1.10127e-01
-1.09659e-01
-1.16085e-01
-3.81206e-02
4.20804e-02
3.33472e-02
5.89391e-02
9.28889e-03
-5.66643e-02
-6.09944e-02
-5.81358e-02
-6.14415e-03
7.64738e-02
7.46448e-02
6.87767e-02
7.51165e-02
8.22231e-02
2.97315e-02
-5.29771e-02
-7.81383e-02
-2.14699e-02
-7.18758e-03
-4.73011e-02
-8.08616e-02
-4.93284e-02
3.73158e-02
4.62643e-02
7.30130e-02
4.92305e-02
-2.50810e-02
-4.98631e-02
4.63479e-02
6.89972e-02
-2.82308e-02
-1.68976e-02
1.40539e-02
-1.19603e-02
-6.34782e-02
-5.93229e-02
2.41977e-02
3.60867e-02
3.93955e-02
5.99448e-03
-4.12516e-02
-2.63317e-02
2.07462e-02
5.84727e-02
1.89150e-02
-2.59482e-03
-3.87666e-03
1.36305e-02
2.41537e-02
-3.83382e-03
-3.39776e-04
5.81471e-03
1.38843e-02
2.77401e-02
-2.04192e-03
-2.24682e-02
-2.67724e-02
-2.23240e-02
-2.39354e-02
1.32741e-02
3.33598e-02
-1.52025e-02
-2.63614e-02
2.50919e-03
4.03025e-02
8.86178e-03
-6.44824e-03
3.34907e-02
7.66810e-03
-1.90290e-02
-1.55027e-02
-3.15968e-02
-3.97570e-03
2.17261e-02
-2.63645e-02
-3.41176e-02
-1.33339e-02
5.27837e-03
4.99759e-02
3.63677e-02
7.36124e-03
-2.66559e-02
-3.81271e-02
-3.95770e-02
-3.92668e-02
-3.64751e-02
-4.70279e-03
5.10846e-02
2.87842e-02
3.86094e-02
8.15749e-03
-2.37550e-02
-7.08367e-03
3.62589e-02
5.09505e-02
1.37343e-02
-1.38396e-03
1.60600e-03
-5.05488e-03
-2.33679e-02
-1.41479e-02
1.33784e-02
4.36514e-02
4.39335e-02
-3.28030e-03
-7.10797e-02
-9.63227e-02
-7.78440e-02
7.74461e-03
2.48511e-02
-1.20312e-02
3.28193e-02
7.79541e-02
3.66730e-02
-2.90540e-02
-2.41425e-02
-4.77410e-03
-3.29855e-03
1.41504e-02
-1.11336e-02
-3.72081e-02
-1.34215e-02
2.36459e-02
4.40440e-02
6.04761e-02
1.94148e-02
-8.00834e-03
-8.42849e-03
-6.02663e-03
1.60108e-02
-2.03867e-02
-4.33592e-02
-5.03949e-02
-1.27804e-02
-1.20093e-02
-4.77024e-02
-2.43014e-02
2.52345e-02
4.80475e-02
8.18102e-02
6.63667e-02
3.72519e-04
-4.99584e-03
-1.61396e-02
-3.64237e-02
-2.46144e-02
2.66060e-02
1.16481e-03
-1.78547e-02
1.97016e-02
3.02550e-02
-2.77553e-03
-4.54590e-02
-3.93433e-02
-1.42447e-02
1.82320e-02
-1.42255e-02
-4.03992e-02
-1.53954e-02
2.18421e-02
3.49978e-02
2.80224e-02
-2.24425e-03
-1.31051e-04
4.03942e-03
-1.89977e-02
8.18735e-04
2.60336e-02
3.84741e-02
1.89311e-02
-5.40936e-03
-4.09452e-02
-3.39872e-02
-9.27853e-03
-1.69454e-02
-2.38196e-02
2.79696e-02
3.73963e-02
1.24678e-02
-5.15653e-04
-2.26846e-02
-2.14008e-02
-9.72557e-04
1.77453e-02
7.80784e-03
2.73033e-02
3.31993e-02
2.29754e-02
-1.04558e-02
-3.75558e-02
-3.14034e-02
-1.09773e-02
1.02868e-02
3.17044e-04
4.13915e-04
2.25332e-02
8.39080e-03
-5.31863e-03
-2.62810e-03
-1.51204e-02
-5.95002e-03
8.67481e-03
-1.94096e-02
-1.85157e-02
1.38598e-02
7.48111e-03
8.63355e-03
1.02254e-02
2.58871e-03
-1.42292e-02
-1.90267e-02
-1.14483e-02
-2.66743e-02
-1.54402e-02
2.51644e-02
3.36023e-02
9.54842e-03
1.75168e-02
1.30553e-02
-1.85383e-02
-1.33252e-02
-2.62419e-02
-2.17353e-02
-2.45047e-04
2.56484e-02
2.63054e-02
3.03940e-02
2.21735e-02
8.74821e-04
1.15230e-02
-1.46046e-03
-2.46223e-03
-9.45915e-03
-1.60748e-02
-4.34089e-03
-4.39911e-03
-3.44547e-02
-2.51249e-02
-4.96801e-03
-5.00185e-05
2.78512e-02
1.92214e-02
1.12658e-02
1.55376e-02
1.10955e-02
-7.68273e-03
-8.53586e-03
1.02940e-02
5.59076e-04
-1.94234e-02
-4.04463e-02
-1.47080e-02
1.96688e-02
1.79561e-02
1.58945e-02
1.93649e-02
-2.44220e-03
-2.06496e-02
-2.84371e-02
-1.03548e-02
1.23048e-03
1.49015e-04
1.51595e-02
2.04264e-02
1.31667e-02
3.97681e-03
1.16121e-03
-4.39024e-03
-9.30640e-04
1.85038e-03
-3.55457e-03
-2.20851e-02
-2.01916e-02
-1.25421e-02
-1.33909e-02
-6.90464e-03
-1.43884e-02
-1.07762e-03
3.55072e-02
4.17069e-02
4.63751e-02
4.32622e-02
3.54488e-02
1.11536e-02
2.05852e-03
-8.18478e-03
-2.95545e-02
-3.15408e-02
-4.56423e-02
-5.97502e-02
-4.96966e-02
6.86419e-03
6.72196e-03
-2.39410e-02
-3.25084e-02
2.80330e-03
2.01123e-02
2.25120e-02
5.33645e-02
4.08744e-02
3.28262e-02
8.52026e-03
-3.06281e-02
-3.86354e-02
-1.65010e-02
1.81795e-02
2.91056e-02
1.28111e-02
-1.62424e-03
-1.59971e-02
-1.93664e-02
-1.63635e-02
-1.55262e-04
1.50792e-02
2.05659e-02
2.48134e-03
-1.71435e-02
-1.54417e-02
-8.93393e-03
1.45318e-02
3.69785e-02
3.04534e-02
4.96912e-03
-2.04570e-02
-2.80635e-02
-2.27922e-02
-1.31824e-02
1.56525e-03
-6.92882e-03
-1.20408e-02
-9.64106e-03
-1.39409e-02
-1.12223e-02
-2.85544e-03
2.15323e-02
1.35250e-02
-2.67893e-03
1.58860e-02
2.57070e-02
3.24065e-02
2.49787e-02
1.27170e-02
-5.55720e-03
-2.44873e-03
-4.80332e-03
-2.39065e-03
-1.82586e-02
-2.25519e-02
1.70962e-02
2.12085e-02
3.28117e-03
-2.12704e-02
-1.24554e-02
9.66396e-03
-1.34744e-02
-3.16753e-02
-3.24416e-03
3.46615e-03
7.26182e-03
1.06999e-02
-1.54393e-02
-3.80843e-02
-2.74878e-02
4.55595e-03
1.75415e-02
1.17208e-02
1.89416e-02
2.12789e-02
1.34160e-02
-2.90860e-03
-1.66783e-02
-1.26414e-02
1.23366e-02
2.56172e-02
2.79739e-02
5.86741e-03
-4.08936e-03
1.90532e-02
1.44949e-02
-9.01829e-03
-1.52461e-02
-2.60098e-03
-1.94167e-02
-2.80530e-02
-3.41537e-02
-1.88955e-02
-2.05758e-02
3.27333e-03
3.12456e-02
2.82879e-02
4.51014e-02
4.96015e-02
2.77406e-02
-3.16509e-02
-2.21853e-02
-1.28813e-02
-2.78725e-02
-1.54169e-02
-4.19996e-03
-2.31398e-02
-2.62957e-02
3.28581e-03
-1.03956e-02
-1.92528e-03
3.15489e-02
2.49527e-02
-6.96621e-03
-6.58064e-03
1.00627e-02
1.34039e-02
-1.48787e-02
-1.25070e-02
9.08029e-03
9.58650e-03
8.70109e-03
-1.54131e-02
-1.56630e-02
7.48819e-03
1.68762e-02
-1.70935e-02
-2.57104e-02
3.54588e-03
8.92060e-03
8.48327e-03
2.03464e-02
2.56372e-02
6.68227e-03
-6.86124e-03
-8.25186e-04
1.80607e-02
1.04132e-02
1.05353e-04
-1.30870e-02
-2.34552e-02
-1.50022e-02
-1.33499e-02
-1.30160e-02
-1.92870e-02
-1.81797e-02
-8.87573e-03
-1.44159e-03
4.80343e-03
2.33037e-02
3.17956e-02
3.00614e-02
3.28748e-02
2.19034e-02
-4.50288e-03
-2.90759e-02
-1.58470e-02
-4.61281e-03
-2.92289e-02
-2.51338e-02
2.85788e-04
1.85190e-02
3.23054e-03
-2.11421e-02
-1.86204e-03
2.59940e-02
2.04081e-02
9.18466e-03
1.02553e-02
-1.54121e-02
-1.65711e-02
-8.93444e-03
-1.85530e-02
-1.48176e-02
1.63882e-02
2.73595e-02
6.92608e-04
-2.18758e-03
1.81675e-02
1.67780e-02
-1.77238e-02
-1.34908e-02
1.87300e-03
1.92725e-02
1.88847e-02
-1.12785e-02
-1.57980e-02
-1.48329e-02
1.05350e-02
7.15714e-03
-9.91495e-03
9.48693e-04
-1.34124e-03
-9.44322e-03
-1.91860e-03
1.36951e-02
-1.87710e-02
-1.83423e-02
-1.52875e-03
-4.97334e-03
1.92550e-02
4.81749e-03
-4.94538e-03
7.07937e-03
2.54009e-02
2.17667e-02
-1.23387e-02
-3.40305e-03
4.00956e-03
-1.17562e-03
-1.51241e-02
-4.72972e-02
-5.96753e-02
-1.41225e-02
4.41036e-02
7.46717e-02
4.55210e-02
2.22836e-02
3.52777e-02
2.42029e-02
-3.12851e-02
-6.34840e-02
-3.11666e-02
1.59824e-02
1.82530e-02
1.51768e-02
2.27380e-02
-1.38684e-02
-3.44346e-02
-4.20993e-02
-4.15091e-02
-1.59925e-02
5.93944e-03
5.48705e-03
6.90882e-03
-1.95793e-02
-7.77857e-03
3.84420e-02
2.84659e-02
6.68042e-03
2.45388e-02
3.08506e-02
5.29524e-03
-1.57406e-02
-3.23904e-02
-1.85734e-02
6.20213e-03
-7.60849e-03
-1.75157e-02
6.14179e-03
2.03832e-02
1.49676e-02
-7.64615e-04
-3.47677e-03
1.76926e-02
2.30781e-02
1.05566e-03
-1.13806e-02
-4.02340e-02
-3.18865e-02
-1.03810e-02
-2.51244e-02
-1.26451e-02
2.48898e-02
3.75651e-02
3.14493e-02
4.06391e-02
1.54758e-02
-1.07279e-02
-5.81418e-03
-1.07924e-03
-1.38149e-02
-6.33120e-03
1.03833e-03
-2.88663e-03
-1.94762e-02
-3.40709e-02
-2.86294e-02
-2.69340e-02
-6.86547e-03
1.41251e-02
2.56587e-02
2.33882e-02
2.47583e-02
1.93813e-02
-5.71084e-03
-3.25393e-02
-5.46565e-02
-4.49281e-02
-3.33691e-03
4.34998e-02
3.56154e-02
1.68286e-02
1.95235e-02
1.01355e-02
-3.68806e-03
3.32603e-03
2.24984e-02
1.15508e-02
1.37805e-04
-3.05473e-03
-2.98121e-02
-1.94956e-02
-1.06074e-02
-9.37732e-03
1.47045e-02
6.53794e-03
-9.33855e-03
-1.21935e-03
-2.78976e-03
-2.35498e-02
-1.03470e-04
1.71776e-02
1.61263e-02
3.35474e-02
2.40172e-02
-2.12772e-02
-1.76689e-02
1.03272e-02
7.90802e-03
1.73407e-03
1.15379e-02
1.94503e-02
-1.64948e-02
-2.48402e-02
6.61982e-03
2.62188e-02
1.83258e-02
7.05713e-03
3.74612e-03
-5.07750e-03
-1.81621e-02
-6.82240e-03
-2.13654e-02
-4.23258e-02
-1.22747e-02
1.90173e-02
-8.87553e-04
-8.67715e-03
1.00623e-02
1.86360e-02
1.55792e-02
4.88789e-03
5.23472e-04
-3.37025e-02
-4.63585e-02
-3.61648e-02
-1.09735e-02
1.56266e-02
3.26750e-02
2.35412e-02
4.68328e-03
9.57117e-03
2.18329e-02
2.77742e-02
7.78535e-03
9.24160e-03
1.03424e-02
-1.09857e-03
-2.33730e-02
-1.77290e-02
-1.10876e-02
-2.11003e-02
-5.73439e-03
-1.53154e-03
-1.58096e-02
-9.26728e-03
7.29641e-03
9.73067e-03
4.30153e-02
2.85218e-02
4.50377e-04
-1.62813e-02
-1.06459e-02
-1.88261e-03
-1.40409e-02
-1.90042e-02
-2.74427e-03
9.38822e-03
-1.20741e-02
-1.09905e-02
2.95148e-03
1.21025e-02
-1.12016e-02
-2.80734e-02
-1.74574e-02
2.47542e-02
4.15743e-02
1.58057e-02
1.79211e-02
1.75506e-02
-2.88203e-03
-2.75218e-02
-1.42217e-02
6.19582e-03
6.06011e-03
4.47462e-03
-6.19084e-03
-1.53591e-02
-8.78549e-04
1.12302e-02
-4.44159e-03
-4.23262e-03
1.86364e-02
2.70852e-02
1.01597e-02
1.25616e-02
-6.36739e-03
-3.45444e-02
-3.37904e-02
-2.43594e-03
2.31410e-03
-3.25667e-03
1.59244e-02
-5.01419e-04
-3.01907e-02
-8.49135e-03
4.49852e-03
-3.15542e-02
-3.83938e-02
7.37311e-04
3.24128e-02
3.39142e-02
8.70790e-03
-6.31120e-03
2.67171e-02
3.96466e-02
4.33648e-02
1.15450e-02
-1.68452e-02
-7.52396e-03
-1.09965e-02
-3.41672e-02
-3.67134e-02
-1.82131e-02
-6.07843e-03
-1.15199e-02
-1.55892e-02
3.88696e-03
1.50802e-02
-1.23356e-03
-1.58348e-02
3.90640e-03
1.23509e-02
1.16099e-02
7.92833e-03
1.09959e-02
2.95652e-02
2.18510e-02
1.33570e-02
3.94096e-03
-5.10669e-03
-9.15012e-03
-4.66503e-04
-6.54350e-03
-1.19010e-02
-7.72829e-03
-1.31526e-02
-2.68899e-02
-1.04619e-02
3.14546e-02
2.38158e-02
2.12997e-02
1.94923e-02
-1.15325e-02
-1.81459e-02
9.72090e-03
-4.18017e-03
-2.34797e-02
-1.52097e-02
8.99489e-04
1.17825e-02
2.26742e-02
2.55953e-02
5.02093e-02
9.83407e-02
1.02475e-01
2.52386e-03
-9.57165e-02
-1.06679e-01
-1.13859e-01
-1.06649e-01
-9.99667e-02
-7.29659e-02
1.10266e-02
3.96646e-02
5.67324e-02
6.78352e-02
6.70705e-02
6.81196e-02
3.49685e-02
3.37902e-02
9.23442e-03
-1.32835e-02
-3.12000e-02
-3.63334e-02
-4.02584e-02
-3.64605e-02
-4.21634e-03
2.70757e-02
3.15306e-02
9.47583e-03
2.03373e-02
2.05140e-02
1.23216e-02
6.16272e-03
-4.80432e-03
-1.97846e-02
-2.85824e-02
-3.21562e-02
-3.04565e-02
3.46575e-03
2.99754e-02
1.31705e-02
5.33780e-03
-2.72537e-03
-1.09566e-02
2.05484e-03
1.24057e-03
-2.00365e-02
-1.81968e-02
2.07749e-02
1.68845e-02
-8.84960e-05
-1.38962e-03
3.75895e-03
1.11177e-02
7.78734e-03
-8.52644e-03
-9.92450e-03
7.41041e-03
7.37165e-03
-2.34356e-02
-4.03526e-02
2.80047e-03
2.81469e-02
1.57839e-02
1.06957e-02
1.61975e-02
1.56482e-02
-3.85592e-03
2.86952e-03
3.29607e-03
-8.25691e-03
1.01960e-02
5.39216e-03
-8.11899e-03
-2.71320e-02
-1.98228e-02
-2.80021e-03
-5.50588e-03
-1.94496e-03
2.25699e-02
2.83303e-02
5.57112e-03
8.96508e-04
-2.17873e-02
-2.00833e-02
-8.61272e-04
1.51466e-02
2.44421e-02
1.92655e-02
-8.32552e-03
-1.87626e-02
-1.79979e-02
-2.21232e-02
7.01464e-03
2.05905e-02
-1.29203e-02
-2.76443e-02
3.47104e-03
-2.16865e-03
-2.60588e-02
-3.26377e-02
-1.62786e-02
3.95367e-03
2.41472e-02
3.09524e-02
6.67664e-03
1.47549e-02
2.26954e-02
3.04246e-02
2.31973e-02
-1.47478e-03
-7.99124e-03
-1.14703e-02
-2.60887e-02
-3.46322e-02
-2.55826e-03
1.54918e-02
1.73014e-02
2.01148e-02
1.82816e-02
8.71929e-05
-2.32334e-03
4.72308e-03
-1.53002e-02
-3.35679e-02
-1.51322e-02
-7.16218e-04
-1.41649e-02
-1.44018e-02
-7.07538e-03
4.27084e-03
2.56621e-02
4.13835e-02
-1.65317e-03
-1.43156e-02
-2.78752e-04
-3.13306e-03
1.72242e-02
2.31073e-02
2.39432e-02
1.99493e-02
-1.27041e-02
-3.39015e-02
-2.76241e-02
-1.74110e-02
2.07813e-03
-3.56104e-04
5.06605e-03
1.13133e-02
1.40534e-02
2.90759e-03
-1.92936e-02
-7.38947e-03
1.66687e-02
2.24097e-02
3.37299e-03
-1.53363e-02
-2.26390e-02
-8.10887e-03
-5.35793e-03
-1.12971e-02
-1.50884e-02
-1.29751e-02
1.72117e-02
2.73365e-02
8.81900e-03
-1.45438e-03
1.06566e-02
3.80838e-03
-1.14800e-02
-6.24742e-03
4.97817e-03
2.00538e-03
-7.61959e-03
-1.37332e-02
-5.46104e-03
1.61349e-02
1.56825e-02
-6.61415e-04
4.85768e-03
1.77657e-02
1.07408e-02
-6.79221e-03
-1.84594e-02
2.69064e-03
5.31017e-03
-3.12783e-03
-6.97871e-04
-4.75422e-03
-1.00859e-02
-1.07730e-02
-7.33921e-03
-1.95535e-02
-1.59926e-02
7.90185e-03
2.47650e-02
2.06354e-02
-7.66223e-03
-1.47517e-02
2.26869e-03
5.10876e-04
-1.61746e-03
1.26003e-02
1.77015e-02
9.28287e-03
-8.69826e-03
-1.10722e-02
-1.78127e-02
-2.36872e-02
-1.10872e-02
9.70090e-03
1.93496e-02
1.82833e-02
1.51209e-02
-2.31949e-03
-1.56238e-02
-1.14124e-02
-4.10527e-03
2.86791e-03
1.07459e-02
2.13833e-02
2.58684e-02
3.68011e-03
-1.79136e-02
-8.48249e-03
-2.07802e-03
5.06103e-03
8.41515e-03
5.65243e-04
7.71291e-03
1.98217e-02
2.94785e-03
-2.96517e-02
-2.90119e-02
-7.71972e-03
4.86086e-03
-1.67068e-03
-6.11694e-03
-1.35748e-02
-6.44434e-03
8.31413e-03
9.86087e-03
1.82214e-02
2.19352e-02
-4.29711e-04
2.95456e-03
4.65425e-03
8.37015e-04
7.31904e-03
-6.35584e-03
-1.48348e-02
-1.14182e-02
-1.62587e-02
-9.27687e-03
9.04035e-03
8.91013e-04
-1.77428e-02
-1.00739e-02
1.01541e-02
6.78283e-03
7.99783e-03
2.08800e-02
1.92299e-02
-5.81273e-03
-1.28225e-02
-1.36562e-02
-1.75897e-02
-1.68508e-02
-4.70753e-03
9.11602e-03
3.82746e-03
6.36944e-03
-3.20598e-03
-7.53161e-03
8.99966e-04
-1.22730e-02
-2.23868e-03
2.98051e-02
2.22741e-02
-6.74307e-03
-1.84425e-02
-1.09287e-02
4.62801e-04
3.85569e-03
1.32674e-02
2.09515e-02
1.08785e-02
1.38058e-03
6.15001e-03
5.71487e-03
-5.23493e-03
-1.46531e-02
-4.20734e-03
1.64041e-02
2.98774e-03
-2.13785e-02
-2.14538e-02
-9.99992e-03
1.07171e-02
1.54607e-02
3.43160e-03
-3.65572e-03
2.34797e-04
8.81286e-03
3.40367e-03
3.38860e-03
-6.16046e-04
-5.36390e-03
4.15851e-04
8.79788e-03
2.03800e-03
-9.83381e-03
-1.03659e-02
-8.81053e-03
-9.01085e-03
8.36038e-04
5.58608e-03
2.40002e-03
4.66842e-03
-1.76187e-03
-5.42185e-03
-1.21666e-02
-1.32459e-02
4.22473e-03
2.07346e-02
2.25893e-02
1.85330e-02
-2.05471e-03
-1.54043e-02
-9.42421e-03
7.72759e-03
8.08294e-04
-7.75896e-03
4.08272e-03
-4.36788e-04
-1.09687e-02
-1.48635e-02
-5.92350e-03
-2.70726e-03
7.09870e-03
1.47138e-02
1.35872e-02
-5.55505e-03
-1.01263e-02
-7.69199e-03
-9.23008e-03
3.07045e-03
1.14654e-02
1.15624e-02
-6.09134e-03
-9.24724e-03
9.44324e-04
1.28226e-02
1.30445e-02
4.52896e-03
2.98442e-03
-2.53337e-04
-1.70410e-02
-1.86911e-02
-5.51386e-03
-2.18775e-03
5.56094e-03
9.92968e-03
7.15293e-03
2.57525e-03
6.42483e-03
6.15988e-03
-3.09181e-04
-1.14715e-03
-1.46381e-03
-3.46720e-03
-8.11165e-03
-3.41763e-03
-1.39000e-02
-7.95004e-03
3.68268e-03
1.38846e-03
-4.20815e-03
-3.39169e-03
1.60996e-02
2.01366e-02
1.56709e-02
7.59522e-04
-1.14203e-02
-1.99137e-03
1.03530e-03
-1.09141e-02
-1.10907e-02
-4.12182e-03
-2.93053e-03
-1.02440e-02
-1.35464e-02
6.88573e-04
1.16233e-02
7.50666e-03
4.35076e-03
7.61655e-03
1.13993e-02
9.81627e-04
5.88030e-03
1.66320e-02
2.15571e-03
-4.65372e-03
-1.75415e-03
-9.29170e-03
-1.20491e-02
-1.19284e-02
-7.12668e-03
-2.34864e-03
-1.31030e-03
6.43839e-03
3.98907e-03
-1.23056e-03
-9.50497e-04
7.39275e-03
6.57848e-03
1.02966e-02
1.32264e-02
-4.67892e-04
-4.95884e-04
1.34813e-03
-1.84533e-02
-2.21908e-02
-5.09506e-03
4.59887e-03
8.48723e-03
-4.32598e-03
-8.06566e-03
2.72907e-03
4.93714e-03
4.37275e-03
8.67471e-03
4.34477e-03
6.29865e-03
6.88030e-03
-7.14141e-03
-1.33714e-02
-5.88980e-03
9.86436e-04
3.38408e-03
1.27081e-03
6.74111e-04
-1.40899e-03
7.10755e-04
-2.58732e-03
-1.12891e-03
1.87621e-03
8.70210e-04
6.63918e-03
-5.38343e-03
-1.37439e-02
-4.35154e-03
7.10884e-03
7.92099e-03
-3.68586e-03
-3.06328e-03
3.44027e-03
7.64760e-04
-6.02098e-03
-1.85843e-02
-5.18081e-03
1.40196e-02
2.38880e-02
4.17529e-02
5.40426e-02
5.86785e-02
1.27336e-02
-4.12874e-02
-7.02442e-02
-7.12394e-02
-4.83553e-02
-2.77848e-02
2.60823e-04
8.26801e-03
1.76927e-02
2.02713e-02
1.83993e-02
1.35825e-02
7.09832e-03
8.76354e-03
1.74795e-02
7.96003e-03
-1.05015e-02
-1.06221e-02
-1.30930e-02
-1.46892e-02
1.74304e-03
1.24365e-02
5.64648e-03
5.59909e-03
9.22463e-03
5.32983e-03
-1.03549e-02
-1.12101e-02
-4.86600e-03
3.32106e-04
2.49924e-03
3.45047e-04
5.69179e-03
1.58403e-02
5.57333e-03
-4.46957e-03
-7.39498e-03
-6.16061e-03
-3.40107e-03
-9.75381e-03
-1.28925e-02
-6.79823e-03
1.02200e-02
2.46056e-03
-1.11432e-02
2.60921e-03
1.45586e-02
1.27189e-02
2.30118e-03
-8.75635e-03
-9.74297e-03
3.59372e-03
1.07565e-02
8.83491e-03
6.43944e-03
-1.66467e-03
3.68903e-04
-5.67148e-03
-1.14318e-02
-1.23711e-02
-7.16864e-03
1.14660e-03
9.80728e-04
8.42136e-03
1.34277e-02
1.00973e-02
-8.46329e-03
-8.96521e-03
3.49040e-03
2.73428e-03
-1.08307e-02
-1.22676e-02
-3.42242e-03
5.29565e-03
9.50497e-03
9.11075e-03
-2.73953e-03
2.97906e-04
1.63360e-02
5.39692e-03
-1.17872e-02
-1.17269e-02
2.32287e-03
3.89760e-03
1.04328e-03
-3.50209e-03
-7.97852e-03
-1.47067e-03
3.74897e-03
2.67187e-03
6.76702e-03
1.48275e-03
-4.11171e-03
-7.95051e-03
-4.35944e-03
-4.61149e-03
3.68651e-03
6.26725e-03
3.69082e-03
8.71228e-03
6.61624e-03
6.21085e-04
-6.32838e-03
-3.02383e-03
-1.71407e-03
-8.38564e-03
-1.10655e-02
-8.88327e-03
-1.58482e-03
8.96648e-03
7.96262e-03
-3.26764e-04
-1.55251e-03
7.38098e-03
7.26681e-03
1.21349e-03
2.01916e-03
-1.94458e-03
-1.06782e-03
9.41885e-03
-6.52873e-03
-1.30840e-02
5.25692e-03
7.78811e-03
5.77177e-03
-2.61455e-03
-5.20821e-03
4.12811e-03
6.59252e-03
-3.01093e-03
-7.06730e-03
-1.69472e-03
-6.88851e-03
-6.80666e-03
-1.22947e-05
-3.35429e-04
-7.72436e-03
-1.16795e-02
1.57872e-04
1.34644e-02
1.77233e-02
8.74883e-03
-5.03163e-03
-7.71146e-03
1.53438e-03
-6.99533e-04
-4.34661e-03
-5.40132e-04
5.39119e-04
1.77961e-05
8.32080e-04
-4.69346e-03
-1.14340e-02
2.05565e-03
1.63725e-02
1.98838e-02
1.88498e-02
6.40497e-03
2.89791e-03
-2.83857e-04
-1.71168e-02
-2.57444e-02
-1.37670e-02
-1.67335e-03
-1.69722e-04
2.58981e-03
4.84525e-03
9.54787e-03
3.58718e-03
-6.78964e-03
-1.46956e-02
-2.24643e-03
8.06358e-03
-2.43043e-04
-8.53674e-03
7.42375e-03
1.16223e-02
1.96282e-03
3.32858e-03
5.82314e-03
1.06830e-02
1.14327e-02
6.90452e-03
-1.44735e-03
-6.82641e-03
-9.82076e-03
-1.01504e-02
-9.41795e-03
-1.10056e-02
-9.50414e-03
-9.91776e-03
-4.77784e-03
8.30463e-03
1.97772e-03
-2.87141e-03
7.40413e-03
1.81299e-02
8.61046e-03
-5.98214e-03
-8.60382e-03
-8.31462e-04
-8.89640e-04
-4.50657e-03
-3.55227e-03
1.49394e-02
1.65206e-02
-5.15935e-03
-1.05255e-02
-4.58907e-04
9.74770e-03
-2.83503e-03
-5.71522e-03
-7.38474e-03
-1.73243e-02
-1.36988e-02
-6.04057e-03
8.46798e-03
2.59256e-02
1.90602e-02
5.26032e-03
-4.99802e-03
-1.03685e-02
-6.18718e-03
-2.22131e-03
1.19955e-03
1.17444e-02
1.54086e-02
2.27228e-03
-6.37256e-03
-5.57984e-03
-1.14307e-02
-7.20846e-03
-1.67002e-03
3.69994e-04
-2.69762e-03
-1.35505e-02
-1.08643e-02
-1.85754e-03
8.87253e-03
7.00912e-03
6.74413e-03
7.41407e-03
9.02754e-03
2.67908e-03
-3.74263e-03
-3.77791e-04
-1.27827e-03
-8.91767e-05
-3.31189e-03
-6.56692e-03
1.94432e-03
7.99976e-03
7.79509e-03
4.21693e-03
1.04806e-03
-9.51067e-04
-1.15262e-04
2.32974e-03
2.35555e-03
6.83865e-04
-4.79434e-04
-1.57595e-03
-5.70344e-03
-6.28941e-03
-7.52811e-03
-4.06336e-04
8.97735e-03
6.62493e-03
5.58226e-03
8.46241e-03
5.41417e-03
-1.15702e-04
4.15235e-05
-5.65638e-03
-1.40944e-02
-8.95884e-03
-5.86328e-03
-1.13759e-02
-9.48672e-03
-6.06803e-03
-3.10603e-03
1.05430e-02
1.75378e-03
-6.02939e-03
3.18411e-03
5.71096e-03
5.54505e-03
5.09694e-03
6.14599e-03
5.08178e-03
6.82881e-03
6.50779e-03
3.45524e-03
2.86280e-03
9.46090e-05
-6.44129e-03
-4.27635e-03
-1.26266e-03
-5.23505e-03
-2.62225e-05
1.37585e-02
5.86329e-03
-6.96719e-03
-6.23696e-03
-3.51839e-03
-2.90879e-03
-6.67008e-03
-3.46251e-03
-1.67672e-03
3.92633e-03
8.46088e-03
5.60436e-03
-2.44810e-03
-1.01214e-02
-3.66316e-03
3.72787e-03
-2.49352e-03
9.79458e-05
9.65611e-03
2.43732e-03
-2.99779e-03
-4.51565e-04
-3.91557e-03
-7.42697e-03
-9.40674e-03
-4.18069e-03
7.20080e-04
1.80144e-03
4.48984e-03
-5.31664e-04
-1.75099e-03
9.20169e-04
5.73476e-03
2.53141e-03
-1.01677e-02
-5.11397e-03
1.32059e-03
2.12621e-03
5.24329e-03
8.59302e-03
7.32199e-03
5.57272e-03
1.03375e-03
4.30518e-04
6.21235e-03
-1.18918e-04
-7.09644e-03
-8.48166e-03
-5.80835e-03
-1.01961e-03
1.95745e-03
3.08404e-03
2.21152e-03
6.32384e-03
-2.45461e-03
-2.38789e-03
-1.19667e-03
4.10301e-04
-3.83870e-04
-2.23599e-03
9.19378e-04
-7.81295e-03
-2.51456e-03
2.08512e-03
3.31407e-03
3.03355e-03
1.75097e-03
-2.46210e-03
-6.76151e-04
-8.13954e-04
6.73086e-03
8.64665e-03
-4.26481e-03
-8.71874e-03
-5.14986e-03
3.01261e-03
6.77883e-03
1.30302e-02
1.00120e-02
9.40950e-03
2.98187e-03
-1.29756e-02
-1.30695e-02
-4.43857e-03
7.33266e-03
-5.31325e-04
-4.71805e-03
-9.15863e-04
-1.12518e-02
-1.55754e-02
-1.07064e-02
-1.78431e-03
9.02426e-03
1.33503e-02
4.93257e-03
-5.20585e-03
-2.08982e-03
6.77644e-03
1.98495e-03
2.55050e-03
4.93673e-03
2.94775e-04
-1.22073e-03
-4.78728e-03
-1.01366e-02
-4.36310e-03
5.07299e-03
8.58691e-03
-3.25971e-03
-6.72581e-03
-1.49284e-03
-5.09887e-03
-4.63485e-03
-3.21036e-03
-1.69145e-03
2.28133e-03
3.99018e-03
3.38001e-05
8.69197e-03
6.81676e-03
-1.82058e-04
-2.59003e-04
3.16807e-03
4.67211e-03
3.32363e-03
2.00418e-03
5.60708e-03
4.68294e-03
-1.69666e-03
-8.31313e-04
9.23828e-04
6.23316e-03
5.40277e-03
-1.87055e-03
-4.18084e-03
4.96455e-04
-3.97666e-04
-5.64148e-03
-7.68660e-03
-6.67960e-03
-5.49498e-03
-1.39925e-03
-1.01616e-03
-2.30604e-03
1.28035e-03
-6.27996e-04
-5.33504e-03
-3.04446e-03
2.94448e-03
4.41796e-03
3.26349e-03
8.89281e-04
-4.75962e-04
1.21034e-03
1.41033e-03
1.61846e-03
2.58446e-03
2.05185e-03
-2.52149e-03
-2.41443e-03
1.49509e-03
-2.19420e-03
-2.61474e-03
1.83136e-03
5.19201e-03
-1.07067e-03
-5.53979e-03
-2.18122e-03
-3.31412e-03
-1.40128e-03
5.26505e-03
6.27854e-03
6.45801e-03
5.19845e-03
2.60810e-03
-2.19049e-04
-2.64188e-03
-3.06706e-03
-3.00593e-03
-4.77302e-03
-3.42452e-03
-3.49745e-03
-2.83670e-03
1.57842e-03
1.47542e-03
6.27947e-04
-2.38522e-04
7.55050e-05
3.13196e-03
4.49397e-03
-3.24321e-04
-7.35279e-05
1.09699e-03
-1.49260e-03
-1.58802e-03
1.83867e-03
2.23066e-03
5.99200e-04
1.43611e-03
1.10231e-03
-2.67921e-03
-4.28799e-03
-2.34597e-03
-2.06393e-03
-2.98795e-03
-2.40946e-03
7.45375e-04
5.78251e-04
1.63126e-03
2.76970e-03
2.47226e-03
1.19302e-03
5.40621e-04
-1.18893e-03
-6.01819e-04
1.54658e-03
1.56254e-03
7.40672e-04
-4.96789e-04
-7.45675e-04
-1.16756e-03
-8.91696e-04
5.55310e-05
8.70008e-04
-2.28756e-04
1.46314e-04
6.94089e-04
-7.41932e-04
-1.14386e-03
-4.57287e-04
8.05362e-04
1.51212e-03
8.60538e-04
2.36719e-05
-4.28491e-04
-2.03426e-04
-1.73193e-04
-4.94723e-04
-5.48028e-04
-2.59807e-04
-3.12053e-04
-5.65960e-04
-6.42504e-04
-4.51401e-05
3.66399e-04
2.07104e-04
3.78156e-05
1.21594e-04
1.64054e-04
2.22957e-04
5.48577e-05
1.70456e-04
3.83160e-04
4.70848e-04
3.27854e-04
1.00234e-04
-6.27295e-05
-2.24966e-04
-1.11254e-04
-1.74784e-04
-2.17242e-04
-1.48973e-04
-1.00055e-05
1.05222e-04
6.40787e-05
-3.45850e-05
-2.75694e-05
4.52830e-05
5.27415e-05
2.56553e-05
-1.40879e-05
-6.55581e-05
-6.62506e-05
-6.35480e-05
-5.05312e-05
-1.95423e-05
5.02204e-06
7.45008e-06
4.76993e-06
-3.02920e-06
-1.46310e-05
-2.24898e-05
-2.50780e-05
