-7.87302e-05
-7.89374e-05
-8.06167e-05
-8.26226e-05
-8.39202e-05
-8.61097e-05
-8.87790e-05
-8.78404e-05
-8.75178e-05
-9.18784e-05
-1.01883e-04
-1.19623e-04
-1.27638e-04
-1.23198e-04
-1.17269e-04
-1.20585e-04
-9.07350e-05
-6.17793e-05
-1.07613e-04
-1.97393e-04
-2.24748e-04
-2.04254e-04
-1.86436e-04
-2.05222e-04
-2.26973e-04
-1.39369e-04
-1.69216e-04
-2.63693e-04
-2.37824e-04
-2.79869e-04
-1.92308e-04
-8.14945e-05
-1.08874e-04
-1.26820e-04
-1.50815e-04
-1.51166e-04
-1.10465e-04
-1.29205e-04
-2.43074e-04
-4.19324e-04
-4.19876e-04
-3.24457e-04
-1.96137e-04
-1.78441e-04
-1.89564e-04
-1.83785e-04
-1.84618e-04
-1.89895e-04
-1.76369e-04
-1.04121e-04
1.19012e-04
1.13333e-04
-7.47311e-05
-1.69797e-04
-1.47172e-04
-1.34705e-04
-1.61205e-04
-2.67790e-04
-1.62998e-04
-7.71570e-05
-1.57479e-04
-2.44271e-04
-9.51482e-05
-2.74958e-04
-3.19108e-04
4.02565e-05
1.18193e-04
6.92090e-06
-7.86533e-05
-3.15275e-04
-3.95912e-05
1.94205e-04
-4.26174e-05
-2.14343e-04
-1.79421e-04
-1.84911e-05
-5.83929e-04
-1.30365e-03
-1.65674e-03
-2.48350e-03
-3.03424e-03
-1.89043e-03
-1.43060e-03
-1.49569e-03
-7.28109e-04
-2.01630e-04
-1.07242e-03
-1.23349e-03
-3.72901e-04
-1.35890e-05
-7.51193e-04
-1.26236e-03
-1.41344e-03
-1.33171e-03
-8.10711e-04
-6.47504e-04
-1.31347e-03
-1.54181e-03
-6.08131e-04
-6.17961e-04
-1.81717e-03
-2.71319e-03
-2.62785e-03
-1.86589e-03
-8.35701e-04
-6.12774e-05
-7.69428e-04
-2.16517e-03
-2.01433e-03
-1.92019e-03
-2.12312e-03
-1.00149e-03
-6.10747e-04
-6.05798e-04
1.85633e-04
7.91196e-04
5.19188e-04
-1.30051e-04
-5.24815e-04
-5.93084e-04
-3.49867e-04
-6.53575e-04
1.45706e-04
7.71436e-04
1.13133e-03
8.87437e-04
3.45342e-04
-1.05390e-03
-1.88875e-03
-2.97081e-03
-3.09834e-03
-9.95795e-04
5.28962e-05
3.21172e-04
3.58518e-04
-2.57451e-04
-4.81636e-04
-1.38616e-03
-2.29315e-03
-3.52818e-03
-4.45323e-03
-4.53828e-03
-4.38627e-03
-4.66822e-03
-4.61453e-03
-3.37788e-03
-1.53489e-03
-1.85778e-04
5.28628e-04
1.61472e-03
3.04702e-03
2.47660e-03
1.25590e-03
1.10870e-03
1.75598e-03
1.53608e-03
9.55020e-04
6.26161e-04
3.90057e-04
-1.98996e-03
-3.54297e-03
-3.31424e-03
-3.34828e-03
-2.89837e-03
-3.51321e-03
-5.60725e-03
-5.70632e-03
-6.08658e-03
-6.79719e-03
-6.88895e-03
-5.84517e-03
-4.93692e-03
-4.18069e-03
-3.82387e-03
-3.80980e-03
-4.38780e-03
-3.39138e-03
-9.79406e-04
5.24414e-04
9.97839e-04
4.90488e-04
1.18553e-03
1.28643e-03
6.23738e-04
1.25749e-03
1.35617e-03
1.03052e-03
1.32836e-03
2.62029e-03
3.71495e-03
3.16873e-03
2.12812e-03
1.24945e-03
9.61775e-04
1.46683e-03
1.60540e-03
1.33726e-03
1.04999e-03
9.38818e-04
1.87568e-05
-4.04548e-04
-4.59571e-04
-1.38659e-03
-6.55335e-04
6.19747e-04
1.82018e-03
1.39989e-03
-3.72621e-04
-1.76265e-03
-2.32860e-03
-1.53646e-03
6.03655e-04
2.39012e-03
2.70184e-03
5.35564e-03
8.52719e-03
6.53447e-03
2.58023e-03
1.54025e-03
1.32749e-03
1.73519e-03
2.63199e-03
2.64227e-03
1.21016e-03
-5.13651e-04
-9.26981e-04
-1.71594e-03
-3.42212e-03
-3.68562e-03
-6.83528e-04
1.31138e-03
2.57710e-04
-1.43050e-03
-3.46512e-03
-5.84801e-03
-6.19568e-03
-4.40889e-03
-3.20516e-03
-3.01183e-03
-2.36336e-03
-5.62257e-04
2.82509e-04
1.05043e-03
1.12478e-03
4.70125e-04
2.51441e-03
5.37432e-03
6.31898e-03
6.71818e-03
7.04658e-03
4.70623e-03
1.44222e-03
1.06987e-03
1.47572e-03
3.06915e-03
2.72386e-03
1.34447e-03
1.10138e-03
4.53633e-04
-6.05913e-05
5.97029e-04
7.99055e-04
1.87140e-03
3.12573e-03
3.12950e-03
2.47033e-03
1.29210e-03
2.26756e-04
-2.67006e-04
-1.24879e-03
-9.86136e-04
5.56127e-04
1.60199e-03
6.98267e-04
-1.16100e-04
-1.03471e-03
-1.14727e-03
-1.86339e-03
-3.95125e-03
-4.16513e-03
-1.64889e-03
7.35146e-04
1.48195e-03
2.26869e-03
1.70920e-03
-8.13954e-05
-8.18949e-04
-5.72934e-04
-1.40184e-03
-1.91236e-03
1.44775e-04
1.72470e-03
1.55892e-03
1.85754e-03
3.27619e-03
2.31035e-03
-9.34737e-04
-3.83108e-03
-5.53893e-03
-4.79775e-03
-3.35773e-04
3.53149e-03
5.59469e-03
6.40742e-03
5.88067e-03
4.22432e-03
2.79123e-03
2.14638e-03
1.40799e-03
7.92289e-04
1.19667e-03
2.60073e-03
5.25623e-03
6.23195e-03
5.05305e-03
4.90054e-03
2.82286e-03
-4.84994e-04
-4.34783e-03
-5.99174e-03
-5.56171e-03
-5.18334e-03
-4.40014e-03
-5.18031e-03
-7.78248e-03
-9.32543e-03
-7.33985e-03
-4.27110e-03
-1.92609e-03
-4.22588e-04
-2.09936e-03
-3.39369e-03
-3.65087e-03
-4.70284e-03
-5.11791e-03
-4.04099e-03
-1.22119e-03
8.32151e-04
2.12052e-03
3.38731e-03
3.73799e-03
3.56995e-03
3.02425e-03
1.49273e-04
-2.36232e-03
-1.17440e-03
-8.05059e-04
-2.82241e-03
-4.58421e-03
-4.57991e-03
-4.67950e-03
-7.03390e-03
-9.75100e-03
-1.12654e-02
-1.22930e-02
-1.14674e-02
-8.71092e-03
-7.14905e-03
-6.65954e-03
-5.26664e-03
-1.87904e-03
2.26730e-03
4.62369e-03
4.49099e-03
3.72834e-03
3.35740e-03
3.00584e-03
3.40895e-03
4.58048e-03
4.50630e-03
2.08390e-03
5.11826e-04
2.01131e-03
3.99173e-03
4.31548e-03
4.53833e-03
6.17172e-03
8.64547e-03
9.07602e-03
7.36392e-03
5.20733e-03
1.61359e-03
-1.22872e-03
-1.44814e-03
-1.26853e-03
-3.51898e-03
-6.31227e-03
-8.40269e-03
-9.21436e-03
-8.83279e-03
-6.47690e-03
-4.46795e-03
-4.52020e-03
-4.69456e-03
-2.98085e-03
3.67641e-04
1.97875e-03
3.39682e-03
3.58697e-03
3.15740e-03
3.49872e-03
3.82269e-03
5.28962e-03
7.42229e-03
7.65457e-03
8.23592e-03
1.03426e-02
1.12149e-02
9.35271e-03
7.30859e-03
7.72050e-03
7.62372e-03
5.35222e-03
3.64457e-03
3.06693e-03
2.91220e-03
1.34941e-03
-1.51517e-03
-3.14783e-03
-3.47160e-03
-3.13881e-03
-3.19509e-03
-2.93688e-03
-2.23106e-03
-2.95027e-03
-7.20375e-03
-1.39343e-02
-1.83005e-02
-1.83526e-02
-1.62705e-02
-1.20204e-02
-7.41541e-03
-4.86171e-03
-3.23628e-03
-5.09009e-04
3.68898e-03
9.04336e-03
1.02963e-02
8.04799e-03
6.39181e-03
5.95988e-03
6.48024e-03
6.25661e-03
2.86308e-03
-1.75009e-03
-4.01821e-03
-2.99132e-03
-1.09421e-03
-1.01079e-03
-1.31683e-03
9.52685e-04
4.45396e-03
4.60392e-03
1.27497e-03
-3.27005e-03
-5.54153e-03
-5.54569e-03
-6.98899e-03
-8.40634e-03
-8.70096e-03
-8.97558e-03
-7.18875e-03
-3.63358e-03
1.41905e-03
7.42833e-03
1.21246e-02
1.56597e-02
1.66260e-02
1.32568e-02
5.95481e-03
-1.53008e-03
-6.09400e-03
-5.60269e-03
-2.63373e-03
1.21152e-03
3.88940e-03
3.97314e-03
2.28305e-03
-1.31673e-03
-5.30105e-03
-6.58246e-03
-5.01561e-03
-3.68676e-03
-1.14082e-03
2.47897e-03
5.00426e-03
1.63533e-03
-3.77911e-03
-5.04599e-03
-2.78944e-03
-2.29869e-04
5.69915e-04
2.77722e-03
5.59079e-03
6.08054e-03
1.51212e-03
-2.69504e-03
-3.38578e-03
-3.23982e-03
-4.75483e-03
-4.87318e-03
-3.04737e-03
-2.73496e-03
-3.77120e-03
-4.09959e-03
-3.11872e-03
-8.00582e-04
-1.77776e-04
-1.18600e-03
-1.85002e-03
-2.69541e-03
-3.85246e-03
-3.89914e-03
-4.01916e-03
-5.47259e-03
-6.51338e-03
-5.50495e-03
-3.13368e-03
-1.10746e-03
-9.49838e-04
-3.80117e-03
-5.93888e-03
-5.08573e-03
-1.32980e-03
2.52553e-03
2.77018e-03
2.11538e-04
-2.44838e-03
-3.45785e-03
-1.92813e-03
1.14124e-04
2.23672e-03
4.86237e-03
6.48396e-03
9.41917e-03
1.20032e-02
1.39550e-02
1.47130e-02
1.56011e-02
1.90910e-02
2.27695e-02
2.41555e-02
2.22215e-02
1.88748e-02
1.58439e-02
1.18929e-02
7.53321e-03
4.53251e-03
2.61882e-03
1.76127e-03
2.35384e-03
3.47221e-03
1.49917e-03
-3.48429e-03
-2.85751e-03
6.21763e-03
1.70398e-02
2.59405e-02
2.94604e-02
3.02901e-02
3.21777e-02
3.66643e-02
4.16886e-02
4.48111e-02
4.50252e-02
4.32813e-02
3.91646e-02
2.82209e-02
1.34153e-02
2.47252e-03
-4.42549e-03
-1.05320e-02
-1.78210e-02
-2.76550e-02
-3.82383e-02
-4.49872e-02
-4.69130e-02
-4.49526e-02
-4.09240e-02
-3.28358e-02
-1.95137e-02
-2.47870e-03
1.27279e-02
2.12760e-02
2.33767e-02
2.28117e-02
2.20297e-02
2.16007e-02
2.11654e-02
1.84938e-02
1.25528e-02
3.82755e-03
-8.04781e-03
-2.25725e-02
-3.83928e-02
-5.34993e-02
-6.46600e-02
-6.40723e-02
-4.86543e-02
-2.63997e-02
-8.31942e-03
6.32850e-03
1.43077e-02
1.23808e-02
3.79946e-03
-6.16635e-03
-9.37286e-03
-3.54985e-03
1.14668e-02
3.12923e-02
5.33231e-02
6.98032e-02
7.48988e-02
7.00924e-02
5.27865e-02
1.73893e-02
-2.86542e-02
-6.05835e-02
-6.91023e-02
-6.10464e-02
-4.79956e-02
-3.92587e-02
-3.62662e-02
-3.40660e-02
-2.55174e-02
-1.24448e-02
-2.41548e-03
-1.27093e-03
-4.86684e-03
-4.59390e-03
-9.10808e-04
4.72090e-03
1.13265e-02
1.61626e-02
1.81446e-02
1.97678e-02
2.42133e-02
3.16561e-02
4.05294e-02
4.51889e-02
4.30926e-02
3.69277e-02
3.49310e-02
3.97475e-02
4.82774e-02
5.29237e-02
5.12832e-02
4.83221e-02
4.34714e-02
3.57801e-02
2.33069e-02
4.21942e-03
-1.66812e-02
-2.78653e-02
-3.05713e-02
-3.35044e-02
-4.18998e-02
-5.45467e-02
-6.56313e-02
-6.51629e-02
-5.27362e-02
-3.97852e-02
-3.14874e-02
-2.49536e-02
-1.46298e-02
-2.85274e-03
6.34282e-03
1.00742e-02
9.94261e-03
7.50082e-03
-1.04009e-03
-1.30619e-02
-1.94671e-02
-2.22245e-02
-2.48474e-02
-2.55433e-02
-2.41548e-02
-2.39043e-02
-2.33266e-02
-1.99159e-02
-1.32181e-02
-6.95055e-03
-2.30735e-03
7.62695e-06
1.19220e-03
6.16652e-03
1.67520e-02
2.52603e-02
2.67168e-02
2.08982e-02
1.41739e-02
1.10069e-02
1.11512e-02
1.10953e-02
6.93440e-03
-3.67961e-03
-1.62148e-02
-2.38397e-02
-2.52769e-02
-2.02090e-02
-9.88093e-03
5.32500e-04
6.88017e-03
8.19507e-03
4.50868e-03
-3.37131e-03
-9.73752e-03
-1.02078e-02
-4.48421e-03
6.25529e-03
1.57535e-02
2.25421e-02
2.61551e-02
2.02769e-02
5.46208e-03
-9.03786e-03
-1.72689e-02
-2.26080e-02
-2.89999e-02
-3.50012e-02
-3.54496e-02
-3.04332e-02
-2.51114e-02
-2.30827e-02
-2.37543e-02
-2.30804e-02
-1.63852e-02
-5.19558e-03
6.38631e-03
1.53825e-02
2.13653e-02
2.22870e-02
1.68845e-02
8.26292e-03
1.92404e-03
-1.13708e-03
-1.95811e-03
-1.58586e-03
7.38395e-04
2.77170e-03
3.24867e-03
2.83302e-03
2.66543e-03
2.15393e-03
-1.22892e-03
-7.60114e-03
-1.33417e-02
-1.34468e-02
-8.03144e-03
-2.34748e-03
-8.19250e-04
-1.92147e-03
3.07431e-04
8.51609e-03
1.76659e-02
2.10458e-02
1.85979e-02
1.55697e-02
1.38488e-02
1.11027e-02
9.43310e-03
1.22265e-02
2.17330e-02
3.40513e-02
4.20637e-02
4.32428e-02
3.78610e-02
3.23368e-02
3.09557e-02
3.52109e-02
4.50735e-02
5.51794e-02
5.85825e-02
5.14921e-02
3.52261e-02
1.60115e-02
2.58737e-03
-6.06063e-03
-1.25964e-02
-1.46043e-02
-1.12066e-02
-9.95524e-03
-1.69499e-02
-3.04395e-02
-4.29734e-02
-4.75691e-02
-4.37413e-02
-3.77699e-02
-3.27255e-02
-2.54245e-02
-1.57715e-02
-8.42653e-03
-5.92329e-03
-8.99236e-03
-1.61068e-02
-1.90853e-02
-1.43567e-02
-3.60529e-03
4.16217e-03
3.30201e-03
-1.95879e-03
-5.00083e-03
-3.44490e-03
1.19362e-03
4.16065e-03
5.20434e-03
3.61217e-03
4.50987e-04
-6.73681e-04
2.48593e-03
6.50307e-03
8.60416e-03
6.26648e-03
1.21439e-03
-1.18355e-03
-2.44287e-04
1.29088e-03
-1.53295e-03
-9.64536e-03
-2.25849e-02
-3.56428e-02
-4.34359e-02
-4.26572e-02
-3.70866e-02
-3.28779e-02
-3.00714e-02
-2.66991e-02
-1.97764e-02
-9.68876e-03
2.11915e-03
1.77567e-02
3.96544e-02
5.59969e-02
5.45219e-02
4.13476e-02
3.06358e-02
3.15976e-02
4.33265e-02
5.77733e-02
6.87125e-02
7.39073e-02
7.73066e-02
7.78786e-02
6.97527e-02
5.27031e-02
3.01922e-02
9.26223e-03
-3.33554e-03
-1.00697e-02
-1.36627e-02
-1.61552e-02
-1.64100e-02
-1.35690e-02
-7.89515e-03
-9.14604e-04
5.86902e-03
1.04270e-02
1.41115e-02
1.53230e-02
1.42863e-02
9.90881e-03
4.09502e-03
2.10753e-03
3.54921e-03
6.82667e-03
6.03580e-03
-2.09679e-03
-9.71516e-03
-1.24987e-02
-1.13820e-02
-7.97574e-03
-8.41327e-03
-1.84433e-02
-3.52332e-02
-5.15505e-02
-6.29464e-02
-7.06638e-02
-7.08418e-02
-6.26551e-02
-5.47263e-02
-5.54415e-02
-6.07615e-02
-6.08723e-02
-5.19889e-02
-3.91586e-02
-3.08693e-02
-3.04649e-02
-3.07303e-02
-2.49529e-02
-1.54529e-02
-8.75730e-03
-1.07743e-02
-1.99171e-02
-2.94754e-02
-3.10785e-02
-2.36766e-02
-9.35354e-03
3.73607e-03
1.37192e-02
2.16949e-02
3.13904e-02
4.12855e-02
4.42241e-02
4.51641e-02
5.16890e-02
6.51798e-02
8.11658e-02
9.11991e-02
8.73982e-02
6.64280e-02
3.92554e-02
2.88668e-02
3.72981e-02
4.70928e-02
4.55307e-02
3.77628e-02
3.09881e-02
2.78366e-02
2.59129e-02
1.59495e-02
-1.97866e-03
-1.44590e-02
-1.71213e-02
-1.64032e-02
-1.97885e-02
-2.67892e-02
-2.78583e-02
-1.96430e-02
-7.11427e-03
2.17703e-03
5.26236e-03
3.96909e-03
-9.36005e-04
-8.71787e-03
-1.79943e-02
-2.61269e-02
-3.32910e-02
-3.98890e-02
-4.30597e-02
-4.36382e-02
-4.06116e-02
-3.43708e-02
-2.69078e-02
-2.00341e-02
-1.52188e-02
-1.30651e-02
-1.18542e-02
-7.30089e-03
-2.94793e-04
8.21781e-03
1.59044e-02
1.88129e-02
1.90128e-02
2.12165e-02
2.67935e-02
3.33424e-02
3.25349e-02
2.02009e-02
3.17062e-04
-1.72335e-02
-2.42974e-02
-2.37474e-02
-2.06519e-02
-1.86515e-02
-1.47602e-02
-4.82978e-03
1.01317e-02
2.40127e-02
3.10179e-02
3.40182e-02
3.84811e-02
4.48674e-02
4.96354e-02
5.02237e-02
4.72206e-02
4.21455e-02
3.49354e-02
2.46917e-02
1.57463e-02
1.05517e-02
1.01021e-02
1.22509e-02
1.31066e-02
1.10999e-02
8.79210e-03
6.60691e-03
2.78199e-03
-2.75787e-03
-5.83495e-03
6.17285e-04
1.10088e-02
1.40831e-02
2.71215e-03
-1.71080e-02
-2.95782e-02
-2.94861e-02
-2.16353e-02
-1.27023e-02
-3.95648e-03
4.06546e-03
1.35022e-02
2.11731e-02
2.57382e-02
2.77151e-02
2.76871e-02
2.53643e-02
1.94896e-02
1.14790e-02
5.50036e-03
7.76892e-03
2.28357e-02
4.41947e-02
5.64377e-02
5.89476e-02
5.94741e-02
5.89941e-02
5.13271e-02
3.18404e-02
9.34850e-04
-3.36892e-02
-5.84333e-02
-6.50794e-02
-5.89464e-02
-4.50429e-02
-2.49314e-02
-9.18482e-04
1.94793e-02
3.11293e-02
3.66539e-02
3.63600e-02
2.63482e-02
4.93605e-03
-2.20997e-02
-4.42831e-02
-5.86699e-02
-7.41796e-02
-8.98746e-02
-1.01877e-01
-1.09889e-01
-1.11531e-01
-1.02054e-01
-7.77581e-02
-3.99487e-02
-7.60036e-03
8.49833e-03
1.66804e-02
2.43748e-02
3.01258e-02
3.30805e-02
3.53154e-02
3.85781e-02
4.36149e-02
5.02086e-02
5.61617e-02
5.74711e-02
5.33541e-02
4.88665e-02
5.02992e-02
5.60996e-02
5.82648e-02
5.58992e-02
5.30142e-02
5.24792e-02
5.51025e-02
6.10587e-02
6.66232e-02
6.86202e-02
6.78268e-02
6.48501e-02
6.25281e-02
6.20023e-02
6.16251e-02
5.64841e-02
4.13066e-02
1.64250e-02
-8.62896e-03
-2.51447e-02
-3.31561e-02
-3.54474e-02
-3.23668e-02
-2.41406e-02
-1.26362e-02
3.56500e-04
1.51107e-02
3.03446e-02
4.23794e-02
4.99902e-02
5.04432e-02
3.82208e-02
1.48175e-02
-5.42955e-03
-1.26095e-02
-9.78309e-03
-7.94891e-03
-2.02846e-02
-6.18312e-02
-1.15289e-01
-1.45460e-01
-1.53723e-01
-1.51986e-01
-1.38742e-01
-1.09385e-01
-7.06119e-02
-4.23218e-02
-2.72721e-02
-1.52956e-02
-8.36514e-04
1.10263e-02
7.70667e-03
-1.55343e-02
-6.04740e-02
-1.03112e-01
-1.34121e-01
-1.56041e-01
-1.66351e-01
-1.66736e-01
-1.55973e-01
-1.35177e-01
-1.12744e-01
-9.71735e-02
-8.32491e-02
-6.31325e-02
-3.79146e-02
-1.74581e-02
-3.89153e-03
1.54177e-02
4.71960e-02
8.98769e-02
1.22391e-01
1.28509e-01
1.00280e-01
2.40011e-02
-7.46345e-02
-1.42282e-01
-1.51266e-01
-1.45979e-01
-1.55342e-01
-1.75988e-01
-1.92021e-01
-1.94238e-01
-1.78825e-01
-1.46843e-01
-1.02991e-01
-6.25960e-02
-3.35609e-02
-1.77069e-02
-8.76127e-03
4.25460e-03
3.52050e-02
8.77922e-02
1.44450e-01
1.86000e-01
2.07322e-01
2.13748e-01
2.13833e-01
2.15125e-01
2.18660e-01
2.23222e-01
2.23752e-01
2.17608e-01
2.10329e-01
2.05338e-01
1.96796e-01
1.77248e-01
1.42778e-01
8.82137e-02
3.73795e-02
5.64387e-03
-1.56917e-02
-3.66271e-02
-6.06322e-02
-8.73496e-02
-1.11460e-01
-1.27869e-01
-1.38331e-01
-1.45854e-01
-1.54858e-01
-1.65025e-01
-1.74413e-01
-1.78726e-01
-1.77028e-01
-1.68699e-01
-1.54334e-01
-1.33698e-01
-1.10695e-01
-9.01309e-02
-7.74387e-02
-7.33578e-02
-7.20470e-02
-6.84324e-02
-6.18472e-02
-5.46759e-02
-4.93067e-02
-4.55581e-02
-3.97010e-02
-2.98528e-02
-1.51837e-02
2.72939e-03
1.93507e-02
3.47567e-02
5.55968e-02
8.41840e-02
1.12537e-01
1.26868e-01
1.22071e-01
9.15840e-02
3.57647e-02
-1.85286e-03
-1.03485e-02
-7.51129e-03
-2.80557e-03
1.05054e-03
3.02055e-03
6.19896e-03
1.27081e-02
2.27956e-02
3.39380e-02
4.70818e-02
6.15031e-02
7.14282e-02
7.27952e-02
6.73235e-02
5.57968e-02
4.14197e-02
3.00193e-02
2.25521e-02
1.44412e-02
4.69863e-03
-5.29906e-03
-1.00896e-02
-9.37677e-03
-7.80919e-03
-7.65198e-03
-1.12651e-02
-1.81793e-02
-2.47350e-02
-2.14613e-02
1.92003e-03
4.02709e-02
6.67534e-02
7.49052e-02
7.52780e-02
7.72947e-02
7.97968e-02
7.70055e-02
6.39702e-02
3.75951e-02
7.79524e-03
-1.55812e-02
-3.25908e-02
-4.69925e-02
-5.83465e-02
-6.14535e-02
-5.75216e-02
-4.78044e-02
-2.90663e-02
-2.68876e-03
2.17094e-02
3.16645e-02
2.82372e-02
1.77243e-02
3.85224e-03
-1.03903e-02
-2.08031e-02
-2.73626e-02
-3.25458e-02
-3.75238e-02
-3.96682e-02
-3.72942e-02
-3.36485e-02
-2.99309e-02
-2.43739e-02
-1.88898e-02
-1.16727e-02
-9.75368e-04
1.00745e-02
1.71420e-02
2.22191e-02
3.15174e-02
4.89607e-02
7.06107e-02
8.70381e-02
9.57938e-02
9.62710e-02
9.32338e-02
9.14109e-02
9.06074e-02
8.85720e-02
7.94670e-02
6.67537e-02
5.74900e-02
4.68791e-02
2.81105e-02
6.73556e-03
-1.02189e-02
-2.31743e-02
-2.97362e-02
-2.68336e-02
-1.49651e-02
3.96792e-03
2.23002e-02
3.50431e-02
4.20431e-02
4.55455e-02
4.56032e-02
3.96499e-02
2.32112e-02
1.57737e-03
-1.26728e-02
-1.96964e-02
-2.25027e-02
-2.60474e-02
-3.32203e-02
-3.79173e-02
-3.21648e-02
-1.72544e-02
-3.67226e-03
1.39130e-03
-2.97858e-03
-1.44711e-02
-2.58411e-02
-2.98161e-02
-2.74359e-02
-2.42231e-02
-2.21768e-02
-1.62155e-02
-5.21224e-03
3.30137e-03
5.38240e-03
1.82372e-03
-8.24773e-03
-1.89691e-02
-2.34203e-02
-2.55943e-02
-3.13685e-02
-4.22303e-02
-5.88621e-02
-7.60887e-02
-8.95386e-02
-9.48614e-02
-9.44039e-02
-9.02545e-02
-7.85988e-02
-5.80105e-02
-4.12938e-02
-4.18684e-02
-5.36847e-02
-6.45169e-02
-6.42279e-02
-5.34258e-02
-3.76304e-02
-1.95707e-02
2.51514e-03
2.59225e-02
4.35263e-02
4.83614e-02
4.29322e-02
3.41711e-02
2.92432e-02
3.09826e-02
3.63888e-02
3.97740e-02
3.65538e-02
2.95148e-02
2.72131e-02
2.89137e-02
3.16136e-02
3.41506e-02
3.40287e-02
3.22046e-02
2.81745e-02
2.01761e-02
9.40374e-03
-6.06630e-03
-2.29270e-02
-3.40623e-02
-3.92254e-02
-3.94883e-02
-3.67761e-02
-3.16073e-02
-2.46014e-02
-1.48504e-02
2.77962e-03
2.73055e-02
4.81593e-02
5.86010e-02
5.95392e-02
5.18373e-02
3.73124e-02
2.41798e-02
1.63525e-02
8.84388e-03
-3.79122e-03
-2.19649e-02
-4.09630e-02
-5.32836e-02
-5.69146e-02
-5.44252e-02
-4.92545e-02
-4.16177e-02
-3.15368e-02
-1.63099e-02
9.72545e-04
8.42248e-03
-1.24298e-04
-3.09907e-02
-6.41716e-02
-7.62465e-02
-7.36544e-02
-6.96153e-02
-6.62136e-02
-6.36431e-02
-6.09707e-02
-5.20691e-02
-3.37396e-02
-8.54849e-03
1.44621e-02
3.01426e-02
3.74646e-02
3.82264e-02
3.23656e-02
2.21676e-02
1.35539e-02
1.45661e-02
2.39562e-02
3.21962e-02
2.99532e-02
1.92416e-02
6.45863e-03
-4.94638e-04
9.49138e-04
8.72403e-03
1.94586e-02
2.80410e-02
3.22980e-02
3.45949e-02
4.26543e-02
5.65178e-02
6.86501e-02
7.77417e-02
8.40172e-02
8.20099e-02
7.07519e-02
4.70196e-02
1.59863e-02
-6.63749e-03
-1.75580e-02
-2.19774e-02
-2.48355e-02
-2.76854e-02
-3.17135e-02
-3.46508e-02
-3.26183e-02
-2.38181e-02
-1.06492e-02
3.76053e-03
1.73568e-02
2.74276e-02
3.27634e-02
3.29235e-02
2.96990e-02
2.49696e-02
1.71998e-02
7.31255e-03
-8.85528e-04
-6.66828e-03
-1.11478e-02
-1.40399e-02
-1.70927e-02
-2.07435e-02
-2.55534e-02
-2.99510e-02
-3.14231e-02
-2.88526e-02
-2.42212e-02
-2.10182e-02
-1.91156e-02
-1.63665e-02
-1.03027e-02
-3.39204e-03
2.18031e-03
1.06028e-02
2.00729e-02
2.67725e-02
2.74104e-02
1.87480e-02
8.38785e-03
5.30148e-03
7.58600e-03
9.59560e-03
5.81628e-03
-2.03983e-03
-1.01171e-02
-1.50872e-02
-1.86040e-02
-2.26361e-02
-2.60204e-02
-2.80822e-02
-3.08887e-02
-3.50829e-02
-3.87551e-02
-4.12086e-02
-4.43416e-02
-4.82606e-02
-4.81263e-02
-4.28314e-02
-3.55861e-02
-2.89270e-02
-2.59130e-02
-2.38667e-02
-1.91702e-02
-1.36868e-02
-9.16459e-03
-7.46454e-03
-1.09103e-02
-1.72228e-02
-2.12227e-02
-2.17050e-02
-1.95516e-02
-1.50480e-02
-8.58752e-03
-1.46454e-03
6.28975e-03
1.50623e-02
2.20501e-02
2.08763e-02
1.08660e-02
-1.33876e-03
-7.50133e-03
-3.56611e-03
4.78397e-03
9.64168e-03
1.12219e-02
1.24786e-02
1.32106e-02
1.36644e-02
1.55476e-02
1.76369e-02
2.18248e-02
2.89340e-02
4.13159e-02
5.92901e-02
7.71370e-02
8.96072e-02
9.81200e-02
1.04213e-01
1.08487e-01
1.09517e-01
1.05655e-01
9.55738e-02
7.92995e-02
6.04871e-02
4.13159e-02
1.55131e-02
-1.59772e-02
-4.34036e-02
-6.15242e-02
-7.28023e-02
-7.70735e-02
-7.14862e-02
-5.58445e-02
-4.05069e-02
-3.37458e-02
-3.20273e-02
-2.99752e-02
-2.50777e-02
-1.66436e-02
-9.23613e-03
-8.41611e-03
-1.25011e-02
-1.71308e-02
-2.12672e-02
-2.76960e-02
-3.44978e-02
-3.76638e-02
-3.57290e-02
-2.90661e-02
-2.13833e-02
-1.66216e-02
-1.79219e-02
-2.02315e-02
-1.94825e-02
-1.49847e-02
-8.49899e-03
-1.51522e-03
7.58377e-03
1.86830e-02
3.06308e-02
4.14097e-02
5.01285e-02
5.36105e-02
5.05946e-02
4.30047e-02
3.16667e-02
1.64750e-02
5.22187e-03
1.90861e-03
4.66452e-03
1.13923e-02
2.06347e-02
3.01412e-02
3.71796e-02
4.19808e-02
4.48565e-02
4.40546e-02
3.83507e-02
2.85986e-02
1.41941e-02
-5.55382e-03
-2.68984e-02
-4.70548e-02
-6.32613e-02
-7.01783e-02
-6.89466e-02
-6.37214e-02
-5.17348e-02
-3.34034e-02
-9.82696e-03
1.61804e-02
3.61911e-02
4.73432e-02
5.18652e-02
4.90565e-02
3.88979e-02
2.14286e-02
-6.12715e-03
-3.14510e-02
-4.39811e-02
-4.61333e-02
-4.44091e-02
-4.12202e-02
-3.52129e-02
-2.72754e-02
-2.01377e-02
-1.49164e-02
-1.19159e-02
-9.37632e-03
-8.18224e-03
-1.08977e-02
-2.06851e-02
-3.74481e-02
-5.39573e-02
-6.26609e-02
-6.56386e-02
-6.56189e-02
-6.26837e-02
-5.90876e-02
-5.44317e-02
-5.05653e-02
-4.83180e-02
-4.69452e-02
-4.47251e-02
-4.07651e-02
-3.23037e-02
-1.96598e-02
-4.84073e-03
1.02926e-02
2.35152e-02
3.50742e-02
4.41208e-02
4.79037e-02
4.83404e-02
5.01410e-02
5.39059e-02
5.24400e-02
4.06396e-02
1.93903e-02
-2.75953e-03
-1.47829e-02
-1.78698e-02
-1.92732e-02
-2.49502e-02
-3.27169e-02
-3.61111e-02
-3.26549e-02
-2.49956e-02
-1.57984e-02
-5.36361e-03
4.63561e-03
1.47368e-02
2.30895e-02
2.54271e-02
2.09804e-02
1.03411e-02
2.65505e-03
4.20160e-03
1.22068e-02
1.96525e-02
2.11609e-02
1.78054e-02
1.62897e-02
1.88354e-02
2.14309e-02
2.07923e-02
1.63833e-02
1.04785e-02
5.61036e-03
5.98295e-03
1.13404e-02
1.81332e-02
2.73777e-02
3.72721e-02
4.52217e-02
5.28746e-02
5.98002e-02
6.44177e-02
6.72540e-02
6.80568e-02
6.98149e-02
7.18666e-02
7.27179e-02
7.47292e-02
7.63106e-02
7.57547e-02
7.21134e-02
6.45804e-02
5.52409e-02
4.84092e-02
4.40742e-02
4.16053e-02
3.98128e-02
4.01162e-02
4.29279e-02
4.26597e-02
3.74364e-02
2.75246e-02
1.28980e-02
-1.77910e-03
-1.22143e-02
-1.83650e-02
-2.34959e-02
-2.72902e-02
-2.86650e-02
-2.96000e-02
-3.24139e-02
-3.87759e-02
-4.52024e-02
-5.11279e-02
-5.52895e-02
-5.77394e-02
-5.63372e-02
-5.28634e-02
-4.77999e-02
-3.87770e-02
-2.45869e-02
-3.92170e-03
1.41956e-02
2.70534e-02
3.72066e-02
4.57166e-02
5.27611e-02
5.75645e-02
5.91283e-02
5.83463e-02
5.79671e-02
5.82554e-02
5.96121e-02
6.15966e-02
6.01423e-02
5.31417e-02
4.02374e-02
2.33325e-02
9.52682e-03
2.77758e-03
-8.33596e-04
-3.58036e-03
-5.74859e-03
-7.41854e-03
-7.68102e-03
-7.40596e-03
-8.43744e-03
-1.02291e-02
-1.21342e-02
-1.66588e-02
-2.14485e-02
-2.36173e-02
-2.34259e-02
-2.11156e-02
-1.79246e-02
-1.09937e-02
-1.35716e-03
8.37773e-03
1.61743e-02
1.95229e-02
1.71286e-02
1.01122e-02
1.08935e-03
-5.56220e-03
-9.44517e-03
-1.14559e-02
-1.43959e-02
-1.78731e-02
-2.04660e-02
-2.31092e-02
-2.62650e-02
-3.03292e-02
-3.32872e-02
-3.60309e-02
-3.81193e-02
-3.82436e-02
-3.53495e-02
-2.99386e-02
-2.31915e-02
-1.76476e-02
-1.65489e-02
-1.98244e-02
-2.58908e-02
-3.13035e-02
-3.54957e-02
-4.14199e-02
-4.82649e-02
-5.30037e-02
-5.39670e-02
-5.01573e-02
-4.21095e-02
-3.35854e-02
-2.74100e-02
-2.32902e-02
-1.84888e-02
-1.02874e-02
-3.22827e-05
1.33333e-02
2.85719e-02
4.13621e-02
4.95642e-02
5.53677e-02
5.97498e-02
6.20712e-02
6.32111e-02
6.24346e-02
5.63952e-02
4.39937e-02
2.80913e-02
1.73699e-02
1.57752e-02
1.85639e-02
1.93401e-02
1.47603e-02
6.25806e-03
-8.92428e-04
-3.59057e-03
-3.29298e-03
-1.39099e-03
1.70443e-03
4.28406e-03
6.52940e-03
1.09345e-02
1.69029e-02
2.20570e-02
2.59712e-02
2.91192e-02
2.97922e-02
2.47253e-02
1.68676e-02
8.15370e-03
-2.63082e-03
-1.37613e-02
-2.53486e-02
-3.57139e-02
-4.37067e-02
-4.76627e-02
-4.65361e-02
-4.05565e-02
-3.30453e-02
-2.46747e-02
-1.76890e-02
-1.38333e-02
-1.18485e-02
-9.42406e-03
-5.81913e-03
-2.36374e-03
-7.70127e-04
-9.71380e-04
-4.04315e-03
-8.28073e-03
-1.09895e-02
-1.31994e-02
-1.36928e-02
-1.05547e-02
-4.62305e-03
4.63198e-03
1.49197e-02
2.26872e-02
2.86053e-02
3.11247e-02
2.82391e-02
2.36145e-02
1.70543e-02
8.87660e-03
3.17839e-04
-7.46749e-03
-1.67300e-02
-2.84090e-02
-4.04643e-02
-4.91447e-02
-5.42739e-02
-5.56073e-02
-5.56031e-02
-5.47016e-02
-5.20789e-02
-4.56135e-02
-3.65377e-02
-2.67102e-02
-1.74787e-02
-9.23065e-03
-3.12562e-03
2.05458e-03
5.83091e-03
9.40853e-03
1.08222e-02
7.98616e-03
3.38041e-03
2.78822e-04
-1.21494e-03
-1.25459e-03
-2.16723e-03
-6.66027e-03
-1.43734e-02
-2.41400e-02
-3.42213e-02
-4.14562e-02
-4.61958e-02
-4.75409e-02
-4.65199e-02
-4.46332e-02
-4.18795e-02
-3.83185e-02
-3.33022e-02
-2.65767e-02
-1.93898e-02
-1.24929e-02
-6.49034e-03
-1.75237e-03
-1.74169e-04
-1.88345e-03
-3.92926e-03
-6.88093e-03
-1.25667e-02
-2.01827e-02
-2.76381e-02
-3.15982e-02
-3.27102e-02
-3.21631e-02
-3.21819e-02
-3.27510e-02
-3.21761e-02
-3.11940e-02
-2.94376e-02
-2.51894e-02
-1.79757e-02
-1.08504e-02
-6.67204e-03
-6.52743e-03
-7.50153e-03
-9.70817e-03
-1.27720e-02
-1.52946e-02
-1.86135e-02
-2.16756e-02
-2.24315e-02
-1.98692e-02
-1.44994e-02
-4.98268e-03
5.59170e-03
1.38170e-02
2.14438e-02
2.66116e-02
2.92966e-02
3.29780e-02
3.69755e-02
4.02335e-02
4.52613e-02
5.18846e-02
6.16254e-02
7.05263e-02
7.55675e-02
7.65830e-02
7.50121e-02
7.35219e-02
7.10736e-02
6.77106e-02
6.14759e-02
5.19645e-02
4.02057e-02
2.98487e-02
2.52196e-02
2.53394e-02
2.69430e-02
2.71384e-02
2.55198e-02
2.35606e-02
2.17016e-02
2.19609e-02
2.44948e-02
2.69779e-02
2.74214e-02
2.64745e-02
2.29476e-02
1.82439e-02
1.50129e-02
1.28733e-02
1.03014e-02
6.73349e-03
5.27644e-03
8.19759e-03
1.49233e-02
2.14346e-02
2.36636e-02
2.51303e-02
2.73135e-02
2.84038e-02
2.77919e-02
2.63952e-02
2.66231e-02
2.98204e-02
3.55463e-02
4.03484e-02
4.33933e-02
4.48211e-02
4.30160e-02
3.95549e-02
3.46859e-02
3.01027e-02
2.75808e-02
2.67336e-02
2.52410e-02
2.29474e-02
2.06749e-02
1.65519e-02
1.13771e-02
5.88649e-03
-3.71691e-04
-6.01925e-03
-1.00645e-02
-1.19520e-02
-9.99839e-03
-5.45438e-03
-2.38862e-03
-1.60833e-03
-1.63878e-03
-1.66066e-03
-2.75111e-03
-5.20229e-03
-7.45642e-03
-9.04395e-03
-1.05640e-02
-1.22213e-02
-1.42490e-02
-1.65445e-02
-1.78539e-02
-1.71945e-02
-1.48153e-02
-1.27674e-02
-1.22344e-02
-1.24160e-02
-1.09342e-02
-8.41759e-03
-5.91145e-03
-4.38351e-03
-4.81850e-03
-9.35700e-03
-1.71750e-02
-2.32715e-02
-2.66066e-02
-3.00783e-02
-3.36716e-02
-3.55488e-02
-3.34694e-02
-2.91767e-02
-2.56130e-02
-2.25527e-02
-2.33484e-02
-2.46523e-02
-2.26584e-02
-2.06788e-02
-1.83209e-02
-1.46169e-02
-1.08899e-02
-1.01810e-02
-1.24587e-02
-1.58796e-02
-1.99444e-02
-2.25872e-02
-2.45456e-02
-2.48667e-02
-2.38619e-02
-1.96378e-02
-1.25513e-02
-5.52924e-03
9.40643e-06
4.80121e-03
8.02944e-03
1.03680e-02
1.31928e-02
1.53307e-02
1.78726e-02
1.87323e-02
1.77497e-02
1.54083e-02
9.85343e-03
4.91402e-03
2.47456e-03
2.80976e-03
5.69761e-03
1.06013e-02
1.49579e-02
1.58156e-02
1.49982e-02
1.61119e-02
1.81266e-02
1.84439e-02
1.61686e-02
1.19720e-02
7.98712e-03
3.24914e-03
-2.01641e-03
-6.12172e-03
-6.97759e-03
-6.41612e-03
-6.45765e-03
-6.67004e-03
-5.97947e-03
-2.94820e-03
2.26883e-03
8.74346e-03
1.48393e-02
1.85316e-02
2.11221e-02
2.27844e-02
2.34727e-02
2.53016e-02
2.70027e-02
2.72292e-02
2.76039e-02
2.78540e-02
2.81998e-02
2.51593e-02
1.92213e-02
1.10928e-02
2.32741e-03
-3.85343e-03
-7.64113e-03
-9.79413e-03
-1.06233e-02
-9.48110e-03
-6.99729e-03
-3.61688e-03
-7.56438e-04
1.21578e-03
2.93629e-03
6.32862e-03
1.03593e-02
1.34242e-02
1.40069e-02
1.09447e-02
6.50023e-03
3.16505e-03
1.67956e-03
2.05022e-03
2.86033e-03
8.60671e-04
-2.81212e-03
-4.73723e-03
-4.55958e-03
-4.71312e-03
-5.88092e-03
-6.13364e-03
-5.36947e-03
-5.22495e-03
-5.38336e-03
-5.23329e-03
-4.98128e-03
-4.96599e-03
-5.00792e-03
-4.34024e-03
-2.16620e-03
-1.10881e-03
-3.05099e-03
-4.90181e-03
-6.30613e-03
-9.42069e-03
-1.26537e-02
-1.37434e-02
-1.28905e-02
-1.16559e-02
-8.26417e-03
-3.62952e-03
1.57412e-04
3.71183e-03
6.38807e-03
8.01711e-03
8.94570e-03
7.95588e-03
6.48522e-03
5.70709e-03
3.93486e-03
4.34477e-04
-2.51107e-03
-4.61978e-03
-5.52872e-03
-4.97218e-03
-4.31615e-03
-4.38661e-03
-4.97066e-03
-5.58303e-03
-6.95434e-03
-9.61960e-03
-1.30775e-02
-1.74118e-02
-2.08463e-02
-2.17587e-02
-1.97799e-02
-1.49182e-02
-7.88318e-03
-1.32178e-03
4.58472e-03
1.12622e-02
1.66256e-02
1.74785e-02
1.51984e-02
1.10192e-02
6.49367e-03
1.91316e-03
-3.16546e-03
-7.77398e-03
-1.07333e-02
-1.24690e-02
-1.16163e-02
-1.11500e-02
-1.10688e-02
-1.08442e-02
-1.18212e-02
-1.41549e-02
-1.83123e-02
-2.53528e-02
-3.33929e-02
-4.02080e-02
-4.48305e-02
-4.74797e-02
-4.79646e-02
-4.69086e-02
-4.53824e-02
-4.32292e-02
-3.95970e-02
-3.71011e-02
-3.28984e-02
-2.76425e-02
-2.29204e-02
-1.88216e-02
-1.48836e-02
-1.24647e-02
-1.10678e-02
-1.08476e-02
-1.08913e-02
-7.78149e-03
-2.32631e-03
2.60955e-03
6.95432e-03
9.72567e-03
1.05690e-02
1.05631e-02
1.07138e-02
1.05116e-02
7.32318e-03
2.81654e-03
-1.86059e-03
-5.95312e-03
-9.04979e-03
-1.16230e-02
-1.59688e-02
-2.09231e-02
-2.26410e-02
-2.34271e-02
-2.42330e-02
-2.53427e-02
-2.69011e-02
-2.76511e-02
-3.01436e-02
-3.60107e-02
-4.42097e-02
-5.32584e-02
-6.01670e-02
-6.55150e-02
-7.01151e-02
-7.31699e-02
-7.42264e-02
-7.21291e-02
-6.95784e-02
-6.63924e-02
-6.28690e-02
-5.92553e-02
-5.47533e-02
-4.87341e-02
-4.17430e-02
-3.13634e-02
-2.07963e-02
-1.36005e-02
-9.84927e-03
-9.41917e-03
-1.16855e-02
-1.57653e-02
-1.81417e-02
-1.77333e-02
-1.67215e-02
-1.39887e-02
-1.00772e-02
-7.11724e-03
-4.08417e-03
-1.10763e-03
8.10656e-04
3.28414e-03
7.08904e-03
1.07909e-02
1.44141e-02
1.77679e-02
2.16063e-02
2.46009e-02
2.68223e-02
2.98833e-02
3.13597e-02
2.96420e-02
2.81659e-02
2.69674e-02
2.22914e-02
1.66336e-02
1.31900e-02
1.22728e-02
1.26747e-02
1.27162e-02
1.35239e-02
1.69214e-02
2.09472e-02
2.31691e-02
2.45554e-02
2.42985e-02
2.32775e-02
2.21175e-02
2.07781e-02
2.01962e-02
2.05542e-02
2.05729e-02
2.12585e-02
2.14986e-02
2.03487e-02
1.94577e-02
2.01783e-02
2.31491e-02
2.72030e-02
3.18443e-02
3.56903e-02
3.85379e-02
4.02294e-02
3.96033e-02
3.81760e-02
3.76122e-02
3.55408e-02
3.24778e-02
2.95379e-02
2.62556e-02
2.29626e-02
2.16173e-02
2.25352e-02
2.17853e-02
1.98562e-02
1.81187e-02
1.71600e-02
1.70353e-02
1.54356e-02
1.16270e-02
6.72054e-03
3.10201e-03
3.43266e-04
-3.59023e-03
-8.88904e-03
-1.43610e-02
-1.79230e-02
-1.98911e-02
-1.98191e-02
-1.75189e-02
-1.33704e-02
-7.82039e-03
-8.50420e-04
3.81603e-03
5.67767e-03
5.51897e-03
3.69603e-03
1.52503e-03
3.88484e-04
4.56844e-04
-1.10658e-03
-4.71812e-03
-9.03799e-03
-1.20591e-02
-1.36198e-02
-1.51810e-02
-1.60102e-02
-9.09709e-03
-2.19541e-03
-4.03232e-03
-7.45230e-03
-8.01572e-03
-7.63165e-03
-7.72895e-03
-7.29096e-03
-4.66145e-03
-2.83953e-03
-1.40060e-03
3.12660e-04
6.71239e-04
3.39138e-04
-1.18288e-03
-2.97452e-03
-5.08608e-03
-8.36261e-03
-1.19653e-02
-1.56308e-02
-1.86573e-02
-1.94600e-02
-1.90600e-02
-1.88688e-02
-1.93486e-02
-1.98826e-02
-2.03280e-02
-2.13367e-02
-2.23997e-02
-2.18710e-02
-2.08468e-02
-1.95148e-02
-1.70926e-02
-1.50886e-02
-1.22002e-02
-8.44348e-03
-4.37024e-03
7.94919e-04
8.71850e-03
1.71349e-02
2.59300e-02
3.24799e-02
3.50234e-02
3.64942e-02
3.83593e-02
3.91032e-02
3.81058e-02
3.67052e-02
3.49229e-02
3.14865e-02
2.99438e-02
2.92229e-02
2.68407e-02
2.34806e-02
1.98780e-02
1.50596e-02
9.55864e-03
3.67984e-03
-6.13099e-04
-3.06944e-03
-3.59138e-03
-3.58269e-03
-4.30390e-03
-5.57131e-03
-6.01259e-03
-4.10750e-03
-3.02144e-04
3.26452e-03
5.40307e-03
6.43943e-03
8.78462e-03
1.14035e-02
1.14660e-02
9.20108e-03
6.55496e-03
4.76411e-03
2.72614e-03
1.77427e-03
2.54459e-03
2.79893e-03
1.28477e-03
-1.79425e-03
-5.40516e-03
-9.73437e-03
-1.30559e-02
-1.34934e-02
-1.25866e-02
-1.22083e-02
-1.19654e-02
-1.29683e-02
-1.59600e-02
-1.92864e-02
-2.02844e-02
-1.91342e-02
-1.85096e-02
-1.80349e-02
-1.72391e-02
-1.48996e-02
-1.10942e-02
-6.37928e-03
-1.32747e-03
3.06521e-03
7.42931e-03
1.13587e-02
1.55990e-02
2.00432e-02
2.41451e-02
2.62039e-02
2.66428e-02
2.76342e-02
2.76255e-02
2.60549e-02
2.25455e-02
1.64360e-02
1.06654e-02
7.71360e-03
3.97336e-03
1.47956e-03
5.91675e-04
-9.02988e-04
-1.10005e-03
-2.05817e-03
-4.82430e-03
-5.99709e-03
-5.22532e-03
-2.45455e-03
5.30208e-04
3.49747e-03
5.48652e-03
6.04550e-03
3.97047e-03
2.79628e-03
2.73027e-03
2.78274e-03
2.83963e-03
3.53416e-03
4.84351e-03
8.21441e-03
1.27204e-02
1.66482e-02
1.94690e-02
2.21831e-02
2.43033e-02
2.65925e-02
2.77669e-02
2.74811e-02
2.61048e-02
2.32454e-02
1.98482e-02
1.65518e-02
1.42287e-02
1.22134e-02
1.11222e-02
1.12269e-02
1.20100e-02
1.23940e-02
1.24151e-02
1.26039e-02
1.23723e-02
1.15804e-02
1.38565e-02
1.72344e-02
1.96482e-02
2.31130e-02
2.60178e-02
2.81479e-02
2.97833e-02
3.08534e-02
3.13053e-02
3.16508e-02
3.02454e-02
2.79612e-02
2.63544e-02
2.34293e-02
1.87339e-02
1.36945e-02
9.52374e-03
7.29616e-03
6.17074e-03
6.26119e-03
6.68159e-03
7.17221e-03
6.84760e-03
7.13943e-03
8.06888e-03
8.37294e-03
9.53084e-03
1.04913e-02
9.78345e-03
7.90671e-03
6.18146e-03
5.95621e-03
8.00081e-03
1.04159e-02
1.19475e-02
1.37132e-02
1.67533e-02
1.98707e-02
2.32650e-02
2.51961e-02
2.32628e-02
1.89106e-02
1.33151e-02
7.34804e-03
1.77251e-03
-3.19191e-03
-7.40561e-03
-1.27173e-02
-1.72573e-02
-1.98749e-02
-2.18220e-02
-2.48048e-02
-2.83127e-02
-3.09502e-02
-3.30432e-02
-3.49722e-02
-3.38396e-02
-3.04284e-02
-2.82308e-02
-2.63010e-02
-2.42352e-02
-2.22141e-02
-1.91329e-02
-1.53698e-02
-1.07561e-02
-4.98816e-03
-6.26209e-04
1.14022e-03
1.66791e-03
4.32851e-04
-1.87513e-03
-4.11637e-03
-4.84531e-03
-4.81475e-03
-4.90364e-03
-5.66724e-03
-5.84653e-03
-7.33206e-03
-9.39599e-03
-1.15762e-02
-1.39546e-02
-1.72461e-02
-2.05520e-02
-2.30317e-02
-2.56503e-02
-2.79139e-02
-3.08090e-02
-3.33588e-02
-3.45675e-02
-3.44844e-02
-3.42894e-02
-3.28751e-02
-3.04146e-02
-2.85456e-02
-2.97542e-02
-3.04483e-02
-3.05794e-02
-3.24323e-02
-3.38817e-02
-3.49031e-02
-3.56430e-02
-3.58559e-02
-3.71460e-02
-3.83795e-02
-3.71846e-02
-3.59183e-02
-3.26866e-02
-2.89234e-02
-2.54687e-02
-2.36295e-02
-2.34312e-02
-2.35081e-02
-2.34117e-02
-2.33816e-02
-2.34067e-02
-2.32736e-02
-2.24692e-02
-2.06831e-02
-1.88112e-02
-1.63783e-02
-1.44131e-02
-1.24284e-02
-9.10341e-03
-4.78891e-03
3.62948e-04
5.92780e-03
1.20462e-02
1.72313e-02
2.05602e-02
2.33377e-02
2.57860e-02
2.68099e-02
2.62243e-02
2.32187e-02
1.92901e-02
1.66809e-02
1.51457e-02
1.49918e-02
1.47518e-02
1.45812e-02
1.46306e-02
1.53761e-02
1.57784e-02
1.35546e-02
1.06811e-02
8.71894e-03
7.05271e-03
4.82814e-03
4.08646e-03
5.12435e-03
7.89842e-03
1.18196e-02
1.42619e-02
1.64157e-02
2.00042e-02
2.20814e-02
2.26201e-02
2.33436e-02
2.38478e-02
2.45900e-02
2.42383e-02
2.12148e-02
1.74121e-02
1.28092e-02
8.39894e-03
5.49096e-03
3.42510e-03
1.25884e-03
-3.86074e-04
-6.01415e-04
-3.80707e-04
-1.99471e-04
1.00848e-03
1.90687e-03
1.58543e-03
1.36679e-04
-1.15969e-03
-1.11225e-03
-3.81508e-05
2.90646e-04
4.34977e-04
2.31783e-03
4.63239e-03
7.28775e-03
8.70365e-03
9.35256e-03
1.09185e-02
1.09694e-02
8.99770e-03
8.38669e-03
7.85278e-03
8.07922e-03
8.94122e-03
1.04668e-02
1.28148e-02
1.31319e-02
1.21426e-02
9.85138e-03
8.85518e-03
8.82854e-03
8.67394e-03
7.09014e-03
4.45975e-03
2.07379e-03
1.28237e-03
1.52940e-03
1.61448e-03
1.53904e-03
1.56618e-03
2.19428e-03
4.33724e-03
6.62808e-03
6.99092e-03
6.01247e-03
5.37782e-03
5.09421e-03
3.41456e-03
2.14537e-03
7.25914e-04
-2.86128e-03
-5.89883e-03
-6.48556e-03
-7.79106e-03
-1.00427e-02
-1.26858e-02
-1.67258e-02
-2.09429e-02
-2.50895e-02
-2.94315e-02
-3.22983e-02
-3.52417e-02
-3.94014e-02
-4.26212e-02
-4.58417e-02
-4.92315e-02
-5.19551e-02
-5.42431e-02
-5.49162e-02
-5.40915e-02
-5.09320e-02
-4.68526e-02
-4.29156e-02
-3.93798e-02
-3.52054e-02
-3.24692e-02
-3.21060e-02
-3.24190e-02
-3.19718e-02
-3.00783e-02
-2.74678e-02
-2.48616e-02
-2.30001e-02
-2.24695e-02
-2.09675e-02
-1.87800e-02
-1.60710e-02
-1.26136e-02
-8.74141e-03
-5.54816e-03
-1.08173e-03
4.53114e-03
8.41131e-03
1.11880e-02
1.35739e-02
1.60341e-02
1.83145e-02
2.03739e-02
2.23888e-02
2.51756e-02
2.84413e-02
3.09776e-02
3.32053e-02
3.39230e-02
3.25336e-02
3.10414e-02
2.99258e-02
3.02910e-02
3.17595e-02
3.31302e-02
3.42553e-02
3.46880e-02
3.47762e-02
3.57576e-02
3.78137e-02
3.85658e-02
3.74628e-02
3.46477e-02
3.05911e-02
2.59422e-02
2.18243e-02
1.73030e-02
1.31418e-02
9.20481e-03
5.91820e-03
4.50643e-03
3.86476e-03
4.62824e-03
6.62366e-03
9.36188e-03
1.22335e-02
1.43095e-02
1.47437e-02
1.63864e-02
1.85886e-02
1.89841e-02
1.86409e-02
1.88335e-02
1.95432e-02
2.01177e-02
2.04413e-02
2.08531e-02
2.26295e-02
2.34816e-02
2.33332e-02
2.37608e-02
2.35426e-02
2.31443e-02
2.26070e-02
2.06563e-02
1.85437e-02
1.54646e-02
1.19791e-02
9.11897e-03
5.64829e-03
2.19565e-03
-8.11887e-04
-1.83522e-03
-3.28969e-04
2.75049e-03
5.19072e-03
6.98767e-03
7.47510e-03
8.14922e-03
9.29177e-03
8.28028e-03
6.72660e-03
6.19509e-03
5.73746e-03
5.63450e-03
4.43934e-03
2.15795e-03
3.84062e-04
-1.05042e-03
-2.30554e-03
-2.11608e-03
-1.52559e-03
-1.07739e-03
-1.74535e-03
-8.08226e-04
2.49021e-03
5.09195e-03
7.37890e-03
8.77272e-03
8.89777e-03
8.55500e-03
9.13880e-03
9.59789e-03
1.01773e-02
1.05592e-02
9.92430e-03
7.83046e-03
3.70665e-03
1.28240e-03
1.04831e-03
6.48014e-04
-1.20336e-03
-3.42877e-03
-3.94103e-03
-4.31741e-03
-5.26069e-03
-6.33156e-03
-7.97496e-03
-9.32069e-03
-1.14534e-02
-1.35937e-02
-1.58493e-02
-1.87303e-02
-2.07845e-02
-2.11775e-02
-2.13199e-02
-2.17731e-02
-2.15172e-02
-2.03002e-02
-1.88398e-02
-1.54245e-02
-1.02471e-02
-5.05284e-03
-5.51652e-04
3.27908e-03
7.27443e-03
1.04800e-02
1.29438e-02
1.44058e-02
1.49719e-02
1.61595e-02
1.64572e-02
1.66462e-02
1.68394e-02
1.65009e-02
1.40914e-02
9.61003e-03
5.52045e-03
2.85672e-03
2.30241e-04
-1.26068e-03
-2.71522e-03
-2.62723e-03
-1.62642e-03
-1.34928e-04
1.06464e-03
1.24629e-03
7.80125e-04
6.93190e-04
3.32089e-04
2.55032e-04
-7.81761e-05
-6.68419e-04
-1.28151e-03
-1.46857e-03
-1.04359e-03
-1.50330e-03
-2.42493e-03
-4.27636e-03
-6.28482e-03
-8.24962e-03
-9.37717e-03
-9.98022e-03
-9.77289e-03
-7.45068e-03
-3.74695e-03
-5.76164e-04
5.76065e-04
5.13988e-04
5.76234e-04
1.57627e-03
2.19590e-03
1.81981e-03
-9.59819e-04
-4.11338e-03
-7.59422e-03
-1.02118e-02
-1.12842e-02
-1.16128e-02
-1.19329e-02
-1.12709e-02
-1.03658e-02
-9.66132e-03
-7.44574e-03
-4.91461e-03
-4.31533e-03
-4.80914e-03
-6.25344e-03
-8.34474e-03
-9.27588e-03
-9.40089e-03
-9.40460e-03
-1.03210e-02
-1.23230e-02
-1.54417e-02
-1.91445e-02
-2.19375e-02
-2.25789e-02
-2.08866e-02
-1.68858e-02
-1.39068e-02
-1.30159e-02
-1.17260e-02
-1.09598e-02
-1.11073e-02
-1.18717e-02
-1.31591e-02
-1.24361e-02
-1.22030e-02
-1.35397e-02
-1.37477e-02
-1.29846e-02
-1.22056e-02
-1.12143e-02
-1.12163e-02
-1.05973e-02
-1.13754e-02
-1.28078e-02
-1.34327e-02
-1.28571e-02
-1.26559e-02
-1.36018e-02
-1.41275e-02
-1.51982e-02
-1.59046e-02
-1.43642e-02
-1.32596e-02
-1.34246e-02
-1.34338e-02
-1.40801e-02
-1.40893e-02
-1.31843e-02
-1.28960e-02
-1.16024e-02
-9.55170e-03
-1.04887e-02
-1.22103e-02
-1.26653e-02
-1.14566e-02
-1.00406e-02
-9.53560e-03
-9.17467e-03
-9.32577e-03
-9.09251e-03
-1.01748e-02
-1.23582e-02
-1.49975e-02
-1.66213e-02
-1.75838e-02
-1.80049e-02
-1.89950e-02
-1.97275e-02
-1.96351e-02
-2.05997e-02
-2.31117e-02
-2.38664e-02
-2.33594e-02
-2.32379e-02
-2.26265e-02
-2.11747e-02
-1.80333e-02
-1.42458e-02
-1.04252e-02
-8.23089e-03
-7.91904e-03
-6.73757e-03
-7.26405e-03
-9.98416e-03
-1.21022e-02
-1.22208e-02
-1.16503e-02
-1.08172e-02
-8.91164e-03
-7.45719e-03
-6.25535e-03
-4.89496e-03
-3.12410e-03
-1.96869e-03
2.76253e-04
3.52795e-03
6.22625e-03
6.76508e-03
5.48717e-03
3.67964e-03
-4.76042e-04
-5.57274e-03
-9.83399e-03
-1.30456e-02
-1.48917e-02
-1.44380e-02
-1.15117e-02
-8.30112e-03
-5.03936e-03
-1.31733e-03
1.97006e-03
3.50372e-03
4.46067e-03
6.70515e-03
8.62807e-03
7.37019e-03
2.54808e-03
-8.94256e-04
-2.75970e-03
-3.79014e-03
-4.14536e-03
-3.38482e-03
-1.97528e-03
-2.14494e-03
-2.89390e-03
-4.44405e-03
-4.08639e-03
-2.28490e-03
-7.97447e-04
-6.86893e-04
-2.04541e-03
-4.07943e-03
-4.09299e-03
-1.89122e-03
8.21165e-04
3.27035e-03
6.30544e-03
8.72381e-03
1.06126e-02
1.23210e-02
1.45447e-02
1.69234e-02
1.89005e-02
2.09293e-02
2.17454e-02
2.17427e-02
2.45586e-02
2.70893e-02
2.86365e-02
3.06297e-02
3.10888e-02
3.08635e-02
3.04960e-02
3.15171e-02
3.20276e-02
3.19338e-02
3.15283e-02
3.15549e-02
3.29152e-02
3.45682e-02
3.59062e-02
3.64720e-02
3.83766e-02
4.06908e-02
4.14707e-02
4.19208e-02
4.24431e-02
4.23454e-02
4.05386e-02
3.68126e-02
3.33002e-02
2.98030e-02
2.42359e-02
1.85495e-02
1.38420e-02
9.97121e-03
7.46632e-03
5.14973e-03
2.67871e-03
1.32942e-03
5.58137e-04
-2.61948e-03
-6.76778e-03
-1.04550e-02
-1.22567e-02
-1.22866e-02
-1.23077e-02
-1.19328e-02
-1.19286e-02
-1.29966e-02
-1.41387e-02
-1.51522e-02
-1.63274e-02
-1.76812e-02
-1.80726e-02
-1.56497e-02
-1.36739e-02
-1.26275e-02
-9.87426e-03
-6.40271e-03
-5.39132e-03
-4.49368e-03
-2.34428e-03
-1.45268e-03
-1.14244e-03
6.96831e-04
2.16722e-03
2.27382e-03
1.67951e-03
-3.40556e-05
-3.42313e-03
-5.23565e-03
-4.47360e-03
-3.70110e-03
-2.36852e-03
-7.59058e-04
-1.67084e-04
3.67139e-04
1.70772e-03
2.54545e-03
1.90543e-03
9.48395e-04
-5.82268e-04
-2.36651e-03
-2.88132e-03
-2.52032e-03
-3.03835e-03
-2.64625e-03
-2.28368e-03
-1.03984e-03
3.96476e-05
9.32036e-04
2.05336e-03
3.10472e-03
4.54019e-03
6.57258e-03
7.70101e-03
7.53172e-03
7.29924e-03
7.30210e-03
7.34688e-03
6.57406e-03
4.67275e-03
3.92447e-03
4.71786e-03
5.82671e-03
6.53599e-03
6.86901e-03
5.11384e-03
1.83189e-03
-2.30103e-03
-5.24509e-03
-7.91815e-03
-1.10531e-02
-1.42862e-02
-1.66541e-02
-1.89818e-02
-2.04350e-02
-2.12494e-02
-2.26689e-02
-2.34525e-02
-2.25108e-02
-2.24177e-02
-2.31126e-02
-2.30864e-02
-2.28369e-02
-2.23484e-02
-2.21479e-02
-2.22910e-02
-2.17540e-02
-2.05533e-02
-1.79457e-02
-1.53451e-02
-1.23841e-02
-8.62222e-03
-5.14172e-03
-2.23048e-03
7.13786e-04
2.61935e-03
4.01423e-03
6.28324e-03
8.87939e-03
1.04993e-02
1.16373e-02
1.36571e-02
1.60911e-02
1.74775e-02
1.84103e-02
1.92788e-02
2.07900e-02
2.23644e-02
2.34913e-02
2.43813e-02
2.48842e-02
2.53582e-02
2.65263e-02
2.83162e-02
2.98568e-02
3.02258e-02
2.95141e-02
2.88125e-02
2.83023e-02
2.78006e-02
2.72212e-02
2.66159e-02
2.59463e-02
2.48839e-02
2.42140e-02
2.28039e-02
2.06279e-02
1.85448e-02
1.65156e-02
1.53386e-02
1.34184e-02
1.00292e-02
7.02240e-03
5.56637e-03
4.55554e-03
3.47308e-03
3.12534e-03
2.34426e-03
9.51639e-04
6.42950e-04
7.93761e-04
6.88835e-04
5.18484e-04
3.87073e-04
-3.26019e-05
-9.71568e-04
-2.10247e-03
-3.18366e-03
-3.58249e-03
-3.03965e-03
-1.93517e-03
-1.46606e-03
-1.64069e-03
-1.75883e-03
-1.42493e-03
-5.85346e-04
-1.67604e-04
3.27682e-04
1.05891e-03
1.01676e-03
7.65677e-04
1.08543e-03
1.76621e-03
1.90175e-03
2.06172e-03
1.49627e-03
7.87513e-04
7.70312e-04
8.49651e-04
5.29042e-04
1.73328e-04
-1.75249e-05
-5.98778e-04
-1.48154e-03
-2.05689e-03
-2.86968e-03
-3.75782e-03
-4.33218e-03
-4.45144e-03
-4.41625e-03
-4.15099e-03
-3.62861e-03
-3.47300e-03
-3.62759e-03
-3.73924e-03
-3.79999e-03
-3.84387e-03
-3.91898e-03
-4.20313e-03
-4.43073e-03
-4.54563e-03
-4.37605e-03
-4.26910e-03
-4.26900e-03
-4.29911e-03
-4.27144e-03
-4.37804e-03
-4.68170e-03
-5.14460e-03
-5.25278e-03
-5.20184e-03
-5.19737e-03
-5.32652e-03
-5.59553e-03
-5.75668e-03
-5.76741e-03
-5.73736e-03
-5.92440e-03
-6.15530e-03
-6.38631e-03
-6.62453e-03
-6.83768e-03
-6.95140e-03
-6.91694e-03
-6.76090e-03
-6.69792e-03
-6.59774e-03
-6.37380e-03
-6.10719e-03
-5.95775e-03
-5.75334e-03
-5.56261e-03
-5.44387e-03
-5.34971e-03
-5.35955e-03
-5.41522e-03
-5.44921e-03
-5.41283e-03
-5.28217e-03
-5.15615e-03
-5.05630e-03
-5.00115e-03
-4.86022e-03
-4.62872e-03
-4.39670e-03
-4.10302e-03
-3.83612e-03
-3.58543e-03
-3.34139e-03
-3.11853e-03
-2.93743e-03
-2.74243e-03
-2.52808e-03
-2.34378e-03
-2.22999e-03
-2.14357e-03
-2.02958e-03
-1.92651e-03
-1.82081e-03
-1.74337e-03
-1.65822e-03
-1.54906e-03
-1.45746e-03
-1.40961e-03
-1.37632e-03
-1.33949e-03
-1.30700e-03
-1.28050e-03
-1.24666e-03
-1.21994e-03
-1.20557e-03
-1.17375e-03
-1.12646e-03
-1.07157e-03
-1.01586e-03
-9.80587e-04
-9.54533e-04
-9.24969e-04
-9.01032e-04
-8.74979e-04
-8.37324e-04
-7.97611e-04
-7.58883e-04
-7.16975e-04
-6.74494e-04
-6.32232e-04
-5.92405e-04
-5.51680e-04
-5.07893e-04
-4.65894e-04
-4.23147e-04
-3.79181e-04
-3.35008e-04
-2.91330e-04
-2.48890e-04
-2.07402e-04
-1.66594e-04
-1.25174e-04
-8.39177e-05
-4.38576e-05
-4.96676e-06
3.32226e-05
7.04519e-05
1.06746e-04
1.42239e-04
1.77008e-04
2.11170e-04
2.44902e-04
2.78085e-04
3.10761e-04
3.43048e-04
3.75000e-04
4.06633e-04
4.37968e-04
4.69025e-04
4.99815e-04
5.30339e-04
5.60599e-04
5.90592e-04
6.20313e-04
6.49754e-04
6.78910e-04
