-1.41134e-03
-1.41420e-03
-1.42109e-03
-1.42894e-03
-1.43666e-03
-1.43486e-03
-1.41421e-03
-1.36118e-03
-1.27880e-03
-1.18305e-03
-1.11558e-03
-1.10238e-03
-1.17027e-03
-1.31881e-03
-1.51118e-03
-1.69378e-03
-1.85172e-03
-1.91160e-03
-1.80155e-03
-1.52941e-03
-1.23103e-03
-1.07629e-03
-1.10919e-03
-1.29201e-03
-1.46646e-03
-1.42843e-03
-1.03226e-03
-3.97332e-04
1.37239e-04
2.88964e-04
-3.10754e-05
-7.85205e-04
-1.76155e-03
-2.70845e-03
-3.46618e-03
-4.09644e-03
-4.49714e-03
-4.44236e-03
-3.65505e-03
-2.13050e-03
-1.11642e-04
1.91598e-03
3.15968e-03
3.21577e-03
2.20453e-03
2.66284e-04
-2.11463e-03
-3.79780e-03
-4.07182e-03
-3.28086e-03
-1.90159e-03
-3.57707e-04
7.52348e-04
1.00413e-03
7.80826e-04
2.69396e-04
-4.29258e-04
-1.03237e-03
-1.14311e-03
-6.50906e-04
3.36066e-04
1.26131e-03
1.21768e-03
-6.03219e-04
-4.21724e-03
-8.01303e-03
-8.85050e-03
-7.44853e-03
-4.76125e-03
-1.78583e-03
8.54451e-04
2.96593e-03
4.65855e-03
6.02034e-03
6.37051e-03
5.14168e-03
2.15885e-03
-2.07578e-03
-6.58076e-03
-9.56608e-03
-9.74462e-03
-6.97241e-03
-1.75285e-03
4.51193e-03
1.05142e-02
1.45783e-02
1.45636e-02
1.02788e-02
2.00236e-03
-7.64964e-03
-1.34052e-02
-1.36464e-02
-9.15977e-03
-1.02298e-03
7.89611e-03
1.35897e-02
1.33521e-02
6.72873e-03
-5.49199e-03
-1.91179e-02
-2.65320e-02
-2.37033e-02
-1.39731e-02
-1.79603e-03
8.92634e-03
1.65047e-02
2.14279e-02
2.47156e-02
2.63622e-02
2.43874e-02
1.69159e-02
4.55026e-03
-9.19215e-03
-1.84155e-02
-1.86096e-02
-1.00697e-02
4.46205e-03
1.78111e-02
2.41257e-02
2.31268e-02
1.60285e-02
5.19507e-03
-5.21863e-03
-1.18995e-02
-1.45578e-02
-1.25104e-02
-5.70859e-03
4.84889e-03
1.66388e-02
2.55761e-02
2.71155e-02
2.12610e-02
1.02679e-02
-1.89770e-03
-1.07056e-02
-1.51188e-02
-1.75730e-02
-1.95942e-02
-2.18028e-02
-2.34730e-02
-2.36253e-02
-2.17925e-02
-1.73352e-02
-1.03687e-02
-1.61204e-03
8.36925e-03
2.01590e-02
3.17783e-02
4.04375e-02
4.27236e-02
3.62645e-02
2.05397e-02
-2.39181e-04
-1.74356e-02
-2.48149e-02
-2.16275e-02
-1.12249e-02
5.67563e-04
8.93466e-03
1.20457e-02
9.61132e-03
3.31131e-03
-4.82551e-03
-1.15495e-02
-1.56694e-02
-1.78156e-02
-1.81004e-02
-1.59050e-02
-1.09669e-02
-3.13773e-03
5.74543e-03
1.19687e-02
1.41544e-02
1.31364e-02
1.06010e-02
8.54555e-03
7.80472e-03
7.33129e-03
5.56837e-03
3.16829e-03
1.71760e-03
2.54064e-03
5.97210e-03
1.09879e-02
1.51232e-02
1.52347e-02
9.82859e-03
1.57386e-03
-6.48634e-03
-8.95955e-03
-2.32566e-03
1.00980e-02
2.25595e-02
2.93633e-02
2.87355e-02
2.13109e-02
1.11070e-02
2.52408e-03
-4.02382e-03
-1.08770e-02
-1.93824e-02
-2.69875e-02
-2.88453e-02
-2.20549e-02
-7.30863e-03
9.73602e-03
2.31864e-02
3.02453e-02
3.01638e-02
2.56680e-02
1.76713e-02
8.06314e-03
-6.40671e-04
-8.49964e-03
-1.51307e-02
-1.95934e-02
-1.95858e-02
-1.42043e-02
-4.85122e-03
4.13478e-03
9.12090e-03
9.14428e-03
6.17879e-03
3.80673e-03
5.16212e-03
9.83441e-03
1.39236e-02
1.27634e-02
5.37459e-03
-5.13617e-03
-1.46600e-02
-1.75704e-02
-1.45296e-02
-8.76839e-03
-2.22006e-03
3.06980e-03
6.05936e-03
6.08703e-03
4.10140e-03
1.41863e-03
4.30730e-04
3.05603e-03
7.79246e-03
1.10123e-02
9.22970e-03
2.96286e-03
-5.50795e-03
-1.14895e-02
-1.06440e-02
-3.72897e-03
4.33952e-03
9.79697e-03
1.11191e-02
7.41609e-03
6.02549e-04
-6.09046e-03
-1.07871e-02
-1.40833e-02
-1.66757e-02
-1.86191e-02
-1.83495e-02
-1.37188e-02
-4.21954e-03
8.17682e-03
1.87490e-02
2.43332e-02
2.50392e-02
2.16442e-02
1.57317e-02
7.62796e-03
-1.49759e-03
-1.06681e-02
-1.81870e-02
-2.15786e-02
-1.76740e-02
-6.96254e-03
5.35620e-03
1.47418e-02
1.70012e-02
1.03953e-02
-1.75845e-03
-1.29254e-02
-1.77493e-02
-1.36408e-02
-1.53372e-03
1.37399e-02
2.62488e-02
3.09630e-02
2.73201e-02
1.66379e-02
7.73958e-04
-1.43156e-02
-2.64635e-02
-3.24560e-02
-2.99376e-02
-2.08373e-02
-7.92109e-03
4.45267e-03
1.19583e-02
1.38212e-02
9.02948e-03
-1.23390e-03
-1.28315e-02
-2.09281e-02
-2.31427e-02
-1.96105e-02
-1.20802e-02
-2.91157e-03
4.40065e-03
7.44636e-03
6.79719e-03
5.10475e-03
4.65493e-03
6.49515e-03
8.81117e-03
1.02285e-02
9.34290e-03
5.09963e-03
-2.98516e-03
-1.35630e-02
-2.34655e-02
-2.95041e-02
-2.89181e-02
-2.02872e-02
-4.72539e-03
1.46158e-02
3.28619e-02
4.63697e-02
5.03798e-02
4.51988e-02
3.38537e-02
1.91856e-02
4.05677e-03
-8.28480e-03
-1.68918e-02
-1.94900e-02
-1.46169e-02
-2.92543e-03
1.24896e-02
2.55867e-02
3.05002e-02
2.36263e-02
6.43606e-03
-1.68931e-02
-3.71018e-02
-4.43218e-02
-3.85167e-02
-2.64433e-02
-1.45109e-02
-6.91664e-03
-2.98287e-03
-4.39590e-05
3.56958e-03
7.78659e-03
1.12814e-02
1.20289e-02
9.03165e-03
3.95718e-03
-7.34220e-04
-3.22265e-03
-4.54835e-03
-6.39568e-03
-8.35573e-03
-8.28662e-03
-4.77770e-03
4.05626e-03
1.69887e-02
2.92866e-02
3.76462e-02
3.85940e-02
3.14554e-02
1.93775e-02
6.67442e-03
-2.44639e-03
-7.05869e-03
-9.04714e-03
-1.01646e-02
-1.26087e-02
-1.59800e-02
-1.67986e-02
-1.37351e-02
-8.22767e-03
-3.88408e-03
-5.11685e-03
-1.41746e-02
-2.97779e-02
-4.59024e-02
-5.28514e-02
-4.72955e-02
-3.04240e-02
-7.66971e-03
1.27346e-02
2.38860e-02
2.53163e-02
2.06534e-02
1.31888e-02
7.22502e-03
4.87849e-03
5.93535e-03
7.31519e-03
6.77635e-03
4.62217e-03
1.45225e-03
-1.37898e-03
-2.84003e-03
-4.08887e-03
-6.05011e-03
-8.80424e-03
-1.31565e-02
-1.87157e-02
-2.39999e-02
-2.77348e-02
-2.77568e-02
-2.27162e-02
-1.42115e-02
-4.83772e-03
2.41922e-03
3.71036e-03
-2.64107e-03
-1.47204e-02
-2.65610e-02
-3.30768e-02
-3.20521e-02
-2.17241e-02
-2.91978e-03
2.05959e-02
4.31450e-02
5.60913e-02
5.32030e-02
3.64146e-02
1.06619e-02
-1.46953e-02
-2.79171e-02
-2.36638e-02
-8.15753e-03
1.14378e-02
2.57269e-02
3.05726e-02
2.46468e-02
1.01668e-02
-8.12022e-03
-2.40226e-02
-2.95228e-02
-2.60596e-02
-1.74647e-02
-5.93028e-03
4.90408e-03
1.29053e-02
1.60835e-02
1.29193e-02
4.71430e-03
-6.45709e-03
-1.57125e-02
-1.85330e-02
-1.42140e-02
-4.25275e-03
7.33311e-03
1.63080e-02
2.16179e-02
2.19254e-02
1.66892e-02
7.92282e-03
-4.66405e-04
-5.24120e-03
-6.45682e-03
-5.94451e-03
-6.13119e-03
-8.87182e-03
-1.45873e-02
-2.08071e-02
-2.59030e-02
-2.87711e-02
-2.88859e-02
-2.59220e-02
-1.99371e-02
-1.18346e-02
-3.04726e-03
5.14572e-03
1.19338e-02
1.57887e-02
1.53126e-02
1.03788e-02
1.14694e-03
-9.66803e-03
-1.83518e-02
-2.13371e-02
-1.67327e-02
-6.95817e-03
3.85876e-03
1.10930e-02
1.15407e-02
5.23779e-03
-4.77302e-03
-1.39103e-02
-1.95593e-02
-2.06764e-02
-1.79224e-02
-1.38163e-02
-1.06582e-02
-7.93390e-03
-6.49089e-03
-7.03979e-03
-7.69660e-03
-7.13401e-03
-6.29652e-03
-5.91711e-03
-6.38201e-03
-7.94052e-03
-9.70958e-03
-1.11902e-02
-1.28955e-02
-1.50409e-02
-1.62030e-02
-1.30876e-02
-3.12034e-03
1.16989e-02
2.69252e-02
3.84181e-02
4.09801e-02
3.26465e-02
1.30817e-02
-1.24790e-02
-3.21925e-02
-3.70110e-02
-2.83376e-02
-8.34569e-03
1.54357e-02
3.18049e-02
3.38678e-02
2.20489e-02
1.59421e-03
-2.12647e-02
-3.87295e-02
-4.74562e-02
-4.60738e-02
-3.83541e-02
-2.99560e-02
-2.39368e-02
-2.07038e-02
-2.04857e-02
-2.10133e-02
-1.96590e-02
-1.55448e-02
-1.05058e-02
-7.30107e-03
-5.95160e-03
-4.14753e-03
-6.59966e-04
5.40242e-03
1.20387e-02
1.66981e-02
1.71905e-02
1.33793e-02
6.77712e-03
-7.07381e-05
-5.63422e-03
-8.11383e-03
-6.47370e-03
-2.06426e-03
2.64451e-03
5.62814e-03
4.74155e-03
-5.80203e-04
-8.01128e-03
-1.42682e-02
-1.69948e-02
-1.49976e-02
-9.61380e-03
-2.62133e-03
3.45404e-03
7.77641e-03
9.84049e-03
8.92085e-03
6.30936e-03
3.88071e-03
2.87293e-03
2.54418e-03
2.07993e-03
8.15099e-04
-1.22555e-03
-3.02752e-03
-3.56579e-03
-2.49404e-03
1.70424e-04
3.67509e-03
6.88709e-03
8.07980e-03
5.80846e-03
-1.04574e-03
-1.08766e-02
-1.91350e-02
-2.14092e-02
-1.68428e-02
-6.62020e-03
5.81692e-03
1.59996e-02
2.16291e-02
2.15705e-02
1.61195e-02
6.93111e-03
-3.43682e-03
-1.04507e-02
-1.05143e-02
-3.69073e-03
7.02135e-03
1.76945e-02
2.47323e-02
2.65129e-02
2.21566e-02
1.21961e-02
-5.01954e-04
-1.20419e-02
-1.93600e-02
-1.85567e-02
-1.00697e-02
3.33887e-03
1.80020e-02
3.03321e-02
3.69354e-02
3.78582e-02
3.49072e-02
2.82467e-02
1.73106e-02
3.28480e-03
-8.95355e-03
-1.40934e-02
-1.16855e-02
-3.03547e-03
7.69085e-03
1.66666e-02
2.13364e-02
2.16267e-02
1.92456e-02
1.71182e-02
1.99938e-02
2.94261e-02
4.35104e-02
5.88866e-02
7.18110e-02
8.04994e-02
8.62158e-02
8.87907e-02
8.94739e-02
9.02121e-02
9.29518e-02
1.01502e-01
1.18842e-01
1.44261e-01
1.75422e-01
2.07878e-01
2.37175e-01
2.60325e-01
2.76411e-01
2.87040e-01
2.93688e-01
2.98680e-01
3.03725e-01
3.08900e-01
3.12709e-01
3.14019e-01
3.12938e-01
3.10951e-01
3.11324e-01
3.14422e-01
3.18049e-01
3.14882e-01
2.89177e-01
2.22207e-01
1.02584e-01
-5.24784e-02
-1.98256e-01
-3.40752e-01
-4.59089e-01
-5.26122e-01
-5.80235e-01
-6.14263e-01
-6.37315e-01
-6.42257e-01
-6.30090e-01
-6.09198e-01
-5.84008e-01
-5.62913e-01
-5.49932e-01
-5.43858e-01
-5.37900e-01
-5.24009e-01
-4.95116e-01
-4.47067e-01
-3.83503e-01
-3.13644e-01
-2.43201e-01
-1.82953e-01
-1.27618e-01
-7.92811e-02
-3.42257e-02
-5.59649e-03
4.38246e-03
-5.83931e-03
-3.29422e-02
-6.73964e-02
-9.95607e-02
-1.20784e-01
-1.18070e-01
-7.99071e-02
-4.99460e-03
9.20952e-02
1.87220e-01
2.63682e-01
3.18408e-01
3.46819e-01
3.49603e-01
3.35267e-01
3.11880e-01
2.87886e-01
2.66209e-01
2.45756e-01
2.22478e-01
1.94850e-01
1.61744e-01
1.19880e-01
6.82871e-02
8.74422e-03
-5.12277e-02
-9.91526e-02
-1.18196e-01
-1.16667e-01
-9.79352e-02
-6.49226e-02
-2.37280e-02
2.58352e-02
7.37784e-02
1.18303e-01
1.51916e-01
1.67850e-01
1.67720e-01
1.55619e-01
1.33925e-01
1.05766e-01
7.39147e-02
4.42535e-02
2.00162e-02
6.72773e-03
5.81595e-03
1.63296e-02
3.42539e-02
5.72552e-02
8.18616e-02
1.09267e-01
1.30519e-01
1.45002e-01
1.49328e-01
1.40652e-01
1.21584e-01
9.50177e-02
6.89234e-02
5.06693e-02
4.12387e-02
4.14642e-02
4.53217e-02
4.61771e-02
3.80561e-02
1.62869e-02
-1.76697e-02
-5.93124e-02
-1.04546e-01
-1.44616e-01
-1.64631e-01
-1.65592e-01
-1.49099e-01
-1.18475e-01
-8.07195e-02
-4.57447e-02
-2.63029e-02
-2.72956e-02
-4.38490e-02
-7.18594e-02
-1.06551e-01
-1.41089e-01
-1.69442e-01
-1.85300e-01
-1.92959e-01
-1.96568e-01
-1.98743e-01
-1.99337e-01
-1.93814e-01
-1.76371e-01
-1.42254e-01
-9.31137e-02
-3.56037e-02
2.21398e-02
7.21310e-02
1.07419e-01
1.25258e-01
1.31110e-01
1.31573e-01
1.33454e-01
1.41125e-01
1.52688e-01
1.62459e-01
1.64431e-01
1.53676e-01
1.30920e-01
1.02246e-01
7.56882e-02
5.66825e-02
4.74457e-02
4.77471e-02
5.38411e-02
6.11064e-02
6.65357e-02
6.80171e-02
6.63026e-02
6.39339e-02
6.15572e-02
5.92025e-02
5.68448e-02
5.32540e-02
4.71361e-02
3.98089e-02
3.35667e-02
3.11046e-02
3.18681e-02
3.45832e-02
3.70380e-02
3.84683e-02
3.78215e-02
3.39824e-02
2.48021e-02
8.39551e-03
-1.41073e-02
-4.17290e-02
-7.15257e-02
-9.71610e-02
-1.18621e-01
-1.33108e-01
-1.38567e-01
-1.34708e-01
-1.24430e-01
-1.07685e-01
-8.12286e-02
-4.23383e-02
5.83896e-03
5.43822e-02
9.43969e-02
1.18076e-01
1.21166e-01
1.06861e-01
7.95001e-02
4.48449e-02
1.09686e-02
-1.97790e-02
-4.75167e-02
-7.12579e-02
-8.93732e-02
-1.02766e-01
-1.12453e-01
-1.17723e-01
-1.15809e-01
-1.02854e-01
-7.51525e-02
-3.05428e-02
2.61377e-02
8.00707e-02
1.21735e-01
1.43988e-01
1.42793e-01
1.22734e-01
9.05342e-02
6.02734e-02
4.73727e-02
5.24924e-02
7.31031e-02
9.73196e-02
1.17689e-01
1.29551e-01
1.24612e-01
1.07454e-01
8.43991e-02
6.09876e-02
4.28124e-02
3.17065e-02
2.51604e-02
2.02324e-02
1.41097e-02
2.18454e-03
-1.84212e-02
-4.60870e-02
-7.60791e-02
-1.02182e-01
-1.17766e-01
-1.18671e-01
-1.03050e-01
-7.34326e-02
-3.51746e-02
1.09360e-03
2.59954e-02
3.67616e-02
3.49871e-02
2.58484e-02
1.28811e-02
9.20194e-04
-8.50847e-03
-1.48653e-02
-1.72407e-02
-1.71614e-02
-1.66649e-02
-1.62945e-02
-1.79012e-02
-2.26493e-02
-3.02659e-02
-3.84758e-02
-4.27210e-02
-3.90162e-02
-2.52429e-02
-2.55362e-03
2.52186e-02
5.11290e-02
6.72370e-02
6.62978e-02
4.71556e-02
1.38419e-02
-2.83613e-02
-7.64296e-02
-1.23339e-01
-1.54669e-01
-1.65199e-01
-1.57298e-01
-1.35452e-01
-1.04795e-01
-7.05900e-02
-3.56293e-02
-2.01949e-03
2.44018e-02
4.29524e-02
5.51818e-02
6.31035e-02
6.83138e-02
7.13134e-02
7.13483e-02
6.61710e-02
5.56952e-02
4.01540e-02
2.08702e-02
3.30625e-03
-8.08523e-03
-9.84107e-03
-4.76458e-03
3.27790e-03
9.71463e-03
1.18884e-02
7.63402e-03
-1.72400e-03
-1.22126e-02
-1.79333e-02
-1.62912e-02
-8.03057e-03
4.97329e-03
2.15746e-02
3.84111e-02
4.97833e-02
4.99506e-02
3.57556e-02
9.88295e-03
-2.13480e-02
-5.05805e-02
-7.32950e-02
-8.83590e-02
-9.57725e-02
-9.82941e-02
-9.82631e-02
-9.66419e-02
-9.29111e-02
-8.63813e-02
-7.55742e-02
-5.96558e-02
-4.00878e-02
-1.84416e-02
3.89711e-03
2.37353e-02
4.20092e-02
5.74647e-02
6.90638e-02
7.53021e-02
7.43259e-02
6.60716e-02
5.25808e-02
3.82239e-02
2.87251e-02
2.75936e-02
3.40908e-02
4.53151e-02
5.88934e-02
7.20243e-02
8.10297e-02
8.55708e-02
8.59476e-02
8.23481e-02
7.63169e-02
6.94272e-02
6.11227e-02
5.21526e-02
4.16371e-02
3.10325e-02
2.25135e-02
1.69534e-02
1.45615e-02
1.47393e-02
1.79312e-02
2.39883e-02
3.10747e-02
3.47408e-02
3.05363e-02
1.53909e-02
-9.09308e-03
-3.65922e-02
-6.32000e-02
-8.30405e-02
-9.11638e-02
-8.96679e-02
-8.08373e-02
-6.84966e-02
-5.56602e-02
-4.52818e-02
-3.80230e-02
-3.46521e-02
-3.38393e-02
-3.35108e-02
-3.17213e-02
-2.65144e-02
-1.57481e-02
1.12065e-03
2.20704e-02
4.22004e-02
5.50201e-02
6.14012e-02
6.03525e-02
5.06258e-02
3.33922e-02
9.13133e-03
-1.99637e-02
-4.75858e-02
-6.64231e-02
-7.53199e-02
-7.38361e-02
-6.26175e-02
-4.60230e-02
-2.71961e-02
-1.16849e-02
-4.68659e-03
-8.71018e-03
-2.28823e-02
-4.32229e-02
-6.12886e-02
-7.07219e-02
-6.74529e-02
-5.22885e-02
-2.91140e-02
-3.03320e-03
2.00971e-02
3.36867e-02
3.46911e-02
2.35010e-02
4.54350e-03
-1.50902e-02
-2.84300e-02
-3.28823e-02
-2.75606e-02
-1.48240e-02
2.30347e-03
1.94861e-02
3.21798e-02
3.72781e-02
3.40150e-02
2.45325e-02
1.53723e-02
1.19719e-02
1.62336e-02
2.70849e-02
4.09534e-02
5.34180e-02
6.10689e-02
6.20070e-02
5.56561e-02
4.23714e-02
2.43057e-02
3.54133e-03
-1.76809e-02
-3.88343e-02
-5.51804e-02
-6.58072e-02
-6.99769e-02
-6.82435e-02
-6.09977e-02
-4.96404e-02
-3.68396e-02
-2.46275e-02
-1.57172e-02
-9.89259e-03
-7.69803e-03
-6.60426e-03
-3.98592e-03
1.59825e-03
9.38533e-03
1.58153e-02
1.60751e-02
7.88297e-03
-8.69719e-03
-2.93529e-02
-4.95100e-02
-6.48993e-02
-7.36911e-02
-7.33613e-02
-6.41587e-02
-4.74515e-02
-2.50994e-02
-7.83529e-05
2.35659e-02
4.43959e-02
6.07698e-02
6.92673e-02
6.78929e-02
5.87421e-02
4.47150e-02
2.87921e-02
1.03645e-02
-4.07495e-03
-1.59155e-02
-2.77145e-02
-3.84537e-02
-3.98015e-02
-3.41325e-02
-2.64432e-02
-1.97017e-02
-1.67045e-02
-1.17221e-02
-2.21581e-03
1.16128e-02
2.84181e-02
4.39164e-02
5.43946e-02
5.73064e-02
5.01202e-02
3.52130e-02
1.65163e-02
-1.93173e-03
-1.51216e-02
-2.30242e-02
-2.58855e-02
-2.40040e-02
-1.96432e-02
-1.34322e-02
-6.27955e-03
1.65497e-03
1.03941e-02
1.95101e-02
2.84241e-02
3.78872e-02
4.71754e-02
5.64949e-02
6.44590e-02
6.96750e-02
7.04713e-02
6.71064e-02
5.91373e-02
4.70384e-02
3.22379e-02
1.32837e-02
-7.84875e-03
-2.69531e-02
-4.04319e-02
-4.58836e-02
-4.32792e-02
-3.35084e-02
-1.88704e-02
-2.52595e-03
1.17424e-02
2.14665e-02
2.62315e-02
2.71212e-02
2.33355e-02
1.60140e-02
6.96491e-03
2.24881e-04
-4.12320e-03
-6.96605e-03
-8.91975e-03
-1.23300e-02
-1.89580e-02
-2.94000e-02
-4.33824e-02
-5.93501e-02
-7.31625e-02
-7.89939e-02
-7.45968e-02
-5.97219e-02
-3.66678e-02
-1.09998e-02
9.78803e-03
2.08785e-02
2.20325e-02
1.28092e-02
-3.18154e-03
-1.85421e-02
-2.72293e-02
-2.99911e-02
-2.38539e-02
-9.51145e-03
7.52518e-03
2.16872e-02
2.98744e-02
3.08163e-02
2.52904e-02
1.70833e-02
1.06917e-02
9.64129e-03
1.48761e-02
2.46682e-02
3.55738e-02
4.45844e-02
5.01933e-02
5.22108e-02
5.16548e-02
4.93507e-02
4.57554e-02
4.08646e-02
3.42116e-02
2.69138e-02
1.97192e-02
1.09839e-02
1.92794e-03
-5.17071e-03
-1.00488e-02
-1.42682e-02
-1.74474e-02
-1.91236e-02
-1.82001e-02
-1.37715e-02
-6.67099e-03
1.76882e-03
9.92148e-03
1.52134e-02
1.56215e-02
1.03791e-02
-1.15583e-03
-1.70395e-02
-3.36874e-02
-4.88609e-02
-5.93287e-02
-6.25646e-02
-5.81591e-02
-4.73661e-02
-3.40366e-02
-2.18242e-02
-1.17910e-02
-5.78321e-03
-5.38188e-03
-9.49125e-03
-1.62256e-02
-2.29323e-02
-2.72220e-02
-2.69217e-02
-2.24652e-02
-1.48683e-02
-5.75233e-03
1.10483e-03
4.44777e-03
4.79691e-03
3.20197e-03
7.22955e-04
-5.21541e-05
3.42628e-03
9.98769e-03
1.69995e-02
2.20187e-02
2.35691e-02
2.15518e-02
1.57132e-02
8.11037e-03
4.57106e-04
-5.16159e-03
-6.71146e-03
-3.42848e-03
4.32010e-03
1.55731e-02
2.86281e-02
4.15350e-02
5.17627e-02
5.65366e-02
5.48854e-02
4.70720e-02
3.37071e-02
1.72563e-02
9.61359e-04
-1.00786e-02
-1.49559e-02
-1.38231e-02
-8.31255e-03
-1.42602e-03
3.48228e-03
3.78884e-03
-1.58685e-03
-1.33316e-02
-2.81657e-02
-4.12797e-02
-4.82429e-02
-4.87799e-02
-4.34380e-02
-3.33617e-02
-2.08971e-02
-8.90062e-03
1.73273e-04
4.26445e-03
3.31916e-03
-5.50368e-04
-5.10476e-03
-9.02907e-03
-1.13883e-02
-1.18080e-02
-1.10767e-02
-9.59934e-03
-7.15678e-03
-4.01755e-03
-1.53175e-03
-1.52785e-03
-2.77575e-03
-3.49946e-03
-2.38380e-03
-6.37917e-04
1.55255e-04
-8.03789e-04
-1.82370e-03
-2.02454e-03
-1.55746e-03
5.46229e-04
4.58571e-03
9.57713e-03
1.48673e-02
1.90661e-02
2.08573e-02
2.02248e-02
1.74495e-02
1.40186e-02
1.13610e-02
1.02873e-02
1.07379e-02
1.22858e-02
1.54366e-02
1.92232e-02
2.26847e-02
2.40382e-02
2.20364e-02
1.53609e-02
4.40436e-03
-8.97189e-03
-2.10531e-02
-3.06418e-02
-3.65868e-02
-3.83187e-02
-3.54213e-02
-2.83046e-02
-1.72606e-02
-4.17836e-03
8.21448e-03
1.78934e-02
2.38133e-02
2.45692e-02
2.08530e-02
1.42761e-02
5.34686e-03
-4.60440e-03
-1.30457e-02
-1.80645e-02
-2.08058e-02
-2.18029e-02
-2.06049e-02
-1.80003e-02
-1.47934e-02
-1.05189e-02
-6.06744e-03
-2.65008e-03
-7.24781e-04
-1.53740e-03
-5.23754e-03
-9.98135e-03
-1.25895e-02
-1.36525e-02
-1.29101e-02
-1.01012e-02
-7.21799e-03
-6.44705e-03
-8.94151e-03
-1.48000e-02
-2.37872e-02
-3.37856e-02
-4.09136e-02
-4.31841e-02
-3.93265e-02
-2.98191e-02
-1.73468e-02
-5.37969e-03
3.07051e-03
7.77421e-03
9.80949e-03
9.41713e-03
6.56615e-03
2.22025e-03
-1.89471e-03
-4.29557e-03
-4.76397e-03
-2.91290e-03
1.39626e-03
7.12492e-03
1.29497e-02
1.71411e-02
1.86686e-02
1.73014e-02
1.32271e-02
8.26638e-03
4.34795e-03
2.54456e-03
2.98946e-03
4.76967e-03
6.54243e-03
6.60928e-03
4.92294e-03
2.78578e-03
1.57276e-03
1.57242e-03
3.07167e-03
6.62982e-03
1.26545e-02
2.02122e-02
2.67584e-02
3.08157e-02
3.10634e-02
2.76419e-02
2.06339e-02
1.16394e-02
2.55068e-03
-6.19957e-03
-1.30578e-02
-1.76911e-02
-2.06253e-02
-2.32037e-02
-2.56229e-02
-2.78346e-02
-3.00524e-02
-3.20235e-02
-3.26653e-02
-3.12235e-02
-2.72491e-02
-2.08351e-02
-1.27686e-02
-3.50819e-03
5.76469e-03
1.35970e-02
1.78387e-02
1.80663e-02
1.47292e-02
8.69095e-03
1.58943e-03
-4.78096e-03
-8.57047e-03
-9.21539e-03
-6.72246e-03
-4.10423e-04
9.21345e-03
1.81837e-02
2.51702e-02
3.19217e-02
3.90702e-02
4.66905e-02
5.38715e-02
5.94363e-02
6.20913e-02
6.12073e-02
5.56446e-02
4.47957e-02
2.98694e-02
1.21906e-02
-4.92159e-03
-1.77372e-02
-2.62585e-02
-3.03848e-02
-2.93925e-02
-2.49498e-02
-1.92933e-02
-1.32497e-02
-7.35094e-03
-2.55890e-03
4.25717e-04
1.21734e-03
-4.38723e-04
-4.59358e-03
-1.07484e-02
-1.75252e-02
-2.47937e-02
-3.12232e-02
-3.63417e-02
-3.98281e-02
-4.19069e-02
-4.29723e-02
-4.27801e-02
-4.14032e-02
-4.10825e-02
-4.25604e-02
-4.49723e-02
-4.70366e-02
-4.76138e-02
-4.57693e-02
-4.26289e-02
-3.89230e-02
-3.45593e-02
-2.91216e-02
-2.23376e-02
-1.30579e-02
-2.42977e-03
7.14790e-03
1.33404e-02
1.59420e-02
1.44516e-02
9.45596e-03
2.48083e-03
-4.76609e-03
-9.75796e-03
-1.10675e-02
-7.92397e-03
-1.82434e-03
4.25941e-03
9.20653e-03
1.22807e-02
1.38511e-02
1.40401e-02
1.26881e-02
1.03019e-02
8.36304e-03
8.22158e-03
1.00358e-02
1.39555e-02
1.88663e-02
2.24805e-02
2.45915e-02
2.44051e-02
2.22676e-02
1.83187e-02
1.24961e-02
6.34447e-03
6.12187e-04
-4.55108e-03
-7.70129e-03
-7.06454e-03
-1.70156e-03
7.88473e-03
2.00520e-02
3.26607e-02
4.31613e-02
4.91861e-02
5.02806e-02
4.79159e-02
4.31877e-02
3.71293e-02
3.21379e-02
2.88968e-02
2.61864e-02
2.16152e-02
1.44325e-02
5.15641e-03
-6.15175e-03
-1.65369e-02
-2.32452e-02
-2.59749e-02
-2.36312e-02
-1.68624e-02
-6.73416e-03
4.06741e-03
1.31184e-02
1.93024e-02
2.24572e-02
2.32269e-02
2.29252e-02
2.26316e-02
2.30878e-02
2.40964e-02
2.54082e-02
2.64807e-02
2.65452e-02
2.50240e-02
2.18012e-02
1.70005e-02
1.17640e-02
7.20202e-03
2.80253e-03
-1.68320e-03
-5.70443e-03
-8.43013e-03
-7.61802e-03
-2.51142e-03
6.48074e-03
1.65582e-02
2.42360e-02
2.72877e-02
2.46988e-02
1.70435e-02
7.27224e-03
-1.87965e-03
-8.82954e-03
-1.37262e-02
-1.75761e-02
-2.06168e-02
-2.28953e-02
-2.46734e-02
-2.56009e-02
-2.61077e-02
-2.51560e-02
-2.22016e-02
-1.88818e-02
-1.60700e-02
-1.46016e-02
-1.55469e-02
-2.02984e-02
-2.81791e-02
-3.73337e-02
-4.57548e-02
-4.95191e-02
-4.66444e-02
-3.68725e-02
-2.13261e-02
-3.18007e-03
1.23523e-02
2.32513e-02
3.00650e-02
3.42002e-02
3.64051e-02
3.83557e-02
4.04684e-02
4.27105e-02
4.52829e-02
4.72715e-02
4.80797e-02
4.67338e-02
4.24165e-02
3.51862e-02
2.65481e-02
1.86132e-02
1.21086e-02
7.23790e-03
5.03657e-03
6.74216e-03
1.25156e-02
2.10070e-02
3.01813e-02
3.81120e-02
4.32806e-02
4.45988e-02
4.06815e-02
3.09257e-02
1.76766e-02
2.95428e-03
-9.96451e-03
-1.76469e-02
-1.87281e-02
-1.34037e-02
-4.13879e-03
6.59550e-03
1.59200e-02
2.06944e-02
2.09646e-02
1.80404e-02
1.37383e-02
1.06213e-02
1.02840e-02
1.29952e-02
1.79196e-02
2.26289e-02
2.43658e-02
2.19164e-02
1.44049e-02
3.68391e-03
-6.33356e-03
-1.38387e-02
-1.63480e-02
-1.46339e-02
-9.52007e-03
-1.93069e-03
4.85385e-03
8.92356e-03
1.02567e-02
9.12803e-03
5.39084e-03
-2.53726e-05
-6.06464e-03
-1.17249e-02
-1.56063e-02
-1.62645e-02
-1.48337e-02
-1.17340e-02
-8.10133e-03
-5.40113e-03
-4.38449e-03
-5.96855e-03
-9.72519e-03
-1.45427e-02
-1.76380e-02
-1.66075e-02
-1.24814e-02
-6.90654e-03
-6.08096e-04
7.10189e-03
1.57090e-02
2.50409e-02
3.36555e-02
3.94559e-02
3.99615e-02
3.45393e-02
2.53446e-02
1.35225e-02
1.74625e-03
-8.57642e-03
-1.73915e-02
-2.38637e-02
-2.75156e-02
-2.94551e-02
-2.96797e-02
-2.69935e-02
-2.10624e-02
-1.32154e-02
-4.74925e-03
2.76845e-03
7.60673e-03
9.77015e-03
1.07326e-02
1.14193e-02
1.08247e-02
7.72034e-03
1.66327e-03
-6.52285e-03
-1.47147e-02
-2.05121e-02
-2.29078e-02
-2.17110e-02
-1.73313e-02
-1.14651e-02
-5.72128e-03
-5.76855e-04
3.94904e-03
7.47167e-03
9.37323e-03
8.87021e-03
5.91581e-03
8.00347e-04
-4.38655e-03
-7.80422e-03
-8.84419e-03
-7.80159e-03
-5.53539e-03
-2.38819e-03
1.84839e-03
6.83820e-03
1.10480e-02
1.28689e-02
1.25700e-02
9.06432e-03
7.81512e-04
-1.06371e-02
-2.03989e-02
-2.90307e-02
-3.62267e-02
-4.20529e-02
-4.67216e-02
-4.95686e-02
-5.11447e-02
-5.12961e-02
-4.91501e-02
-4.48289e-02
-3.91597e-02
-3.22097e-02
-2.41223e-02
-1.62762e-02
-1.10676e-02
-9.74281e-03
-1.15123e-02
-1.55887e-02
-2.22210e-02
-2.94680e-02
-3.51911e-02
-3.93614e-02
-4.14897e-02
-4.09338e-02
-3.87073e-02
-3.60448e-02
-3.34730e-02
-3.18720e-02
-3.05186e-02
-2.76174e-02
-2.22567e-02
-1.47750e-02
-5.62596e-03
5.08694e-03
1.65243e-02
2.48459e-02
2.90542e-02
2.84158e-02
2.30586e-02
1.58669e-02
9.06835e-03
2.97889e-03
-2.03008e-03
-4.45395e-03
-2.79553e-03
3.42050e-03
1.17602e-02
2.06504e-02
2.89728e-02
3.48712e-02
3.83220e-02
3.89590e-02
3.65891e-02
3.19428e-02
2.70893e-02
2.36781e-02
2.26430e-02
2.30307e-02
2.42542e-02
2.53478e-02
2.54893e-02
2.53561e-02
2.58009e-02
2.66042e-02
2.62755e-02
2.39381e-02
2.08728e-02
1.81139e-02
1.57338e-02
1.35763e-02
1.16510e-02
9.93752e-03
7.80639e-03
4.64765e-03
2.56287e-04
-6.11143e-03
-1.46780e-02
-2.54175e-02
-3.75091e-02
-4.96084e-02
-6.04676e-02
-6.81311e-02
-7.23389e-02
-7.38557e-02
-7.21809e-02
-6.86039e-02
-6.45938e-02
-6.10182e-02
-5.79218e-02
-5.52250e-02
-5.26584e-02
-4.96193e-02
-4.61533e-02
-4.24928e-02
-3.89459e-02
-3.58919e-02
-3.45410e-02
-3.52331e-02
-3.62283e-02
-3.66668e-02
-3.65281e-02
-3.53488e-02
-3.29217e-02
-3.00277e-02
-2.71732e-02
-2.52381e-02
-2.36994e-02
-2.27106e-02
-2.16718e-02
-1.98253e-02
-1.67682e-02
-1.23277e-02
-6.12007e-03
4.39410e-04
6.86621e-03
1.33859e-02
1.91797e-02
2.36799e-02
2.70437e-02
2.98295e-02
3.30910e-02
3.81084e-02
4.50724e-02
5.32901e-02
6.20984e-02
7.04452e-02
7.70627e-02
8.12779e-02
8.38725e-02
8.60616e-02
8.73560e-02
8.77180e-02
8.82101e-02
8.95817e-02
9.18702e-02
9.40177e-02
9.47102e-02
9.29269e-02
8.94056e-02
8.72837e-02
8.70535e-02
8.83706e-02
8.90819e-02
8.77741e-02
8.42456e-02
7.84933e-02
7.18405e-02
6.52362e-02
5.97318e-02
5.57115e-02
5.26492e-02
5.09846e-02
5.02905e-02
4.89796e-02
4.60217e-02
4.15800e-02
3.55905e-02
2.88431e-02
2.06626e-02
1.17769e-02
3.65471e-03
-1.66544e-03
-3.74398e-03
-3.27554e-03
-1.89763e-03
-1.69425e-03
-2.87387e-03
-5.38400e-03
-8.62328e-03
-1.21141e-02
-1.64475e-02
-2.04654e-02
-2.30083e-02
-2.37449e-02
-2.26140e-02
-1.97337e-02
-1.60152e-02
-1.35920e-02
-1.31372e-02
-1.43598e-02
-1.80319e-02
-2.40252e-02
-3.06767e-02
-3.71278e-02
-4.19040e-02
-4.38473e-02
-4.44240e-02
-4.46161e-02
-4.55311e-02
-4.74743e-02
-5.12802e-02
-5.70414e-02
-6.39988e-02
-7.09381e-02
-7.58036e-02
-7.87527e-02
-7.93654e-02
-7.81478e-02
-7.62545e-02
-7.56391e-02
-7.65221e-02
-7.84009e-02
-8.09542e-02
-8.33500e-02
-8.38793e-02
-8.05491e-02
-7.36728e-02
-6.53009e-02
-5.57318e-02
-4.46727e-02
-3.33382e-02
-2.25997e-02
-1.27144e-02
-4.09277e-03
2.46502e-03
8.31626e-03
1.38328e-02
1.96193e-02
2.63938e-02
3.32597e-02
3.87466e-02
4.23016e-02
4.42791e-02
4.42375e-02
4.22938e-02
3.80653e-02
3.24029e-02
2.62999e-02
2.01990e-02
1.46927e-02
1.00440e-02
6.56490e-03
4.54222e-03
3.83994e-03
4.26589e-03
4.33858e-03
2.97964e-03
8.54127e-05
-2.81594e-03
-3.95952e-03
-4.38330e-03
-5.32051e-03
-7.14611e-03
-1.00648e-02
-1.36192e-02
-1.69906e-02
-1.99737e-02
-2.29117e-02
-2.52807e-02
-2.66635e-02
-2.76493e-02
-2.86725e-02
-2.97499e-02
-3.08359e-02
-3.25040e-02
-3.43883e-02
-3.68940e-02
-4.07311e-02
-4.44718e-02
-4.68088e-02
-4.77662e-02
-4.79189e-02
-4.71242e-02
-4.58323e-02
-4.51554e-02
-4.47652e-02
-4.26652e-02
-3.73804e-02
-2.96477e-02
-2.10334e-02
-1.19832e-02
-3.18348e-03
5.25353e-03
1.42990e-02
2.37623e-02
3.26022e-02
4.09897e-02
4.80611e-02
5.29954e-02
5.57573e-02
5.66290e-02
5.62701e-02
5.50704e-02
5.42493e-02
5.36098e-02
5.31363e-02
5.25892e-02
5.17272e-02
5.05297e-02
4.97939e-02
4.93308e-02
4.88688e-02
4.86135e-02
4.79033e-02
4.60549e-02
4.27202e-02
3.85155e-02
3.33319e-02
2.76320e-02
2.22844e-02
1.63894e-02
1.09998e-02
7.56475e-03
5.44523e-03
4.14527e-03
2.72780e-03
1.30089e-03
-5.17025e-04
-2.74040e-03
-5.38265e-03
-8.49487e-03
-1.04615e-02
-1.17830e-02
-1.21415e-02
-1.16219e-02
-1.10061e-02
-9.83450e-03
-8.40344e-03
-7.26700e-03
-8.15109e-03
-1.10184e-02
-1.58488e-02
-2.20230e-02
-2.85749e-02
-3.48884e-02
-4.05625e-02
-4.48550e-02
-4.80728e-02
-5.05227e-02
-5.12607e-02
-5.04941e-02
-4.88265e-02
-4.65479e-02
-4.39457e-02
-4.15212e-02
-3.97046e-02
-3.84562e-02
-3.84480e-02
-3.84119e-02
-3.67872e-02
-3.45288e-02
-3.32676e-02
-3.39170e-02
-3.56666e-02
-3.72266e-02
-3.79072e-02
-3.76129e-02
-3.59983e-02
-3.36917e-02
-3.19431e-02
-3.05995e-02
-3.00011e-02
-3.01507e-02
-3.03443e-02
-3.01475e-02
-2.93360e-02
-2.73103e-02
-2.50084e-02
-2.23678e-02
-1.84927e-02
-1.33126e-02
-6.73647e-03
1.30248e-03
9.90183e-03
1.70376e-02
2.15593e-02
2.50117e-02
2.89923e-02
3.36829e-02
3.86546e-02
4.33900e-02
4.73577e-02
5.02158e-02
5.20907e-02
5.28644e-02
5.36565e-02
5.42159e-02
5.43450e-02
5.45947e-02
5.43213e-02
5.31670e-02
5.04707e-02
4.66947e-02
4.26960e-02
3.88582e-02
3.53958e-02
3.21344e-02
2.90933e-02
2.64440e-02
2.45096e-02
2.37403e-02
2.30525e-02
2.10364e-02
1.68339e-02
1.07500e-02
3.70925e-03
-2.27674e-03
-5.78903e-03
-7.82625e-03
-9.53627e-03
-1.04879e-02
-1.14432e-02
-1.26365e-02
-1.42508e-02
-1.66553e-02
-2.01789e-02
-2.48965e-02
-3.04864e-02
-3.59441e-02
-4.04311e-02
-4.33734e-02
-4.50790e-02
-4.54923e-02
-4.38105e-02
-4.02201e-02
-3.65297e-02
-3.35307e-02
-3.07391e-02
-2.79219e-02
-2.54934e-02
-2.38249e-02
-2.21789e-02
-2.07791e-02
-1.98346e-02
-1.90828e-02
-1.86286e-02
-1.87863e-02
-1.93817e-02
-1.97911e-02
-1.95284e-02
-1.79318e-02
-1.45994e-02
-9.90959e-03
-4.50197e-03
9.29842e-04
5.95654e-03
9.51545e-03
1.01325e-02
8.21243e-03
6.07401e-03
5.72995e-03
6.04811e-03
6.32599e-03
6.37532e-03
6.30012e-03
6.26926e-03
5.79970e-03
4.75407e-03
3.24215e-03
1.43102e-03
-1.07995e-03
-3.84638e-03
-5.62740e-03
-7.05679e-03
-7.79378e-03
-6.92069e-03
-4.25588e-03
8.49434e-05
5.79262e-03
1.19454e-02
1.75951e-02
2.23043e-02
2.65941e-02
2.99539e-02
2.99439e-02
2.65987e-02
2.20352e-02
1.90375e-02
1.94689e-02
2.17433e-02
2.47983e-02
2.82551e-02
3.10432e-02
3.30379e-02
3.48993e-02
3.62530e-02
3.75543e-02
3.91263e-02
4.12880e-02
4.42754e-02
4.81165e-02
5.13152e-02
5.27614e-02
5.26827e-02
5.25286e-02
5.25263e-02
5.21342e-02
5.15192e-02
5.10285e-02
4.91451e-02
4.54300e-02
4.11488e-02
3.56548e-02
2.96950e-02
2.46437e-02
2.00285e-02
1.64262e-02
1.49607e-02
1.56361e-02
1.76242e-02
1.98098e-02
2.13413e-02
2.13182e-02
1.96510e-02
1.64424e-02
1.25929e-02
9.05423e-03
5.57295e-03
3.04559e-03
1.88807e-03
1.51714e-03
2.41406e-03
3.82724e-03
4.90038e-03
5.46941e-03
5.60896e-03
5.53806e-03
5.57444e-03
6.32630e-03
8.38811e-03
1.19697e-02
1.63001e-02
2.10300e-02
2.67032e-02
3.20316e-02
3.54911e-02
3.64873e-02
3.50278e-02
3.20693e-02
2.81010e-02
2.31158e-02
1.87657e-02
1.59512e-02
1.39588e-02
1.31046e-02
1.27487e-02
1.17987e-02
9.61391e-03
7.28493e-03
6.11547e-03
6.14585e-03
6.52053e-03
6.25363e-03
5.13536e-03
3.60865e-03
1.88074e-03
-4.34484e-04
-3.25537e-03
-6.63843e-03
-1.04248e-02
-1.45222e-02
-1.81914e-02
-2.08984e-02
-2.28658e-02
-2.37995e-02
-2.46032e-02
-2.59275e-02
-2.84691e-02
-3.22227e-02
-3.71602e-02
-4.12205e-02
-4.25482e-02
-4.23953e-02
-4.17902e-02
-4.17100e-02
-4.23820e-02
-4.26870e-02
-4.19045e-02
-4.06793e-02
-4.00954e-02
-4.03863e-02
-4.13765e-02
-4.20760e-02
-4.13375e-02
-3.99649e-02
-3.86697e-02
-3.68314e-02
-3.52102e-02
-3.37504e-02
-3.21111e-02
-3.06819e-02
-2.89412e-02
-2.71749e-02
-2.60056e-02
-2.54963e-02
-2.50074e-02
-2.36824e-02
-2.12707e-02
-1.77292e-02
-1.40366e-02
-1.08720e-02
-8.45951e-03
-6.35476e-03
-4.47224e-03
-3.20881e-03
-2.55054e-03
-2.37892e-03
-2.49944e-03
-2.23723e-03
-1.90481e-03
-2.31207e-03
-3.83488e-03
-6.37505e-03
-1.05014e-02
-1.47259e-02
-1.81833e-02
-1.98206e-02
-1.98010e-02
-1.74086e-02
-1.35173e-02
-8.09726e-03
-1.87659e-03
4.57426e-03
1.02266e-02
1.46959e-02
1.82448e-02
2.08087e-02
2.28068e-02
2.41623e-02
2.43281e-02
2.36126e-02
2.21823e-02
2.07472e-02
1.94481e-02
1.78016e-02
1.63113e-02
1.44836e-02
1.23781e-02
1.03720e-02
8.52577e-03
6.42111e-03
4.13090e-03
2.42069e-03
2.00867e-03
2.07208e-03
2.74100e-03
2.30984e-03
7.97894e-04
-6.65355e-04
2.40330e-04
2.19008e-03
3.15850e-03
2.64833e-03
1.16536e-03
-1.51865e-04
-8.47447e-04
-8.62006e-04
-4.60634e-04
6.19519e-05
5.88556e-04
8.18406e-04
5.39853e-04
3.39931e-04
7.08436e-05
-8.79929e-04
-2.14856e-03
-3.50314e-03
-4.67922e-03
-5.80525e-03
-6.38998e-03
-5.42252e-03
-2.13591e-03
3.02929e-03
8.61543e-03
1.30528e-02
1.51486e-02
1.59469e-02
1.64111e-02
1.63336e-02
1.56172e-02
1.39220e-02
1.19134e-02
1.10067e-02
1.18717e-02
1.45599e-02
1.88797e-02
2.38277e-02
2.82868e-02
3.13926e-02
3.33802e-02
3.42276e-02
3.37002e-02
3.15578e-02
2.83894e-02
2.50185e-02
2.12651e-02
1.78306e-02
1.48808e-02
1.20479e-02
9.48567e-03
7.46951e-03
5.67229e-03
4.12046e-03
3.61914e-03
3.43464e-03
3.04094e-03
1.80006e-03
-3.33767e-04
-3.52468e-03
-7.46660e-03
-1.13515e-02
-1.50061e-02
-1.84739e-02
-2.15045e-02
-2.34401e-02
-2.42133e-02
-2.38150e-02
-2.30467e-02
-2.23173e-02
-2.24350e-02
-2.28280e-02
-2.35730e-02
-2.46917e-02
-2.50707e-02
-2.44327e-02
-2.27080e-02
-2.01825e-02
-1.68666e-02
-1.29999e-02
-9.99251e-03
-8.83394e-03
-9.00279e-03
-1.00775e-02
-1.18335e-02
-1.41266e-02
-1.60247e-02
-1.69198e-02
-1.63877e-02
-1.46514e-02
-1.21563e-02
-9.27565e-03
-6.09896e-03
-3.19260e-03
-9.45800e-04
1.41786e-03
2.91196e-03
3.38886e-03
2.91368e-03
1.73805e-03
7.43908e-04
1.09087e-03
7.40468e-04
-1.06617e-03
-4.80814e-03
-9.39838e-03
-1.41188e-02
-1.92685e-02
-2.34151e-02
-2.61200e-02
-2.71915e-02
-2.67197e-02
-2.46050e-02
-2.16459e-02
-1.93902e-02
-1.77906e-02
-1.70657e-02
-1.65490e-02
-1.49816e-02
-1.22636e-02
-8.92022e-03
-5.42654e-03
-2.56845e-03
1.47256e-04
2.55506e-03
3.57938e-03
1.21455e-03
-2.83435e-03
-5.78705e-03
-7.42594e-03
-8.04566e-03
-5.93086e-03
-5.92936e-04
6.43531e-03
1.25992e-02
1.66459e-02
1.78923e-02
1.70438e-02
1.59128e-02
1.54150e-02
1.56204e-02
1.60582e-02
1.66628e-02
1.70769e-02
1.65478e-02
1.53468e-02
1.23544e-02
7.48502e-03
1.89876e-03
-5.40893e-03
-1.34594e-02
-2.12816e-02
-2.70847e-02
-3.02719e-02
-3.06867e-02
-2.89228e-02
-2.62550e-02
-2.41981e-02
-2.31164e-02
-2.31189e-02
-2.36244e-02
-2.43065e-02
-2.48961e-02
-2.52799e-02
-2.51111e-02
-2.46997e-02
-2.48402e-02
-2.59176e-02
-2.69637e-02
-2.74191e-02
-2.65827e-02
-2.35063e-02
-1.79491e-02
-1.14017e-02
-3.68509e-03
5.30922e-03
1.41459e-02
2.14226e-02
2.68091e-02
2.95806e-02
3.02982e-02
2.99105e-02
2.94005e-02
2.95987e-02
3.05817e-02
3.26733e-02
3.54647e-02
3.76239e-02
3.83746e-02
3.72274e-02
3.42238e-02
3.09753e-02
2.86509e-02
2.78075e-02
2.88598e-02
3.07376e-02
3.20450e-02
3.18666e-02
2.91718e-02
2.54063e-02
2.26414e-02
2.03589e-02
1.72205e-02
1.30249e-02
7.76883e-03
2.18627e-03
-2.06364e-03
-3.59639e-03
-2.30600e-03
1.54901e-03
6.65472e-03
1.18147e-02
1.70737e-02
2.18629e-02
2.59738e-02
2.89720e-02
3.05992e-02
3.05511e-02
2.87118e-02
2.46730e-02
1.91546e-02
1.44970e-02
1.14515e-02
8.52349e-03
4.65562e-03
-1.33285e-04
-5.25660e-03
-8.84684e-03
-9.85576e-03
-9.01315e-03
-8.62343e-03
-9.09404e-03
-9.80192e-03
-1.02759e-02
-9.62594e-03
-7.45119e-03
-3.79922e-03
1.90314e-04
4.36473e-03
8.59547e-03
1.10281e-02
1.13640e-02
1.01776e-02
7.35132e-03
4.00035e-03
1.21605e-03
-9.02841e-04
-1.87118e-03
-8.81106e-04
1.27586e-03
3.07507e-03
3.69724e-03
4.04256e-03
4.03068e-03
3.75574e-03
3.41783e-03
2.27833e-03
-3.19042e-04
-3.57857e-03
-6.04729e-03
-6.99341e-03
-6.57442e-03
-4.94275e-03
-2.78232e-03
-1.06193e-03
1.58064e-04
1.62469e-03
2.75512e-03
3.46741e-03
3.69536e-03
3.15505e-03
1.77327e-03
-5.53987e-04
-3.54181e-03
-6.58419e-03
-9.02291e-03
-1.10130e-02
-1.22666e-02
-1.19953e-02
-9.84612e-03
-6.70429e-03
-4.00883e-03
-2.83129e-03
-2.79333e-03
-4.02036e-03
-6.33340e-03
-8.38998e-03
-9.31241e-03
-9.55452e-03
-9.09120e-03
-8.17476e-03
-7.35748e-03
-6.75543e-03
-6.85849e-03
-7.41124e-03
-8.44823e-03
-1.08710e-02
-1.37231e-02
-1.66137e-02
-1.81453e-02
-1.65841e-02
-1.27976e-02
-8.41887e-03
-5.01178e-03
-3.37792e-03
-3.20668e-03
-3.58917e-03
-4.00480e-03
-3.57413e-03
-1.78117e-03
9.49639e-04
4.02978e-03
7.05209e-03
1.00514e-02
1.22410e-02
1.31356e-02
1.32383e-02
1.26667e-02
1.11528e-02
8.74421e-03
5.97009e-03
4.02107e-03
3.46055e-03
4.63000e-03
7.16038e-03
9.50841e-03
1.08137e-02
1.18074e-02
1.38045e-02
1.66367e-02
1.85162e-02
1.85931e-02
1.62967e-02
1.21599e-02
7.04851e-03
1.77233e-03
-2.51049e-03
-4.40908e-03
-5.68861e-03
-7.23941e-03
-9.27274e-03
-1.23524e-02
-1.63427e-02
-1.97589e-02
-2.18789e-02
-2.26276e-02
-2.16380e-02
-1.93505e-02
-1.63176e-02
-1.32690e-02
-1.04639e-02
-8.47423e-03
-8.02696e-03
-8.27880e-03
-8.68273e-03
-8.88833e-03
-8.54958e-03
-8.10303e-03
-8.05642e-03
-8.51940e-03
-8.42077e-03
-8.01068e-03
-7.51544e-03
-6.91395e-03
-6.41780e-03
-6.51477e-03
-7.64853e-03
-9.90553e-03
-1.19794e-02
-1.32081e-02
-1.37560e-02
-1.39696e-02
-1.38746e-02
-1.33644e-02
-1.28219e-02
-1.27558e-02
-1.29625e-02
-1.32199e-02
-1.41047e-02
-1.55721e-02
-1.66761e-02
-1.66791e-02
-1.64314e-02
-1.61446e-02
-1.49507e-02
-1.24288e-02
-7.78555e-03
-1.80847e-03
4.16850e-03
8.90583e-03
1.20268e-02
1.31092e-02
1.25070e-02
1.03042e-02
7.23856e-03
3.93481e-03
7.95991e-04
-1.81681e-03
-3.97866e-03
-6.13994e-03
-6.03531e-03
-2.78082e-03
2.04968e-03
7.09812e-03
1.17073e-02
1.52213e-02
1.81075e-02
2.06824e-02
2.29866e-02
2.50972e-02
2.75475e-02
3.01663e-02
3.22006e-02
3.30494e-02
3.27127e-02
3.09143e-02
2.79027e-02
2.57938e-02
2.44569e-02
2.23171e-02
2.05851e-02
2.03434e-02
2.28030e-02
2.79332e-02
3.45820e-02
3.92503e-02
3.93492e-02
3.56663e-02
2.99371e-02
2.34718e-02
1.67216e-02
1.05369e-02
4.28481e-03
-1.65603e-03
-6.52208e-03
-1.09259e-02
-1.59887e-02
-2.13250e-02
-2.53953e-02
-2.86736e-02
-3.09462e-02
-3.17240e-02
-3.18317e-02
-3.13749e-02
-3.05002e-02
-2.94936e-02
-2.85675e-02
-2.76712e-02
-2.64023e-02
-2.52959e-02
-2.45440e-02
-2.34845e-02
-2.24658e-02
-2.19076e-02
-2.18377e-02
-2.19191e-02
-2.14835e-02
-2.08507e-02
-2.08573e-02
-2.21010e-02
-2.39106e-02
-2.49041e-02
-2.54067e-02
-2.50838e-02
-2.34706e-02
-2.11626e-02
-1.82629e-02
-1.49562e-02
-1.19437e-02
-9.05603e-03
-6.56285e-03
-4.27411e-03
-3.07521e-03
-3.08027e-03
-4.52294e-03
-6.60930e-03
-7.17063e-03
-5.03004e-03
-7.44351e-04
3.44195e-03
6.94493e-03
1.01762e-02
1.27673e-02
1.53691e-02
1.71200e-02
1.70179e-02
1.48642e-02
1.12956e-02
7.28755e-03
3.17530e-03
1.76723e-04
-1.34023e-03
-2.42873e-03
-4.04587e-03
-6.77069e-03
-1.06134e-02
-1.38833e-02
-1.56007e-02
-1.63721e-02
-1.55611e-02
-1.32562e-02
-1.16363e-02
-1.17679e-02
-1.33219e-02
-1.52651e-02
-1.64823e-02
-1.70540e-02
-1.67743e-02
-1.53143e-02
-1.27037e-02
-9.08445e-03
-5.25148e-03
-2.55671e-03
-1.01592e-03
-5.59015e-04
-1.24050e-03
-2.95108e-03
-4.34435e-03
-5.35386e-03
-6.02651e-03
-5.81116e-03
-5.04760e-03
-3.65467e-03
-1.24164e-03
1.41977e-03
1.93520e-03
3.92631e-04
-1.91580e-03
-3.82158e-03
-4.55994e-03
-3.61135e-03
-3.43180e-04
4.08535e-03
8.44512e-03
1.14722e-02
1.26202e-02
1.19372e-02
1.00860e-02
6.99654e-03
3.09786e-03
4.56623e-04
-1.79693e-04
7.44145e-05
6.40485e-04
1.23291e-03
1.13600e-03
1.94578e-04
-9.24410e-04
-7.85829e-04
1.12881e-03
4.74688e-03
9.20521e-03
1.39124e-02
1.82418e-02
2.09122e-02
2.11303e-02
1.91364e-02
1.54153e-02
1.05040e-02
4.41756e-03
-1.87349e-03
-7.21897e-03
-1.08373e-02
-1.21401e-02
-1.12013e-02
-8.72753e-03
-5.95409e-03
-4.21580e-03
-3.44388e-03
-3.58338e-03
-3.63735e-03
-2.48833e-03
-2.51880e-04
2.40761e-03
4.78268e-03
6.63628e-03
6.48640e-03
4.32500e-03
1.51166e-03
-1.93023e-03
-6.50450e-03
-1.23274e-02
-1.82071e-02
-2.22363e-02
-2.39121e-02
-2.31107e-02
-1.98714e-02
-1.54325e-02
-1.15248e-02
-8.76816e-03
-7.85365e-03
-8.29451e-03
-8.56707e-03
-7.96742e-03
-6.43232e-03
-4.07038e-03
-1.83830e-03
-1.57414e-03
-3.03940e-03
-4.48168e-03
-4.02815e-03
-1.95401e-03
4.54578e-04
2.06898e-03
3.05253e-03
4.14609e-03
6.42603e-03
1.01347e-02
1.46964e-02
1.97635e-02
2.44481e-02
2.77311e-02
2.91126e-02
2.82967e-02
2.52688e-02
2.05753e-02
1.51521e-02
9.49371e-03
4.15620e-03
-3.45662e-04
-3.16305e-03
-3.55309e-03
-4.83691e-04
4.67571e-03
1.07456e-02
1.55693e-02
1.73977e-02
1.69507e-02
1.54621e-02
1.39031e-02
1.22993e-02
1.10889e-02
1.11808e-02
1.12656e-02
1.03618e-02
8.20605e-03
4.96733e-03
6.23146e-04
-3.46401e-03
-5.95631e-03
-7.18195e-03
-8.36779e-03
-9.15493e-03
-9.66568e-03
-9.95771e-03
-9.53914e-03
-6.83227e-03
-1.90083e-03
3.56631e-03
8.78217e-03
1.24889e-02
1.28201e-02
8.07793e-03
-2.43604e-03
-1.67469e-02
-3.17734e-02
-4.18736e-02
-4.43322e-02
-3.77539e-02
-2.22739e-02
-5.13036e-04
2.15712e-02
3.78062e-02
4.48986e-02
4.37706e-02
3.59800e-02
2.45015e-02
1.41080e-02
8.53787e-03
8.62938e-03
1.28917e-02
1.84962e-02
2.28085e-02
2.48575e-02
2.36788e-02
1.99164e-02
1.36628e-02
6.83546e-03
1.14813e-03
-1.58864e-03
-1.35356e-03
1.41954e-03
5.43619e-03
8.09865e-03
7.60969e-03
3.22224e-03
-3.98861e-03
-1.11082e-02
-1.53537e-02
-1.61787e-02
-1.31139e-02
-6.18001e-03
2.83675e-03
1.28316e-02
2.31375e-02
3.19853e-02
3.80619e-02
4.00444e-02
3.64768e-02
2.71942e-02
1.50903e-02
5.56876e-03
-1.28011e-03
-5.77031e-03
-5.79409e-03
-2.42286e-03
3.92447e-03
1.23416e-02
2.00795e-02
2.53089e-02
2.64181e-02
2.34207e-02
1.73418e-02
1.08051e-02
6.43279e-03
4.27015e-03
5.73274e-03
9.76974e-03
1.43151e-02
1.87881e-02
2.26718e-02
2.50811e-02
2.61795e-02
2.68972e-02
2.77161e-02
2.70899e-02
2.41837e-02
1.99301e-02
1.58289e-02
1.27820e-02
1.12872e-02
1.03749e-02
8.58114e-03
6.15665e-03
3.49121e-03
4.25195e-04
-2.35911e-03
-3.28475e-03
-1.84049e-03
1.23092e-03
4.80824e-03
7.30385e-03
8.58468e-03
7.60501e-03
3.74650e-03
-2.84128e-03
-1.04137e-02
-1.60694e-02
-1.85538e-02
-1.87705e-02
-1.75570e-02
-1.54633e-02
-1.34902e-02
-1.21657e-02
-1.16976e-02
-1.20788e-02
-1.22981e-02
-1.15229e-02
-9.93081e-03
-8.47427e-03
-7.80179e-03
-8.71546e-03
-1.24863e-02
-1.87807e-02
-2.48942e-02
-2.98140e-02
-3.22636e-02
-3.07396e-02
-2.47152e-02
-1.52553e-02
-4.76286e-03
3.46906e-03
8.38786e-03
9.15232e-03
5.61512e-03
-1.03626e-03
-8.01529e-03
-1.25186e-02
-1.28308e-02
-9.11785e-03
-2.54210e-03
4.62901e-03
1.01090e-02
1.33953e-02
1.42002e-02
1.33310e-02
1.19357e-02
1.01415e-02
8.74212e-03
7.52916e-03
6.96202e-03
7.05745e-03
6.90633e-03
6.33118e-03
4.39088e-03
6.54940e-04
-4.50625e-03
-9.88071e-03
-1.51963e-02
-1.92634e-02
-1.96236e-02
-1.57033e-02
-9.59364e-03
-3.07360e-03
1.91468e-03
5.03148e-03
6.59600e-03
6.38252e-03
4.62070e-03
1.66552e-03
-1.78045e-03
-3.26394e-03
-3.11230e-03
-2.25859e-03
-6.11197e-04
1.27014e-03
2.29420e-03
2.05177e-03
5.16021e-04
-1.32909e-03
-2.85563e-03
-3.45702e-03
-2.88411e-03
-1.15203e-03
1.50263e-03
2.66749e-03
2.06522e-03
1.74771e-03
2.73106e-03
4.34873e-03
6.37124e-03
8.20441e-03
9.47217e-03
1.00529e-02
1.06609e-02
1.22663e-02
1.44249e-02
1.66340e-02
1.85849e-02
1.99797e-02
2.03051e-02
1.91559e-02
1.72165e-02
1.48978e-02
1.31063e-02
1.19643e-02
1.19658e-02
1.31252e-02
1.51008e-02
1.71171e-02
1.86897e-02
1.90862e-02
1.76577e-02
1.55393e-02
1.29012e-02
9.63802e-03
6.20593e-03
3.99041e-03
2.55748e-03
2.36701e-03
2.76228e-03
3.02681e-03
3.10742e-03
2.17490e-03
4.23613e-04
-1.85705e-03
-4.50020e-03
-6.58635e-03
-7.45049e-03
-8.01596e-03
-9.43147e-03
-1.19884e-02
-1.55073e-02
-1.93344e-02
-2.18288e-02
-2.21047e-02
-2.09655e-02
-1.94588e-02
-1.81704e-02
-1.68448e-02
-1.59485e-02
-1.60059e-02
-1.69104e-02
-1.85693e-02
-1.95200e-02
-1.93502e-02
-1.85908e-02
-1.71712e-02
-1.48003e-02
-1.26782e-02
-1.31089e-02
-1.56013e-02
-1.89999e-02
-2.20408e-02
-2.23327e-02
-1.99364e-02
-1.56266e-02
-1.19439e-02
-1.03036e-02
-1.05305e-02
-1.07209e-02
-9.80214e-03
-9.71797e-03
-1.14602e-02
-1.34504e-02
-1.50379e-02
-1.69129e-02
-1.89748e-02
-2.04573e-02
-2.05162e-02
-1.94816e-02
-1.72303e-02
-1.46584e-02
-1.24964e-02
-1.14921e-02
-1.13307e-02
-1.16767e-02
-1.29689e-02
-1.48896e-02
-1.78164e-02
-2.14470e-02
-2.44214e-02
-2.56851e-02
-2.46447e-02
-2.04655e-02
-1.34197e-02
-4.61843e-03
6.58654e-03
2.05083e-02
3.63708e-02
5.35447e-02
6.79114e-02
7.54581e-02
7.53066e-02
6.69222e-02
5.16078e-02
3.25677e-02
1.21085e-02
-5.54243e-03
-1.68112e-02
-2.00460e-02
-1.48712e-02
-2.94082e-03
1.28636e-02
2.82479e-02
3.86373e-02
4.43772e-02
4.49036e-02
4.21841e-02
3.95353e-02
3.85294e-02
3.95933e-02
4.15587e-02
4.26315e-02
4.14722e-02
3.61375e-02
2.63226e-02
1.42781e-02
1.70422e-03
-9.48766e-03
-1.72584e-02
-2.09489e-02
-1.98791e-02
-1.59974e-02
-1.13339e-02
-6.40329e-03
-1.47625e-03
3.09342e-03
7.12883e-03
1.02700e-02
1.29587e-02
1.45630e-02
1.42475e-02
1.16143e-02
5.84409e-03
-1.63361e-03
-9.43709e-03
-1.81531e-02
-2.62243e-02
-3.19918e-02
-3.53728e-02
-3.69628e-02
-3.63848e-02
-3.39928e-02
-3.04825e-02
-2.64131e-02
-2.23745e-02
-1.93224e-02
-1.84452e-02
-1.90741e-02
-2.14442e-02
-2.56168e-02
-2.95358e-02
-3.17857e-02
-3.25254e-02
-3.20531e-02
-3.10980e-02
-3.12494e-02
-3.39451e-02
-3.90754e-02
-4.44061e-02
-4.76116e-02
-4.78450e-02
-4.59101e-02
-4.29382e-02
-3.93018e-02
-3.45338e-02
-2.86791e-02
-2.21820e-02
-1.57609e-02
-1.05329e-02
-7.35747e-03
-5.89250e-03
-5.98980e-03
-8.38933e-03
-1.21684e-02
-1.59224e-02
-1.84724e-02
-1.90705e-02
-1.85890e-02
-1.72298e-02
-1.48928e-02
-1.18394e-02
-7.51324e-03
-1.70776e-03
4.30176e-03
7.38020e-03
7.03770e-03
4.45160e-03
1.51417e-03
-8.19340e-04
-2.85743e-03
-4.41398e-03
-5.46944e-03
-6.38890e-03
-6.78357e-03
-5.23326e-03
-1.19329e-03
3.77299e-03
8.49052e-03
1.23719e-02
1.44017e-02
1.51160e-02
1.44819e-02
1.34490e-02
1.24690e-02
1.28588e-02
1.50199e-02
1.78326e-02
2.03445e-02
2.19378e-02
2.28786e-02
2.19050e-02
1.90723e-02
1.55099e-02
1.17726e-02
9.03235e-03
8.37032e-03
9.60969e-03
1.22711e-02
1.55592e-02
1.82409e-02
1.91097e-02
1.88815e-02
1.63324e-02
1.20924e-02
8.00807e-03
4.85865e-03
3.03141e-03
3.31989e-03
5.59965e-03
8.01978e-03
9.36121e-03
9.78951e-03
9.43369e-03
8.06261e-03
6.54643e-03
5.97527e-03
6.43414e-03
7.24620e-03
7.34183e-03
6.36650e-03
4.85296e-03
3.51412e-03
2.80942e-03
3.75618e-03
5.67743e-03
8.18288e-03
1.10588e-02
1.35865e-02
1.53308e-02
1.56792e-02
1.38684e-02
9.41094e-03
3.01513e-03
-3.27392e-03
-8.44457e-03
-1.19616e-02
-1.41330e-02
-1.46011e-02
-1.27031e-02
-9.32425e-03
-6.07944e-03
-3.67154e-03
-2.23394e-03
-3.96875e-04
2.01001e-03
4.61801e-03
7.33707e-03
1.00454e-02
1.19246e-02
1.18475e-02
9.67345e-03
5.96993e-03
1.52904e-03
-2.47132e-03
-6.54257e-03
-9.65631e-03
-1.19440e-02
-1.31616e-02
-1.29105e-02
-1.12408e-02
-8.06168e-03
-4.02692e-03
-5.55884e-04
2.74480e-04
-7.86816e-04
-1.86373e-03
-1.91921e-03
-1.35790e-04
2.94577e-03
6.21291e-03
8.73746e-03
1.02755e-02
1.00157e-02
8.17355e-03
5.31861e-03
1.50985e-03
-2.55895e-03
-5.53703e-03
-7.36267e-03
-7.77156e-03
-6.92983e-03
-5.10565e-03
-3.17402e-03
-2.50237e-03
-2.53278e-03
-3.21050e-03
-4.18172e-03
-4.81420e-03
-5.11644e-03
-5.24034e-03
-5.64486e-03
-6.45581e-03
-7.00467e-03
-7.53553e-03
-8.09332e-03
-8.46894e-03
-8.89192e-03
-9.37266e-03
-9.55679e-03
-8.68726e-03
-6.99364e-03
-5.54542e-03
-4.37019e-03
-3.02889e-03
-1.91877e-03
-1.18158e-03
-3.39112e-04
1.05024e-03
2.88169e-03
4.92466e-03
5.68667e-03
4.33287e-03
1.62132e-03
-1.41130e-03
-2.92923e-03
-2.78521e-03
-1.16791e-03
1.72591e-03
5.31771e-03
8.34930e-03
1.06465e-02
1.18555e-02
1.18218e-02
1.01623e-02
7.39659e-03
4.51993e-03
1.29899e-03
-2.03671e-03
-4.70852e-03
-6.24072e-03
-6.68661e-03
-6.41570e-03
-5.13344e-03
-3.61217e-03
-2.76251e-03
-2.99231e-03
-4.19745e-03
-5.37612e-03
-5.04651e-03
-3.72263e-03
-2.69080e-03
-2.98883e-03
-4.65705e-03
-7.48744e-03
-1.06885e-02
-1.33773e-02
-1.55277e-02
-1.72191e-02
-1.80255e-02
-1.79453e-02
-1.73805e-02
-1.66566e-02
-1.60011e-02
-1.56820e-02
-1.49497e-02
-1.37352e-02
-1.19935e-02
-9.82855e-03
-7.41030e-03
-4.93713e-03
-2.24337e-03
8.59042e-04
4.35584e-03
6.17422e-03
6.07351e-03
4.56743e-03
2.47372e-03
1.27130e-03
2.03220e-03
4.74794e-03
7.66994e-03
1.02795e-02
1.23063e-02
1.35675e-02
1.43128e-02
1.47230e-02
1.49161e-02
1.46724e-02
1.42737e-02
1.39664e-02
1.37744e-02
1.35375e-02
1.32351e-02
1.28524e-02
1.23495e-02
1.18196e-02
1.11009e-02
1.00941e-02
9.47432e-03
9.45248e-03
9.67967e-03
9.87694e-03
1.01782e-02
1.09610e-02
1.16635e-02
1.20947e-02
1.23933e-02
1.22599e-02
1.19484e-02
1.17639e-02
1.18243e-02
1.20291e-02
1.24642e-02
1.26803e-02
1.25485e-02
1.20470e-02
1.12323e-02
1.01339e-02
8.88033e-03
7.86018e-03
7.03495e-03
6.13448e-03
5.33321e-03
4.48947e-03
3.59729e-03
2.72356e-03
1.73448e-03
7.42872e-04
-2.06648e-04
-8.77175e-04
-1.25989e-03
-1.42619e-03
-1.33569e-03
-1.14992e-03
-1.02788e-03
-8.59843e-04
-6.43567e-04
-5.49727e-04
-7.53329e-04
-9.97125e-04
-1.14169e-03
-1.25599e-03
-1.38860e-03
-1.54188e-03
-1.89943e-03
-2.54980e-03
-3.49739e-03
-4.43816e-03
-4.84757e-03
-4.26520e-03
-3.11463e-03
-1.94427e-03
-1.08446e-03
-4.55962e-04
-6.56434e-05
1.19157e-04
2.93894e-04
4.05394e-04
2.71746e-04
1.39079e-04
9.64075e-05
3.42787e-05
-9.33753e-05
-2.75557e-04
-3.98949e-04
-5.53181e-04
-5.92983e-04
-4.69065e-04
-3.56469e-04
-2.48052e-04
-4.08591e-05
2.86023e-04
5.87230e-04
6.69280e-04
3.93511e-04
-1.85872e-04
-7.89909e-04
-1.39150e-03
-1.77743e-03
-1.95274e-03
-2.04880e-03
-2.09326e-03
-2.06015e-03
-1.96788e-03
-1.90450e-03
-1.98471e-03
-2.19276e-03
-2.49459e-03
-2.86482e-03
-3.24773e-03
-3.45759e-03
-3.46859e-03
-3.32231e-03
-3.04250e-03
-2.73909e-03
-2.48983e-03
-2.27423e-03
-2.09107e-03
-1.91185e-03
-1.76787e-03
-1.67237e-03
-1.59517e-03
-1.52281e-03
-1.41234e-03
-1.28153e-03
-1.18441e-03
-1.11479e-03
-1.05578e-03
-1.00290e-03
-9.63545e-04
-9.29671e-04
-9.32199e-04
-9.31492e-04
-9.22984e-04
-9.05885e-04
-8.87217e-04
-8.81994e-04
-8.86934e-04
-8.92146e-04
-8.77336e-04
-8.55602e-04
-8.26907e-04
-7.87565e-04
-7.34895e-04
-6.67136e-04
-5.95515e-04
-5.37332e-04
-5.22408e-04
-5.47678e-04
-5.99200e-04
-6.60206e-04
-7.17579e-04
-7.55446e-04
-7.67245e-04
-7.67498e-04
-7.58020e-04
-7.42704e-04
-7.18898e-04
-6.93192e-04
-6.67490e-04
-6.38855e-04
-6.07696e-04
-5.80548e-04
-5.56936e-04
-5.36356e-04
-5.21857e-04
-5.16497e-04
-5.15459e-04
-5.16173e-04
-5.12905e-04
-5.08288e-04
-5.06042e-04
-5.05156e-04
-5.01077e-04
-4.93794e-04
-4.84935e-04
-4.71737e-04
-4.54684e-04
-4.35750e-04
-4.16217e-04
-3.96686e-04
-3.76828e-04
-3.56383e-04
-3.35224e-04
-3.13685e-04
-2.92453e-04
-2.71288e-04
-2.50331e-04
-2.29665e-04
-2.09307e-04
-1.89136e-04
-1.68826e-04
-1.48620e-04
-1.28618e-04
-1.08594e-04
-8.83060e-05
-6.76894e-05
-4.68902e-05
-2.62203e-05
-5.76025e-06
1.44471e-05
3.44490e-05
5.42577e-05
7.39482e-05
9.35251e-05
1.13007e-04
1.32378e-04
1.51634e-04
1.70766e-04
1.89775e-04
2.08654e-04
2.27402e-04
2.46016e-04
2.64494e-04
2.82835e-04
