-1.91064e-05
-1.70775e-05
-1.49174e-05
-1.24631e-05
-9.52595e-06
-6.48475e-06
-4.58393e-06
-5.36079e-06
-8.71013e-06
-9.97895e-06
-5.25848e-07
2.21579e-05
4.29540e-05
3.75838e-05
1.46579e-06
-3.79622e-05
-4.96510e-05
-3.28805e-05
-1.06208e-05
1.10964e-06
7.98072e-07
-1.03266e-05
-2.59654e-05
-3.06568e-05
-2.00596e-05
-1.18602e-05
-1.17625e-05
1.07659e-05
7.78969e-05
1.55165e-04
1.92174e-04
1.96793e-04
2.22029e-04
2.90089e-04
3.72990e-04
4.34661e-04
4.48874e-04
3.96362e-04
2.91971e-04
1.91348e-04
1.22942e-04
4.63759e-05
-6.93125e-05
-1.71788e-04
-1.95923e-04
-1.61132e-04
-1.24325e-04
-8.38172e-05
-4.62299e-06
1.12482e-04
2.46890e-04
3.55811e-04
3.02792e-04
-4.35724e-05
-5.11206e-04
-6.23953e-04
-1.29981e-04
6.17998e-04
1.06758e-03
1.11416e-03
1.05466e-03
1.04321e-03
9.78823e-04
8.69790e-04
8.97493e-04
1.08111e-03
1.20721e-03
1.10746e-03
7.23214e-04
-1.88610e-05
-9.93534e-04
-1.59397e-03
-1.18384e-03
2.34757e-05
9.63624e-04
8.29376e-04
-1.11437e-04
-1.00414e-03
-1.42336e-03
-1.58796e-03
-1.71265e-03
-1.55771e-03
-7.93814e-04
4.06002e-04
1.43014e-03
1.86592e-03
1.81968e-03
1.56662e-03
1.17727e-03
6.28042e-04
2.18695e-05
-4.95743e-04
-8.82852e-04
-1.15958e-03
-1.36762e-03
-1.57393e-03
-1.74658e-03
-1.73710e-03
-1.58256e-03
-1.54168e-03
-1.53998e-03
-1.08515e-03
-2.81034e-04
-3.00416e-04
-1.92579e-03
-4.06089e-03
-4.74296e-03
-3.37712e-03
-9.96186e-04
1.37842e-03
3.52950e-03
5.35900e-03
6.44704e-03
6.32557e-03
4.59110e-03
1.07645e-03
-3.49417e-03
-7.57205e-03
-1.01488e-02
-1.14103e-02
-1.15649e-02
-1.01748e-02
-7.47609e-03
-5.04519e-03
-3.90424e-03
-3.06249e-03
-1.22021e-03
1.17276e-03
2.96035e-03
4.29000e-03
5.93785e-03
7.44856e-03
7.65175e-03
6.53286e-03
5.09759e-03
3.83256e-03
2.69570e-03
2.09923e-03
2.32028e-03
2.26851e-03
5.04802e-04
-2.51232e-03
-4.67478e-03
-4.82662e-03
-3.76501e-03
-2.54903e-03
-1.30546e-03
-9.43582e-05
5.31366e-04
6.18659e-04
1.29771e-03
3.21333e-03
5.27419e-03
5.89635e-03
4.99250e-03
3.98731e-03
4.24414e-03
5.99197e-03
8.33596e-03
9.83474e-03
9.52800e-03
7.82862e-03
6.00712e-03
4.64103e-03
3.22280e-03
1.37552e-03
-5.55200e-04
-2.41249e-03
-4.54955e-03
-6.66985e-03
-7.50871e-03
-6.35919e-03
-3.68859e-03
4.40602e-04
6.71743e-03
1.38115e-02
1.71339e-02
1.31213e-02
4.12347e-03
-3.49353e-03
-5.85025e-03
-3.83063e-03
5.37339e-04
6.47225e-03
1.23869e-02
1.48129e-02
1.17430e-02
5.49898e-03
5.08465e-04
-8.71310e-04
5.36222e-04
2.33069e-03
2.14270e-03
-9.83926e-04
-5.45345e-03
-8.16812e-03
-7.65816e-03
-5.42056e-03
-3.56247e-03
-2.23717e-03
-4.24799e-04
1.49706e-03
1.28412e-03
-2.58259e-03
-8.05838e-03
-1.01956e-02
-5.96574e-03
1.59901e-03
5.90055e-03
4.03278e-03
-5.58461e-04
-3.70712e-03
-5.91872e-03
-9.53640e-03
-1.29706e-02
-1.17773e-02
-4.86829e-03
3.92310e-03
1.06377e-02
1.46159e-02
1.69300e-02
1.83874e-02
1.98791e-02
2.21425e-02
2.40663e-02
2.32022e-02
1.87943e-02
1.24661e-02
5.56008e-03
-1.63915e-03
-7.49159e-03
-9.31514e-03
-7.92075e-03
-8.42017e-03
-1.36418e-02
-1.95791e-02
-2.07687e-02
-1.76651e-02
-1.47621e-02
-1.37529e-02
-1.33961e-02
-1.43466e-02
-1.80222e-02
-2.07406e-02
-1.53113e-02
-6.11514e-04
1.50931e-02
2.30498e-02
2.30264e-02
2.12746e-02
2.24511e-02
2.60767e-02
2.89644e-02
2.84907e-02
2.40629e-02
1.69841e-02
8.88134e-03
-5.48082e-05
-1.06813e-02
-2.25427e-02
-3.27656e-02
-3.81508e-02
-3.84566e-02
-3.69937e-02
-3.69451e-02
-3.68871e-02
-3.14914e-02
-1.79722e-02
-4.95478e-04
1.37914e-02
2.21930e-02
2.77644e-02
3.39498e-02
4.03174e-02
4.32770e-02
3.89633e-02
2.60433e-02
7.98135e-03
-8.01606e-03
-1.67095e-02
-1.92958e-02
-2.05321e-02
-2.26790e-02
-2.47932e-02
-2.65739e-02
-2.90131e-02
-3.10515e-02
-2.91255e-02
-2.15305e-02
-1.12230e-02
-2.89486e-03
1.70741e-03
4.62182e-03
8.45579e-03
1.32005e-02
1.64817e-02
1.66741e-02
1.49315e-02
1.35507e-02
1.31226e-02
1.24839e-02
1.10714e-02
1.00342e-02
1.10078e-02
1.44589e-02
1.86885e-02
1.98363e-02
1.41858e-02
2.03802e-03
-1.14911e-02
-2.10424e-02
-2.58029e-02
-2.86581e-02
-3.18364e-02
-3.51452e-02
-3.72938e-02
-3.64308e-02
-2.98214e-02
-1.57989e-02
3.14713e-03
2.10161e-02
3.30114e-02
3.86656e-02
3.98302e-02
3.70047e-02
2.90933e-02
1.63425e-02
2.13031e-03
-8.44842e-03
-1.12940e-02
-5.45729e-03
5.50635e-03
1.45606e-02
1.64309e-02
1.29277e-02
1.04230e-02
1.08073e-02
8.55937e-03
-7.29974e-04
-1.30017e-02
-2.11335e-02
-2.42170e-02
-2.60464e-02
-2.72040e-02
-2.54567e-02
-2.28210e-02
-2.49006e-02
-3.22769e-02
-3.88110e-02
-4.02821e-02
-3.94206e-02
-4.01019e-02
-4.09595e-02
-3.73643e-02
-2.64703e-02
-8.09959e-03
1.63184e-02
4.28814e-02
6.49136e-02
7.58377e-02
7.21163e-02
5.31677e-02
2.04083e-02
-2.18238e-02
-6.52747e-02
-1.00100e-01
-1.19868e-01
-1.24510e-01
-1.18104e-01
-1.04678e-01
-8.77817e-02
-7.31621e-02
-6.74854e-02
-7.18929e-02
-7.96270e-02
-8.31838e-02
-8.18475e-02
-7.93461e-02
-7.68204e-02
-7.23933e-02
-6.58120e-02
-5.88010e-02
-5.17026e-02
-4.40207e-02
-3.75184e-02
-3.46765e-02
-3.45208e-02
-3.34928e-02
-2.98043e-02
-2.40352e-02
-1.67274e-02
-8.31774e-03
6.56124e-05
8.34297e-03
1.82134e-02
3.02380e-02
4.30973e-02
5.73325e-02
7.51282e-02
9.35607e-02
1.03846e-01
1.02422e-01
9.82295e-02
1.03056e-01
1.18153e-01
1.36324e-01
1.53946e-01
1.73544e-01
1.95777e-01
2.16266e-01
2.31556e-01
2.43126e-01
2.53934e-01
2.63482e-01
2.65269e-01
2.46587e-01
1.95455e-01
1.15428e-01
3.09203e-02
-3.25114e-02
-7.39140e-02
-1.12846e-01
-1.58322e-01
-1.94926e-01
-2.05376e-01
-1.92888e-01
-1.69979e-01
-1.36750e-01
-8.61393e-02
-2.42827e-02
3.13525e-02
7.27249e-02
1.05338e-01
1.31437e-01
1.43666e-01
1.39024e-01
1.27190e-01
1.19154e-01
1.14795e-01
1.05694e-01
8.52388e-02
5.41919e-02
2.01359e-02
-8.94369e-03
-3.34068e-02
-6.04014e-02
-8.97572e-02
-1.09098e-01
-1.10942e-01
-1.06383e-01
-1.09883e-01
-1.17020e-01
-1.11591e-01
-9.06451e-02
-6.69703e-02
-4.79283e-02
-2.71733e-02
6.44333e-04
2.99587e-02
5.21606e-02
6.30800e-02
6.05851e-02
4.48406e-02
2.35909e-02
8.04748e-03
2.40181e-04
-8.33047e-03
-2.32952e-02
-4.00465e-02
-5.24796e-02
-6.21762e-02
-7.42837e-02
-8.80506e-02
-9.58657e-02
-9.13599e-02
-7.64826e-02
-5.91553e-02
-4.31485e-02
-2.23536e-02
1.09101e-02
5.24489e-02
8.65321e-02
1.01315e-01
9.93482e-02
9.10192e-02
8.22126e-02
7.10019e-02
5.28700e-02
2.66666e-02
-2.67962e-03
-2.69028e-02
-4.17026e-02
-4.98867e-02
-5.48076e-02
-5.44380e-02
-4.70031e-02
-3.85530e-02
-3.76159e-02
-4.46954e-02
-5.41124e-02
-6.32093e-02
-7.11003e-02
-7.09367e-02
-5.44226e-02
-2.49085e-02
3.57371e-03
2.26056e-02
3.68146e-02
5.29203e-02
6.94162e-02
8.10979e-02
8.71424e-02
8.90854e-02
8.47033e-02
6.97418e-02
4.50013e-02
1.79694e-02
-2.92607e-03
-1.40087e-02
-1.69298e-02
-1.58362e-02
-1.45275e-02
-1.48682e-02
-1.64542e-02
-1.75927e-02
-1.70200e-02
-1.46569e-02
-1.04151e-02
-3.10876e-03
7.66939e-03
1.86475e-02
2.46634e-02
2.47827e-02
2.35477e-02
2.31380e-02
1.74392e-02
-5.57486e-04
-2.65634e-02
-4.68058e-02
-5.35455e-02
-5.31705e-02
-5.63407e-02
-6.54687e-02
-7.59332e-02
-8.51309e-02
-9.45086e-02
-1.04434e-01
-1.12463e-01
-1.17119e-01
-1.19689e-01
-1.21090e-01
-1.19103e-01
-1.10137e-01
-9.31232e-02
-7.10192e-02
-4.86127e-02
-2.91285e-02
-1.29357e-02
1.17587e-03
1.44599e-02
2.76194e-02
3.99527e-02
4.85804e-02
5.03094e-02
4.52730e-02
3.70437e-02
2.80502e-02
1.69684e-02
2.56314e-03
-1.18032e-02
-2.04793e-02
-2.17032e-02
-1.85326e-02
-1.34387e-02
-5.33861e-03
5.91681e-03
1.46950e-02
1.32571e-02
3.01993e-04
-1.76300e-02
-3.41814e-02
-4.91287e-02
-6.45579e-02
-7.88323e-02
-8.79541e-02
-9.07502e-02
-8.90489e-02
-8.38052e-02
-7.39908e-02
-5.84935e-02
-3.70330e-02
-1.06097e-02
1.71116e-02
4.09509e-02
5.91663e-02
7.54223e-02
9.35066e-02
1.11788e-01
1.24989e-01
1.29651e-01
1.26106e-01
1.17346e-01
1.08002e-01
1.02086e-01
9.91387e-02
9.41515e-02
8.33119e-02
6.82163e-02
5.27084e-02
3.78996e-02
2.31624e-02
1.04898e-02
4.08514e-03
4.79942e-03
7.05212e-03
2.59612e-03
-1.30023e-02
-3.74440e-02
-6.37791e-02
-8.46083e-02
-9.56644e-02
-9.75237e-02
-9.44010e-02
-9.01145e-02
-8.48200e-02
-7.67318e-02
-6.68942e-02
-5.98438e-02
-5.82899e-02
-5.93287e-02
-5.82560e-02
-5.48739e-02
-5.33426e-02
-5.59148e-02
-5.91075e-02
-5.68599e-02
-4.64028e-02
-3.07454e-02
-1.60726e-02
-6.99290e-03
-3.76303e-03
-3.35231e-03
-2.47149e-03
6.78619e-04
6.69892e-03
1.55441e-02
2.65942e-02
3.93074e-02
5.42389e-02
7.24108e-02
9.29641e-02
1.11995e-01
1.24496e-01
1.27675e-01
1.22658e-01
1.13280e-01
1.02886e-01
9.17567e-02
7.78370e-02
6.01523e-02
4.07827e-02
2.32465e-02
1.03961e-02
4.68198e-03
8.13859e-03
1.94329e-02
3.21167e-02
3.89826e-02
3.82896e-02
3.36418e-02
2.85793e-02
2.44593e-02
2.33557e-02
2.88926e-02
4.24470e-02
6.09456e-02
7.97298e-02
9.57182e-02
1.07228e-01
1.13432e-01
1.15613e-01
1.17164e-01
1.20710e-01
1.26042e-01
1.31423e-01
1.35549e-01
1.37208e-01
1.33891e-01
1.22208e-01
1.00634e-01
7.23972e-02
4.52490e-02
2.68095e-02
1.90850e-02
1.76967e-02
1.62203e-02
1.03408e-02
-1.38485e-03
-1.81088e-02
-3.69862e-02
-5.47605e-02
-7.03571e-02
-8.49900e-02
-9.92070e-02
-1.11198e-01
-1.18833e-01
-1.22376e-01
-1.24374e-01
-1.27268e-01
-1.31284e-01
-1.34051e-01
-1.32174e-01
-1.23696e-01
-1.09199e-01
-9.04634e-02
-6.87407e-02
-4.48936e-02
-2.06608e-02
1.21008e-03
1.82711e-02
2.96358e-02
3.61950e-02
4.00114e-02
4.33751e-02
4.77198e-02
5.26206e-02
5.57375e-02
5.45720e-02
4.89081e-02
4.10727e-02
3.35191e-02
2.70656e-02
2.17040e-02
1.73756e-02
1.31508e-02
7.88239e-03
3.18028e-03
3.40860e-03
1.06550e-02
2.16359e-02
3.10742e-02
3.53493e-02
3.13975e-02
1.66084e-02
-6.71086e-03
-3.08954e-02
-5.12555e-02
-7.12040e-02
-9.43958e-02
-1.15342e-01
-1.23818e-01
-1.16966e-01
-1.02137e-01
-8.89686e-02
-8.25676e-02
-8.29644e-02
-8.72836e-02
-9.26725e-02
-9.86293e-02
-1.04853e-01
-1.06722e-01
-9.75011e-02
-7.69122e-02
-5.29045e-02
-3.23191e-02
-1.42273e-02
4.95364e-03
2.47065e-02
4.22392e-02
5.66252e-02
6.73060e-02
7.20625e-02
7.01704e-02
6.48754e-02
5.99687e-02
5.63674e-02
5.37178e-02
5.19721e-02
4.94461e-02
4.27793e-02
3.10168e-02
1.68228e-02
2.04543e-03
-1.46314e-02
-3.37567e-02
-5.19253e-02
-6.47866e-02
-7.12576e-02
-7.34419e-02
-7.43749e-02
-7.68058e-02
-8.20698e-02
-8.88932e-02
-9.43800e-02
-9.63572e-02
-9.37698e-02
-8.57855e-02
-7.27594e-02
-5.77719e-02
-4.51802e-02
-3.74704e-02
-3.42713e-02
-3.32418e-02
-3.07436e-02
-2.33907e-02
-1.09445e-02
3.38263e-03
1.68406e-02
2.99063e-02
4.38993e-02
5.77129e-02
6.83996e-02
7.33402e-02
7.08699e-02
6.13264e-02
4.90066e-02
4.02690e-02
3.74118e-02
3.68258e-02
3.54010e-02
3.58071e-02
4.20699e-02
5.22486e-02
5.96341e-02
6.03225e-02
5.61156e-02
5.04286e-02
4.45305e-02
3.78253e-02
2.92870e-02
1.83832e-02
6.02160e-03
-6.09820e-03
-1.80961e-02
-3.17504e-02
-4.58026e-02
-5.42014e-02
-5.22430e-02
-4.21858e-02
-2.94792e-02
-1.64462e-02
-4.36815e-03
1.25417e-03
-5.49580e-03
-2.22474e-02
-3.92885e-02
-4.94262e-02
-5.22914e-02
-5.00341e-02
-4.48707e-02
-4.05115e-02
-3.93662e-02
-3.74820e-02
-2.80462e-02
-1.04996e-02
9.49734e-03
2.90576e-02
5.00752e-02
7.16392e-02
8.82453e-02
9.80990e-02
1.06434e-01
1.17663e-01
1.30236e-01
1.41963e-01
1.53901e-01
1.65112e-01
1.69323e-01
1.61569e-01
1.44251e-01
1.22941e-01
1.00150e-01
7.68879e-02
5.64087e-02
4.16219e-02
3.08936e-02
2.00607e-02
7.07118e-03
-8.04202e-03
-2.57445e-02
-4.63428e-02
-6.76369e-02
-8.56781e-02
-9.76227e-02
-1.02884e-01
-1.02719e-01
-1.00021e-01
-9.83988e-02
-9.98743e-02
-1.03479e-01
-1.06346e-01
-1.05553e-01
-9.92257e-02
-8.76061e-02
-7.37016e-02
-6.14472e-02
-5.21283e-02
-4.33150e-02
-3.21116e-02
-1.89717e-02
-7.59587e-03
-1.15605e-03
1.00477e-03
2.82578e-03
7.78025e-03
1.57769e-02
2.37883e-02
2.91932e-02
3.21413e-02
3.48623e-02
3.91884e-02
4.48043e-02
4.96585e-02
5.20089e-02
5.19662e-02
5.08862e-02
4.97970e-02
4.91446e-02
4.93032e-02
4.96715e-02
4.75848e-02
4.04427e-02
2.97198e-02
2.11044e-02
1.93014e-02
2.31887e-02
2.64242e-02
2.23147e-02
8.64836e-03
-1.06555e-02
-2.84042e-02
-3.96869e-02
-4.48386e-02
-4.68400e-02
-4.74510e-02
-4.74881e-02
-4.91181e-02
-5.46307e-02
-6.29420e-02
-6.97911e-02
-7.16261e-02
-6.73078e-02
-5.62075e-02
-3.73927e-02
-1.17087e-02
1.69331e-02
4.30802e-02
6.17612e-02
6.97282e-02
6.70120e-02
5.77036e-02
4.73464e-02
3.88160e-02
3.18414e-02
2.62736e-02
2.35070e-02
2.40067e-02
2.56910e-02
2.62014e-02
2.51542e-02
2.26262e-02
1.69216e-02
6.05251e-03
-9.01883e-03
-2.45375e-02
-3.73712e-02
-4.67373e-02
-5.26006e-02
-5.45065e-02
-5.30177e-02
-5.05229e-02
-4.86264e-02
-4.54059e-02
-3.73226e-02
-2.41348e-02
-1.04489e-02
-2.00141e-03
-1.59945e-03
-8.81259e-03
-2.16977e-02
-3.76976e-02
-5.42925e-02
-7.02216e-02
-8.52229e-02
-9.75986e-02
-1.03417e-01
-9.97942e-02
-8.80929e-02
-7.22153e-02
-5.45298e-02
-3.53502e-02
-1.58891e-02
6.17224e-04
1.13380e-02
1.61567e-02
1.71816e-02
1.68554e-02
1.66880e-02
1.70663e-02
1.81056e-02
2.09615e-02
2.77889e-02
3.96846e-02
5.49318e-02
6.97996e-02
8.08320e-02
8.63264e-02
8.65134e-02
8.29602e-02
7.73151e-02
7.02067e-02
6.15572e-02
5.16412e-02
4.10226e-02
2.97089e-02
1.73811e-02
4.29562e-03
-8.96259e-03
-2.22352e-02
-3.51680e-02
-4.61954e-02
-5.32837e-02
-5.54545e-02
-5.28946e-02
-4.64899e-02
-3.82999e-02
-3.12688e-02
-2.67604e-02
-2.29942e-02
-1.72395e-02
-8.90466e-03
4.13004e-04
8.57855e-03
1.33543e-02
1.28135e-02
7.36512e-03
6.54681e-04
-3.10791e-03
-2.36735e-03
1.76700e-03
7.50187e-03
1.34878e-02
1.91282e-02
2.45762e-02
2.95944e-02
3.24083e-02
3.11046e-02
2.60233e-02
1.90230e-02
1.07598e-02
1.00496e-03
-8.68186e-03
-1.56088e-02
-1.96482e-02
-2.33913e-02
-2.79121e-02
-3.10872e-02
-3.09813e-02
-2.82269e-02
-2.38769e-02
-1.73764e-02
-8.23926e-03
2.14653e-03
1.19058e-02
2.04423e-02
2.75208e-02
3.18738e-02
3.21588e-02
2.86660e-02
2.31230e-02
1.74080e-02
1.32398e-02
1.24757e-02
1.64755e-02
2.47964e-02
3.47975e-02
4.28634e-02
4.62941e-02
4.44530e-02
3.86786e-02
3.14909e-02
2.56722e-02
2.33140e-02
2.50225e-02
2.98842e-02
3.62472e-02
4.24512e-02
4.70203e-02
4.88491e-02
4.76054e-02
4.37936e-02
3.85318e-02
3.36059e-02
3.10899e-02
3.16044e-02
3.31040e-02
3.29961e-02
3.17376e-02
3.25914e-02
3.71210e-02
4.26111e-02
4.49542e-02
4.25218e-02
3.60664e-02
2.66212e-02
1.54669e-02
4.99114e-03
-2.81025e-03
-8.64592e-03
-1.48974e-02
-2.17824e-02
-2.57764e-02
-2.28455e-02
-1.31254e-02
-1.75023e-03
5.57087e-03
7.81794e-03
8.80716e-03
1.19247e-02
1.60489e-02
1.77129e-02
1.57902e-02
1.17655e-02
6.02068e-03
-3.29127e-03
-1.69310e-02
-3.23286e-02
-4.59318e-02
-5.65007e-02
-6.50407e-02
-7.25073e-02
-7.84773e-02
-8.13053e-02
-7.90089e-02
-7.09654e-02
-5.93522e-02
-4.78608e-02
-3.81839e-02
-2.87063e-02
-1.74491e-02
-5.17877e-03
5.61521e-03
1.38697e-02
2.04460e-02
2.59263e-02
2.96118e-02
3.07685e-02
2.93943e-02
2.55337e-02
1.92137e-02
1.13357e-02
3.16831e-03
-5.44433e-03
-1.57092e-02
-2.69872e-02
-3.60418e-02
-4.05233e-02
-4.18238e-02
-4.30069e-02
-4.51160e-02
-4.72216e-02
-4.91019e-02
-5.17411e-02
-5.52764e-02
-5.80976e-02
-5.83008e-02
-5.52139e-02
-4.95985e-02
-4.30469e-02
-3.68683e-02
-3.09382e-02
-2.42079e-02
-1.70290e-02
-1.21301e-02
-1.21704e-02
-1.68552e-02
-2.34022e-02
-2.91795e-02
-3.29345e-02
-3.44719e-02
-3.46952e-02
-3.52743e-02
-3.65660e-02
-3.63352e-02
-3.23254e-02
-2.57622e-02
-2.03042e-02
-1.75144e-02
-1.53551e-02
-1.13837e-02
-5.40572e-03
1.51190e-03
8.70140e-03
1.58480e-02
2.29236e-02
3.05925e-02
3.89442e-02
4.57211e-02
4.81750e-02
4.69487e-02
4.51738e-02
4.30953e-02
3.72342e-02
2.65582e-02
1.58461e-02
1.02007e-02
9.03096e-03
8.27537e-03
6.02056e-03
2.84643e-03
-1.10563e-03
-5.87999e-03
-9.91888e-03
-1.16064e-02
-1.16179e-02
-1.13892e-02
-1.07165e-02
-9.32289e-03
-9.06248e-03
-1.15285e-02
-1.46797e-02
-1.49450e-02
-1.20516e-02
-9.03798e-03
-7.90790e-03
-7.79446e-03
-7.28692e-03
-6.38188e-03
-5.98372e-03
-7.07659e-03
-1.03796e-02
-1.54102e-02
-1.98081e-02
-2.07258e-02
-1.71712e-02
-1.04942e-02
-2.68438e-03
5.29302e-03
1.35443e-02
2.21310e-02
3.03359e-02
3.73364e-02
4.33701e-02
4.93213e-02
5.49299e-02
5.85955e-02
5.96548e-02
5.96012e-02
5.99990e-02
6.04253e-02
5.97923e-02
5.84266e-02
5.70826e-02
5.48808e-02
5.02238e-02
4.32199e-02
3.53602e-02
2.72706e-02
1.87662e-02
1.09655e-02
6.22238e-03
5.40649e-03
6.73697e-03
7.91100e-03
8.23859e-03
8.09438e-03
7.33397e-03
5.28115e-03
1.88055e-03
-2.09797e-03
-6.16834e-03
-1.07689e-02
-1.62694e-02
-2.16755e-02
-2.51027e-02
-2.55886e-02
-2.36357e-02
-1.97387e-02
-1.34192e-02
-4.43290e-03
5.96352e-03
1.59676e-02
2.48519e-02
3.26173e-02
3.86023e-02
4.17192e-02
4.19063e-02
4.02018e-02
3.73246e-02
3.30942e-02
2.73593e-02
2.08152e-02
1.48283e-02
1.08292e-02
9.49168e-03
9.81257e-03
9.30730e-03
5.97591e-03
1.09010e-04
-6.31086e-03
-1.17616e-02
-1.61909e-02
-2.02178e-02
-2.41742e-02
-2.80832e-02
-3.20258e-02
-3.61515e-02
-4.03260e-02
-4.39203e-02
-4.61948e-02
-4.70090e-02
-4.68370e-02
-4.58755e-02
-4.36127e-02
-3.96270e-02
-3.41971e-02
-2.76414e-02
-1.98917e-02
-1.15161e-02
-4.25805e-03
6.17759e-04
3.84346e-03
6.79294e-03
9.18033e-03
9.37608e-03
6.56485e-03
1.40721e-03
-4.97428e-03
-1.14967e-02
-1.71168e-02
-2.15523e-02
-2.55426e-02
-2.92283e-02
-3.08682e-02
-2.86320e-02
-2.34464e-02
-1.86722e-02
-1.67603e-02
-1.70957e-02
-1.72448e-02
-1.56638e-02
-1.30217e-02
-1.12055e-02
-1.11575e-02
-1.17707e-02
-1.10765e-02
-8.13406e-03
-3.12736e-03
3.91600e-03
1.31513e-02
2.34681e-02
3.23040e-02
3.76738e-02
3.97593e-02
4.00061e-02
3.92879e-02
3.76078e-02
3.51543e-02
3.27087e-02
3.06842e-02
2.83144e-02
2.45459e-02
1.97516e-02
1.57222e-02
1.35002e-02
1.19726e-02
9.24349e-03
4.57607e-03
-1.84360e-03
-9.91747e-03
-1.88393e-02
-2.60373e-02
-2.88614e-02
-2.73006e-02
-2.36124e-02
-1.95528e-02
-1.55283e-02
-1.20553e-02
-9.96922e-03
-9.02526e-03
-8.20471e-03
-7.84007e-03
-9.71660e-03
-1.43960e-02
-1.98073e-02
-2.31807e-02
-2.33501e-02
-2.07070e-02
-1.60280e-02
-1.00537e-02
-3.46563e-03
3.31678e-03
9.90047e-03
1.53557e-02
1.85877e-02
1.95066e-02
1.92010e-02
1.86902e-02
1.80522e-02
1.70165e-02
1.58068e-02
1.48852e-02
1.41525e-02
1.29485e-02
1.09153e-02
8.53116e-03
6.61277e-03
5.47178e-03
4.76976e-03
4.08375e-03
3.33388e-03
2.67132e-03
2.19706e-03
1.82495e-03
1.29260e-03
4.42022e-04
-3.21713e-04
-1.28918e-04
1.40712e-03
3.55351e-03
5.18888e-03
5.94274e-03
6.17496e-03
6.18674e-03
6.13664e-03
6.52796e-03
8.02750e-03
1.07964e-02
1.45439e-02
1.91069e-02
2.43152e-02
2.93168e-02
3.27759e-02
3.40195e-02
3.35291e-02
3.19504e-02
2.88622e-02
2.30172e-02
1.40143e-02
3.44211e-03
-6.12171e-03
-1.32060e-02
-1.80565e-02
-2.13671e-02
-2.34789e-02
-2.50201e-02
-2.68383e-02
-2.82496e-02
-2.65138e-02
-1.95766e-02
-8.92927e-03
1.41426e-03
8.45317e-03
1.18100e-02
1.24885e-02
1.15160e-02
9.89060e-03
8.70091e-03
8.66136e-03
9.66480e-03
1.08200e-02
1.09284e-02
9.26100e-03
6.04352e-03
1.99797e-03
-2.42675e-03
-6.97016e-03
-1.11022e-02
-1.45540e-02
-1.82251e-02
-2.36114e-02
-3.11314e-02
-3.97010e-02
-4.80066e-02
-5.54367e-02
-6.16434e-02
-6.60243e-02
-6.81329e-02
-6.83065e-02
-6.75858e-02
-6.69729e-02
-6.65949e-02
-6.54642e-02
-6.23428e-02
-5.70563e-02
-5.06971e-02
-4.44079e-02
-3.84196e-02
-3.24915e-02
-2.66832e-02
-2.11399e-02
-1.55112e-02
-9.22105e-03
-2.24692e-03
4.83326e-03
1.16051e-02
1.83232e-02
2.55179e-02
3.31472e-02
4.01668e-02
4.51324e-02
4.75378e-02
4.85186e-02
4.97813e-02
5.17102e-02
5.29847e-02
5.23122e-02
5.00352e-02
4.75105e-02
4.51629e-02
4.17986e-02
3.59845e-02
2.77037e-02
1.84841e-02
1.00504e-02
3.00251e-03
-3.18637e-03
-9.00538e-03
-1.40017e-02
-1.72271e-02
-1.83727e-02
-1.79943e-02
-1.66368e-02
-1.43968e-02
-1.16652e-02
-9.59246e-03
-9.05862e-03
-9.56693e-03
-9.98253e-03
-1.00999e-02
-1.04986e-02
-1.09345e-02
-1.00352e-02
-6.92458e-03
-2.20465e-03
3.08202e-03
8.59555e-03
1.43240e-02
1.99088e-02
2.49880e-02
2.96043e-02
3.37133e-02
3.68907e-02
3.90983e-02
4.11452e-02
4.37038e-02
4.62562e-02
4.75562e-02
4.67736e-02
4.37685e-02
3.87145e-02
3.20147e-02
2.43672e-02
1.65545e-02
9.26549e-03
3.05904e-03
-1.90809e-03
-6.01812e-03
-9.58307e-03
-1.23601e-02
-1.43154e-02
-1.64051e-02
-1.95454e-02
-2.30832e-02
-2.54606e-02
-2.62056e-02
-2.60244e-02
-2.51303e-02
-2.29771e-02
-1.97285e-02
-1.65098e-02
-1.38539e-02
-1.10953e-02
-7.62541e-03
-3.72244e-03
8.29353e-05
3.54012e-03
6.47303e-03
8.91421e-03
1.14515e-02
1.46667e-02
1.84106e-02
2.23855e-02
2.69093e-02
3.19509e-02
3.58598e-02
3.65424e-02
3.39014e-02
2.98492e-02
2.58539e-02
2.16973e-02
1.67854e-02
1.13405e-02
5.72399e-03
-4.73739e-04
-7.92275e-03
-1.64744e-02
-2.49075e-02
-3.15418e-02
-3.51858e-02
-3.59686e-02
-3.52407e-02
-3.41692e-02
-3.24161e-02
-2.86806e-02
-2.25379e-02
-1.51789e-02
-8.19035e-03
-2.08814e-03
3.65057e-03
9.44091e-03
1.49443e-02
1.96108e-02
2.34355e-02
2.67294e-02
2.92974e-02
3.05278e-02
3.04114e-02
2.96614e-02
2.84811e-02
2.61942e-02
2.27593e-02
1.95843e-02
1.77691e-02
1.63943e-02
1.37352e-02
9.39315e-03
3.99785e-03
-2.35300e-03
-9.80518e-03
-1.74645e-02
-2.38978e-02
-2.85370e-02
-3.13419e-02
-3.16640e-02
-2.88525e-02
-2.35622e-02
-1.72485e-02
-1.09318e-02
-5.55737e-03
-2.66043e-03
-3.20076e-03
-6.39651e-03
-1.09455e-02
-1.65108e-02
-2.27300e-02
-2.79184e-02
-3.04223e-02
-3.03961e-02
-2.87367e-02
-2.52189e-02
-1.93056e-02
-1.19072e-02
-4.66110e-03
1.85528e-03
7.76607e-03
1.25908e-02
1.57475e-02
1.75854e-02
1.85564e-02
1.81644e-02
1.59850e-02
1.27967e-02
9.46732e-03
5.78723e-03
1.62368e-03
-2.16296e-03
-5.53607e-03
-1.05532e-02
-1.87105e-02
-2.80235e-02
-3.49455e-02
-3.85675e-02
-4.08358e-02
-4.31495e-02
-4.49911e-02
-4.58005e-02
-4.59961e-02
-4.57372e-02
-4.43703e-02
-4.15777e-02
-3.78066e-02
-3.32738e-02
-2.76994e-02
-2.12281e-02
-1.45254e-02
-7.76885e-03
-5.83504e-04
6.84227e-03
1.35581e-02
1.89874e-02
2.33745e-02
2.68655e-02
2.89223e-02
2.89772e-02
2.71733e-02
2.43303e-02
2.15694e-02
1.98550e-02
1.93212e-02
1.89952e-02
1.75683e-02
1.44296e-02
9.79761e-03
4.27290e-03
-1.28120e-03
-5.82715e-03
-8.76189e-03
-1.03119e-02
-1.09801e-02
-1.09358e-02
-1.03273e-02
-9.69278e-03
-9.39353e-03
-8.88858e-03
-7.21531e-03
-4.14495e-03
-4.27007e-04
3.05286e-03
5.99396e-03
8.60809e-03
1.11567e-02
1.36514e-02
1.58847e-02
1.76499e-02
1.88076e-02
1.91114e-02
1.82326e-02
1.61908e-02
1.35401e-02
1.08657e-02
8.35046e-03
6.13144e-03
4.72020e-03
4.57865e-03
5.48026e-03
6.74640e-03
8.00115e-03
9.37739e-03
1.11635e-02
1.35666e-02
1.66820e-02
2.04617e-02
2.47790e-02
2.94718e-02
3.40311e-02
3.74146e-02
3.87673e-02
3.83495e-02
3.71513e-02
3.55431e-02
3.29893e-02
2.92071e-02
2.48513e-02
2.07371e-02
1.69838e-02
1.32487e-02
9.33907e-03
5.28671e-03
1.15258e-03
-3.02509e-03
-7.26734e-03
-1.16250e-02
-1.58780e-02
-1.94295e-02
-2.18702e-02
-2.35385e-02
-2.51702e-02
-2.71421e-02
-2.94090e-02
-3.19518e-02
-3.47398e-02
-3.72654e-02
-3.85946e-02
-3.80716e-02
-3.58141e-02
-3.25065e-02
-2.88718e-02
-2.53419e-02
-2.20674e-02
-1.91032e-02
-1.65143e-02
-1.43248e-02
-1.25106e-02
-1.10973e-02
-1.00659e-02
-9.01349e-03
-7.14926e-03
-3.93811e-03
3.39449e-04
4.92299e-03
9.36818e-03
1.37114e-02
1.78950e-02
2.14364e-02
2.38651e-02
2.52585e-02
2.60790e-02
2.65980e-02
2.67968e-02
2.68014e-02
2.69221e-02
2.70200e-02
2.63153e-02
2.42924e-02
2.14017e-02
1.82471e-02
1.44515e-02
9.19017e-03
2.69743e-03
-3.68862e-03
-8.99792e-03
-1.32612e-02
-1.66554e-02
-1.90839e-02
-2.08743e-02
-2.28267e-02
-2.49559e-02
-2.59491e-02
-2.45553e-02
-2.10670e-02
-1.68950e-02
-1.30207e-02
-9.36104e-03
-5.46567e-03
-1.38173e-03
2.29484e-03
5.08528e-03
7.14895e-03
8.98138e-03
1.07538e-02
1.23443e-02
1.39367e-02
1.59449e-02
1.81722e-02
1.96977e-02
1.99317e-02
1.92324e-02
1.81799e-02
1.68403e-02
1.51013e-02
1.31184e-02
1.09917e-02
8.55750e-03
5.93187e-03
3.72501e-03
2.24768e-03
9.78704e-04
-7.27863e-04
-2.83760e-03
-4.96086e-03
-7.03488e-03
-9.19850e-03
-1.13589e-02
-1.34060e-02
-1.55820e-02
-1.80906e-02
-2.04913e-02
-2.20525e-02
-2.27220e-02
-2.32146e-02
-2.39637e-02
-2.45118e-02
-2.43768e-02
-2.41222e-02
-2.48381e-02
-2.66385e-02
-2.84707e-02
-2.95667e-02
-3.01829e-02
-3.04631e-02
-2.95433e-02
-2.66921e-02
-2.26573e-02
-1.87823e-02
-1.51719e-02
-1.08473e-02
-5.54892e-03
-2.80266e-04
3.94927e-03
6.92312e-03
8.66582e-03
9.08533e-03
8.45828e-03
7.49533e-03
6.60228e-03
5.65382e-03
4.67114e-03
4.10000e-03
4.18432e-03
4.61000e-03
5.01628e-03
5.43610e-03
6.04329e-03
6.83140e-03
7.65847e-03
8.28821e-03
8.39345e-03
7.92440e-03
7.44108e-03
7.58226e-03
8.15624e-03
8.25019e-03
7.32887e-03
5.75943e-03
4.15689e-03
2.71762e-03
1.39813e-03
3.22634e-04
-2.39387e-04
-1.60379e-05
1.26420e-03
3.64805e-03
6.55165e-03
8.90492e-03
9.95305e-03
9.79844e-03
9.13782e-03
8.73050e-03
9.13819e-03
1.06035e-02
1.29687e-02
1.58859e-02
1.91779e-02
2.27981e-02
2.64083e-02
2.92880e-02
3.08222e-02
3.09565e-02
3.00996e-02
2.87147e-02
2.70898e-02
2.54309e-02
2.40799e-02
2.35406e-02
2.41156e-02
2.54298e-02
2.64859e-02
2.64098e-02
2.51270e-02
2.32130e-02
2.11918e-02
1.91389e-02
1.68766e-02
1.42880e-02
1.13800e-02
8.20681e-03
4.87714e-03
1.59712e-03
-1.45944e-03
-4.28672e-03
-6.95904e-03
-9.40161e-03
-1.12848e-02
-1.21708e-02
-1.18088e-02
-1.04041e-02
-8.62331e-03
-7.17402e-03
-6.30329e-03
-5.89682e-03
-6.12176e-03
-7.57657e-03
-1.05038e-02
-1.42047e-02
-1.76715e-02
-2.05785e-02
-2.32458e-02
-2.59125e-02
-2.85342e-02
-3.10096e-02
-3.30132e-02
-3.38305e-02
-3.30107e-02
-3.10614e-02
-2.89263e-02
-2.69524e-02
-2.49492e-02
-2.29769e-02
-2.12840e-02
-1.96058e-02
-1.73375e-02
-1.43849e-02
-1.10841e-02
-7.29016e-03
-2.38631e-03
3.65464e-03
9.99761e-03
1.59723e-02
2.16256e-02
2.69228e-02
3.11755e-02
3.39123e-02
3.57992e-02
3.79183e-02
4.03397e-02
4.21504e-02
4.28168e-02
4.26794e-02
4.19242e-02
3.99627e-02
3.63945e-02
3.18626e-02
2.71423e-02
2.18652e-02
1.51284e-02
7.16216e-03
-6.31513e-04
-7.34389e-03
-1.32856e-02
-1.88813e-02
-2.38438e-02
-2.78872e-02
-3.13653e-02
-3.45327e-02
-3.68032e-02
-3.74886e-02
-3.69012e-02
-3.60391e-02
-3.53936e-02
-3.47042e-02
-3.37966e-02
-3.29910e-02
-3.24658e-02
-3.16889e-02
-2.98929e-02
-2.69745e-02
-2.35629e-02
-2.01984e-02
-1.68422e-02
-1.33683e-02
-1.01081e-02
-7.47113e-03
-5.29693e-03
-3.10604e-03
-8.17302e-04
1.33966e-03
3.44130e-03
5.72602e-03
7.94216e-03
9.58447e-03
1.07445e-02
1.19636e-02
1.32576e-02
1.41171e-02
1.44916e-02
1.48594e-02
1.51737e-02
1.46119e-02
1.25814e-02
9.21525e-03
4.80842e-03
-3.17196e-04
-5.25731e-03
-8.84641e-03
-1.08874e-02
-1.23058e-02
-1.38987e-02
-1.57164e-02
-1.77126e-02
-1.99468e-02
-2.18713e-02
-2.24232e-02
-2.12383e-02
-1.89831e-02
-1.62318e-02
-1.28765e-02
-8.91635e-03
-4.89749e-03
-1.15454e-03
2.58421e-03
6.41516e-03
9.81382e-03
1.23832e-02
1.43842e-02
1.61183e-02
1.74129e-02
1.81244e-02
1.85755e-02
1.90886e-02
1.95962e-02
2.00391e-02
2.05588e-02
2.08571e-02
1.98999e-02
1.68277e-02
1.19359e-02
6.45385e-03
1.64034e-03
-1.72204e-03
-3.42697e-03
-3.87671e-03
-3.81577e-03
-3.80562e-03
-4.10054e-03
-4.92564e-03
-6.35388e-03
-7.85364e-03
-8.55410e-03
-8.16352e-03
-7.15312e-03
-5.94850e-03
-4.53790e-03
-3.00176e-03
-1.71612e-03
-7.34724e-04
4.25532e-04
2.08996e-03
4.07240e-03
6.23356e-03
8.73900e-03
1.14193e-02
1.34757e-02
1.42664e-02
1.39767e-02
1.31787e-02
1.21180e-02
1.07244e-02
8.95067e-03
6.80475e-03
4.34723e-03
1.88586e-03
-1.02221e-04
-1.40492e-03
-2.18096e-03
-2.57795e-03
-2.58871e-03
-2.32498e-03
-2.00296e-03
-1.56462e-03
-7.82206e-04
1.08384e-04
3.61839e-04
-4.34862e-04
-1.86866e-03
-3.28759e-03
-4.50059e-03
-5.63677e-03
-6.70039e-03
-7.61513e-03
-8.42877e-03
-9.13697e-03
-9.51613e-03
-9.41742e-03
-9.02091e-03
-8.51908e-03
-7.75235e-03
-6.49021e-03
-4.97563e-03
-3.87479e-03
-3.64007e-03
-4.07890e-03
-4.59420e-03
-4.77173e-03
-4.66921e-03
-4.53428e-03
-4.38144e-03
-4.04818e-03
-3.58690e-03
-3.23111e-03
-2.92483e-03
-2.36609e-03
-1.74193e-03
-1.92084e-03
-3.52786e-03
-6.24325e-03
-9.42204e-03
-1.29255e-02
-1.67516e-02
-2.02397e-02
-2.24087e-02
-2.29969e-02
-2.25862e-02
-2.17598e-02
-2.06274e-02
-1.91262e-02
-1.73290e-02
-1.54082e-02
-1.35395e-02
-1.17811e-02
-9.91250e-03
-7.63415e-03
-5.13264e-03
-3.14882e-03
-2.18157e-03
-1.84878e-03
-1.30733e-03
-1.04398e-04
1.61714e-03
3.50711e-03
5.30865e-03
6.91374e-03
8.32968e-03
9.49935e-03
1.01385e-02
1.00195e-02
9.47183e-03
9.23627e-03
9.68529e-03
1.05264e-02
1.13857e-02
1.22545e-02
1.31933e-02
1.40799e-02
1.49092e-02
1.58685e-02
1.68179e-02
1.71727e-02
1.66381e-02
1.55958e-02
1.44349e-02
1.30148e-02
1.11571e-02
9.12335e-03
7.20415e-03
5.36915e-03
3.68209e-03
2.43325e-03
1.50032e-03
3.60484e-04
-7.77044e-04
-7.02605e-04
1.27313e-03
4.28619e-03
7.05983e-03
9.29850e-03
1.12482e-02
1.27054e-02
1.33629e-02
1.34926e-02
1.34080e-02
1.27762e-02
1.12224e-02
9.04016e-03
6.53255e-03
3.28914e-03
-9.25383e-04
-5.01032e-03
-7.26115e-03
-7.12118e-03
-5.46448e-03
-3.30811e-03
-9.90445e-04
1.41264e-03
3.60024e-03
5.26513e-03
6.43471e-03
7.33400e-03
8.07250e-03
8.67674e-03
9.38096e-03
1.06338e-02
1.26499e-02
1.50889e-02
1.74235e-02
1.95275e-02
2.15638e-02
2.33404e-02
2.42752e-02
2.41758e-02
2.36320e-02
2.33242e-02
2.31853e-02
2.25342e-02
2.08907e-02
1.84217e-02
1.56396e-02
1.28694e-02
1.01260e-02
7.50912e-03
5.51811e-03
4.66928e-03
4.76037e-03
4.83589e-03
4.04126e-03
2.28974e-03
1.28943e-05
-2.37836e-03
-4.59521e-03
-6.41329e-03
-7.84334e-03
-9.14054e-03
-1.04021e-02
-1.13743e-02
-1.18786e-02
-1.21833e-02
-1.27061e-02
-1.35446e-02
-1.45200e-02
-1.54734e-02
-1.62895e-02
-1.68226e-02
-1.70476e-02
-1.71465e-02
-1.72641e-02
-1.73098e-02
-1.71007e-02
-1.64802e-02
-1.52089e-02
-1.30795e-02
-1.03217e-02
-7.52606e-03
-4.93415e-03
-2.21057e-03
7.71038e-04
3.35482e-03
4.73981e-03
4.80201e-03
3.85700e-03
2.07871e-03
-2.75842e-04
-2.56874e-03
-4.51330e-03
-6.84611e-03
-1.03446e-02
-1.43583e-02
-1.72955e-02
-1.85695e-02
-1.91160e-02
-1.98518e-02
-2.05759e-02
-2.07351e-02
-2.04358e-02
-2.01601e-02
-2.00227e-02
-1.98036e-02
-1.93542e-02
-1.85702e-02
-1.72342e-02
-1.52405e-02
-1.28284e-02
-1.03565e-02
-7.94746e-03
-5.49481e-03
-2.90917e-03
-2.24224e-04
2.49232e-03
5.23238e-03
8.01607e-03
1.07323e-02
1.30144e-02
1.43588e-02
1.44563e-02
1.34293e-02
1.17567e-02
9.95174e-03
8.23334e-03
6.47167e-03
4.52109e-03
2.60316e-03
1.19895e-03
5.06583e-04
2.15661e-04
-2.78740e-05
-1.15750e-04
3.29477e-04
1.35508e-03
2.56049e-03
3.63516e-03
4.77584e-03
6.37559e-03
8.41256e-03
1.04171e-02
1.20704e-02
1.35405e-02
1.50502e-02
1.63873e-02
1.71704e-02
1.74348e-02
1.75414e-02
1.75118e-02
1.68452e-02
1.51311e-02
1.26160e-02
1.00650e-02
8.19746e-03
7.23524e-03
6.79110e-03
6.16473e-03
4.91570e-03
3.18574e-03
1.39264e-03
-2.80041e-04
-1.93863e-03
-3.67399e-03
-5.44882e-03
-7.21920e-03
-8.80354e-03
-9.62593e-03
-9.03743e-03
-7.16180e-03
-5.13433e-03
-4.11535e-03
-4.17976e-03
-4.56240e-03
-4.88644e-03
-5.51441e-03
-6.49049e-03
-6.84924e-03
-5.60826e-03
-3.03579e-03
-2.30052e-04
2.24844e-03
4.48702e-03
6.16656e-03
6.47182e-03
5.26871e-03
3.46483e-03
1.83507e-03
2.32238e-04
-1.69180e-03
-3.75671e-03
-5.73479e-03
-7.87310e-03
-1.03202e-02
-1.25134e-02
-1.37375e-02
-1.39923e-02
-1.38440e-02
-1.36754e-02
-1.34652e-02
-1.30927e-02
-1.25543e-02
-1.20121e-02
-1.17246e-02
-1.16753e-02
-1.12717e-02
-9.83075e-03
-7.41586e-03
-4.74163e-03
-2.22240e-03
2.92313e-04
2.71735e-03
4.36786e-03
4.77529e-03
4.36273e-03
3.89754e-03
3.62151e-03
3.26027e-03
2.58049e-03
1.59437e-03
4.09468e-04
-8.54763e-04
-2.10096e-03
-3.32960e-03
-4.59067e-03
-5.86204e-03
-7.10499e-03
-8.36138e-03
-9.64167e-03
-1.08674e-02
-1.20937e-02
-1.35363e-02
-1.51220e-02
-1.63043e-02
-1.66389e-02
-1.62569e-02
-1.54575e-02
-1.42010e-02
-1.24013e-02
-1.03285e-02
-8.22707e-03
-5.84956e-03
-2.88777e-03
3.73577e-04
3.29097e-03
5.54642e-03
7.22385e-03
8.45825e-03
9.36817e-03
1.01109e-02
1.07286e-02
1.11906e-02
1.17113e-02
1.25441e-02
1.32391e-02
1.27369e-02
1.06830e-02
8.19745e-03
6.80760e-03
6.90535e-03
7.68000e-03
8.26395e-03
8.42848e-03
8.29743e-03
7.91450e-03
7.28417e-03
6.63327e-03
6.38489e-03
6.72541e-03
7.22607e-03
7.12479e-03
6.10128e-03
4.55961e-03
3.01340e-03
1.49993e-03
-1.43074e-04
-1.72931e-03
-2.83854e-03
-3.30418e-03
-3.23556e-03
-2.68329e-03
-1.62187e-03
-2.01019e-04
1.28140e-03
2.66493e-03
4.00164e-03
5.35213e-03
6.63931e-03
7.70543e-03
8.44513e-03
8.88575e-03
9.15656e-03
9.37376e-03
9.58915e-03
9.86357e-03
1.03035e-02
1.09747e-02
1.18536e-02
1.28583e-02
1.37973e-02
1.43146e-02
1.41270e-02
1.33691e-02
1.24819e-02
1.17015e-02
1.09065e-02
1.00378e-02
9.35086e-03
9.02430e-03
8.69814e-03
7.65945e-03
5.49475e-03
2.48308e-03
-6.09747e-04
-3.03540e-03
-4.36824e-03
-4.43852e-03
-3.21665e-03
-9.94865e-04
1.37727e-03
2.79039e-03
2.64633e-03
1.25912e-03
-5.97625e-04
-2.39892e-03
-4.03046e-03
-5.48549e-03
-6.73004e-03
-7.85234e-03
-9.04171e-03
-1.02731e-02
-1.11985e-02
-1.15380e-02
-1.14696e-02
-1.14120e-02
-1.15014e-02
-1.15768e-02
-1.16748e-02
-1.21417e-02
-1.30611e-02
-1.39064e-02
-1.40784e-02
-1.35864e-02
-1.28903e-02
-1.22451e-02
-1.15507e-02
-1.07342e-02
-9.89418e-03
-9.06838e-03
-8.18608e-03
-7.30744e-03
-6.65562e-03
-6.34464e-03
-6.25564e-03
-6.21193e-03
-6.09728e-03
-5.77454e-03
-5.08168e-03
-4.00277e-03
-2.71414e-03
-1.35656e-03
1.54190e-04
1.94012e-03
3.77883e-03
5.08306e-03
5.42337e-03
4.99715e-03
4.38561e-03
3.88908e-03
3.35663e-03
2.65241e-03
1.92568e-03
1.32062e-03
8.17999e-04
5.70152e-04
9.92924e-04
2.19725e-03
3.64622e-03
4.73513e-03
5.46374e-03
6.20027e-03
7.04606e-03
7.79871e-03
8.27581e-03
8.25746e-03
7.37707e-03
5.59995e-03
3.66590e-03
2.51446e-03
2.28509e-03
2.32656e-03
2.16894e-03
2.03040e-03
2.30770e-03
2.96763e-03
3.57065e-03
3.61717e-03
2.75836e-03
8.75201e-04
-1.89148e-03
-5.15853e-03
-8.30298e-03
-1.05589e-02
-1.14690e-02
-1.13760e-02
-1.11547e-02
-1.12557e-02
-1.12550e-02
-1.04850e-02
-8.79702e-03
-6.52984e-03
-4.06668e-03
-1.64602e-03
6.73682e-04
3.05343e-03
5.63539e-03
8.18070e-03
1.02373e-02
1.16671e-02
1.26250e-02
1.30814e-02
1.29049e-02
1.24071e-02
1.21535e-02
1.21101e-02
1.15900e-02
1.02026e-02
8.29864e-03
6.36815e-03
4.60853e-03
3.21043e-03
2.41446e-03
2.08614e-03
1.80056e-03
1.47026e-03
1.29978e-03
1.06811e-03
1.85064e-04
-1.35746e-03
-2.77765e-03
-3.48744e-03
-3.70152e-03
-3.86937e-03
-4.07309e-03
-4.21306e-03
-4.31850e-03
-4.49945e-03
-4.95283e-03
-5.98695e-03
-7.55520e-03
-8.80476e-03
-8.65509e-03
-6.89962e-03
-4.30092e-03
-1.61957e-03
9.87081e-04
3.65188e-03
6.41517e-03
9.21472e-03
1.18326e-02
1.37662e-02
1.44813e-02
1.39050e-02
1.25128e-02
1.09186e-02
9.45734e-03
8.08381e-03
6.60171e-03
5.04308e-03
3.70019e-03
2.56061e-03
9.43582e-04
-1.75814e-03
-5.00808e-03
-7.41786e-03
-8.26492e-03
-8.18499e-03
-8.19402e-03
-8.59858e-03
-9.15392e-03
-9.75168e-03
-1.04914e-02
-1.13525e-02
-1.21606e-02
-1.27543e-02
-1.30275e-02
-1.29784e-02
-1.27960e-02
-1.26832e-02
-1.25555e-02
-1.21588e-02
-1.14956e-02
-1.08337e-02
-1.02622e-02
-9.58718e-03
-8.77651e-03
-8.17232e-03
-8.06027e-03
-8.28401e-03
-8.52458e-03
-8.76407e-03
-9.16559e-03
-9.57738e-03
-9.50069e-03
-8.64803e-03
-7.29002e-03
-5.90602e-03
-4.69384e-03
-3.61086e-03
-2.68830e-03
-1.99477e-03
-1.38512e-03
-6.07225e-04
3.81934e-04
1.51265e-03
2.94545e-03
4.89679e-03
7.08657e-03
8.79745e-03
9.62819e-03
9.80895e-03
9.63661e-03
9.04732e-03
8.01842e-03
6.99546e-03
6.52299e-03
6.64908e-03
7.01257e-03
7.37016e-03
7.75357e-03
8.21146e-03
8.67642e-03
9.09144e-03
9.50028e-03
9.97512e-03
1.04891e-02
1.08407e-02
1.07376e-02
1.00358e-02
8.85008e-03
7.34921e-03
5.57404e-03
3.61823e-03
1.82600e-03
5.42455e-04
-2.57623e-04
-8.46463e-04
-1.32487e-03
-1.57730e-03
-1.58031e-03
-1.48781e-03
-1.41701e-03
-1.36000e-03
-1.29841e-03
-1.23345e-03
-1.13139e-03
-1.00190e-03
-9.92990e-04
-1.23130e-03
-1.56109e-03
-1.59928e-03
-1.12865e-03
-3.58624e-04
3.31354e-04
9.30982e-04
1.92638e-03
3.72319e-03
6.06588e-03
8.31171e-03
1.02002e-02
1.19345e-02
1.34872e-02
1.43831e-02
1.44045e-02
1.39903e-02
1.35707e-02
1.29350e-02
1.16586e-02
9.75844e-03
7.49574e-03
4.92967e-03
2.19037e-03
-1.23551e-04
-1.40345e-03
-1.73446e-03
-1.68852e-03
-1.58454e-03
-1.38265e-03
-1.12617e-03
-1.02081e-03
-1.17587e-03
-1.64641e-03
-2.58085e-03
-3.92940e-03
-5.15684e-03
-5.67923e-03
-5.50644e-03
-5.10045e-03
-4.75410e-03
-4.52657e-03
-4.63000e-03
-5.34453e-03
-6.55741e-03
-7.87395e-03
-9.21379e-03
-1.08146e-02
-1.25689e-02
-1.38475e-02
-1.41633e-02
-1.36294e-02
-1.26204e-02
-1.13520e-02
-9.94548e-03
-8.54187e-03
-7.15880e-03
-5.69689e-03
-4.20219e-03
-2.85972e-03
-1.65504e-03
-2.94413e-04
1.49509e-03
3.77734e-03
6.42013e-03
9.05285e-03
1.11964e-02
1.27664e-02
1.42248e-02
1.58345e-02
1.70321e-02
1.70523e-02
1.59563e-02
1.44899e-02
1.31109e-02
1.17333e-02
1.02788e-02
8.88206e-03
7.60100e-03
6.41096e-03
5.42597e-03
4.75070e-03
4.25494e-03
3.80874e-03
3.48413e-03
3.19603e-03
2.47943e-03
9.98255e-04
-1.05633e-03
-3.41322e-03
-6.13357e-03
-9.14743e-03
-1.17868e-02
-1.32888e-02
-1.35146e-02
-1.28113e-02
-1.14677e-02
-9.67701e-03
-7.75724e-03
-6.01419e-03
-4.50696e-03
-3.16056e-03
-1.95665e-03
-8.82434e-04
1.12150e-04
9.65303e-04
1.45129e-03
1.37609e-03
7.60782e-04
-1.62926e-04
-1.07350e-03
-1.72892e-03
-2.08103e-03
-2.20147e-03
-2.15533e-03
-2.04510e-03
-2.03451e-03
-2.14094e-03
-2.18901e-03
-2.21153e-03
-2.64742e-03
-3.82790e-03
-5.53552e-03
-7.39287e-03
-9.31967e-03
-1.12162e-02
-1.26396e-02
-1.32998e-02
-1.34709e-02
-1.34286e-02
-1.29356e-02
-1.17628e-02
-1.01632e-02
-8.31203e-03
-5.96422e-03
-3.32835e-03
-1.55866e-03
-1.52511e-03
-2.68268e-03
-3.99720e-03
-5.36724e-03
-7.14838e-03
-8.84012e-03
-9.46211e-03
-9.01741e-03
-8.45352e-03
-8.16377e-03
-7.50250e-03
-5.92089e-03
-3.73565e-03
-1.51353e-03
6.48357e-04
2.91542e-03
5.26212e-03
7.52328e-03
9.59927e-03
1.13981e-02
1.27988e-02
1.38189e-02
1.46380e-02
1.53606e-02
1.59483e-02
1.64643e-02
1.71371e-02
1.79764e-02
1.84540e-02
1.78038e-02
1.56944e-02
1.25651e-02
9.31311e-03
6.67323e-03
4.84380e-03
3.62517e-03
2.82877e-03
2.46071e-03
2.51009e-03
2.72074e-03
2.71740e-03
2.32120e-03
1.64967e-03
9.28876e-04
2.50117e-04
-5.13094e-04
-1.51779e-03
-2.60855e-03
-3.28457e-03
-3.22978e-03
-2.78857e-03
-2.62619e-03
-3.00206e-03
-3.73136e-03
-4.73945e-03
-6.11181e-03
-7.58342e-03
-8.58083e-03
-8.94964e-03
-9.14465e-03
-9.53891e-03
-1.00397e-02
-1.05527e-02
-1.12947e-02
-1.23859e-02
-1.35457e-02
-1.44012e-02
-1.47276e-02
-1.42843e-02
-1.28896e-02
-1.08385e-02
-8.81462e-03
-7.18808e-03
-5.74670e-03
-4.21240e-03
-2.60516e-03
-9.74856e-04
7.80530e-04
2.61465e-03
4.19925e-03
5.32041e-03
6.16273e-03
7.01952e-03
7.91312e-03
8.65012e-03
9.10586e-03
9.33828e-03
9.51182e-03
9.76287e-03
1.00518e-02
1.01307e-02
9.76023e-03
8.97814e-03
8.06584e-03
7.24989e-03
6.54584e-03
5.90786e-03
5.39401e-03
5.10004e-03
5.02745e-03
5.14127e-03
5.51283e-03
6.24499e-03
7.21514e-03
8.03146e-03
8.35083e-03
8.17015e-03
7.72087e-03
7.16388e-03
6.50878e-03
5.77110e-03
5.06624e-03
4.54260e-03
4.28276e-03
4.22270e-03
4.11361e-03
3.64646e-03
2.68905e-03
1.33649e-03
-2.58621e-04
-1.91749e-03
-3.26763e-03
-3.84111e-03
-3.53634e-03
-2.79436e-03
-2.13576e-03
-1.69139e-03
-1.33939e-03
-1.05970e-03
-8.81893e-04
-6.47147e-04
-1.29383e-04
6.48199e-04
1.43093e-03
2.02195e-03
2.36832e-03
2.39633e-03
1.94877e-03
9.30945e-04
-5.52272e-04
-2.22028e-03
-3.77103e-03
-5.05814e-03
-6.13402e-03
-7.10697e-03
-8.00556e-03
-8.81517e-03
-9.52578e-03
-1.00360e-02
-1.01376e-02
-9.75228e-03
-9.07020e-03
-8.29791e-03
-7.40387e-03
-6.28857e-03
-5.04060e-03
-3.80365e-03
-2.55546e-03
-1.27016e-03
-1.43696e-04
6.22514e-04
1.13564e-03
1.63840e-03
2.15356e-03
2.59236e-03
3.09002e-03
3.88170e-03
4.86099e-03
5.56543e-03
5.66449e-03
5.27554e-03
4.75499e-03
4.32115e-03
3.93423e-03
3.44638e-03
2.77584e-03
1.92464e-03
9.01183e-04
-2.58284e-04
-1.38454e-03
-2.24202e-03
-2.77293e-03
-3.14355e-03
-3.47837e-03
-3.70564e-03
-3.74282e-03
-3.64621e-03
-3.47248e-03
-3.19572e-03
-2.90666e-03
-2.92176e-03
-3.53869e-03
-4.78187e-03
-6.43706e-03
-8.15465e-03
-9.44770e-03
-9.83624e-03
-9.22466e-03
-8.05557e-03
-6.90552e-03
-5.93264e-03
-4.84957e-03
-3.43086e-03
-1.85014e-03
-3.82787e-04
1.04612e-03
2.71840e-03
4.56884e-03
6.12927e-03
7.09179e-03
7.59313e-03
7.87799e-03
8.08369e-03
8.41548e-03
8.97875e-03
9.25592e-03
8.38941e-03
6.35157e-03
4.27395e-03
3.19410e-03
2.96992e-03
2.84621e-03
2.57163e-03
2.43364e-03
2.58549e-03
2.87860e-03
3.15718e-03
3.34313e-03
3.37068e-03
3.23300e-03
2.91321e-03
2.21355e-03
9.57394e-04
-5.65996e-04
-1.69050e-03
-2.03828e-03
-1.88448e-03
-1.81196e-03
-2.18712e-03
-2.97664e-03
-3.91860e-03
-4.84001e-03
-5.80570e-03
-6.89368e-03
-7.97535e-03
-8.96661e-03
-1.00730e-02
-1.13005e-02
-1.18971e-02
-1.09793e-02
-8.75107e-03
-6.41909e-03
-4.77914e-03
-3.56047e-03
-2.32372e-03
-1.24185e-03
-6.06206e-04
-1.90252e-04
3.84599e-04
1.05569e-03
1.56188e-03
1.99069e-03
2.61623e-03
3.32566e-03
3.62641e-03
3.23812e-03
2.37858e-03
1.40659e-03
4.38101e-04
-5.58351e-04
-1.52776e-03
-2.45550e-03
-3.59943e-03
-5.23666e-03
-7.12966e-03
-8.56381e-03
-9.06838e-03
-8.87306e-03
-8.52015e-03
-8.26754e-03
-8.03898e-03
-7.71500e-03
-7.22741e-03
-6.51339e-03
-5.59171e-03
-4.60561e-03
-3.66222e-03
-2.72640e-03
-1.75225e-03
-7.89839e-04
1.18498e-04
1.01353e-03
1.92684e-03
2.83700e-03
3.74701e-03
4.66429e-03
5.50970e-03
6.22528e-03
6.93930e-03
7.75771e-03
8.37837e-03
8.26924e-03
7.41032e-03
6.55993e-03
6.47743e-03
7.02143e-03
7.31931e-03
6.78410e-03
5.67540e-03
4.62588e-03
3.91290e-03
3.37175e-03
2.82394e-03
2.30913e-03
1.90975e-03
1.58898e-03
1.33066e-03
1.31642e-03
1.78442e-03
2.69166e-03
3.63065e-03
4.15470e-03
4.14813e-03
3.83111e-03
3.45970e-03
3.11293e-03
2.75319e-03
2.36750e-03
1.97969e-03
1.59329e-03
1.21148e-03
8.90748e-04
6.97466e-04
5.98042e-04
4.34383e-04
2.49961e-05
-6.96146e-04
-1.58428e-03
-2.30593e-03
-2.53529e-03
-2.23457e-03
-1.69811e-03
-1.21705e-03
-7.64472e-04
-1.77019e-04
3.97318e-04
5.06561e-04
-3.19461e-05
-7.70569e-04
-1.03024e-03
-5.43845e-04
4.47018e-04
1.58150e-03
2.62642e-03
3.42645e-03
3.89995e-03
4.14078e-03
4.34542e-03
4.59475e-03
4.83009e-03
5.02732e-03
5.23718e-03
5.46427e-03
5.66987e-03
5.88282e-03
6.13856e-03
6.32155e-03
6.25352e-03
5.94001e-03
5.55592e-03
5.19931e-03
4.83908e-03
4.46760e-03
4.08396e-03
3.55870e-03
2.77290e-03
1.87226e-03
1.09319e-03
3.43747e-04
-6.75057e-04
-1.83940e-03
-2.47742e-03
-2.09745e-03
-9.74046e-04
2.12127e-04
1.09138e-03
1.73412e-03
2.28264e-03
2.77018e-03
3.22979e-03
3.71668e-03
4.20957e-03
4.65364e-03
5.09568e-03
5.62529e-03
6.15790e-03
6.40003e-03
6.11390e-03
5.39663e-03
4.64586e-03
4.23696e-03
4.23676e-03
4.44121e-03
4.65757e-03
4.86583e-03
5.10405e-03
5.34129e-03
5.55532e-03
5.80921e-03
6.10791e-03
6.26412e-03
6.06743e-03
5.54431e-03
4.91095e-03
4.30988e-03
3.73458e-03
3.17228e-03
2.65642e-03
2.16989e-03
1.62403e-03
9.52658e-04
1.56662e-04
-6.98278e-04
-1.42329e-03
-1.72468e-03
-1.47214e-03
-9.63696e-04
-7.56579e-04
-1.17198e-03
-2.06214e-03
-3.08648e-03
-4.07813e-03
-5.07177e-03
-6.10428e-03
-7.13651e-03
-8.13927e-03
-9.13890e-03
-1.01582e-02
-1.11757e-02
-1.21677e-02
-1.31612e-02
-1.42037e-02
-1.52533e-02
-1.61027e-02
-1.64804e-02
-1.62901e-02
-1.57230e-02
-1.50669e-02
-1.44381e-02
-1.37833e-02
-1.30825e-02
-1.24001e-02
-1.17492e-02
-1.10711e-02
-1.03685e-02
-9.70302e-03
-9.05261e-03
-8.34529e-03
-7.63291e-03
-7.02369e-03
-6.40680e-03
-5.48719e-03
-4.15683e-03
-2.60289e-03
-1.00073e-03
6.35218e-04
2.24346e-03
3.67544e-03
4.95874e-03
6.27523e-03
7.54653e-03
8.38249e-03
8.61608e-03
8.53678e-03
8.35636e-03
7.77978e-03
6.44986e-03
4.60934e-03
2.98363e-03
2.09362e-03
1.90917e-03
2.06321e-03
2.16046e-03
1.92936e-03
1.30360e-03
4.21308e-04
-5.17234e-04
-1.38723e-03
-2.13766e-03
-2.74864e-03
-3.24897e-03
-3.71526e-03
-4.20857e-03
-4.73346e-03
-5.24095e-03
-5.61559e-03
-5.69982e-03
-5.42741e-03
-4.92479e-03
-4.39759e-03
-3.91822e-03
-3.40015e-03
-2.79419e-03
-2.24787e-03
-2.02093e-03
-2.22975e-03
-2.68591e-03
-3.03095e-03
-3.05393e-03
-2.83235e-03
-2.54813e-03
-2.26716e-03
-1.96663e-03
-1.66249e-03
-1.38015e-03
-1.07157e-03
-6.82169e-04
-2.38414e-04
2.24970e-04
7.36908e-04
1.27370e-03
1.66821e-03
1.77843e-03
1.67431e-03
1.53005e-03
1.40317e-03
1.24878e-03
1.08717e-03
1.02191e-03
1.11183e-03
1.31383e-03
1.54094e-03
1.73988e-03
1.93038e-03
2.15978e-03
2.39862e-03
2.57230e-03
2.76006e-03
3.18172e-03
3.80010e-03
4.13382e-03
3.78952e-03
3.06939e-03
2.68095e-03
2.89191e-03
3.35709e-03
3.76046e-03
4.16769e-03
4.63548e-03
4.91413e-03
4.78426e-03
4.39171e-03
4.00800e-03
3.67243e-03
3.28117e-03
2.85515e-03
2.50910e-03
2.26108e-03
2.03914e-03
1.81319e-03
1.60169e-03
1.39877e-03
1.18325e-03
9.64011e-04
7.57911e-04
5.53862e-04
3.36912e-04
1.18458e-04
-8.61088e-05
-2.87687e-04
-5.08151e-04
-7.39898e-04
-9.30498e-04
-1.01820e-03
-9.95340e-04
-9.23661e-04
-8.65018e-04
-8.16878e-04
-7.49945e-04
-6.74771e-04
-6.17570e-04
-5.63244e-04
-4.86474e-04
-4.12169e-04
-3.80925e-04
-3.84023e-04
-3.93840e-04
-4.17521e-04
-4.58879e-04
-4.81655e-04
-4.78990e-04
-5.11979e-04
-5.94459e-04
-6.05289e-04
-4.07103e-04
4.85212e-06
5.47248e-04
1.15398e-03
1.72820e-03
2.06846e-03
1.99148e-03
1.53635e-03
9.83049e-04
6.70000e-04
7.86181e-04
1.26412e-03
1.85793e-03
2.39507e-03
2.92917e-03
3.55993e-03
4.21276e-03
4.79474e-03
5.44311e-03
6.26836e-03
6.88481e-03
6.65153e-03
5.52600e-03
4.28087e-03
3.63837e-03
3.51818e-03
3.41301e-03
3.19609e-03
3.16782e-03
3.47697e-03
3.91875e-03
4.30818e-03
4.71591e-03
5.22647e-03
5.68459e-03
5.83383e-03
5.61263e-03
5.19614e-03
4.77496e-03
4.38506e-03
3.96909e-03
3.52334e-03
3.10168e-03
2.70442e-03
2.26237e-03
1.77441e-03
1.37836e-03
1.20715e-03
1.22634e-03
1.30055e-03
1.37487e-03
1.47403e-03
1.53405e-03
1.37872e-03
9.26446e-04
3.24569e-04
-2.18287e-04
-6.89333e-04
-1.25930e-03
-2.01626e-03
-2.84431e-03
-3.66763e-03
-4.72010e-03
-6.34175e-03
-8.43872e-03
-1.03730e-02
-1.15953e-02
-1.22168e-02
-1.26573e-02
-1.28499e-02
-1.22431e-02
-1.06704e-02
-8.77493e-03
-7.32044e-03
-6.40581e-03
-5.64575e-03
-4.84723e-03
-4.14052e-03
-3.60888e-03
-3.16045e-03
-2.71741e-03
-2.25910e-03
-1.73877e-03
-1.20884e-03
-9.63576e-04
-1.29386e-03
-2.11638e-03
-3.06176e-03
-3.90924e-03
-4.73440e-03
-5.65026e-03
-6.61308e-03
-7.50973e-03
-8.26916e-03
-8.85057e-03
-9.25167e-03
-9.56866e-03
-9.94353e-03
-1.03970e-02
-1.07709e-02
-1.08763e-02
-1.06739e-02
-1.02895e-02
-9.87767e-03
-9.49710e-03
-9.11544e-03
-8.70349e-03
-8.28237e-03
-7.87582e-03
-7.46956e-03
-7.04786e-03
-6.62854e-03
-6.22348e-03
-5.80381e-03
-5.34437e-03
-4.86675e-03
-4.39715e-03
-3.92356e-03
-3.43575e-03
-2.96144e-03
-2.50865e-03
-2.01308e-03
-1.40434e-03
-6.98178e-04
3.80229e-05
7.82538e-04
1.54409e-03
2.26292e-03
2.82504e-03
3.20348e-03
3.51037e-03
3.86256e-03
4.24398e-03
4.53493e-03
4.64083e-03
4.56700e-03
4.40400e-03
4.25532e-03
4.14599e-03
4.00518e-03
3.79294e-03
3.63120e-03
3.72396e-03
4.13192e-03
4.70994e-03
5.29189e-03
5.85033e-03
6.43174e-03
7.02404e-03
7.56618e-03
8.04491e-03
8.50525e-03
8.97830e-03
9.45195e-03
9.91363e-03
1.03769e-02
1.08503e-02
1.13071e-02
1.17127e-02
1.20756e-02
1.24432e-02
1.28422e-02
1.32295e-02
1.35179e-02
1.36500e-02
1.36507e-02
1.36083e-02
1.35961e-02
1.36052e-02
1.35771e-02
1.35126e-02
1.34960e-02
1.35525e-02
1.35204e-02
1.31644e-02
1.26712e-02
1.17130e-02
1.07527e-02
9.83516e-03
8.89649e-03
7.91520e-03
6.93965e-03
5.99831e-03
5.05605e-03
4.07174e-03
3.07530e-03
2.16989e-03
1.44614e-03
8.92939e-04
4.11086e-04
-8.21934e-05
-5.90899e-04
-1.08496e-03
-1.56070e-03
-2.03644e-03
-2.52549e-03
-3.02954e-03
-3.51570e-03
-3.89698e-03
-4.09816e-03
-4.15810e-03
-4.20051e-03
-4.28509e-03
-4.35976e-03
-4.38427e-03
-4.41363e-03
-4.50611e-03
-4.60407e-03
-4.54950e-03
-4.18547e-03
-3.45735e-03
-2.50978e-03
-1.69819e-03
-1.38160e-03
-1.62244e-03
-2.15389e-03
-2.68753e-03
-3.16878e-03
-3.68464e-03
-4.24252e-03
-4.76924e-03
-5.26509e-03
-5.79767e-03
-6.34617e-03
-6.76870e-03
-6.96103e-03
-6.98336e-03
-6.99133e-03
-7.06528e-03
-7.11362e-03
-6.93581e-03
-6.40830e-03
-5.62780e-03
-4.82267e-03
-4.09450e-03
-3.33498e-03
-2.47303e-03
-1.69941e-03
-1.29697e-03
-1.29691e-03
-1.46509e-03
-1.61112e-03
-1.74101e-03
-1.90188e-03
-2.07101e-03
-2.25903e-03
-2.54413e-03
-2.89475e-03
-3.09008e-03
-2.93744e-03
-2.48687e-03
-1.93923e-03
-1.41862e-03
-9.19365e-04
-4.03801e-04
1.38982e-04
6.83305e-04
1.14834e-03
1.43550e-03
1.53736e-03
1.56180e-03
1.60585e-03
1.66367e-03
1.69604e-03
1.71689e-03
1.75441e-03
1.79226e-03
1.81238e-03
1.84269e-03
1.89644e-03
1.90456e-03
1.77753e-03
1.51825e-03
1.21718e-03
9.40704e-04
6.71735e-04
3.71508e-04
6.50415e-05
-1.63582e-04
-2.57254e-04
-2.45983e-04
-2.07494e-04
-1.83482e-04
-1.61070e-04
-1.25863e-04
-9.06353e-05
-6.43037e-05
-3.37099e-05
4.25608e-06
2.40288e-05
3.76033e-06
-4.77321e-05
-1.09020e-04
-1.69400e-04
-2.27078e-04
-2.83331e-04
-3.42151e-04
-4.03119e-04
-4.59623e-04
-5.10793e-04
-5.63184e-04
-6.19550e-04
-6.79888e-04
-7.36493e-04
-7.45695e-04
-6.43340e-04
-4.32359e-04
-2.07644e-04
-3.48515e-05
1.38476e-04
3.74613e-04
6.06870e-04
6.99835e-04
6.04004e-04
3.74201e-04
8.56624e-05
-2.01697e-04
-4.53638e-04
-6.92111e-04
-9.61821e-04
-1.25921e-03
-1.57915e-03
-1.98802e-03
-2.49623e-03
-2.93466e-03
-3.21881e-03
-3.68087e-03
-4.75874e-03
-6.29440e-03
-7.53880e-03
-8.00431e-03
-7.93042e-03
-7.70570e-03
-7.23434e-03
-6.20729e-03
-4.69172e-03
-3.06704e-03
-1.56464e-03
-2.28208e-04
8.24694e-04
1.48307e-03
1.90132e-03
2.36783e-03
2.92469e-03
3.38433e-03
3.72053e-03
4.14675e-03
4.72105e-03
5.12580e-03
4.99947e-03
4.33602e-03
3.41459e-03
2.46055e-03
1.54184e-03
7.19634e-04
1.03566e-04
-2.72490e-04
-5.10873e-04
-7.42189e-04
-1.01218e-03
-1.28398e-03
-1.49285e-03
-1.58497e-03
-1.54550e-03
-1.40677e-03
-1.22338e-03
-1.05952e-03
-1.00063e-03
-1.11744e-03
-1.38592e-03
-1.69545e-03
-1.96929e-03
-2.22507e-03
-2.49579e-03
-2.76633e-03
-3.02080e-03
-3.27479e-03
-3.52547e-03
-3.74916e-03
-3.97072e-03
-4.22841e-03
-4.43320e-03
-4.39083e-03
-4.03593e-03
-3.53278e-03
-3.06515e-03
-2.63682e-03
-2.17330e-03
-1.70790e-03
-1.33392e-03
-1.04141e-03
-7.38928e-04
-4.12987e-04
-1.59124e-04
-6.88635e-05
-1.67349e-04
-4.27729e-04
-7.40933e-04
-8.80094e-04
-6.14751e-04
8.55751e-05
1.00285e-03
1.84225e-03
2.42921e-03
2.75984e-03
2.93114e-03
3.05369e-03
3.19030e-03
3.33015e-03
3.41314e-03
3.39117e-03
3.27446e-03
3.12099e-03
2.97950e-03
2.84863e-03
2.70491e-03
2.55877e-03
2.44139e-03
2.32892e-03
2.13727e-03
1.82524e-03
1.45201e-03
1.09311e-03
7.55082e-04
4.21193e-04
1.13813e-04
-1.59302e-04
-4.55514e-04
-7.97606e-04
-1.06860e-03
-1.11430e-03
-9.34306e-04
-6.76896e-04
-4.53898e-04
-2.53537e-04
-3.69258e-05
1.77594e-04
3.59344e-04
5.26561e-04
7.20810e-04
9.53075e-04
1.20081e-03
1.43873e-03
1.65767e-03
1.86205e-03
2.05235e-03
2.21055e-03
2.31655e-03
2.38324e-03
2.44921e-03
2.52079e-03
2.54578e-03
2.47020e-03
2.30513e-03
2.11241e-03
1.93590e-03
1.77309e-03
1.60725e-03
1.43789e-03
1.27339e-03
1.11590e-03
9.63907e-04
8.19637e-04
6.86675e-04
5.64038e-04
4.46918e-04
3.32683e-04
2.27878e-04
1.49970e-04
1.14573e-04
1.14956e-04
1.23064e-04
1.20572e-04
1.18010e-04
1.26930e-04
1.25305e-04
7.90313e-05
-2.67854e-06
-6.33539e-05
-6.06807e-05
-8.51045e-06
5.35616e-05
1.07983e-04
1.57686e-04
1.96604e-04
2.08693e-04
1.91791e-04
1.62080e-04
1.33232e-04
1.04474e-04
7.13299e-05
3.69021e-05
7.03195e-06
-1.89794e-05
-4.60293e-05
-7.35573e-05
-9.43563e-05
-1.04249e-04
-1.07871e-04
-1.11483e-04
-1.14787e-04
-1.15895e-04
-1.20932e-04
-1.39923e-04
-1.73229e-04
-2.10202e-04
-2.42628e-04
-2.71486e-04
-2.97877e-04
-3.15544e-04
-3.17919e-04
-3.07697e-04
-2.94552e-04
-2.86170e-04
-2.84589e-04
-2.88246e-04
-2.94057e-04
-2.98910e-04
-3.01660e-04
-3.03314e-04
-3.04597e-04
-3.04667e-04
-3.02576e-04
-2.98590e-04
-2.93599e-04
-2.88152e-04
-2.82417e-04
-2.76471e-04
-2.70384e-04
-2.64157e-04
-2.57521e-04
-2.49983e-04
-2.41477e-04
-2.32720e-04
-2.24498e-04
-2.16970e-04
-2.10123e-04
-2.04296e-04
-1.99456e-04
-1.94439e-04
-1.87845e-04
-1.79585e-04
-1.71003e-04
-1.63538e-04
-1.57600e-04
-1.52562e-04
-1.47565e-04
-1.42305e-04
-1.37063e-04
-1.32016e-04
-1.26900e-04
-1.21570e-04
-1.16450e-04
-1.11972e-04
-1.07887e-04
-1.03559e-04
-9.87287e-05
-9.35682e-05
-8.82063e-05
-8.26343e-05
-7.69718e-05
-7.14609e-05
-6.62020e-05
-6.11080e-05
-5.60908e-05
-5.11369e-05
-4.62379e-05
-4.13761e-05
-3.65733e-05
-3.18783e-05
-2.73111e-05
-2.28571e-05
-1.84995e-05
-1.42333e-05
-1.00546e-05
-5.95652e-06
-1.93359e-06
2.01747e-06
5.89909e-06
9.71330e-06
1.34615e-05
1.71446e-05
2.07630e-05
2.43170e-05
0.00000e+00
0.00000e+00
0.00000e+00
0.00000e+00
0.00000e+00
0.00000e+00
0.00000e+00
0.00000e+00
0.00000e+00
0.00000e+00
0.00000e+00
0.00000e+00
0.00000e+00
0.00000e+00
0.00000e+00
0.00000e+00
0.00000e+00
0.00000e+00
0.00000e+00
0.00000e+00
0.00000e+00
0.00000e+00
0.00000e+00
0.00000e+00
0.00000e+00
0.00000e+00
0.00000e+00
0.00000e+00
0.00000e+00
0.00000e+00
0.00000e+00
0.00000e+00
0.00000e+00
0.00000e+00
0.00000e+00
0.00000e+00
0.00000e+00
0.00000e+00
