1.63802e-03
1.64576e-03
1.65331e-03
1.66064e-03
1.66780e-03
1.67481e-03
1.68126e-03
1.68653e-03
1.69073e-03
1.69504e-03
1.70098e-03
1.70966e-03
1.72171e-03
1.73635e-03
1.75004e-03
1.75737e-03
1.75521e-03
1.74575e-03
1.73446e-03
1.72538e-03
1.71897e-03
1.71362e-03
1.70848e-03
1.70542e-03
1.70843e-03
1.72018e-03
1.73847e-03
1.75748e-03
1.77283e-03
1.78528e-03
1.79926e-03
1.81749e-03
1.83660e-03
1.85094e-03
1.86411e-03
1.89318e-03
1.95279e-03
2.03453e-03
2.11071e-03
2.16022e-03
2.17917e-03
2.16185e-03
2.08878e-03
1.95533e-03
1.80849e-03
1.72618e-03
1.73675e-03
1.77260e-03
1.73997e-03
1.64071e-03
1.58213e-03
1.63928e-03
1.74965e-03
1.79244e-03
1.73461e-03
1.63200e-03
1.51611e-03
1.37312e-03
1.23378e-03
1.18621e-03
1.26837e-03
1.41734e-03
1.55255e-03
1.65504e-03
1.74762e-03
1.84153e-03
1.90917e-03
1.88510e-03
1.71971e-03
1.45925e-03
1.22027e-03
1.06345e-03
9.77074e-04
9.95388e-04
1.17267e-03
1.38563e-03
1.36702e-03
1.05662e-03
7.10707e-04
5.05949e-04
2.57955e-04
-2.47287e-04
-8.49498e-04
-1.21219e-03
-1.26581e-03
-1.16522e-03
-9.29678e-04
-4.49057e-04
1.83692e-04
6.32595e-04
6.46160e-04
2.40155e-04
-4.35659e-04
-1.20532e-03
-1.81011e-03
-1.95382e-03
-1.55767e-03
-9.14022e-04
-4.60293e-04
-3.48725e-04
-2.85223e-04
1.22118e-04
8.28222e-04
1.24730e-03
7.83765e-04
-5.54772e-04
-2.19839e-03
-3.69267e-03
-5.12985e-03
-6.65298e-03
-7.65887e-03
-7.04936e-03
-4.60600e-03
-1.67948e-03
9.23419e-05
5.24382e-04
6.47864e-04
9.14999e-04
6.36166e-04
-6.20862e-04
-2.12781e-03
-3.02014e-03
-3.35003e-03
-3.49847e-03
-3.37824e-03
-2.97846e-03
-2.87966e-03
-3.26816e-03
-3.16510e-03
-1.79947e-03
-1.80491e-04
6.94894e-05
-8.38892e-04
-1.07467e-03
1.02437e-04
1.36812e-03
1.52184e-03
1.20513e-03
1.52095e-03
2.09132e-03
1.86012e-03
1.29196e-03
2.22982e-03
5.25618e-03
8.30014e-03
8.67979e-03
6.17487e-03
3.36941e-03
2.84698e-03
4.47826e-03
5.78762e-03
4.80016e-03
2.04756e-03
-3.82400e-04
-1.29786e-03
-1.35681e-03
-1.74319e-03
-2.62431e-03
-3.27123e-03
-3.22819e-03
-2.75290e-03
-2.17722e-03
-1.40741e-03
-2.86903e-04
9.58946e-04
2.02881e-03
2.97306e-03
3.73979e-03
3.56781e-03
1.84193e-03
-2.84050e-04
-3.51134e-04
2.47770e-03
5.84142e-03
6.60059e-03
4.23462e-03
7.73911e-04
-2.02180e-03
-4.04360e-03
-5.70514e-03
-6.95170e-03
-7.68106e-03
-8.13242e-03
-8.49181e-03
-8.67438e-03
-8.60313e-03
-8.30148e-03
-7.80764e-03
-7.31001e-03
-7.07970e-03
-7.00808e-03
-6.69508e-03
-6.30433e-03
-6.74499e-03
-8.63425e-03
-1.16182e-02
-1.49808e-02
-1.82584e-02
-2.09385e-02
-2.22306e-02
-2.16457e-02
-1.96741e-02
-1.80049e-02
-1.91592e-02
-2.47615e-02
-3.28515e-02
-3.77428e-02
-3.47312e-02
-2.52493e-02
-1.56721e-02
-1.06407e-02
-9.25079e-03
-8.25649e-03
-6.74853e-03
-5.99211e-03
-6.28672e-03
-6.46191e-03
-6.17520e-03
-6.57462e-03
-8.20833e-03
-9.68482e-03
-8.98234e-03
-5.24151e-03
8.91149e-04
7.72508e-03
1.31891e-02
1.60576e-02
1.67672e-02
1.63848e-02
1.51871e-02
1.33664e-02
1.23989e-02
1.37144e-02
1.61745e-02
1.70299e-02
1.56338e-02
1.41155e-02
1.39524e-02
1.40514e-02
1.30412e-02
1.14743e-02
1.05693e-02
1.01848e-02
9.11987e-03
6.47088e-03
2.05415e-03
-3.57672e-03
-9.07284e-03
-1.31337e-02
-1.57452e-02
-1.78219e-02
-1.95036e-02
-1.96496e-02
-1.71957e-02
-1.23351e-02
-6.31062e-03
-7.45216e-04
2.74958e-03
3.16377e-03
9.44952e-04
-1.91059e-03
-3.19338e-03
-2.25055e-03
-3.53885e-04
7.63028e-04
3.84884e-04
-1.28819e-03
-3.71135e-03
-5.35854e-03
-3.42491e-03
3.60018e-03
1.27660e-02
1.82551e-02
1.73360e-02
1.31674e-02
1.03909e-02
9.53361e-03
7.87153e-03
4.88022e-03
3.84570e-03
7.12041e-03
1.19525e-02
1.31324e-02
9.11249e-03
3.55597e-03
8.99791e-04
2.40212e-03
6.92624e-03
1.30205e-02
1.83990e-02
1.93793e-02
1.37940e-02
4.09942e-03
-4.73616e-03
-1.05147e-02
-1.51177e-02
-2.05213e-02
-2.55745e-02
-2.75527e-02
-2.55092e-02
-2.10321e-02
-1.63543e-02
-1.26843e-02
-1.03258e-02
-9.51952e-03
-1.02266e-02
-1.10552e-02
-9.63836e-03
-5.20026e-03
-1.26519e-04
2.31409e-03
1.45782e-03
-8.05749e-04
-3.04148e-03
-5.49900e-03
-8.61910e-03
-1.23474e-02
-1.71104e-02
-2.34059e-02
-2.97375e-02
-3.26331e-02
-2.96083e-02
-2.12532e-02
-1.05286e-02
-1.47470e-03
1.81924e-03
-2.50115e-03
-1.21964e-02
-2.32684e-02
-3.42083e-02
-4.53255e-02
-5.37901e-02
-5.34962e-02
-4.22485e-02
-2.60785e-02
-1.33733e-02
-6.80503e-03
-4.11523e-03
-4.51674e-03
-9.31271e-03
-1.62360e-02
-1.82981e-02
-1.07868e-02
3.47663e-03
1.81972e-02
3.04885e-02
4.10170e-02
4.95134e-02
5.41918e-02
5.52229e-02
5.49507e-02
5.37821e-02
4.89687e-02
3.90604e-02
2.73851e-02
1.93218e-02
1.72776e-02
1.94719e-02
2.26855e-02
2.53550e-02
2.84924e-02
3.35708e-02
3.89669e-02
3.97613e-02
3.30448e-02
2.25029e-02
1.52114e-02
1.44275e-02
1.81485e-02
2.39775e-02
3.16659e-02
4.03474e-02
4.68591e-02
4.87384e-02
4.71149e-02
4.53441e-02
4.59657e-02
4.96772e-02
5.58853e-02
6.30484e-02
6.90453e-02
7.23793e-02
7.34367e-02
7.41505e-02
7.59320e-02
7.83045e-02
8.04361e-02
8.34521e-02
8.92996e-02
9.72904e-02
1.04267e-01
1.08754e-01
1.11926e-01
1.13310e-01
1.09149e-01
9.74486e-02
8.15451e-02
6.54574e-02
4.76410e-02
2.22216e-02
-1.44679e-02
-5.96274e-02
-1.04409e-01
-1.38249e-01
-1.56270e-01
-1.63838e-01
-1.70848e-01
-1.80702e-01
-1.88449e-01
-1.90068e-01
-1.88111e-01
-1.86123e-01
-1.82937e-01
-1.75944e-01
-1.65606e-01
-1.52969e-01
-1.36436e-01
-1.15298e-01
-9.40627e-02
-7.92609e-02
-7.28839e-02
-7.14075e-02
-7.01478e-02
-6.68236e-02
-6.22687e-02
-5.92913e-02
-5.97253e-02
-6.17379e-02
-6.14376e-02
-5.74250e-02
-5.15529e-02
-4.47316e-02
-3.48334e-02
-2.03093e-02
-3.67459e-03
1.06313e-02
2.10680e-02
3.06731e-02
4.46514e-02
6.66031e-02
9.58668e-02
1.27564e-01
1.55616e-01
1.76435e-01
1.90331e-01
1.99901e-01
2.07069e-01
2.11435e-01
2.11873e-01
2.09340e-01
2.05478e-01
1.97082e-01
1.75740e-01
1.37269e-01
8.94569e-02
4.57119e-02
1.24380e-02
-1.28301e-02
-3.34678e-02
-5.08413e-02
-6.77924e-02
-8.65481e-02
-1.02291e-01
-1.06617e-01
-9.93337e-02
-8.98259e-02
-8.46676e-02
-8.07190e-02
-7.30362e-02
-6.28291e-02
-5.40017e-02
-4.74068e-02
-4.24171e-02
-4.00614e-02
-4.12119e-02
-4.44632e-02
-4.78785e-02
-5.05450e-02
-5.17115e-02
-5.08841e-02
-4.85109e-02
-4.38426e-02
-3.34556e-02
-1.55900e-02
5.59643e-03
2.44009e-02
4.05700e-02
5.70021e-02
7.19985e-02
7.97553e-02
7.86992e-02
7.42376e-02
7.23572e-02
7.40490e-02
7.64407e-02
7.66994e-02
7.47779e-02
7.35693e-02
7.46564e-02
7.32085e-02
6.14120e-02
3.94793e-02
1.82021e-02
6.26106e-03
-5.82655e-04
-1.27260e-02
-3.31798e-02
-5.58311e-02
-7.30763e-02
-7.95366e-02
-7.26412e-02
-5.69219e-02
-4.48695e-02
-4.56845e-02
-5.40924e-02
-5.67638e-02
-4.86240e-02
-3.60094e-02
-2.45166e-02
-1.18181e-02
5.47103e-03
2.43428e-02
3.84528e-02
4.50206e-02
4.63232e-02
4.72391e-02
5.27740e-02
6.45243e-02
7.74245e-02
8.30084e-02
7.84418e-02
7.00973e-02
6.60839e-02
6.78693e-02
7.18777e-02
7.61376e-02
8.05064e-02
8.16538e-02
7.35034e-02
5.42159e-02
2.90217e-02
4.41625e-03
-1.74843e-02
-3.71190e-02
-5.33740e-02
-6.46624e-02
-7.24270e-02
-7.96670e-02
-8.57328e-02
-8.58972e-02
-7.77972e-02
-6.60126e-02
-5.77008e-02
-5.48707e-02
-5.38835e-02
-5.19473e-02
-5.01115e-02
-4.88337e-02
-4.48079e-02
-3.53316e-02
-2.33797e-02
-1.51698e-02
-1.39586e-02
-1.84534e-02
-2.58843e-02
-3.44839e-02
-4.40243e-02
-5.54743e-02
-6.93651e-02
-8.42676e-02
-9.83389e-02
-1.11665e-01
-1.24696e-01
-1.35739e-01
-1.43263e-01
-1.48402e-01
-1.50400e-01
-1.42483e-01
-1.19538e-01
-8.84944e-02
-6.30291e-02
-4.77563e-02
-3.47466e-02
-1.57867e-02
9.02144e-03
3.47944e-02
5.64488e-02
6.88575e-02
6.91366e-02
6.02808e-02
4.80482e-02
3.46073e-02
1.97347e-02
6.64686e-03
8.41216e-04
3.31598e-03
9.25143e-03
1.33669e-02
1.43265e-02
1.52351e-02
2.07644e-02
3.04371e-02
3.41209e-02
1.99677e-02
-1.05408e-02
-4.08344e-02
-5.55113e-02
-5.33878e-02
-4.20284e-02
-2.59294e-02
-5.18779e-03
1.86222e-02
4.11650e-02
5.89560e-02
7.12481e-02
7.89136e-02
8.26016e-02
8.11576e-02
7.21011e-02
5.52780e-02
3.53175e-02
1.82269e-02
6.02589e-03
-3.34481e-03
-1.17690e-02
-1.88278e-02
-2.31201e-02
-2.35802e-02
-1.99413e-02
-1.33789e-02
-6.04985e-03
1.02618e-03
8.49189e-03
1.61096e-02
2.14531e-02
2.27897e-02
2.17754e-02
2.12275e-02
2.08437e-02
1.75088e-02
1.00049e-02
1.07642e-03
-6.08613e-03
-1.11834e-02
-1.46758e-02
-1.41527e-02
-6.28603e-03
7.43700e-03
2.01115e-02
2.59626e-02
2.52524e-02
2.12065e-02
1.46837e-02
4.98797e-03
-5.27134e-03
-1.01080e-02
-6.38493e-03
2.01596e-03
8.14022e-03
9.17499e-03
8.06544e-03
8.71090e-03
1.21634e-02
1.81111e-02
2.71762e-02
3.92600e-02
5.11454e-02
5.86990e-02
6.13601e-02
6.22204e-02
6.33792e-02
6.29232e-02
5.70550e-02
4.44150e-02
2.82362e-02
1.44842e-02
7.09005e-03
4.59236e-03
2.50070e-03
-8.54003e-04
-2.54994e-03
5.31959e-04
7.94202e-03
1.72175e-02
2.65189e-02
3.40681e-02
3.76008e-02
3.68982e-02
3.51315e-02
3.53064e-02
3.67158e-02
3.70965e-02
3.69592e-02
3.91824e-02
4.48378e-02
5.17034e-02
5.69579e-02
5.97109e-02
6.07876e-02
6.13564e-02
6.20961e-02
6.29997e-02
6.38028e-02
6.47006e-02
6.61173e-02
6.75205e-02
6.73053e-02
6.44509e-02
5.95925e-02
5.39552e-02
4.80445e-02
4.19841e-02
3.61735e-02
3.05993e-02
2.40678e-02
1.52377e-02
4.38968e-03
-6.49496e-03
-1.55484e-02
-2.26053e-02
-2.89550e-02
-3.58152e-02
-4.35264e-02
-5.23843e-02
-6.34155e-02
-7.71664e-02
-9.21681e-02
-1.06259e-01
-1.19398e-01
-1.33140e-01
-1.46998e-01
-1.57825e-01
-1.63900e-01
-1.67285e-01
-1.70606e-01
-1.73571e-01
-1.74309e-01
-1.72039e-01
-1.66246e-01
-1.54909e-01
-1.36146e-01
-1.11136e-01
-8.37346e-02
-5.76193e-02
-3.48369e-02
-1.62604e-02
-1.84490e-03
9.63438e-03
2.01583e-02
3.11452e-02
4.23687e-02
5.24452e-02
6.10490e-02
7.03779e-02
8.30892e-02
9.85966e-02
1.12987e-01
1.22813e-01
1.26933e-01
1.24368e-01
1.13679e-01
9.64466e-02
7.87330e-02
6.60885e-02
5.80870e-02
4.97961e-02
3.77399e-02
2.28276e-02
8.53407e-03
-1.98222e-03
-7.64010e-03
-9.92471e-03
-1.14525e-02
-1.33057e-02
-1.43332e-02
-1.35483e-02
-1.22106e-02
-1.27262e-02
-1.62675e-02
-2.22283e-02
-2.93490e-02
-3.65963e-02
-4.32594e-02
-4.85685e-02
-5.09069e-02
-4.76091e-02
-3.68550e-02
-2.04722e-02
-3.82375e-03
8.22028e-03
1.48546e-02
1.83464e-02
2.04984e-02
2.14318e-02
2.12114e-02
2.07298e-02
2.06767e-02
2.11391e-02
2.26738e-02
2.62964e-02
3.15774e-02
3.58389e-02
3.61256e-02
3.14213e-02
2.27843e-02
1.24091e-02
2.72632e-03
-5.08196e-03
-1.22494e-02
-2.07301e-02
-2.98660e-02
-3.63410e-02
-3.79887e-02
-3.56580e-02
-3.04844e-02
-2.18543e-02
-1.00083e-02
1.42235e-03
8.19891e-03
9.91212e-03
9.53104e-03
9.42815e-03
1.00443e-02
1.16676e-02
1.48506e-02
1.90337e-02
2.31342e-02
2.79943e-02
3.61761e-02
4.81406e-02
5.95844e-02
6.35538e-02
5.54590e-02
3.67799e-02
1.47497e-02
-2.22062e-03
-1.04351e-02
-1.29667e-02
-1.57459e-02
-2.19806e-02
-3.06390e-02
-3.91105e-02
-4.58008e-02
-5.05366e-02
-5.41602e-02
-5.83031e-02
-6.46767e-02
-7.38155e-02
-8.43790e-02
-9.36250e-02
-9.87452e-02
-9.83525e-02
-9.29915e-02
-8.40133e-02
-7.22616e-02
-5.86935e-02
-4.59598e-02
-3.75897e-02
-3.46234e-02
-3.40945e-02
-3.19516e-02
-2.69050e-02
-2.04696e-02
-1.39542e-02
-7.00085e-03
7.12956e-04
7.76453e-03
1.21476e-02
1.39076e-02
1.56264e-02
1.97558e-02
2.58416e-02
3.10224e-02
3.30388e-02
3.16476e-02
2.68582e-02
1.76058e-02
4.00609e-03
-9.98321e-03
-1.86298e-02
-1.95402e-02
-1.50003e-02
-8.14280e-03
-2.57241e-05
8.94631e-03
1.73522e-02
2.41264e-02
2.97117e-02
3.43581e-02
3.71536e-02
3.81712e-02
3.91848e-02
4.02044e-02
3.78834e-02
3.03159e-02
2.12141e-02
1.58339e-02
1.45218e-02
1.40420e-02
1.34280e-02
1.35564e-02
1.18267e-02
3.25109e-03
-1.18560e-02
-2.62897e-02
-3.43224e-02
-3.77967e-02
-4.15526e-02
-4.64017e-02
-4.97241e-02
-5.03214e-02
-4.91057e-02
-4.62948e-02
-4.10872e-02
-3.38392e-02
-2.63621e-02
-2.00400e-02
-1.49091e-02
-1.01665e-02
-4.57213e-03
2.85328e-03
1.13478e-02
1.84965e-02
2.31122e-02
2.71582e-02
3.32197e-02
4.07224e-02
4.63611e-02
4.78642e-02
4.55802e-02
4.06400e-02
3.36651e-02
2.56466e-02
1.81676e-02
1.18272e-02
5.70000e-03
-8.82743e-04
-7.01895e-03
-1.11764e-02
-1.23518e-02
-9.96892e-03
-4.14014e-03
3.09914e-03
8.04746e-03
7.95605e-03
2.90805e-03
-5.15626e-03
-1.41772e-02
-2.23937e-02
-2.85375e-02
-3.26994e-02
-3.62903e-02
-4.05212e-02
-4.54496e-02
-5.04670e-02
-5.46577e-02
-5.68588e-02
-5.68708e-02
-5.64370e-02
-5.70685e-02
-5.68914e-02
-5.21136e-02
-4.21828e-02
-3.09618e-02
-2.17290e-02
-1.34516e-02
-3.43615e-03
8.60596e-03
2.10179e-02
3.29307e-02
4.45883e-02
5.61068e-02
6.74352e-02
7.84720e-02
8.81065e-02
9.44508e-02
9.70841e-02
9.75994e-02
9.69282e-02
9.38667e-02
8.75759e-02
7.99415e-02
7.40556e-02
7.16624e-02
7.30687e-02
7.78143e-02
8.40343e-02
8.85277e-02
8.87199e-02
8.36976e-02
7.32449e-02
5.80076e-02
4.12031e-02
2.75275e-02
1.87666e-02
1.22848e-02
5.03747e-03
-2.85199e-03
-9.70668e-03
-1.52337e-02
-1.98569e-02
-2.25410e-02
-2.14225e-02
-1.64069e-02
-1.00788e-02
-5.96260e-03
-5.70091e-03
-7.17178e-03
-5.69226e-03
1.57593e-03
1.22905e-02
2.09944e-02
2.43502e-02
2.33313e-02
2.09736e-02
1.98449e-02
2.15219e-02
2.63185e-02
3.26787e-02
3.81499e-02
4.17001e-02
4.43382e-02
4.72830e-02
5.04486e-02
5.28623e-02
5.35210e-02
5.15661e-02
4.67111e-02
4.00979e-02
3.39236e-02
2.94455e-02
2.57047e-02
2.07517e-02
1.38558e-02
6.11096e-03
-6.80195e-04
-5.08984e-03
-6.48200e-03
-5.47632e-03
-4.19556e-03
-5.06373e-03
-8.59936e-03
-1.26228e-02
-1.40064e-02
-1.12134e-02
-5.34007e-03
8.57103e-04
5.10730e-03
7.41637e-03
9.67692e-03
1.30872e-02
1.65302e-02
1.84275e-02
1.94544e-02
2.15784e-02
2.43774e-02
2.43289e-02
1.86436e-02
8.29686e-03
-3.73466e-03
-1.57880e-02
-2.75505e-02
-3.79156e-02
-4.50069e-02
-4.85129e-02
-5.03371e-02
-5.22918e-02
-5.43157e-02
-5.57680e-02
-5.74074e-02
-6.07442e-02
-6.58451e-02
-7.11609e-02
-7.55834e-02
-7.93777e-02
-8.27098e-02
-8.46079e-02
-8.41008e-02
-8.15430e-02
-7.81095e-02
-7.46525e-02
-7.16487e-02
-6.94477e-02
-6.77196e-02
-6.52195e-02
-6.08409e-02
-5.44726e-02
-4.64875e-02
-3.74206e-02
-2.88767e-02
-2.34151e-02
-2.19581e-02
-2.19898e-02
-1.99948e-02
-1.55529e-02
-1.17413e-02
-1.16439e-02
-1.56074e-02
-2.15413e-02
-2.64298e-02
-2.77326e-02
-2.50494e-02
-2.08957e-02
-1.87211e-02
-1.98216e-02
-2.28508e-02
-2.59066e-02
-2.79037e-02
-2.83927e-02
-2.76023e-02
-2.64205e-02
-2.49886e-02
-2.19890e-02
-1.70374e-02
-1.27775e-02
-1.20216e-02
-1.32722e-02
-1.18797e-02
-5.56472e-03
3.96072e-03
1.47139e-02
2.63762e-02
3.78278e-02
4.59672e-02
4.84868e-02
4.57177e-02
3.89244e-02
2.90305e-02
1.77844e-02
7.74611e-03
-5.78991e-05
-6.60699e-03
-1.22719e-02
-1.57391e-02
-1.63584e-02
-1.55626e-02
-1.48891e-02
-1.42069e-02
-1.28607e-02
-1.11411e-02
-9.66954e-03
-8.43824e-03
-7.24073e-03
-6.19362e-03
-5.32824e-03
-4.44873e-03
-3.69958e-03
-3.51907e-03
-3.86109e-03
-4.23621e-03
-4.60598e-03
-5.38760e-03
-6.41035e-03
-6.64263e-03
-5.12998e-03
-1.57579e-03
3.94587e-03
1.08845e-02
1.76174e-02
2.20205e-02
2.33399e-02
2.28986e-02
2.24114e-02
2.22730e-02
2.21449e-02
2.23016e-02
2.31192e-02
2.38169e-02
2.34619e-02
2.32584e-02
2.60340e-02
3.28624e-02
4.17104e-02
4.99696e-02
5.65337e-02
6.05503e-02
6.03809e-02
5.57259e-02
4.92476e-02
4.38966e-02
3.94647e-02
3.36194e-02
2.55136e-02
1.64796e-02
7.82081e-03
-7.24227e-05
-6.62557e-03
-1.08694e-02
-1.25911e-02
-1.27467e-02
-1.26441e-02
-1.29345e-02
-1.27439e-02
-9.69182e-03
-2.13711e-03
8.14082e-03
1.71259e-02
2.31254e-02
2.84031e-02
3.54181e-02
4.34026e-02
4.99837e-02
5.44663e-02
5.79008e-02
6.09257e-02
6.26377e-02
6.08131e-02
5.30176e-02
3.89963e-02
2.22939e-02
7.78088e-03
-2.88211e-03
-1.17933e-02
-2.09127e-02
-2.98549e-02
-3.77804e-02
-4.48718e-02
-5.09315e-02
-5.46955e-02
-5.57960e-02
-5.58726e-02
-5.67778e-02
-5.90127e-02
-6.25040e-02
-6.72655e-02
-7.23597e-02
-7.56410e-02
-7.56787e-02
-7.30514e-02
-6.88933e-02
-6.30721e-02
-5.48616e-02
-4.48492e-02
-3.49376e-02
-2.62760e-02
-1.80783e-02
-9.15250e-03
-2.15307e-04
6.32282e-03
9.25906e-03
1.05022e-02
1.32520e-02
1.86195e-02
2.47896e-02
2.92256e-02
3.08216e-02
3.00643e-02
2.81566e-02
2.62756e-02
2.49346e-02
2.36285e-02
2.14172e-02
1.80305e-02
1.40961e-02
1.02153e-02
6.22675e-03
1.67293e-03
-3.11314e-03
-6.60327e-03
-6.95865e-03
-3.56598e-03
2.23076e-03
8.09394e-03
1.24563e-02
1.52784e-02
1.73236e-02
1.92217e-02
2.12728e-02
2.35112e-02
2.55559e-02
2.67448e-02
2.67596e-02
2.59344e-02
2.48493e-02
2.39112e-02
2.32504e-02
2.24253e-02
2.02644e-02
1.59098e-02
1.03024e-02
5.72378e-03
3.41615e-03
2.46650e-03
1.36331e-03
-5.29952e-04
-3.63974e-03
-8.76260e-03
-1.54871e-02
-2.09809e-02
-2.20904e-02
-1.84510e-02
-1.23181e-02
-5.71034e-03
9.28291e-04
7.49348e-03
1.32255e-02
1.73411e-02
1.97110e-02
2.05990e-02
2.03617e-02
1.95254e-02
1.85929e-02
1.76453e-02
1.64799e-02
1.51028e-02
1.38126e-02
1.29174e-02
1.25631e-02
1.26069e-02
1.25010e-02
1.15823e-02
9.59556e-03
6.68074e-03
2.99887e-03
-1.10366e-03
-4.75103e-03
-7.23287e-03
-9.17492e-03
-1.22044e-02
-1.70882e-02
-2.26827e-02
-2.68828e-02
-2.82028e-02
-2.65164e-02
-2.28705e-02
-1.86554e-02
-1.45596e-02
-1.04467e-02
-6.51833e-03
-4.00890e-03
-4.01847e-03
-6.12053e-03
-8.94638e-03
-1.18066e-02
-1.49661e-02
-1.86654e-02
-2.26212e-02
-2.61260e-02
-2.79468e-02
-2.66655e-02
-2.20614e-02
-1.58315e-02
-1.00534e-02
-5.18247e-03
-3.66361e-04
4.59954e-03
8.69568e-03
1.10756e-02
1.21031e-02
1.26778e-02
1.31443e-02
1.32489e-02
1.28356e-02
1.22575e-02
1.22515e-02
1.35767e-02
1.65489e-02
2.05856e-02
2.42575e-02
2.62112e-02
2.63112e-02
2.57164e-02
2.56702e-02
2.64026e-02
2.73346e-02
2.79528e-02
2.81258e-02
2.78887e-02
2.73013e-02
2.61531e-02
2.34264e-02
1.77274e-02
9.13863e-03
2.35510e-04
-5.83764e-03
-8.27929e-03
-8.76397e-03
-8.85431e-03
-8.50318e-03
-7.31660e-03
-5.94964e-03
-5.33835e-03
-5.27371e-03
-4.70059e-03
-3.20490e-03
-1.49729e-03
-4.98889e-04
-5.34589e-04
-1.50318e-03
-3.30818e-03
-5.69497e-03
-7.76435e-03
-8.13002e-03
-6.01785e-03
-2.25485e-03
1.19721e-03
2.91653e-03
3.02214e-03
2.42799e-03
1.64224e-03
7.70359e-04
2.07025e-04
4.28929e-04
1.08215e-03
9.95279e-04
-6.73099e-04
-3.74840e-03
-7.59191e-03
-1.18252e-02
-1.62776e-02
-2.06303e-02
-2.44690e-02
-2.76092e-02
-3.02590e-02
-3.28936e-02
-3.58497e-02
-3.88561e-02
-4.10635e-02
-4.17205e-02
-4.07350e-02
-3.85744e-02
-3.60324e-02
-3.42658e-02
-3.43987e-02
-3.64297e-02
-3.88788e-02
-4.02016e-02
-4.03650e-02
-4.04061e-02
-4.07228e-02
-4.06813e-02
-3.97846e-02
-3.80895e-02
-3.51752e-02
-2.98990e-02
-2.20804e-02
-1.36853e-02
-7.28117e-03
-3.67011e-03
-1.97257e-03
-1.58612e-03
-2.65072e-03
-4.50437e-03
-5.21067e-03
-3.40300e-03
3.30670e-04
4.59669e-03
8.85387e-03
1.31281e-02
1.68989e-02
1.93887e-02
2.05858e-02
2.10335e-02
2.08641e-02
1.99178e-02
1.85925e-02
1.76307e-02
1.70611e-02
1.61503e-02
1.44565e-02
1.22233e-02
9.73694e-03
7.18729e-03
5.40273e-03
5.75023e-03
8.57509e-03
1.23143e-02
1.50032e-02
1.64017e-02
1.77761e-02
1.96898e-02
2.10961e-02
2.10206e-02
2.01524e-02
1.99073e-02
2.05064e-02
2.09642e-02
2.06455e-02
1.97916e-02
1.86653e-02
1.73356e-02
1.64202e-02
1.68264e-02
1.82965e-02
1.92450e-02
1.86016e-02
1.68330e-02
1.44885e-02
1.08859e-02
5.40906e-03
-7.23679e-04
-5.42309e-03
-8.10841e-03
-9.81654e-03
-1.11446e-02
-1.14775e-02
-1.04035e-02
-8.59963e-03
-6.82555e-03
-4.99955e-03
-2.83543e-03
-6.93087e-04
8.33143e-04
1.86657e-03
3.36094e-03
6.26851e-03
1.05727e-02
1.50118e-02
1.79620e-02
1.88841e-02
1.87106e-02
1.85780e-02
1.85641e-02
1.79989e-02
1.66022e-02
1.47604e-02
1.29004e-02
1.11202e-02
9.35643e-03
7.55014e-03
5.69067e-03
3.87411e-03
2.19579e-03
5.31584e-04
-1.41224e-03
-3.96438e-03
-7.66453e-03
-1.30743e-02
-1.95409e-02
-2.44010e-02
-2.46889e-02
-2.00517e-02
-1.31099e-02
-6.59469e-03
-9.97817e-04
4.62092e-03
1.06212e-02
1.64023e-02
2.12639e-02
2.46640e-02
2.59762e-02
2.48542e-02
2.17846e-02
1.77302e-02
1.33464e-02
9.03806e-03
5.61585e-03
4.24030e-03
5.55944e-03
9.24543e-03
1.43899e-02
1.99253e-02
2.46000e-02
2.71797e-02
2.72508e-02
2.56386e-02
2.34906e-02
2.09273e-02
1.70830e-02
1.15708e-02
5.33189e-03
-3.05827e-04
-4.94661e-03
-9.04368e-03
-1.28867e-02
-1.62773e-02
-1.90430e-02
-2.12923e-02
-2.31739e-02
-2.48055e-02
-2.63894e-02
-2.80131e-02
-2.93965e-02
-3.01409e-02
-3.00752e-02
-2.90543e-02
-2.67109e-02
-2.28927e-02
-1.81587e-02
-1.33231e-02
-8.57837e-03
-3.52556e-03
1.93919e-03
7.17926e-03
1.13930e-02
1.44941e-02
1.73752e-02
2.11808e-02
2.60077e-02
3.02964e-02
3.19542e-02
3.03287e-02
2.68101e-02
2.33715e-02
2.08709e-02
1.88909e-02
1.66976e-02
1.39227e-02
1.05854e-02
6.91079e-03
3.15256e-03
-5.74311e-04
-4.27820e-03
-7.88094e-03
-1.11808e-02
-1.41336e-02
-1.70693e-02
-2.04632e-02
-2.44233e-02
-2.84051e-02
-3.14856e-02
-3.29888e-02
-3.29205e-02
-3.18961e-02
-3.07341e-02
-2.99697e-02
-2.94222e-02
-2.81683e-02
-2.52791e-02
-2.07850e-02
-1.56736e-02
-1.07826e-02
-6.02420e-03
-1.01673e-03
3.77866e-03
7.06121e-03
7.99510e-03
7.28673e-03
6.67597e-03
7.24159e-03
8.36671e-03
8.57874e-03
7.22427e-03
4.91813e-03
2.50634e-03
3.00311e-04
-1.52940e-03
-2.62155e-03
-3.02570e-03
-3.59218e-03
-5.15140e-03
-7.59587e-03
-1.02105e-02
-1.25237e-02
-1.42641e-02
-1.47690e-02
-1.31981e-02
-9.51725e-03
-4.87006e-03
-7.41466e-04
2.10242e-03
3.76312e-03
4.59062e-03
4.78940e-03
4.59656e-03
4.35867e-03
4.15696e-03
3.76410e-03
3.44596e-03
4.47703e-03
8.13838e-03
1.41797e-02
2.08223e-02
2.63179e-02
3.00431e-02
3.21925e-02
3.31274e-02
3.31174e-02
3.19837e-02
2.87315e-02
2.22310e-02
1.27571e-02
2.43339e-03
-6.33389e-03
-1.26823e-02
-1.73043e-02
-2.09909e-02
-2.36630e-02
-2.48301e-02
-2.45856e-02
-2.38359e-02
-2.35318e-02
-2.38637e-02
-2.43748e-02
-2.47448e-02
-2.51152e-02
-2.55738e-02
-2.57041e-02
-2.49310e-02
-2.31115e-02
-2.05478e-02
-1.76288e-02
-1.47329e-02
-1.22792e-02
-1.04985e-02
-9.22263e-03
-8.23787e-03
-7.81314e-03
-8.51340e-03
-1.04162e-02
-1.28431e-02
-1.50439e-02
-1.68909e-02
-1.86250e-02
-2.00799e-02
-2.05824e-02
-1.97800e-02
-1.82490e-02
-1.69093e-02
-1.59131e-02
-1.44853e-02
-1.18838e-02
-8.09767e-03
-3.51429e-03
1.50560e-03
6.33004e-03
9.91332e-03
1.17059e-02
1.25213e-02
1.38056e-02
1.60403e-02
1.83642e-02
1.96860e-02
1.96084e-02
1.83292e-02
1.62787e-02
1.39699e-02
1.16928e-02
9.22172e-03
6.19484e-03
2.77680e-03
-4.93162e-04
-3.47455e-03
-6.47608e-03
-9.42023e-03
-1.15296e-02
-1.21752e-02
-1.16767e-02
-1.09298e-02
-1.04655e-02
-1.01797e-02
-9.84054e-03
-9.50434e-03
-9.35634e-03
-9.31916e-03
-8.96269e-03
-7.83723e-03
-5.92851e-03
-3.78645e-03
-2.11379e-03
-1.14317e-03
-4.78230e-04
3.68550e-04
1.37209e-03
2.05876e-03
2.06838e-03
1.45471e-03
5.02000e-04
-5.17216e-04
-1.45020e-03
-2.37084e-03
-3.51857e-03
-4.90464e-03
-6.16727e-03
-7.17570e-03
-8.50264e-03
-1.06421e-02
-1.28267e-02
-1.33678e-02
-1.13579e-02
-7.49303e-03
-3.14405e-03
7.24970e-04
3.62917e-03
5.44426e-03
6.68179e-03
8.27358e-03
1.06223e-02
1.33097e-02
1.59787e-02
1.88566e-02
2.20424e-02
2.49701e-02
2.71004e-02
2.85610e-02
2.95652e-02
2.97922e-02
2.90067e-02
2.78073e-02
2.70320e-02
2.67541e-02
2.65191e-02
2.62242e-02
2.60091e-02
2.55187e-02
2.40848e-02
2.16113e-02
1.86355e-02
1.55427e-02
1.22822e-02
8.78363e-03
5.11138e-03
1.33359e-03
-2.19546e-03
-4.62585e-03
-5.36247e-03
-4.86938e-03
-4.02320e-03
-2.85874e-03
-7.73793e-04
2.19853e-03
5.30750e-03
8.23680e-03
1.12916e-02
1.43368e-02
1.66348e-02
1.80289e-02
1.92659e-02
2.07246e-02
2.17168e-02
2.14945e-02
2.01579e-02
1.81943e-02
1.59818e-02
1.41829e-02
1.36937e-02
1.45142e-02
1.54001e-02
1.53654e-02
1.49477e-02
1.52485e-02
1.62377e-02
1.68678e-02
1.66151e-02
1.60934e-02
1.61502e-02
1.69837e-02
1.82402e-02
1.95066e-02
2.05571e-02
2.14094e-02
2.22571e-02
2.31734e-02
2.38638e-02
2.39015e-02
2.32297e-02
2.22539e-02
2.13936e-02
2.06975e-02
1.99796e-02
1.91884e-02
1.84670e-02
1.78500e-02
1.70996e-02
1.59887e-02
1.46289e-02
1.32562e-02
1.17158e-02
9.49814e-03
6.42833e-03
2.98445e-03
-3.33313e-04
-3.68871e-03
-7.61907e-03
-1.22369e-02
-1.70807e-02
-2.16695e-02
-2.58570e-02
-2.96934e-02
-3.32724e-02
-3.66848e-02
-3.97737e-02
-4.19108e-02
-4.23607e-02
-4.10084e-02
-3.85228e-02
-3.57321e-02
-3.30228e-02
-3.03690e-02
-2.76662e-02
-2.48856e-02
-2.21037e-02
-1.95864e-02
-1.77593e-02
-1.69202e-02
-1.69899e-02
-1.76357e-02
-1.85775e-02
-1.96087e-02
-2.03582e-02
-2.03478e-02
-1.94721e-02
-1.81836e-02
-1.69283e-02
-1.56116e-02
-1.39938e-02
-1.24091e-02
-1.15340e-02
-1.14440e-02
-1.14401e-02
-1.09358e-02
-1.00750e-02
-9.34879e-03
-9.01763e-03
-9.04828e-03
-9.26865e-03
-9.45351e-03
-9.50150e-03
-9.53263e-03
-9.61613e-03
-9.59038e-03
-9.44629e-03
-9.59818e-03
-1.03442e-02
-1.13052e-02
-1.18354e-02
-1.17585e-02
-1.13433e-02
-1.08621e-02
-1.05190e-02
-1.04557e-02
-1.05337e-02
-1.04886e-02
-1.03926e-02
-1.02820e-02
-9.20745e-03
-5.67994e-03
3.92105e-04
7.03175e-03
1.20652e-02
1.50554e-02
1.69423e-02
1.84906e-02
1.96935e-02
2.02246e-02
1.99057e-02
1.88699e-02
1.74430e-02
1.57718e-02
1.37765e-02
1.17453e-02
1.05540e-02
1.07494e-02
1.17501e-02
1.24975e-02
1.25651e-02
1.21823e-02
1.16253e-02
1.10016e-02
1.00324e-02
7.66605e-03
2.76028e-03
-4.25108e-03
-1.11876e-02
-1.62803e-02
-1.97361e-02
-2.26041e-02
-2.50800e-02
-2.67831e-02
-2.78563e-02
-2.87896e-02
-2.96735e-02
-3.04250e-02
-3.12705e-02
-3.22801e-02
-3.28142e-02
-3.20944e-02
-3.00885e-02
-2.73989e-02
-2.45401e-02
-2.16471e-02
-1.86203e-02
-1.52664e-02
-1.14925e-02
-7.51330e-03
-3.69736e-03
-1.76888e-04
3.18103e-03
6.44891e-03
9.48618e-03
1.20228e-02
1.37096e-02
1.42639e-02
1.37917e-02
1.27834e-02
1.15815e-02
1.00659e-02
8.04611e-03
5.68359e-03
3.27576e-03
8.66298e-04
-1.67039e-03
-4.31644e-03
-6.84804e-03
-8.94818e-03
-1.03378e-02
-1.10011e-02
-1.12980e-02
-1.16486e-02
-1.21427e-02
-1.26504e-02
-1.31617e-02
-1.37387e-02
-1.43116e-02
-1.48243e-02
-1.53779e-02
-1.59141e-02
-1.60069e-02
-1.52926e-02
-1.37926e-02
-1.14897e-02
-8.06252e-03
-3.55144e-03
1.14587e-03
5.04853e-03
8.07403e-03
1.08068e-02
1.36933e-02
1.69007e-02
2.04025e-02
2.36122e-02
2.54813e-02
2.56200e-02
2.48033e-02
2.37106e-02
2.17814e-02
1.81986e-02
1.35219e-02
9.34190e-03
6.50998e-03
4.59861e-03
3.05607e-03
2.07581e-03
2.12436e-03
3.12663e-03
4.42751e-03
5.49175e-03
6.56908e-03
8.53976e-03
1.19216e-02
1.62053e-02
2.05206e-02
2.47402e-02
2.93461e-02
3.43304e-02
3.89365e-02
4.25561e-02
4.52307e-02
4.71630e-02
4.83494e-02
4.88355e-02
4.87613e-02
4.79831e-02
4.61576e-02
4.33705e-02
4.02325e-02
3.72006e-02
3.41996e-02
3.10366e-02
2.77950e-02
2.46319e-02
2.15023e-02
1.83127e-02
1.51720e-02
1.22873e-02
9.66675e-03
7.06239e-03
4.26813e-03
1.44815e-03
-9.11485e-04
-2.45422e-03
-3.30578e-03
-3.90279e-03
-4.55172e-03
-5.27400e-03
-5.97542e-03
-6.56955e-03
-6.95706e-03
-7.06233e-03
-6.92689e-03
-6.69967e-03
-6.55351e-03
-6.63815e-03
-7.01391e-03
-7.59041e-03
-8.22753e-03
-8.89129e-03
-9.55209e-03
-9.99091e-03
-1.00151e-02
-9.90757e-03
-1.03048e-02
-1.14808e-02
-1.30578e-02
-1.45947e-02
-1.61274e-02
-1.78807e-02
-1.97654e-02
-2.15341e-02
-2.32408e-02
-2.51303e-02
-2.71069e-02
-2.86853e-02
-2.95517e-02
-2.99011e-02
-3.00834e-02
-3.01316e-02
-2.98347e-02
-2.91550e-02
-2.83425e-02
-2.76334e-02
-2.70007e-02
-2.62315e-02
-2.51075e-02
-2.34537e-02
-2.11612e-02
-1.83079e-02
-1.51950e-02
-1.21219e-02
-9.10737e-03
-5.90806e-03
-2.32331e-03
1.55069e-03
5.33144e-03
8.55050e-03
1.08607e-02
1.21297e-02
1.23811e-02
1.16730e-02
1.00827e-02
7.83013e-03
5.34599e-03
3.11241e-03
1.37282e-03
-8.01097e-06
-1.37099e-03
-2.90105e-03
-4.40605e-03
-5.48197e-03
-5.92443e-03
-5.94204e-03
-5.92108e-03
-5.99781e-03
-5.90434e-03
-5.25324e-03
-3.97370e-03
-2.41921e-03
-9.72885e-04
3.83848e-04
1.90437e-03
3.49320e-03
4.62253e-03
4.97485e-03
4.83879e-03
4.63378e-03
4.35199e-03
3.76390e-03
2.90474e-03
2.05807e-03
1.50332e-03
1.52574e-03
2.34462e-03
3.70117e-03
4.79144e-03
4.92600e-03
4.06976e-03
2.58985e-03
7.96837e-04
-1.12003e-03
-3.08400e-03
-5.22633e-03
-7.66023e-03
-1.01077e-02
-1.21307e-02
-1.36990e-02
-1.50844e-02
-1.63234e-02
-1.73249e-02
-1.82958e-02
-1.93457e-02
-1.98454e-02
-1.89664e-02
-1.67138e-02
-1.36456e-02
-9.83532e-03
-5.13563e-03
-3.20886e-04
3.22941e-03
5.20637e-03
6.77331e-03
9.02203e-03
1.17893e-02
1.42212e-02
1.57936e-02
1.65003e-02
1.66081e-02
1.65314e-02
1.66014e-02
1.67986e-02
1.69311e-02
1.70282e-02
1.72565e-02
1.75309e-02
1.75541e-02
1.72317e-02
1.67614e-02
1.62863e-02
1.56635e-02
1.46161e-02
1.30312e-02
1.11172e-02
9.30818e-03
7.99949e-03
7.38248e-03
7.50535e-03
8.32367e-03
9.61721e-03
1.10622e-02
1.25117e-02
1.39918e-02
1.53029e-02
1.59272e-02
1.55556e-02
1.44302e-02
1.29110e-02
1.09825e-02
8.51185e-03
5.76693e-03
3.30654e-03
1.46449e-03
2.38022e-04
-3.90489e-04
-2.93001e-04
6.24349e-04
2.17876e-03
3.79917e-03
4.66083e-03
4.16781e-03
2.44766e-03
2.21761e-04
-1.91103e-03
-3.90563e-03
-5.95730e-03
-8.04514e-03
-9.97532e-03
-1.16819e-02
-1.32926e-02
-1.49892e-02
-1.68708e-02
-1.87813e-02
-2.02211e-02
-2.06692e-02
-2.01187e-02
-1.91188e-02
-1.82339e-02
-1.76772e-02
-1.74908e-02
-1.77325e-02
-1.83243e-02
-1.89918e-02
-1.95306e-02
-1.99251e-02
-2.00856e-02
-1.97043e-02
-1.85472e-02
-1.67419e-02
-1.46545e-02
-1.25758e-02
-1.05652e-02
-8.49810e-03
-6.24793e-03
-3.86941e-03
-1.52901e-03
7.62574e-04
3.15341e-03
5.62250e-03
7.91420e-03
9.89507e-03
1.16872e-02
1.33717e-02
1.49220e-02
1.64786e-02
1.82009e-02
1.97340e-02
2.03654e-02
1.98944e-02
1.88257e-02
1.75683e-02
1.60161e-02
1.40245e-02
1.16245e-02
8.62621e-03
4.77229e-03
5.24220e-04
-3.04046e-03
-5.38053e-03
-6.88547e-03
-7.99415e-03
-8.73964e-03
-9.33988e-03
-1.02694e-02
-1.13226e-02
-1.14587e-02
-1.00984e-02
-7.90227e-03
-5.79959e-03
-3.89767e-03
-1.84046e-03
3.56234e-04
2.42384e-03
4.39912e-03
6.49256e-03
8.55393e-03
1.00525e-02
1.05774e-02
1.02526e-02
9.73778e-03
9.76154e-03
1.04516e-02
1.11807e-02
1.12594e-02
1.06197e-02
9.56677e-03
8.13250e-03
6.13161e-03
3.70382e-03
1.29973e-03
-8.38827e-04
-2.76003e-03
-4.40384e-03
-5.54917e-03
-6.16027e-03
-6.40188e-03
-6.29161e-03
-5.68070e-03
-4.60156e-03
-3.33411e-03
-2.09920e-03
-9.06270e-04
3.26137e-04
1.68623e-03
3.21524e-03
4.76531e-03
6.04532e-03
6.92504e-03
7.42620e-03
7.27926e-03
5.94872e-03
3.44979e-03
7.18282e-04
-1.30124e-03
-2.61858e-03
-3.82733e-03
-5.14220e-03
-6.31421e-03
-7.17189e-03
-7.67946e-03
-7.69324e-03
-7.20451e-03
-6.65658e-03
-6.56444e-03
-6.99507e-03
-7.79384e-03
-9.02228e-03
-1.06880e-02
-1.22722e-02
-1.30262e-02
-1.26387e-02
-1.13147e-02
-9.44612e-03
-7.53992e-03
-6.16745e-03
-5.51768e-03
-5.11081e-03
-4.24454e-03
-2.60420e-03
-3.19778e-04
2.23899e-03
4.53805e-03
6.18042e-03
7.43505e-03
9.05180e-03
1.11837e-02
1.28783e-02
1.30419e-02
1.15810e-02
9.28554e-03
6.94902e-03
5.07119e-03
4.05983e-03
4.02427e-03
4.43866e-03
4.57910e-03
4.30720e-03
3.95946e-03
3.51702e-03
2.49328e-03
8.07017e-04
-7.89660e-04
-1.50600e-03
-1.37935e-03
-9.98230e-04
-6.53391e-04
-1.85309e-04
4.99917e-04
1.23542e-03
1.91384e-03
2.61749e-03
3.37065e-03
4.07680e-03
4.75963e-03
5.55589e-03
6.38345e-03
6.90883e-03
6.94922e-03
6.63576e-03
6.08147e-03
5.18131e-03
3.88702e-03
2.40807e-03
9.51181e-04
-5.31257e-04
-2.16126e-03
-3.89058e-03
-5.59987e-03
-7.24041e-03
-8.65452e-03
-9.41881e-03
-9.17635e-03
-8.10785e-03
-6.79331e-03
-5.52670e-03
-4.02746e-03
-2.03630e-03
-6.41621e-06
1.15948e-03
1.11304e-03
5.24790e-04
4.06852e-04
1.16723e-03
2.47846e-03
3.86763e-03
5.17493e-03
6.49722e-03
7.88606e-03
9.10159e-03
9.59141e-03
8.85609e-03
7.02855e-03
4.99657e-03
3.70824e-03
3.35208e-03
3.37766e-03
3.24321e-03
2.87616e-03
2.41876e-03
1.88316e-03
1.24265e-03
6.22056e-04
1.56162e-04
-2.26790e-04
-6.79175e-04
-1.15612e-03
-1.42557e-03
-1.32135e-03
-8.72594e-04
-2.30729e-04
4.34820e-04
1.02217e-03
1.57045e-03
2.21476e-03
3.04192e-03
4.06779e-03
5.33303e-03
6.83358e-03
8.31960e-03
9.37861e-03
9.80387e-03
9.68975e-03
9.10758e-03
7.94007e-03
6.14810e-03
3.96315e-03
1.68233e-03
-5.38771e-04
-2.61423e-03
-4.46421e-03
-6.07819e-03
-7.42430e-03
-8.28238e-03
-8.43537e-03
-8.04685e-03
-7.56269e-03
-7.20406e-03
-6.83433e-03
-6.33606e-03
-5.80359e-03
-5.31370e-03
-4.80322e-03
-4.24726e-03
-3.71660e-03
-3.21281e-03
-2.66945e-03
-2.12829e-03
-1.68543e-03
-1.26973e-03
-7.37467e-04
-2.24413e-04
-1.51050e-04
-7.64663e-04
-1.80625e-03
-2.68558e-03
-2.89448e-03
-2.26320e-03
-9.69111e-04
6.18450e-04
2.13847e-03
3.32937e-03
3.96890e-03
3.83427e-03
2.81798e-03
1.06032e-03
-1.11727e-03
-3.43102e-03
-5.74988e-03
-7.97934e-03
-9.88377e-03
-1.11090e-02
-1.14335e-02
-1.09932e-02
-1.02364e-02
-9.62748e-03
-9.33913e-03
-9.20317e-03
-9.03318e-03
-9.03268e-03
-9.71530e-03
-1.12194e-02
-1.28236e-02
-1.34646e-02
-1.27588e-02
-1.12590e-02
-9.74165e-03
-8.60718e-03
-7.97255e-03
-7.82319e-03
-7.83737e-03
-7.47960e-03
-6.55310e-03
-5.35161e-03
-4.09377e-03
-2.64026e-03
-1.00338e-03
3.62808e-04
1.11948e-03
1.39183e-03
1.15235e-03
-2.18659e-04
-3.15864e-03
-7.04833e-03
-1.06835e-02
-1.33830e-02
-1.51468e-02
-1.60237e-02
-1.59582e-02
-1.51753e-02
-1.41703e-02
-1.32492e-02
-1.23688e-02
-1.13751e-02
-1.01504e-02
-8.63832e-03
-6.95451e-03
-5.33072e-03
-3.75797e-03
-1.93573e-03
1.48971e-04
1.86187e-03
2.54135e-03
2.31176e-03
1.86857e-03
1.57171e-03
1.22697e-03
7.46242e-04
4.75421e-04
6.52509e-04
9.65890e-04
9.71087e-04
6.57258e-04
2.60545e-04
-2.44436e-04
-1.05093e-03
-2.05372e-03
-2.92918e-03
-3.64857e-03
-4.44348e-03
-5.17440e-03
-5.19574e-03
-4.08647e-03
-2.19341e-03
-2.00842e-04
1.59107e-03
3.32905e-03
5.17865e-03
7.11599e-03
9.01630e-03
1.07025e-02
1.19715e-02
1.27799e-02
1.33729e-02
1.40716e-02
1.49486e-02
1.58474e-02
1.66873e-02
1.75661e-02
1.85325e-02
1.94610e-02
2.02818e-02
2.11528e-02
2.21538e-02
2.28905e-02
2.27266e-02
2.14827e-02
1.96399e-02
1.77491e-02
1.58944e-02
1.38728e-02
1.16206e-02
9.26549e-03
7.01653e-03
5.24869e-03
4.45585e-03
4.80527e-03
5.87091e-03
7.06167e-03
8.18390e-03
9.37158e-03
1.06659e-02
1.19726e-02
1.32973e-02
1.47006e-02
1.60979e-02
1.73967e-02
1.87424e-02
2.02829e-02
2.17116e-02
2.24153e-02
2.21795e-02
2.14549e-02
2.07916e-02
2.02434e-02
1.94880e-02
1.83327e-02
1.68879e-02
1.53466e-02
1.38003e-02
1.22582e-02
1.07112e-02
9.14947e-03
7.57895e-03
6.01743e-03
4.45796e-03
2.87683e-03
1.29037e-03
-2.66116e-04
-1.82162e-03
-3.41439e-03
-4.88392e-03
-5.83886e-03
-5.97669e-03
-5.41437e-03
-4.58700e-03
-3.81848e-03
-3.09764e-03
-2.29119e-03
-1.42097e-03
-5.99753e-04
2.14211e-04
1.17732e-03
2.22918e-03
2.99620e-03
3.17408e-03
2.88618e-03
2.47770e-03
2.00888e-03
1.16589e-03
-2.90739e-04
-2.16727e-03
-4.02235e-03
-5.58944e-03
-6.90203e-03
-8.08274e-03
-9.17671e-03
-1.02132e-02
-1.12982e-02
-1.25449e-02
-1.39656e-02
-1.55095e-02
-1.71566e-02
-1.88455e-02
-2.03373e-02
-2.13367e-02
-2.18334e-02
-2.21644e-02
-2.26032e-02
-2.29980e-02
-2.29810e-02
-2.24371e-02
-2.15561e-02
-2.04758e-02
-1.91414e-02
-1.75703e-02
-1.59924e-02
-1.45667e-02
-1.31466e-02
-1.15623e-02
-1.00672e-02
-9.25654e-03
-9.45745e-03
-1.03203e-02
-1.11239e-02
-1.14506e-02
-1.14696e-02
-1.15526e-02
-1.17412e-02
-1.17333e-02
-1.13550e-02
-1.08365e-02
-1.05232e-02
-1.04747e-02
-1.05125e-02
-1.05411e-02
-1.05994e-02
-1.06373e-02
-1.04793e-02
-1.00528e-02
-9.47277e-03
-8.86361e-03
-8.26620e-03
-7.75964e-03
-7.48165e-03
-7.43957e-03
-7.45867e-03
-7.41616e-03
-7.38574e-03
-7.44279e-03
-7.44997e-03
-7.17769e-03
-6.57747e-03
-5.82139e-03
-5.09068e-03
-4.40780e-03
-3.66629e-03
-2.76049e-03
-1.66972e-03
-4.57540e-04
7.83922e-04
1.99375e-03
3.17600e-03
4.39472e-03
5.73029e-03
7.21564e-03
8.81642e-03
1.04808e-02
1.21707e-02
1.37903e-02
1.51410e-02
1.60802e-02
1.67486e-02
1.74777e-02
1.83655e-02
1.90663e-02
1.91515e-02
1.86015e-02
1.77750e-02
1.69607e-02
1.61732e-02
1.53555e-02
1.45118e-02
1.35902e-02
1.24792e-02
1.12152e-02
9.97852e-03
8.80480e-03
7.51577e-03
6.01791e-03
4.43124e-03
2.83531e-03
1.15763e-03
-5.60380e-04
-2.06870e-03
-3.24521e-03
-4.25615e-03
-5.17899e-03
-5.71239e-03
-5.50737e-03
-4.63291e-03
-3.52095e-03
-2.58684e-03
-2.04286e-03
-1.90952e-03
-2.02901e-03
-2.17636e-03
-2.28095e-03
-2.43410e-03
-2.62051e-03
-2.62273e-03
-2.29739e-03
-1.77960e-03
-1.28218e-03
-8.15190e-04
-2.22185e-04
5.98057e-04
1.59933e-03
2.64028e-03
3.54885e-03
4.19368e-03
4.57121e-03
4.81967e-03
5.10904e-03
5.48647e-03
5.80033e-03
5.79188e-03
5.33103e-03
4.56186e-03
3.74907e-03
2.99775e-03
2.22169e-03
1.37060e-03
5.49600e-04
-1.05853e-04
-5.39543e-04
-7.31488e-04
-6.78937e-04
-4.60449e-04
-2.04524e-04
3.75831e-05
2.96177e-04
5.71024e-04
8.27523e-04
1.08055e-03
1.35921e-03
1.62563e-03
1.85605e-03
2.12798e-03
2.46191e-03
2.66909e-03
2.57315e-03
2.29097e-03
2.01660e-03
1.58096e-03
5.55431e-04
-1.18294e-03
-3.28835e-03
-5.37075e-03
-7.26380e-03
-8.84851e-03
-1.00189e-02
-1.09638e-02
-1.20710e-02
-1.32928e-02
-1.39445e-02
-1.34497e-02
-1.20336e-02
-1.03736e-02
-8.80403e-03
-7.21439e-03
-5.52888e-03
-3.85832e-03
-2.24198e-03
-6.01403e-04
1.05677e-03
2.67040e-03
4.30142e-03
6.00853e-03
7.60150e-03
8.82029e-03
9.71252e-03
1.05450e-02
1.14011e-02
1.21850e-02
1.29595e-02
1.38807e-02
1.47623e-02
1.50945e-02
1.46284e-02
1.36555e-02
1.26029e-02
1.16123e-02
1.06227e-02
9.59180e-03
8.47483e-03
7.17530e-03
5.67344e-03
4.07851e-03
2.47656e-03
8.77286e-04
-6.20392e-04
-1.80413e-03
-2.62198e-03
-3.32999e-03
-4.19034e-03
-5.09310e-03
-5.63883e-03
-5.58720e-03
-5.09504e-03
-4.49019e-03
-3.93002e-03
-3.36423e-03
-2.74779e-03
-2.13783e-03
-1.56566e-03
-9.52853e-04
-2.30249e-04
5.62196e-04
1.37871e-03
2.25553e-03
3.15678e-03
3.82927e-03
4.01300e-03
3.77939e-03
3.47120e-03
3.28014e-03
3.04846e-03
2.53149e-03
1.70329e-03
7.26613e-04
-2.65673e-04
-1.26592e-03
-2.30514e-03
-3.31901e-03
-4.12108e-03
-4.57580e-03
-4.81188e-03
-5.12028e-03
-5.54822e-03
-5.75642e-03
-5.42789e-03
-4.65831e-03
-3.76135e-03
-2.86315e-03
-1.91323e-03
-9.18368e-04
1.00988e-04
1.21464e-03
2.35267e-03
3.15714e-03
3.39990e-03
3.35731e-03
3.36623e-03
3.16843e-03
2.17740e-03
3.47293e-04
-1.67280e-03
-3.25562e-03
-4.25961e-03
-4.75988e-03
-4.74262e-03
-4.22707e-03
-3.42271e-03
-2.59142e-03
-1.83929e-03
-1.09057e-03
-2.28677e-04
6.93168e-04
1.36287e-03
1.44930e-03
9.60375e-04
2.17853e-04
-5.25331e-04
-1.24835e-03
-1.96949e-03
-2.67943e-03
-3.49379e-03
-4.55033e-03
-5.66573e-03
-6.40064e-03
-6.58514e-03
-6.50956e-03
-6.48726e-03
-6.51123e-03
-6.47521e-03
-6.45154e-03
-6.54758e-03
-6.68907e-03
-6.75882e-03
-6.83505e-03
-7.11015e-03
-7.62757e-03
-8.24015e-03
-8.81697e-03
-9.38512e-03
-1.00306e-02
-1.07060e-02
-1.12012e-02
-1.13380e-02
-1.11646e-02
-1.08960e-02
-1.06674e-02
-1.04189e-02
-1.00396e-02
-9.54178e-03
-9.03455e-03
-8.57293e-03
-8.10257e-03
-7.56317e-03
-7.01353e-03
-6.62860e-03
-6.56057e-03
-6.80710e-03
-7.21267e-03
-7.56795e-03
-7.69531e-03
-7.51209e-03
-7.08799e-03
-6.60071e-03
-6.15926e-03
-5.71612e-03
-5.21643e-03
-4.73267e-03
-4.31897e-03
-3.82769e-03
-3.05060e-03
-1.99255e-03
-8.36044e-04
3.05940e-04
1.43635e-03
2.56599e-03
3.76933e-03
5.24063e-03
7.04375e-03
8.92012e-03
1.06581e-02
1.25259e-02
1.48888e-02
1.73992e-02
1.90693e-02
1.93212e-02
1.85820e-02
1.76512e-02
1.68459e-02
1.60144e-02
1.50661e-02
1.41157e-02
1.32233e-02
1.22975e-02
1.12728e-02
1.02179e-02
9.22351e-03
8.25540e-03
7.19057e-03
6.04888e-03
5.14197e-03
4.84103e-03
5.15989e-03
5.73175e-03
6.25283e-03
6.74690e-03
7.31634e-03
7.89700e-03
8.42109e-03
8.97829e-03
9.60475e-03
1.01039e-02
1.02781e-02
1.01857e-02
1.00089e-02
9.82358e-03
9.63532e-03
9.47770e-03
9.35000e-03
9.20709e-03
9.08861e-03
9.07690e-03
9.04607e-03
8.64687e-03
7.64238e-03
6.12826e-03
4.39607e-03
2.75208e-03
1.47390e-03
7.14369e-04
3.59109e-04
1.24003e-04
-1.58733e-04
-4.58385e-04
-7.22604e-04
-9.70025e-04
-1.19726e-03
-1.33947e-03
-1.35817e-03
-1.28270e-03
-1.18023e-03
-1.17147e-03
-1.43431e-03
-2.06608e-03
-2.94418e-03
-3.82824e-03
-4.61921e-03
-5.43180e-03
-6.37257e-03
-7.31106e-03
-7.95068e-03
-8.12707e-03
-7.96737e-03
-7.72023e-03
-7.50029e-03
-7.27446e-03
-7.03151e-03
-6.83165e-03
-6.70099e-03
-6.59837e-03
-6.49338e-03
-6.38326e-03
-6.25594e-03
-6.13967e-03
-6.14522e-03
-6.33580e-03
-6.61020e-03
-6.85018e-03
-7.10574e-03
-7.45304e-03
-7.72881e-03
-7.62393e-03
-7.05074e-03
-6.25050e-03
-5.52054e-03
-4.95752e-03
-4.46222e-03
-3.90005e-03
-3.29054e-03
-2.90796e-03
-3.08576e-03
-3.79207e-03
-4.49694e-03
-4.62019e-03
-4.05884e-03
-3.16280e-03
-2.29918e-03
-1.60772e-03
-1.08838e-03
-6.96952e-04
-3.43537e-04
3.39193e-05
3.67245e-04
5.43581e-04
5.84941e-04
6.19337e-04
6.89128e-04
7.29708e-04
7.38615e-04
8.12770e-04
9.91312e-04
1.20149e-03
1.39622e-03
1.61168e-03
1.85307e-03
2.06187e-03
2.24278e-03
2.48643e-03
2.81884e-03
3.17073e-03
3.54438e-03
4.03235e-03
4.55817e-03
4.74472e-03
4.21134e-03
2.98226e-03
1.53135e-03
4.41253e-04
7.61953e-06
8.64738e-05
3.00124e-04
4.34823e-04
5.92304e-04
8.89859e-04
1.14481e-03
1.03560e-03
4.78624e-04
-3.62978e-04
-1.33881e-03
-2.31130e-03
-2.98482e-03
-3.07684e-03
-2.67706e-03
-2.15340e-03
-1.69349e-03
-1.21366e-03
-7.04727e-04
-3.35709e-04
-1.64903e-04
-4.56928e-05
1.14684e-04
2.57570e-04
3.70816e-04
5.24254e-04
6.68259e-04
6.45617e-04
4.41104e-04
1.95466e-04
-3.50138e-05
-3.04362e-04
-5.81247e-04
-7.83887e-04
-1.01009e-03
-1.48058e-03
-2.24362e-03
-3.16193e-03
-4.16455e-03
-5.23733e-03
-6.16084e-03
-6.56520e-03
-6.34815e-03
-5.81626e-03
-5.30898e-03
-4.86704e-03
-4.36898e-03
-3.80936e-03
-3.28385e-03
-2.80888e-03
-2.31894e-03
-1.80451e-03
-1.31880e-03
-8.60673e-04
-3.71804e-04
1.41642e-04
6.12588e-04
1.06206e-03
1.58744e-03
2.12976e-03
2.43338e-03
2.37972e-03
2.18101e-03
2.03488e-03
1.76003e-03
1.06127e-03
1.41805e-05
-1.07672e-03
-2.19948e-03
-3.54539e-03
-4.88139e-03
-5.52668e-03
-5.15365e-03
-4.20400e-03
-3.27519e-03
-2.45755e-03
-1.54302e-03
-5.36065e-04
4.02716e-04
1.28885e-03
2.24156e-03
3.22545e-03
4.14236e-03
5.04394e-03
6.01342e-03
6.96704e-03
7.82909e-03
8.73852e-03
9.79432e-03
1.07297e-02
1.11449e-02
1.09988e-02
1.06126e-02
1.02394e-02
9.85355e-03
9.31741e-03
8.55075e-03
7.57768e-03
6.56982e-03
5.78926e-03
5.36353e-03
5.21126e-03
5.28594e-03
5.72362e-03
6.60926e-03
7.78364e-03
9.04163e-03
1.03089e-02
1.14379e-02
1.20988e-02
1.21706e-02
1.20292e-02
1.20719e-02
1.20691e-02
1.13797e-02
9.80810e-03
7.89782e-03
6.28977e-03
5.07382e-03
3.92196e-03
2.64925e-03
1.42829e-03
5.20718e-04
-1.22279e-05
-3.08010e-04
-5.37514e-04
-7.98233e-04
-1.09119e-03
-1.34288e-03
-1.51497e-03
-1.74763e-03
-2.28148e-03
-3.11398e-03
-3.83538e-03
-3.99640e-03
-3.59349e-03
-3.00369e-03
-2.48512e-03
-1.97883e-03
-1.39445e-03
-8.05656e-04
-2.70250e-04
2.95991e-04
9.21066e-04
1.43752e-03
1.68829e-03
1.74498e-03
1.77724e-03
1.79854e-03
1.68532e-03
1.39204e-03
1.01434e-03
6.49471e-04
2.99069e-04
-7.18073e-05
-4.54502e-04
-8.19067e-04
-1.17690e-03
-1.57282e-03
-2.02174e-03
-2.49417e-03
-2.96561e-03
-3.44174e-03
-3.92502e-03
-4.40088e-03
-4.87162e-03
-5.35626e-03
-5.84329e-03
-6.30493e-03
-6.76932e-03
-7.28822e-03
-7.79397e-03
-8.09308e-03
-8.08060e-03
-7.88571e-03
-7.71545e-03
-7.59813e-03
-7.35312e-03
-6.78984e-03
-5.89674e-03
-4.85505e-03
-3.86840e-03
-2.94660e-03
-1.90731e-03
-6.87268e-04
4.06611e-04
9.29479e-04
7.84862e-04
3.08921e-04
-1.51574e-04
-5.55285e-04
-1.00946e-03
-1.51224e-03
-1.98799e-03
-2.43906e-03
-2.91321e-03
-3.39292e-03
-3.82722e-03
-4.22345e-03
-4.62501e-03
-5.03739e-03
-5.43854e-03
-5.83084e-03
-6.23427e-03
-6.64875e-03
-7.04614e-03
-7.39746e-03
-7.69931e-03
-7.97622e-03
-8.25398e-03
-8.53426e-03
-8.80904e-03
-9.08487e-03
-9.36603e-03
-9.63716e-03
-9.90140e-03
-1.01951e-02
-1.05022e-02
-1.07017e-02
-1.06915e-02
-1.05288e-02
-1.03507e-02
-1.01912e-02
-9.99956e-03
-9.79850e-03
-9.66149e-03
-9.51591e-03
-9.13034e-03
-8.36909e-03
-7.35374e-03
-6.30258e-03
-5.29602e-03
-4.27730e-03
-3.21512e-03
-2.15803e-03
-1.13671e-03
-1.05357e-04
9.71279e-04
2.02653e-03
2.95060e-03
3.72685e-03
4.43920e-03
5.14889e-03
5.84418e-03
6.52884e-03
7.25526e-03
8.00059e-03
8.59762e-03
8.89502e-03
8.94355e-03
8.92924e-03
8.95459e-03
8.98321e-03
8.97478e-03
8.96051e-03
8.97045e-03
8.98209e-03
8.97477e-03
8.96851e-03
8.97836e-03
8.98531e-03
8.97817e-03
8.97503e-03
8.98116e-03
8.97410e-03
8.94963e-03
8.93385e-03
8.93243e-03
8.91986e-03
8.89322e-03
8.88000e-03
8.88035e-03
8.86408e-03
8.83467e-03
8.82603e-03
8.82994e-03
8.80688e-03
8.77113e-03
8.77197e-03
8.78933e-03
8.74809e-03
8.63190e-03
8.47574e-03
8.27022e-03
8.00653e-03
7.78013e-03
7.66332e-03
7.47581e-03
6.88034e-03
5.75492e-03
4.31113e-03
2.81746e-03
1.36414e-03
-7.93549e-05
-1.54840e-03
-3.06924e-03
-4.61243e-03
-6.02733e-03
-7.14753e-03
-7.95893e-03
-8.53244e-03
-8.82223e-03
-8.71918e-03
-8.29824e-03
-7.81311e-03
-7.40838e-03
-7.01043e-03
-6.54118e-03
-6.06156e-03
-5.63634e-03
-5.21712e-03
-4.75092e-03
-4.28281e-03
-3.85902e-03
-3.43332e-03
-2.96214e-03
-2.49807e-03
-2.08668e-03
-1.65983e-03
-1.16862e-03
-7.73297e-04
-7.57828e-04
-1.25341e-03
-2.14902e-03
-3.25274e-03
-4.39189e-03
-5.35311e-03
-5.90919e-03
-5.99876e-03
-5.77852e-03
-5.42523e-03
-4.97502e-03
-4.41475e-03
-3.81241e-03
-3.24899e-03
-2.70403e-03
-2.12139e-03
-1.52918e-03
-9.79062e-04
-4.22280e-04
2.05534e-04
7.86690e-04
1.07346e-03
9.94494e-04
7.70342e-04
6.25174e-04
4.92568e-04
1.35019e-04
-5.26153e-04
-1.35218e-03
-2.20561e-03
-3.06000e-03
-3.91396e-03
-4.75844e-03
-5.62571e-03
-6.52678e-03
-7.36925e-03
-8.08602e-03
-8.76814e-03
-9.45873e-03
-9.90030e-03
-9.78022e-03
-9.19529e-03
-8.55399e-03
-8.00255e-03
-7.27424e-03
-6.16052e-03
-4.80534e-03
-3.43252e-03
-2.07828e-03
-7.07925e-04
6.60009e-04
2.04647e-03
3.48378e-03
4.82359e-03
5.83564e-03
6.56282e-03
7.28058e-03
8.00142e-03
8.33749e-03
8.02690e-03
7.31461e-03
6.60229e-03
5.96832e-03
5.27154e-03
4.51123e-03
3.80364e-03
3.13344e-03
2.39729e-03
1.63292e-03
9.86432e-04
4.91985e-04
6.46144e-05
-3.33239e-04
-6.91577e-04
-1.06919e-03
-1.52035e-03
-1.92344e-03
-2.06213e-03
-1.88440e-03
-1.53403e-03
-1.13913e-03
-7.38883e-04
-4.16808e-04
-3.11870e-04
-4.40939e-04
-6.58488e-04
-8.46858e-04
-1.02480e-03
-1.23333e-03
-1.44605e-03
-1.64034e-03
-1.84285e-03
-2.05762e-03
-2.24051e-03
-2.37402e-03
-2.48950e-03
-2.60465e-03
-2.71178e-03
-2.81904e-03
-2.93647e-03
-3.04701e-03
-3.14554e-03
-3.25873e-03
-3.38269e-03
-3.47973e-03
-3.57087e-03
-3.71424e-03
-3.85205e-03
-3.82632e-03
-3.59552e-03
-3.27782e-03
-2.94777e-03
-2.58480e-03
-2.23850e-03
-1.98080e-03
-1.63932e-03
-8.75973e-04
3.65847e-04
1.78000e-03
3.15879e-03
4.60277e-03
6.12208e-03
7.35398e-03
7.96154e-03
8.07667e-03
8.08309e-03
8.15091e-03
8.22653e-03
8.28985e-03
8.32481e-03
8.14542e-03
7.54953e-03
6.62559e-03
5.67229e-03
4.81897e-03
3.94051e-03
2.96231e-03
2.00923e-03
1.15555e-03
2.37369e-04
-8.90582e-04
-2.00550e-03
-2.62635e-03
-2.48865e-03
-1.78823e-03
-9.33226e-04
-1.58213e-04
5.77328e-04
1.39261e-03
2.27509e-03
3.09005e-03
3.78176e-03
4.48009e-03
5.29306e-03
6.01777e-03
6.24088e-03
5.79319e-03
4.93708e-03
4.01733e-03
3.12539e-03
2.24934e-03
1.53723e-03
1.15536e-03
1.00181e-03
8.17243e-04
5.43275e-04
3.67700e-04
4.33395e-04
6.77179e-04
9.60275e-04
1.22555e-03
1.51510e-03
1.91546e-03
2.47897e-03
3.15088e-03
3.81399e-03
4.43787e-03
5.10369e-03
5.82713e-03
6.45296e-03
6.81660e-03
6.93317e-03
6.95586e-03
6.99703e-03
7.05541e-03
7.08738e-03
7.08894e-03
7.11293e-03
7.22771e-03
7.45196e-03
7.73845e-03
8.04153e-03
8.36365e-03
8.68002e-03
8.86480e-03
8.79654e-03
8.52818e-03
8.24011e-03
8.01187e-03
7.76028e-03
7.43863e-03
7.15109e-03
6.96554e-03
6.71252e-03
6.11066e-03
5.06539e-03
3.74588e-03
2.38421e-03
1.07995e-03
-2.10626e-04
-1.56793e-03
-2.98993e-03
-4.32849e-03
-5.36315e-03
-5.99638e-03
-6.36771e-03
-6.71399e-03
-7.12948e-03
-7.53116e-03
-7.85615e-03
-8.18681e-03
-8.61367e-03
-9.03828e-03
-9.21979e-03
-9.02614e-03
-8.56465e-03
-8.03927e-03
-7.54696e-03
-7.21621e-03
-6.70892e-03
-6.19119e-03
-5.68756e-03
-5.18952e-03
-4.68299e-03
-4.17203e-03
-3.66019e-03
-3.13850e-03
-2.60239e-03
-2.06218e-03
-1.52790e-03
-9.95749e-04
-4.63056e-04
6.66418e-05
5.97843e-04
1.13894e-03
1.66931e-03
2.12486e-03
2.45028e-03
2.67836e-03
2.92344e-03
3.24199e-03
3.50516e-03
3.48213e-03
3.08384e-03
2.46307e-03
1.82992e-03
1.23940e-03
6.28683e-04
-1.48624e-05
-6.39402e-04
-1.24728e-03
-1.90506e-03
-2.62507e-03
-3.33797e-03
-4.01047e-03
-4.70576e-03
-5.46583e-03
-6.17676e-03
-6.61947e-03
-6.67667e-03
-6.46421e-03
-6.22047e-03
-6.05860e-03
-5.87979e-03
-5.57511e-03
-5.26005e-03
-5.20570e-03
-5.53763e-03
-6.11046e-03
-6.71862e-03
-7.31631e-03
-7.93779e-03
-8.49169e-03
-8.79422e-03
-8.80722e-03
-8.70406e-03
-8.64894e-03
-8.62180e-03
-8.53556e-03
-8.41816e-03
-8.35637e-03
-8.33320e-03
-8.27362e-03
-8.21661e-03
-8.26596e-03
-8.34573e-03
-8.16527e-03
-7.49587e-03
-6.38737e-03
-5.07657e-03
-3.79443e-03
-2.72123e-03
-1.96759e-03
-1.49200e-03
-1.12246e-03
-7.30411e-04
-3.24511e-04
5.02336e-05
4.07041e-04
7.71834e-04
1.13412e-03
1.48652e-03
1.84026e-03
2.18387e-03
2.50483e-03
2.84802e-03
3.24062e-03
3.55007e-03
3.55016e-03
3.17960e-03
2.62691e-03
2.10309e-03
1.62922e-03
1.11937e-03
5.75359e-04
8.12300e-05
-3.54732e-04
-8.22836e-04
-1.34717e-03
-1.79071e-03
-1.98959e-03
-1.93471e-03
-1.75666e-03
-1.56915e-03
-1.40111e-03
-1.24791e-03
-1.08522e-03
-8.33466e-04
-4.14493e-04
1.34165e-04
6.90147e-04
1.20801e-03
1.75045e-03
2.32691e-03
2.80336e-03
3.03800e-03
3.04437e-03
2.96203e-03
2.90184e-03
2.86545e-03
2.79975e-03
2.69629e-03
2.62361e-03
2.66094e-03
2.81669e-03
3.03629e-03
3.27208e-03
3.50418e-03
3.71628e-03
3.91397e-03
4.14121e-03
4.40061e-03
4.56876e-03
4.48379e-03
4.12981e-03
3.65554e-03
3.19937e-03
2.77401e-03
2.33644e-03
1.88519e-03
1.44890e-03
1.03350e-03
6.22718e-04
2.09340e-04
-1.96458e-04
-5.84324e-04
-9.61496e-04
-1.34382e-03
-1.72258e-03
-2.06795e-03
-2.39110e-03
-2.75366e-03
-3.14596e-03
-3.39661e-03
-3.30970e-03
-2.89177e-03
-2.34702e-03
-1.84160e-03
-1.37070e-03
-8.71273e-04
-3.54429e-04
1.24888e-04
5.48206e-04
9.28213e-04
1.27320e-03
1.59485e-03
1.91348e-03
2.23258e-03
2.53827e-03
2.82989e-03
3.11774e-03
3.39878e-03
3.67052e-03
3.94633e-03
4.20733e-03
4.37279e-03
4.39197e-03
4.33987e-03
4.32770e-03
4.32424e-03
4.16907e-03
3.78213e-03
3.26184e-03
2.74169e-03
2.24690e-03
1.74648e-03
1.25278e-03
7.86914e-04
3.16469e-04
-1.73129e-04
-5.78404e-04
-7.59242e-04
-7.13452e-04
-5.80772e-04
-4.72070e-04
-3.78066e-04
-2.58281e-04
-1.31146e-04
-3.13586e-05
6.06655e-05
1.92632e-04
3.75191e-04
5.82247e-04
7.92777e-04
9.99772e-04
1.19696e-03
1.38390e-03
1.57008e-03
1.75479e-03
1.92240e-03
2.07465e-03
2.23858e-03
2.41220e-03
2.52768e-03
2.51122e-03
2.37019e-03
2.18353e-03
2.01114e-03
1.85018e-03
1.67951e-03
1.50563e-03
1.34980e-03
1.21832e-03
1.10350e-03
9.98018e-04
8.97009e-04
7.96971e-04
6.99220e-04
6.06767e-04
5.17557e-04
4.28551e-04
3.42377e-04
2.61707e-04
1.83137e-04
1.04597e-04
3.02655e-05
-3.85064e-05
-1.06677e-04
-1.74722e-04
-2.37064e-04
-2.94369e-04
-3.52662e-04
-4.09694e-04
-4.60217e-04
-5.11809e-04
-5.72895e-04
-6.30492e-04
-6.69929e-04
-7.12829e-04
-8.00500e-04
-9.40558e-04
-1.10194e-03
-1.25867e-03
-1.40571e-03
-1.53914e-03
-1.65912e-03
-1.78280e-03
-1.90928e-03
-1.98059e-03
-1.93078e-03
-1.77483e-03
-1.59719e-03
-1.44578e-03
-1.28587e-03
-1.06683e-03
-7.87874e-04
-4.86240e-04
-2.03095e-04
2.29835e-05
1.67411e-04
2.44659e-04
2.98447e-04
3.55678e-04
4.10027e-04
4.52139e-04
4.88632e-04
5.25715e-04
5.58618e-04
5.84653e-04
6.08315e-04
6.29806e-04
6.44899e-04
6.56751e-04
6.71020e-04
6.78601e-04
6.60076e-04
6.10072e-04
5.44336e-04
4.80388e-04
4.21915e-04
3.64514e-04
3.07200e-04
2.53171e-04
2.03605e-04
1.55675e-04
1.07734e-04
6.36979e-05
2.68174e-05
-1.16332e-05
-6.91953e-05
-1.52026e-04
-2.45098e-04
-3.29504e-04
-4.02461e-04
-4.71995e-04
-5.40437e-04
-6.03812e-04
-6.61083e-04
-7.12954e-04
-7.55862e-04
-7.88761e-04
-8.19146e-04
-8.49264e-04
-8.62496e-04
-8.38420e-04
-7.79268e-04
-7.08227e-04
-6.42966e-04
-5.83514e-04
-5.25555e-04
-4.71721e-04
-4.25648e-04
-3.85024e-04
-3.46009e-04
-3.08754e-04
-2.74846e-04
-2.43624e-04
-2.13890e-04
-1.86116e-04
-1.60925e-04
-1.37689e-04
-1.15875e-04
-9.59070e-05
-7.79635e-05
-6.15050e-05
-4.63530e-05
-3.28833e-05
-2.09443e-05
-9.77733e-06
8.59209e-07
1.04481e-05
1.86487e-05
2.56501e-05
3.15815e-05
3.63272e-05
3.99777e-05
4.28252e-05
4.48493e-05
4.56912e-05
4.52368e-05
4.38398e-05
4.19235e-05
3.96574e-05
3.70624e-05
3.41686e-05
3.10064e-05
2.76039e-05
2.40145e-05
2.02741e-05
1.63736e-05
1.23362e-05
8.22563e-06
4.04891e-06
-2.21251e-07
-4.51438e-06
-8.74482e-06
-1.30401e-05
-1.76439e-05
-2.25462e-05
-2.74212e-05
-3.20130e-05
-3.63796e-05
-4.06651e-05
-4.48198e-05
-4.86614e-05
-5.20895e-05
-5.51543e-05
-5.80142e-05
-6.08433e-05
-6.37170e-05
-6.65724e-05
-6.93433e-05
-7.21016e-05
-7.49749e-05
-7.79580e-05
-8.09069e-05
-8.37073e-05
-8.63572e-05
-8.88945e-05
-9.13316e-05
-9.36842e-05
-9.59990e-05
-9.83242e-05
-1.00676e-04
-1.03053e-04
-1.05455e-04
-1.07890e-04
-1.10361e-04
-1.12867e-04
-1.15409e-04
-1.17990e-04
-1.20609e-04
-1.23266e-04
-1.25962e-04
-1.28695e-04
-1.31465e-04
-1.34271e-04
-1.37112e-04
-1.39988e-04
-1.42897e-04
-1.45839e-04
