1.75423e-03
1.76461e-03
1.78962e-03
1.80803e-03
1.81741e-03
1.84018e-03
1.84746e-03
1.87657e-03
1.93269e-03
2.02276e-03
1.99684e-03
1.66793e-03
1.15300e-03
1.22257e-03
1.17179e-03
1.23613e-03
1.90267e-03
2.61767e-03
1.63621e-03
5.38247e-04
7.94353e-04
1.01808e-03
7.14399e-04
5.02448e-04
1.32158e-03
3.35839e-03
4.63075e-03
4.91421e-03
3.87531e-03
2.16299e-03
1.45659e-03
3.02471e-04
5.67258e-04
9.07332e-04
8.53860e-05
-1.89781e-03
-4.22318e-03
-6.10112e-03
-5.77187e-03
-4.17266e-03
-1.07614e-03
2.00754e-03
4.24979e-03
4.45436e-03
1.89278e-03
8.07567e-04
-4.33845e-04
3.82177e-05
1.76487e-03
4.31009e-03
5.10256e-03
2.75754e-03
1.83402e-03
2.55476e-03
3.06040e-03
4.29921e-03
6.23040e-03
5.44883e-03
1.68308e-03
-1.74510e-03
-3.14685e-03
-1.67752e-03
1.71981e-03
4.62210e-03
5.96131e-03
5.34719e-03
3.56131e-03
1.86154e-03
3.30661e-03
8.20979e-03
1.23703e-02
1.20570e-02
9.62692e-03
6.89949e-03
4.37677e-03
3.20842e-03
3.56074e-03
3.84516e-03
3.23896e-03
2.39721e-03
1.82009e-03
2.41658e-03
2.78165e-03
3.61318e-03
6.27625e-03
7.59685e-03
3.78402e-03
-1.18022e-03
-4.06826e-03
-8.25113e-03
-1.07808e-02
-8.09937e-03
-3.98002e-03
-1.65674e-03
-1.18575e-03
-3.31625e-03
-5.92348e-03
-6.14466e-03
-5.60444e-03
-5.05146e-03
-5.09704e-03
-6.22557e-03
-9.21753e-03
-1.22355e-02
-1.17203e-02
-7.49408e-03
-2.25181e-03
1.03703e-03
1.58441e-03
4.70312e-04
-1.72238e-03
-3.11353e-03
-3.23595e-03
-1.91311e-03
1.21942e-04
2.75210e-03
5.33071e-03
7.87425e-03
8.32732e-03
5.69164e-03
2.45334e-03
1.73855e-04
-2.26881e-03
-4.61482e-03
-5.55417e-03
-5.23325e-03
-5.84268e-03
-5.64219e-03
-2.42412e-03
2.69215e-03
6.42226e-03
1.06869e-02
1.11264e-02
1.20149e-02
1.42974e-02
1.36662e-02
1.23188e-02
1.10345e-02
9.55714e-03
4.09285e-03
-2.16969e-03
-5.59254e-03
-7.12101e-03
-8.29156e-03
-7.94912e-03
-6.02885e-03
-2.23972e-03
4.69313e-04
1.15118e-03
1.84442e-03
1.95613e-03
4.23159e-03
6.76767e-03
4.22722e-03
-1.70195e-04
-2.64787e-03
-3.43115e-03
-2.40774e-03
-1.07303e-03
2.17578e-03
5.22560e-03
7.41562e-03
6.92393e-03
3.57335e-03
3.81603e-03
5.50228e-03
1.08923e-02
1.91536e-02
1.80879e-02
1.26380e-02
5.93896e-03
1.25581e-03
-3.46029e-03
-7.86710e-03
-8.33591e-03
-5.07333e-03
-3.56092e-05
2.25136e-03
2.44836e-03
3.56143e-03
7.77847e-03
1.36800e-02
1.60682e-02
1.85774e-02
2.04170e-02
1.83597e-02
1.32323e-02
6.93537e-03
3.19425e-03
8.49194e-04
-1.95440e-04
-3.44028e-03
-4.97742e-03
-2.59143e-03
-1.35134e-03
1.00367e-03
3.60156e-03
6.04780e-03
9.21597e-03
1.29541e-02
1.49655e-02
1.14997e-02
3.16448e-03
-3.63363e-03
-5.18792e-03
-5.36863e-03
-6.10554e-03
-5.59340e-03
-7.91882e-03
-9.67643e-03
-9.04128e-03
-8.30094e-03
-8.40607e-03
-1.01780e-02
-1.35625e-02
-1.52118e-02
-1.45048e-02
-1.41775e-02
-1.34123e-02
-1.07866e-02
-7.97877e-03
-4.12642e-03
1.70655e-03
6.66198e-03
1.04169e-02
1.38617e-02
1.23719e-02
8.67661e-03
5.30097e-03
1.27598e-03
-1.39885e-03
-3.31814e-03
-2.09386e-03
4.17962e-03
1.38698e-02
1.98637e-02
1.83308e-02
1.23940e-02
5.29834e-03
-1.11608e-03
-3.97147e-03
-3.53824e-03
-1.65332e-03
-6.92349e-04
2.93593e-03
5.30964e-03
-2.33338e-04
-7.40918e-03
-1.26531e-02
-1.60852e-02
-1.61834e-02
-1.25072e-02
-6.31045e-03
3.83540e-03
1.16781e-02
1.81510e-02
2.23892e-02
1.84502e-02
7.81759e-03
-4.47492e-03
-1.78500e-02
-2.92287e-02
-3.10851e-02
-2.56300e-02
-1.48070e-02
-3.21964e-03
4.72322e-03
1.16176e-02
1.11037e-02
4.50240e-03
-2.92332e-03
-5.83142e-03
-4.45136e-03
2.79552e-04
5.74000e-03
9.39927e-03
3.80847e-03
-6.02027e-03
-1.70918e-02
-1.96732e-02
-1.76821e-02
-1.43578e-02
-9.67892e-03
-2.86411e-03
9.16381e-04
1.05598e-03
5.16770e-04
1.00430e-03
2.91460e-03
6.41807e-03
1.09595e-02
1.68616e-02
2.12959e-02
2.21825e-02
2.07934e-02
1.77570e-02
1.27240e-02
5.22121e-03
1.26636e-03
3.57629e-04
2.25216e-04
1.91594e-03
8.50100e-03
1.51753e-02
1.28897e-02
7.16592e-03
1.16710e-03
-5.13369e-03
-1.07396e-02
-1.10518e-02
-9.20868e-03
-1.11738e-02
-1.66005e-02
-2.34607e-02
-3.05239e-02
-2.95374e-02
-2.32739e-02
-1.11377e-02
1.08802e-02
2.96819e-02
3.06490e-02
3.03895e-02
2.51958e-02
1.32902e-02
5.60524e-03
1.08966e-04
2.38042e-03
5.09057e-03
3.81835e-03
-4.87314e-03
-1.58176e-02
-2.54394e-02
-3.57527e-02
-3.97984e-02
-3.20604e-02
-1.56127e-02
4.39934e-03
1.27388e-02
1.43752e-02
7.19730e-03
-8.19562e-03
-2.07893e-02
-2.01804e-02
-1.46505e-02
-4.37020e-03
9.80260e-03
1.97974e-02
2.45830e-02
1.94728e-02
1.17175e-02
6.48634e-03
7.84432e-03
1.30620e-02
1.79054e-02
2.12215e-02
1.71998e-02
3.22350e-03
-1.23492e-02
-2.01249e-02
-1.83452e-02
-1.40849e-02
-5.19398e-03
5.40947e-03
8.70833e-03
3.35105e-03
-4.23514e-03
-1.17315e-02
-1.55527e-02
-1.28423e-02
-4.35126e-03
4.95038e-03
1.09355e-02
1.36995e-02
1.37523e-02
1.38102e-02
1.64835e-02
2.25410e-02
2.76966e-02
2.65024e-02
2.01709e-02
1.44452e-02
1.08885e-02
6.69052e-03
5.14882e-03
3.55268e-03
-1.99255e-04
-4.78840e-03
-1.05923e-02
-1.55509e-02
-1.83860e-02
-2.11540e-02
-2.37702e-02
-2.67112e-02
-2.89800e-02
-2.91484e-02
-2.93202e-02
-3.03498e-02
-3.00836e-02
-2.87134e-02
-2.54969e-02
-2.10982e-02
-1.67374e-02
-1.46287e-02
-1.15378e-02
-5.71544e-03
1.97571e-03
1.35198e-02
2.67541e-02
3.46785e-02
3.84221e-02
3.62840e-02
3.19600e-02
2.73596e-02
2.39188e-02
2.19294e-02
1.94028e-02
1.68015e-02
1.15918e-02
1.92587e-04
-1.61677e-02
-3.66129e-02
-4.59004e-02
-5.39892e-02
-5.41001e-02
-4.73908e-02
-3.10978e-02
-1.39532e-02
-4.44754e-03
-1.96438e-03
-3.62568e-03
-1.08318e-02
-1.86354e-02
-2.12830e-02
-1.94823e-02
-1.46877e-02
-6.26732e-03
3.22379e-03
9.76689e-03
1.20567e-02
1.46070e-02
1.78532e-02
2.12304e-02
2.79376e-02
3.77412e-02
4.75890e-02
5.24749e-02
5.13207e-02
4.36438e-02
2.82279e-02
1.03845e-02
-7.11156e-03
-1.97085e-02
-2.39375e-02
-2.49527e-02
-2.24521e-02
-1.75623e-02
-1.37276e-02
-1.31981e-02
-1.47660e-02
-1.45353e-02
-7.90510e-03
6.61569e-03
2.31038e-02
3.32571e-02
3.52953e-02
2.33362e-02
3.79422e-03
-7.13035e-03
-6.19980e-03
-8.41892e-05
1.25585e-02
2.99938e-02
4.23375e-02
4.21862e-02
2.86211e-02
3.40110e-04
-2.88637e-02
-4.01292e-02
-3.43763e-02
-2.25274e-02
9.76511e-04
1.90916e-02
1.73311e-02
5.54508e-03
-1.39346e-02
-3.51468e-02
-4.31469e-02
-3.00666e-02
-1.73892e-02
-1.36721e-02
-2.05871e-02
-3.18415e-02
-4.68681e-02
-6.23012e-02
-6.73619e-02
-6.32134e-02
-5.89309e-02
-5.24742e-02
-4.53453e-02
-4.06383e-02
-3.75829e-02
-3.31361e-02
-2.55826e-02
-1.65337e-02
-3.17096e-03
8.65781e-03
1.48189e-02
1.98279e-02
2.04386e-02
1.40458e-02
1.64973e-03
-1.41031e-02
-3.06091e-02
-4.38150e-02
-4.90069e-02
-4.96109e-02
-4.58670e-02
-3.97564e-02
-3.42487e-02
-3.61679e-02
-4.40126e-02
-5.34256e-02
-5.85127e-02
-5.93934e-02
-5.90345e-02
-6.12749e-02
-6.73787e-02
-7.18763e-02
-7.38885e-02
-7.44822e-02
-7.29124e-02
-7.16232e-02
-6.93784e-02
-6.55061e-02
-6.18691e-02
-5.86545e-02
-5.22112e-02
-4.15887e-02
-3.56436e-02
-3.24682e-02
-3.16642e-02
-3.26135e-02
-3.05543e-02
-2.17223e-02
-6.11391e-03
1.33002e-02
2.42164e-02
2.53483e-02
1.96350e-02
1.17385e-02
5.31609e-03
1.98950e-03
4.43594e-03
1.30415e-02
2.63393e-02
3.53226e-02
3.92296e-02
3.77637e-02
3.00254e-02
2.04441e-02
1.33776e-02
4.61367e-03
-2.77898e-03
-2.20668e-03
-1.38646e-03
-8.85098e-04
1.90658e-03
1.95188e-03
-2.03834e-03
-5.96482e-03
-8.38661e-03
-7.86369e-03
-8.63333e-03
-9.66872e-03
-1.39644e-02
-2.24879e-02
-3.25357e-02
-4.17415e-02
-4.92074e-02
-5.14516e-02
-3.13013e-02
1.15537e-02
5.84310e-02
9.76891e-02
1.21925e-01
1.11803e-01
9.28060e-02
6.95638e-02
4.97983e-02
3.53976e-02
3.77007e-02
4.43849e-02
4.80509e-02
4.51620e-02
3.11302e-02
1.07569e-02
-4.79543e-03
-1.06084e-02
-5.41327e-03
1.28670e-02
3.67953e-02
5.39272e-02
5.79619e-02
5.68864e-02
5.30054e-02
5.10790e-02
5.49591e-02
6.69333e-02
8.75152e-02
1.07300e-01
1.22488e-01
1.31979e-01
1.34680e-01
1.28768e-01
1.14889e-01
9.40984e-02
6.93930e-02
5.34717e-02
4.95875e-02
5.23947e-02
5.26461e-02
4.61334e-02
3.35400e-02
2.10555e-02
1.31112e-02
1.45913e-02
3.35839e-02
6.91456e-02
1.05658e-01
1.31534e-01
1.52025e-01
1.56652e-01
1.54315e-01
1.55793e-01
1.59861e-01
1.65251e-01
1.67620e-01
1.62611e-01
1.47686e-01
1.19529e-01
7.49968e-02
1.52453e-02
-4.89550e-02
-1.00507e-01
-1.43687e-01
-1.69988e-01
-1.75839e-01
-1.88574e-01
-2.06491e-01
-2.22259e-01
-2.35343e-01
-2.42758e-01
-2.44013e-01
-2.30698e-01
-1.82293e-01
-9.54016e-02
-9.53600e-03
6.51046e-02
1.44453e-01
1.87934e-01
1.87544e-01
1.57410e-01
9.33907e-02
1.89872e-02
-3.40217e-02
-6.04350e-02
-5.28369e-02
-2.64272e-02
1.21356e-02
6.22448e-02
1.24778e-01
1.52044e-01
1.49816e-01
1.44802e-01
1.30895e-01
1.10757e-01
9.64368e-02
8.07844e-02
6.11646e-02
4.87353e-02
3.32132e-02
2.09982e-02
1.33819e-02
2.69717e-03
-2.90707e-03
-2.79463e-03
1.03277e-03
1.23940e-02
3.09326e-02
5.19219e-02
6.93164e-02
8.79547e-02
1.00971e-01
1.07603e-01
1.13340e-01
1.20690e-01
1.24014e-01
1.27168e-01
1.28894e-01
1.25968e-01
1.16539e-01
9.63606e-02
6.26140e-02
2.82093e-02
-8.62277e-04
-3.75474e-02
-6.79290e-02
-9.01068e-02
-1.01403e-01
-9.55598e-02
-8.07248e-02
-5.73774e-02
-3.13630e-02
-5.52872e-04
3.40506e-02
5.78615e-02
7.18313e-02
7.79924e-02
5.98971e-02
2.46632e-02
-2.03001e-02
-6.70858e-02
-1.05644e-01
-1.18674e-01
-1.28484e-01
-1.36021e-01
-1.36326e-01
-1.38909e-01
-1.45688e-01
-1.51081e-01
-1.54249e-01
-1.55765e-01
-1.56913e-01
-1.55925e-01
-1.52808e-01
-1.43815e-01
-1.21268e-01
-8.56664e-02
-4.56076e-02
-1.28904e-02
-7.61321e-03
-1.64716e-03
3.94401e-05
-4.15379e-03
-1.08125e-02
-1.67036e-02
-2.27946e-02
-3.26205e-02
-4.07344e-02
-5.50402e-02
-6.79634e-02
-7.51471e-02
-8.05975e-02
-7.68289e-02
-6.00464e-02
-2.75954e-02
7.01583e-03
4.23356e-02
6.83204e-02
7.81652e-02
9.64777e-02
1.15329e-01
1.25219e-01
1.29636e-01
1.28059e-01
1.14316e-01
9.13013e-02
6.79461e-02
4.19721e-02
9.79240e-03
-1.44621e-02
-3.42649e-02
-4.23027e-02
-3.86996e-02
-2.62790e-02
2.50773e-03
3.95507e-02
6.94652e-02
8.15323e-02
8.86456e-02
9.39246e-02
9.43357e-02
9.35932e-02
8.80022e-02
6.99503e-02
3.41523e-02
-1.19348e-02
-4.77285e-02
-9.57081e-02
-1.39830e-01
-1.84901e-01
-2.28904e-01
-2.46844e-01
-2.64979e-01
-2.72064e-01
-2.63757e-01
-2.59260e-01
-2.51175e-01
-2.39250e-01
-2.33334e-01
-2.39001e-01
-2.48578e-01
-2.55567e-01
-2.52567e-01
-2.39906e-01
-2.19681e-01
-1.96932e-01
-1.59545e-01
-1.20012e-01
-1.00603e-01
-7.78004e-02
-5.55328e-02
-2.83657e-02
7.35618e-04
2.52310e-02
5.39379e-02
7.71048e-02
8.24783e-02
7.84537e-02
6.89259e-02
5.97959e-02
4.49404e-02
2.60964e-02
1.55339e-02
1.07729e-02
1.12303e-02
1.13684e-02
1.41185e-02
2.61827e-02
6.18594e-02
1.14505e-01
1.35200e-01
1.50649e-01
1.68607e-01
1.66188e-01
1.33235e-01
6.55526e-02
-1.76150e-02
-8.56629e-02
-1.17253e-01
-1.58504e-01
-1.98945e-01
-2.20661e-01
-2.33866e-01
-2.38345e-01
-2.26457e-01
-1.94604e-01
-1.40614e-01
-5.59674e-02
4.46964e-02
8.38376e-02
8.74396e-02
1.15380e-01
1.64085e-01
2.30792e-01
2.91670e-01
2.85454e-01
2.27069e-01
1.60650e-01
1.19806e-01
1.02146e-01
8.54213e-02
3.97696e-02
-8.37715e-03
-1.84037e-02
-9.52438e-03
1.34697e-02
5.93668e-02
1.25244e-01
1.90588e-01
2.41619e-01
2.64181e-01
2.50057e-01
2.51039e-01
2.56430e-01
2.45001e-01
2.15765e-01
1.89092e-01
1.94287e-01
2.03106e-01
1.91931e-01
1.44868e-01
7.33039e-02
4.80740e-02
2.58311e-02
-2.62571e-03
-3.86371e-02
-7.43809e-02
-9.64429e-02
-1.09264e-01
-1.23351e-01
-1.31754e-01
-1.24952e-01
-1.13256e-01
-1.04622e-01
-9.85692e-02
-9.20638e-02
-8.63353e-02
-7.29426e-02
-5.16184e-02
-2.53962e-02
1.28969e-02
5.89833e-02
9.35418e-02
1.06710e-01
8.70388e-02
6.73175e-02
4.16148e-02
-7.96137e-03
-8.55727e-02
-1.55369e-01
-1.82696e-01
-2.08537e-01
-2.31170e-01
-2.34641e-01
-2.26162e-01
-1.97249e-01
-1.46196e-01
-8.26794e-02
-2.87239e-02
1.85888e-02
4.52834e-02
4.01397e-02
3.72706e-02
4.14665e-02
4.79489e-02
5.50071e-02
6.17332e-02
6.61252e-02
6.25691e-02
4.52154e-02
1.67107e-02
-4.16616e-03
-1.04886e-02
-1.55331e-02
-9.11060e-03
1.21732e-02
2.85111e-02
2.64455e-02
1.86884e-02
2.00855e-02
2.18949e-02
1.24716e-02
-7.80958e-03
-3.37404e-02
-5.28243e-02
-5.15690e-02
-3.76355e-02
-2.29685e-02
-1.80224e-02
-2.61711e-02
-3.95108e-02
-5.78779e-02
-8.05546e-02
-1.13291e-01
-1.79999e-01
-2.64920e-01
-2.99826e-01
-2.88040e-01
-2.66739e-01
-2.19002e-01
-1.20975e-01
-4.57603e-02
-3.10966e-02
-4.26034e-02
-5.35186e-02
-6.53482e-02
-8.27237e-02
-9.82453e-02
-1.11482e-01
-1.14737e-01
-1.15378e-01
-1.15190e-01
-1.10250e-01
-9.00901e-02
-5.93238e-02
-3.09198e-02
-6.65521e-03
2.22783e-03
-1.91352e-03
-9.94076e-03
-2.35498e-02
-4.33267e-02
-6.35255e-02
-7.29557e-02
-8.14049e-02
-9.02978e-02
-9.98347e-02
-1.11057e-01
-1.17677e-01
-1.01319e-01
-5.46016e-02
-2.99887e-04
3.13431e-02
5.24680e-02
8.29727e-02
1.26334e-01
1.58919e-01
1.71130e-01
1.76260e-01
1.65403e-01
1.28239e-01
7.80718e-02
3.59540e-02
4.62134e-04
-4.07477e-02
-6.66063e-02
-7.67541e-02
-8.38277e-02
-8.64623e-02
-8.26923e-02
-6.83763e-02
-4.01539e-02
-1.52180e-03
2.54702e-02
4.91010e-02
7.47618e-02
8.68313e-02
8.85867e-02
7.94825e-02
5.79321e-02
3.57691e-02
2.52894e-02
1.18706e-02
-1.23572e-03
1.48763e-03
1.58165e-02
4.52002e-02
8.75687e-02
1.31745e-01
1.72019e-01
1.97691e-01
1.85412e-01
1.31950e-01
7.87304e-02
6.17496e-02
6.21343e-02
5.31046e-02
5.21978e-02
7.15935e-02
1.00279e-01
1.23779e-01
1.37976e-01
1.34242e-01
1.12404e-01
8.33495e-02
7.00064e-02
7.05685e-02
7.90179e-02
9.62190e-02
1.21215e-01
1.34884e-01
1.35463e-01
1.29950e-01
1.14221e-01
8.00171e-02
3.70293e-02
1.27563e-02
-8.03364e-03
-1.80387e-02
-4.24225e-03
2.50395e-02
6.40874e-02
1.08622e-01
1.49582e-01
1.57737e-01
1.52174e-01
1.45385e-01
1.17976e-01
5.46256e-02
-2.89948e-02
-1.04140e-01
-1.60964e-01
-1.96066e-01
-2.24019e-01
-2.34422e-01
-2.15385e-01
-1.66345e-01
-1.10524e-01
-4.69818e-02
-3.92584e-03
2.08732e-02
4.86152e-02
8.08309e-02
8.98516e-02
9.18781e-02
8.81169e-02
6.68872e-02
2.49370e-02
-1.59730e-02
-4.62124e-02
-6.02064e-02
-5.76353e-02
-5.60648e-02
-4.78114e-02
-2.81158e-02
4.62405e-03
3.82890e-02
7.00711e-02
1.01726e-01
1.36135e-01
1.78415e-01
2.05872e-01
2.04011e-01
1.87659e-01
1.57944e-01
1.09495e-01
4.74324e-02
-2.59403e-02
-1.12541e-01
-1.71092e-01
-2.08944e-01
-2.46964e-01
-2.69844e-01
-2.61395e-01
-2.52067e-01
-2.41457e-01
-2.19164e-01
-1.92379e-01
-1.51917e-01
-1.12267e-01
-8.64000e-02
-7.00694e-02
-4.62278e-02
-2.45379e-02
2.27029e-03
3.60326e-02
6.06867e-02
9.03684e-02
1.19266e-01
1.23702e-01
1.10527e-01
8.30617e-02
5.10652e-02
3.60741e-02
2.83851e-02
1.14732e-02
-1.91816e-02
-5.11789e-02
-8.51674e-02
-1.19437e-01
-1.52625e-01
-1.89765e-01
-1.95249e-01
-1.79433e-01
-1.49061e-01
-9.82085e-02
-2.15307e-02
4.08832e-02
3.00797e-02
-1.38625e-02
-5.13191e-02
-4.67378e-02
-3.69917e-02
-1.93271e-02
1.85755e-02
6.68566e-02
1.02722e-01
1.21919e-01
1.19829e-01
1.09321e-01
9.95311e-02
8.77081e-02
7.84507e-02
6.87619e-02
6.23762e-02
5.81082e-02
5.77586e-02
6.45148e-02
8.11435e-02
1.07865e-01
1.37939e-01
1.77648e-01
2.22228e-01
2.54628e-01
2.76966e-01
2.90286e-01
2.76927e-01
2.08987e-01
1.02202e-01
8.12544e-03
-5.04256e-02
-9.48762e-02
-1.51244e-01
-2.00064e-01
-2.19090e-01
-2.02901e-01
-1.48210e-01
-7.02095e-02
-1.50438e-03
5.06848e-02
8.11033e-02
7.16779e-02
3.34960e-02
-2.88437e-02
-8.41300e-02
-1.15973e-01
-1.33808e-01
-1.35751e-01
-1.25800e-01
-1.10015e-01
-9.30371e-02
-7.62694e-02
-6.21093e-02
-4.10599e-02
-6.46409e-03
3.01112e-02
6.24310e-02
9.01080e-02
1.08767e-01
1.24288e-01
1.39806e-01
1.58354e-01
1.78432e-01
1.92711e-01
1.97031e-01
1.86813e-01
1.56101e-01
9.43279e-02
1.04834e-03
-9.11663e-02
-1.55631e-01
-1.94525e-01
-1.96339e-01
-1.77927e-01
-1.44515e-01
-9.45620e-02
-3.08387e-02
2.93318e-02
4.52698e-02
4.27683e-02
2.27754e-02
-2.93400e-02
-9.86831e-02
-1.43776e-01
-1.70815e-01
-1.89647e-01
-1.91766e-01
-1.88420e-01
-1.61959e-01
-9.90708e-02
-1.93664e-02
5.04544e-02
5.67371e-02
6.68519e-02
7.64897e-02
8.11545e-02
7.99199e-02
7.52237e-02
6.77028e-02
5.69008e-02
5.43054e-02
5.08078e-02
4.76479e-02
4.28743e-02
3.62833e-02
3.07708e-02
2.76185e-02
2.74196e-02
3.68643e-02
5.60007e-02
8.02677e-02
9.56627e-02
1.02655e-01
1.05962e-01
1.04575e-01
9.71355e-02
8.75540e-02
7.73496e-02
6.40610e-02
5.22102e-02
4.04246e-02
2.26799e-02
1.66430e-03
-2.98937e-02
-7.34241e-02
-1.09445e-01
-1.34761e-01
-1.62366e-01
-1.79201e-01
-1.80750e-01
-1.78832e-01
-1.70325e-01
-1.50337e-01
-1.21582e-01
-9.10665e-02
-6.84301e-02
-5.37175e-02
-4.45095e-02
-3.40258e-02
-2.47817e-02
-2.22323e-02
-2.09511e-02
-2.27414e-02
-2.88011e-02
-3.87676e-02
-5.25815e-02
-7.03808e-02
-8.05571e-02
-7.71538e-02
-7.07314e-02
-5.94490e-02
-3.65141e-02
-5.42608e-03
1.61410e-02
3.64623e-02
5.28277e-02
6.24870e-02
7.70372e-02
9.29913e-02
1.03134e-01
1.07104e-01
1.05637e-01
9.23113e-02
5.91374e-02
1.15223e-02
-1.92802e-02
-2.56691e-02
-2.43543e-02
-1.94076e-02
-2.91067e-03
2.27617e-02
4.84669e-02
6.98230e-02
7.82033e-02
7.45384e-02
6.75046e-02
5.68683e-02
4.87926e-02
4.37863e-02
4.15030e-02
4.00732e-02
4.04998e-02
4.15338e-02
4.05296e-02
3.64796e-02
3.02589e-02
1.86572e-02
2.37112e-04
-1.26340e-02
-2.26672e-02
-2.68352e-02
-3.14265e-02
-3.40533e-02
-2.92580e-02
-1.71598e-02
1.10693e-03
1.86925e-02
3.51163e-02
4.90955e-02
5.46508e-02
5.16317e-02
4.41886e-02
3.14725e-02
1.13387e-02
-1.02415e-02
-2.25586e-02
-3.77260e-02
-5.00714e-02
-5.83083e-02
-7.23237e-02
-9.13918e-02
-1.04401e-01
-1.15031e-01
-1.19652e-01
-1.31427e-01
-1.47668e-01
-1.52580e-01
-1.31216e-01
-7.76853e-02
-2.95313e-02
-6.34339e-03
9.55063e-03
2.51424e-02
3.92844e-02
5.33407e-02
6.29153e-02
6.70642e-02
6.83184e-02
6.71720e-02
6.57205e-02
6.56049e-02
6.93046e-02
7.68809e-02
8.57997e-02
9.24576e-02
9.82155e-02
1.01833e-01
9.72872e-02
8.78693e-02
7.68244e-02
6.47770e-02
5.02680e-02
4.68401e-02
4.53103e-02
4.33632e-02
4.70630e-02
5.36099e-02
5.86361e-02
5.73508e-02
4.97495e-02
3.36162e-02
5.42813e-03
-2.98571e-02
-5.52671e-02
-7.74625e-02
-1.01198e-01
-1.14953e-01
-1.18383e-01
-1.12729e-01
-8.17549e-02
-2.07180e-02
4.73390e-02
7.84568e-02
9.98751e-02
1.17336e-01
1.27469e-01
1.41269e-01
1.52118e-01
1.56590e-01
1.61800e-01
1.66488e-01
1.69944e-01
1.76941e-01
1.85618e-01
1.93238e-01
1.97445e-01
1.93565e-01
1.80772e-01
1.63309e-01
1.42080e-01
1.08464e-01
5.40540e-02
-1.14123e-02
-8.04183e-02
-1.50614e-01
-1.74195e-01
-1.91918e-01
-2.00811e-01
-1.95852e-01
-1.63612e-01
-1.06711e-01
-6.44339e-02
-2.70549e-02
-1.79776e-03
-3.72283e-03
-2.12134e-02
-4.57358e-02
-7.44135e-02
-1.00287e-01
-1.22009e-01
-1.30781e-01
-1.29845e-01
-1.23237e-01
-1.12144e-01
-9.25812e-02
-6.50259e-02
-5.31187e-02
-5.12355e-02
-5.08153e-02
-5.20374e-02
-4.62561e-02
-3.77965e-02
-2.53058e-02
-6.71737e-03
9.59375e-03
2.00233e-02
2.71495e-02
2.80644e-02
2.53817e-02
2.38932e-02
2.15557e-02
1.96588e-02
1.76200e-02
1.65746e-02
1.89829e-02
2.46331e-02
2.69553e-02
2.94236e-02
3.03684e-02
2.35361e-02
7.72736e-03
-1.50746e-02
-2.94207e-02
-4.22896e-02
-5.15218e-02
-5.64827e-02
-5.78536e-02
-5.20478e-02
-4.45183e-02
-4.15168e-02
-3.82675e-02
-3.35498e-02
-2.84514e-02
-2.66675e-02
-3.31571e-02
-4.11958e-02
-4.41032e-02
-4.46047e-02
-4.35482e-02
-3.62571e-02
-2.08319e-02
-1.14497e-03
1.78027e-02
3.84970e-02
5.87737e-02
7.00976e-02
7.86099e-02
9.06778e-02
1.01619e-01
1.06998e-01
1.05441e-01
9.73390e-02
8.68935e-02
7.54514e-02
6.33121e-02
4.91983e-02
3.71963e-02
2.75535e-02
1.75986e-02
1.23368e-02
1.21182e-02
1.45069e-02
1.85568e-02
1.89502e-02
1.51102e-02
8.46532e-03
4.05187e-03
-8.29039e-05
-2.78031e-03
-9.22816e-03
-1.45170e-02
-1.77540e-02
-2.24060e-02
-2.52617e-02
-2.99075e-02
-3.51197e-02
-3.57228e-02
-3.52917e-02
-3.61480e-02
-3.41771e-02
-2.67390e-02
-1.87405e-02
-1.29388e-02
-6.29576e-03
-6.47155e-04
5.01603e-03
1.04770e-02
1.46378e-02
1.91911e-02
2.62528e-02
3.39610e-02
4.38725e-02
5.64296e-02
6.64936e-02
7.54113e-02
8.33699e-02
9.05076e-02
9.92833e-02
1.06909e-01
1.12397e-01
1.17151e-01
1.18561e-01
1.16594e-01
1.12892e-01
1.07734e-01
1.00887e-01
8.83269e-02
7.22701e-02
5.79656e-02
4.41123e-02
2.80901e-02
4.25563e-03
-1.98755e-02
-3.02441e-02
-3.71164e-02
-4.23499e-02
-4.27920e-02
-4.27117e-02
-4.05150e-02
-3.59842e-02
-3.11387e-02
-3.06351e-02
-2.78099e-02
-2.47733e-02
-2.33078e-02
-2.08737e-02
-1.37725e-02
-8.06583e-03
-2.49683e-03
5.38260e-03
1.08975e-02
1.41464e-02
1.53715e-02
1.79310e-02
2.09621e-02
2.07557e-02
1.75841e-02
1.19403e-02
7.59658e-03
-1.41658e-03
-1.66742e-02
-3.16262e-02
-4.30459e-02
-5.01248e-02
-5.50709e-02
-5.86538e-02
-5.78913e-02
-4.96388e-02
-3.62750e-02
-2.51135e-02
-1.67580e-02
-8.91363e-03
-9.95261e-04
5.76023e-03
7.36522e-03
3.56366e-03
-1.60718e-03
-6.31760e-03
-1.31464e-02
-2.33415e-02
-3.16853e-02
-3.66125e-02
-4.11589e-02
-4.54905e-02
-4.93968e-02
-5.16354e-02
-5.53396e-02
-6.05244e-02
-6.49654e-02
-7.18592e-02
-7.82173e-02
-8.01678e-02
-8.37673e-02
-8.96690e-02
-9.29994e-02
-9.41257e-02
-9.27123e-02
-9.00763e-02
-8.73620e-02
-8.15388e-02
-7.07848e-02
-5.60673e-02
-4.74710e-02
-3.93444e-02
-3.16987e-02
-2.76189e-02
-2.28789e-02
-2.00733e-02
-2.09254e-02
-2.08849e-02
-1.99613e-02
-1.82206e-02
-1.55227e-02
-1.43590e-02
-1.20714e-02
-9.85114e-03
-1.25978e-02
-1.96038e-02
-2.74623e-02
-3.14534e-02
-3.73470e-02
-4.56442e-02
-5.25985e-02
-6.04796e-02
-6.49884e-02
-6.83856e-02
-7.08729e-02
-7.06809e-02
-7.29101e-02
-7.54430e-02
-7.46098e-02
-7.26308e-02
-6.95198e-02
-6.55540e-02
-6.00219e-02
-5.52486e-02
-4.67915e-02
-3.77704e-02
-3.54750e-02
-3.41194e-02
-3.25188e-02
-3.25411e-02
-3.21575e-02
-3.06680e-02
-2.74543e-02
-2.42048e-02
-2.26069e-02
-1.80998e-02
-1.40588e-02
-1.11458e-02
-6.67542e-03
-2.75554e-03
1.21577e-04
4.59530e-03
9.50291e-03
1.40197e-02
1.80517e-02
1.90944e-02
1.71572e-02
1.38429e-02
1.15953e-02
9.16514e-03
6.76295e-03
6.69353e-03
9.87668e-03
1.51090e-02
2.08159e-02
2.47631e-02
3.03973e-02
3.76461e-02
4.11896e-02
4.30124e-02
4.50607e-02
4.67924e-02
5.03328e-02
5.47459e-02
5.78600e-02
6.33615e-02
6.84114e-02
7.25942e-02
7.61767e-02
7.70993e-02
7.37375e-02
6.78784e-02
6.16574e-02
5.40551e-02
4.65203e-02
4.07221e-02
3.57932e-02
3.31173e-02
3.48206e-02
4.10365e-02
4.87220e-02
5.57411e-02
6.33796e-02
6.79380e-02
6.98555e-02
6.93473e-02
6.31913e-02
5.77225e-02
5.43088e-02
5.13385e-02
4.76753e-02
4.65179e-02
4.56595e-02
4.69809e-02
4.84567e-02
5.23935e-02
5.63219e-02
5.53414e-02
5.32933e-02
5.03977e-02
4.79155e-02
4.67157e-02
4.73739e-02
4.88663e-02
5.14704e-02
5.28651e-02
5.26471e-02
5.28335e-02
5.04747e-02
4.21086e-02
3.23543e-02
2.51742e-02
1.44911e-02
5.23368e-03
6.17264e-04
-2.61320e-03
-3.98666e-03
-1.09859e-03
3.82193e-03
5.61138e-03
9.07751e-03
1.25820e-02
1.10125e-02
1.08956e-02
1.19282e-02
1.24537e-02
1.22277e-02
1.08025e-02
8.97963e-03
8.40492e-03
3.65989e-03
-3.20322e-03
-8.89540e-03
-1.42686e-02
-1.80101e-02
-1.86626e-02
-1.84028e-02
-1.89064e-02
-1.77283e-02
-1.51862e-02
-1.58821e-02
-1.79530e-02
-1.74418e-02
-1.64724e-02
-1.49360e-02
-1.33431e-02
-1.43056e-02
-1.29446e-02
-8.84651e-03
-6.06285e-03
-2.03893e-03
3.04058e-03
5.35081e-03
9.65511e-03
1.46973e-02
1.65948e-02
1.73668e-02
1.71514e-02
1.71821e-02
1.61270e-02
1.42551e-02
1.32829e-02
1.19980e-02
1.26210e-02
1.30520e-02
1.25344e-02
1.02980e-02
5.61342e-03
6.67456e-04
-3.70266e-03
-5.59000e-03
-3.54212e-03
-5.37266e-04
3.23362e-03
4.52741e-03
4.10822e-03
4.15733e-03
2.06357e-03
1.34708e-03
5.13573e-04
1.11653e-03
1.01208e-03
4.95229e-04
9.22323e-04
2.62999e-03
4.13871e-03
3.32397e-03
3.03594e-03
3.24842e-03
3.33356e-03
3.81098e-03
5.23233e-03
7.09401e-03
8.35149e-03
1.12286e-02
1.28427e-02
1.36971e-02
1.49300e-02
1.32696e-02
1.10510e-02
8.50057e-03
3.18768e-03
-6.48026e-04
-3.94726e-03
-4.68876e-03
-5.77927e-03
-8.07489e-03
-7.97290e-03
-7.42699e-03
-6.03152e-03
-4.19265e-03
-3.46619e-03
-1.69793e-03
-3.05612e-04
9.48795e-04
3.49704e-04
-1.50408e-03
-5.02419e-03
-9.50843e-03
-1.52896e-02
-1.97826e-02
-2.14848e-02
-2.38286e-02
-2.49701e-02
-2.41354e-02
-2.26016e-02
-2.12163e-02
-2.03147e-02
-1.96811e-02
-2.01516e-02
-1.95647e-02
-1.75990e-02
-1.52356e-02
-1.19486e-02
-7.91664e-03
-4.72994e-03
-2.71949e-04
2.93523e-03
2.91181e-03
2.71654e-03
2.77556e-03
5.71029e-04
-4.16044e-03
-9.79763e-03
-1.75609e-02
-2.60843e-02
-3.28174e-02
-4.01795e-02
-4.59585e-02
-5.14857e-02
-5.59566e-02
-5.64564e-02
-5.79988e-02
-6.03544e-02
-6.09462e-02
-5.97706e-02
-5.65962e-02
-5.38064e-02
-5.23105e-02
-5.07796e-02
-4.70163e-02
-4.24416e-02
-4.00546e-02
-3.75115e-02
-3.47824e-02
-3.27428e-02
-3.15113e-02
-3.14035e-02
-3.25485e-02
-3.40920e-02
-3.34597e-02
-3.06505e-02
-2.89755e-02
-2.68323e-02
-2.22239e-02
-1.85213e-02
-1.63310e-02
-1.54322e-02
-1.69201e-02
-1.81693e-02
-2.00097e-02
-2.30999e-02
-2.59372e-02
-2.76333e-02
-2.75925e-02
-2.74714e-02
-2.78868e-02
-2.79422e-02
-2.77068e-02
-2.87291e-02
-3.25963e-02
-3.75920e-02
-4.06450e-02
-4.31363e-02
-4.58584e-02
-4.77804e-02
-4.80281e-02
-4.67979e-02
-4.41580e-02
-4.13914e-02
-3.75008e-02
-3.19480e-02
-2.76660e-02
-2.39884e-02
-1.70550e-02
-9.94826e-03
-5.58828e-03
3.55187e-04
3.29960e-03
2.51654e-03
1.25039e-03
-1.28454e-03
-3.16313e-03
-3.40793e-03
-2.58371e-03
-8.32503e-04
2.31656e-03
7.34578e-03
1.29074e-02
1.36106e-02
1.47084e-02
1.32414e-02
9.58955e-03
5.84703e-03
1.59369e-03
-3.45407e-04
-3.01144e-03
-4.98022e-03
-4.38650e-03
-2.92969e-03
1.56114e-04
2.54667e-03
4.87880e-03
8.09974e-03
1.14067e-02
1.26783e-02
9.89185e-03
6.38846e-03
5.70831e-03
6.45555e-03
5.63073e-03
6.22502e-03
7.23260e-03
6.81495e-03
6.33379e-03
4.88946e-03
2.81722e-03
3.54184e-03
4.25650e-03
5.98579e-03
9.37119e-03
1.18461e-02
1.34273e-02
1.43729e-02
1.50804e-02
1.45387e-02
1.30629e-02
1.17544e-02
1.24248e-02
1.29356e-02
1.44818e-02
1.80168e-02
2.19932e-02
2.69578e-02
3.27059e-02
3.97704e-02
4.33631e-02
4.69698e-02
5.18964e-02
5.42137e-02
5.52284e-02
5.51625e-02
5.50395e-02
5.30853e-02
4.92829e-02
4.59822e-02
4.17900e-02
3.96674e-02
3.71745e-02
3.38343e-02
3.05619e-02
2.79892e-02
2.71943e-02
2.76254e-02
2.72947e-02
2.75433e-02
2.96819e-02
3.21420e-02
3.37413e-02
3.69916e-02
4.13993e-02
4.45166e-02
4.86896e-02
5.24287e-02
5.54477e-02
6.02344e-02
6.47559e-02
6.70215e-02
6.69527e-02
6.22620e-02
5.32195e-02
4.38850e-02
3.48811e-02
2.11603e-02
7.12067e-03
-3.18270e-03
-1.32051e-02
-2.08389e-02
-2.51391e-02
-2.63587e-02
-2.33861e-02
-1.84865e-02
-1.24510e-02
-5.60416e-03
3.09690e-04
3.56314e-03
5.71582e-03
7.32390e-03
7.21464e-03
5.00961e-03
1.41613e-03
-3.63687e-03
-7.04775e-03
-7.55506e-03
-6.57722e-03
-5.87792e-03
-4.69135e-03
-5.35025e-03
-8.69380e-03
-1.15918e-02
-1.48033e-02
-2.02276e-02
-2.60205e-02
-3.03900e-02
-3.42305e-02
-3.98060e-02
-4.48706e-02
-4.66085e-02
-4.73866e-02
-4.72245e-02
-4.37690e-02
-3.71238e-02
-2.95732e-02
-2.34929e-02
-1.84105e-02
-1.56621e-02
-1.58049e-02
-1.79734e-02
-2.06482e-02
-2.39098e-02
-2.81475e-02
-3.02826e-02
-3.07591e-02
-3.25176e-02
-3.36781e-02
-3.37688e-02
-3.32555e-02
-3.09165e-02
-2.79182e-02
-2.73149e-02
-2.76615e-02
-2.81892e-02
-2.90602e-02
-3.11719e-02
-3.42787e-02
-3.79576e-02
-4.24848e-02
-4.56874e-02
-4.82101e-02
-5.05286e-02
-5.05642e-02
-4.79635e-02
-4.34023e-02
-3.87112e-02
-3.54012e-02
-3.17914e-02
-2.85337e-02
-2.47281e-02
-1.99069e-02
-1.59881e-02
-1.33970e-02
-1.34129e-02
-1.59407e-02
-1.85999e-02
-2.03733e-02
-2.13570e-02
-2.40678e-02
-2.57758e-02
-2.65599e-02
-2.64079e-02
-2.48962e-02
-2.44081e-02
-2.28482e-02
-1.90708e-02
-1.37598e-02
-6.61089e-03
1.55525e-03
1.05678e-02
1.84905e-02
2.48987e-02
3.10967e-02
3.45521e-02
3.66552e-02
3.77472e-02
3.73687e-02
3.66815e-02
3.60741e-02
3.57787e-02
3.35444e-02
2.81061e-02
2.19688e-02
1.69899e-02
1.10378e-02
6.07690e-03
4.42748e-03
5.34286e-03
4.96955e-03
5.76325e-03
9.42702e-03
1.40845e-02
1.86304e-02
2.01316e-02
1.89247e-02
1.41769e-02
8.34509e-03
2.47322e-03
-2.13135e-04
-3.02356e-03
-4.56082e-03
-3.02890e-03
1.60106e-03
7.90422e-03
1.08699e-02
1.61951e-02
2.15564e-02
2.63056e-02
3.22670e-02
3.86794e-02
3.99763e-02
3.87605e-02
3.45240e-02
2.85917e-02
2.07469e-02
1.33336e-02
2.87081e-03
-1.18142e-02
-1.99149e-02
-2.41711e-02
-2.88191e-02
-2.78219e-02
-2.48444e-02
-2.26890e-02
-1.73750e-02
-9.94425e-03
-8.17744e-03
-7.62829e-03
-6.46695e-03
-8.94814e-03
-1.08248e-02
-1.53020e-02
-1.70074e-02
-1.91061e-02
-1.85998e-02
-1.86257e-02
-1.79745e-02
-1.46330e-02
-1.18581e-02
-1.08802e-02
-1.13799e-02
-1.00726e-02
-7.59669e-03
-7.56522e-03
-7.98453e-03
-7.87820e-03
-8.02184e-03
-8.15370e-03
-6.98649e-03
-3.07109e-03
1.53863e-03
4.29151e-03
8.07601e-03
1.48657e-02
2.03225e-02
2.54400e-02
2.94100e-02
3.16317e-02
3.46991e-02
3.75106e-02
3.90454e-02
4.02109e-02
4.03143e-02
3.81269e-02
3.51239e-02
3.07456e-02
2.56884e-02
2.02923e-02
1.60237e-02
1.43136e-02
1.16298e-02
1.00924e-02
1.03327e-02
9.91511e-03
9.97104e-03
1.18918e-02
1.47645e-02
1.62376e-02
1.87017e-02
2.34870e-02
2.58730e-02
2.85145e-02
2.99002e-02
2.89870e-02
2.90373e-02
2.99378e-02
3.16801e-02
3.34963e-02
3.26550e-02
3.36105e-02
3.60247e-02
3.59619e-02
3.55078e-02
3.48431e-02
3.33787e-02
3.27577e-02
3.32352e-02
3.33054e-02
3.28735e-02
3.26566e-02
3.33682e-02
3.50989e-02
3.59783e-02
3.46841e-02
3.25639e-02
3.25276e-02
3.28776e-02
3.12471e-02
2.80450e-02
2.14704e-02
1.49028e-02
1.06870e-02
5.28597e-03
1.50204e-03
-9.22711e-04
-2.78445e-03
-1.30240e-03
1.46450e-03
2.12397e-03
3.49710e-03
6.13097e-03
6.77081e-03
6.56618e-03
7.31436e-03
7.32553e-03
6.53965e-03
5.90568e-03
4.24181e-03
2.10439e-03
-6.89528e-04
-4.58502e-03
-1.05372e-02
-1.59231e-02
-1.68901e-02
-1.97064e-02
-2.30935e-02
-2.46412e-02
-2.52410e-02
-2.89335e-02
-3.34157e-02
-3.87266e-02
-4.33699e-02
-4.68912e-02
-5.12743e-02
-5.31002e-02
-5.39241e-02
-5.61588e-02
-5.65189e-02
-5.64818e-02
-5.67592e-02
-5.62691e-02
-5.47584e-02
-5.36777e-02
-5.40324e-02
-5.43658e-02
-5.35097e-02
-5.15525e-02
-4.99743e-02
-4.89367e-02
-4.74063e-02
-4.60941e-02
-4.51938e-02
-4.54784e-02
-4.53351e-02
-4.54403e-02
-4.69199e-02
-4.88856e-02
-4.98039e-02
-5.11285e-02
-5.07741e-02
-5.03433e-02
-4.92154e-02
-4.75173e-02
-4.83163e-02
-4.72046e-02
-4.46110e-02
-4.40053e-02
-4.22426e-02
-4.12695e-02
-3.83525e-02
-3.65029e-02
-3.59711e-02
-3.29521e-02
-2.95956e-02
-2.66484e-02
-2.40919e-02
-2.25750e-02
-2.25566e-02
-2.26670e-02
-2.23920e-02
-2.20700e-02
-2.13114e-02
-1.95337e-02
-1.75028e-02
-1.37347e-02
-1.02997e-02
-8.45479e-03
-5.77595e-03
-9.97229e-04
5.56131e-03
1.00366e-02
1.11948e-02
1.37400e-02
1.69170e-02
1.87515e-02
1.99052e-02
2.13548e-02
2.06485e-02
2.06134e-02
2.26126e-02
2.62987e-02
2.89071e-02
3.15055e-02
3.59093e-02
4.06445e-02
4.15005e-02
4.18588e-02
4.32471e-02
4.01779e-02
3.58456e-02
3.14994e-02
2.81693e-02
2.39483e-02
2.06261e-02
1.67626e-02
1.30972e-02
1.15913e-02
1.07887e-02
9.42959e-03
7.45425e-03
6.98882e-03
6.99755e-03
5.61772e-03
4.14868e-03
3.89167e-03
4.32910e-03
4.44827e-03
4.32148e-03
3.54262e-03
1.65558e-03
-4.24660e-05
-6.32398e-04
2.86409e-05
2.36745e-03
5.28892e-03
9.90839e-03
1.21723e-02
1.41002e-02
1.51154e-02
1.48101e-02
1.53916e-02
1.55639e-02
1.41096e-02
1.19746e-02
1.27389e-02
1.32054e-02
1.39759e-02
1.61209e-02
1.83230e-02
2.36356e-02
2.58529e-02
2.81323e-02
3.10116e-02
3.25646e-02
3.11638e-02
2.92850e-02
2.99052e-02
2.92892e-02
2.71765e-02
2.71877e-02
2.76665e-02
2.76591e-02
2.74944e-02
2.64445e-02
2.43541e-02
2.28271e-02
2.16757e-02
2.23056e-02
2.46058e-02
2.56004e-02
2.65904e-02
2.72151e-02
2.70190e-02
2.66723e-02
2.46701e-02
2.07060e-02
1.55995e-02
9.88594e-03
5.28796e-03
1.06086e-03
-4.39992e-03
-9.12447e-03
-1.01245e-02
-1.03380e-02
-7.19953e-03
-2.22241e-03
3.02597e-03
6.63263e-03
9.50633e-03
1.25093e-02
1.31331e-02
1.53320e-02
1.53154e-02
1.53751e-02
1.55540e-02
1.43098e-02
1.22760e-02
1.15367e-02
8.54552e-03
5.88560e-03
3.20618e-03
1.23989e-04
-2.42863e-03
-3.98130e-03
-4.83006e-03
-8.01467e-03
-1.13426e-02
-1.47164e-02
-1.86219e-02
-2.06261e-02
-2.20911e-02
-2.41497e-02
-2.36490e-02
-2.16362e-02
-2.14839e-02
-2.13310e-02
-1.94548e-02
-1.89021e-02
-1.93796e-02
-1.95054e-02
-1.93500e-02
-1.86168e-02
-1.67418e-02
-1.49386e-02
-1.38503e-02
-1.38688e-02
-1.60639e-02
-1.74937e-02
-1.80487e-02
-1.94859e-02
-2.14860e-02
-2.41857e-02
-2.54318e-02
-2.70995e-02
-2.97429e-02
-3.10972e-02
-3.28176e-02
-3.52272e-02
-3.54101e-02
-3.37009e-02
-3.21574e-02
-3.16708e-02
-3.03457e-02
-2.75177e-02
-2.29352e-02
-2.05239e-02
-1.90112e-02
-1.44462e-02
-1.06289e-02
-1.07268e-02
-1.13804e-02
-1.15665e-02
-1.27456e-02
-1.42356e-02
-1.53621e-02
-1.63046e-02
-1.58582e-02
-1.52552e-02
-1.39824e-02
-1.27805e-02
-1.13458e-02
-8.51202e-03
-7.29370e-03
-6.29435e-03
-2.68393e-03
9.09578e-04
4.93827e-03
8.88082e-03
1.19434e-02
1.78102e-02
2.42883e-02
2.77661e-02
3.36588e-02
3.93295e-02
4.41872e-02
4.93665e-02
5.38088e-02
5.38953e-02
5.54823e-02
5.53068e-02
5.33657e-02
5.08175e-02
4.99030e-02
4.90990e-02
4.57506e-02
4.24052e-02
3.78368e-02
3.11249e-02
2.38183e-02
1.68211e-02
1.22310e-02
8.37841e-03
5.95599e-03
4.95439e-03
6.15978e-03
7.31125e-03
7.07188e-03
6.57640e-03
6.86218e-03
6.86025e-03
5.30840e-03
3.21416e-03
4.14304e-03
4.72129e-03
4.56927e-03
4.04141e-03
2.35263e-03
4.07525e-04
1.30045e-03
1.50317e-03
1.16228e-03
2.08314e-03
4.07134e-03
4.44928e-03
2.30155e-03
-7.72063e-05
-3.93502e-04
-1.66735e-03
-1.22282e-03
-2.34211e-03
-5.00222e-03
-6.09485e-03
-9.27697e-03
-1.07380e-02
-1.09887e-02
-1.33672e-02
-1.46036e-02
-1.64412e-02
-1.58424e-02
-1.56374e-02
-1.62381e-02
-1.62309e-02
-1.50529e-02
-1.28074e-02
-1.18226e-02
-8.56289e-03
-7.20234e-03
-8.27927e-03
-8.09362e-03
-7.59680e-03
-8.30730e-03
-1.01061e-02
-1.07424e-02
-1.00388e-02
-1.00987e-02
-1.05301e-02
-1.05142e-02
-9.22458e-03
-7.08596e-03
-6.16172e-03
-2.92562e-03
-1.00571e-03
-8.20613e-04
-2.08727e-04
-2.76185e-03
-2.87212e-03
-3.88086e-03
-4.66618e-03
-4.48906e-03
-4.59606e-03
-3.18755e-03
3.73623e-04
3.08478e-03
5.36844e-03
8.06657e-03
1.10602e-02
1.40858e-02
1.63762e-02
1.77108e-02
1.83999e-02
1.65843e-02
1.31548e-02
1.10130e-02
8.76188e-03
4.55859e-03
-2.08428e-03
-8.03863e-03
-1.33674e-02
-1.76263e-02
-1.99484e-02
-2.13826e-02
-1.95845e-02
-1.64656e-02
-1.44238e-02
-1.17400e-02
-7.58091e-03
-3.99363e-03
-4.26227e-03
-2.20852e-03
-7.52599e-04
1.17375e-03
1.14504e-03
2.22752e-03
3.39516e-03
5.37430e-04
-5.25740e-04
-3.67876e-03
-6.44600e-03
-7.79912e-03
-8.35935e-03
-9.61684e-03
-7.75283e-03
-7.06624e-03
-6.47900e-03
-2.99087e-03
-1.51195e-04
2.59868e-03
5.63098e-03
6.53053e-03
5.86176e-03
7.51003e-03
1.00984e-02
9.86153e-03
9.30080e-03
9.43217e-03
9.71849e-03
9.99928e-03
9.94819e-03
9.12153e-03
7.51306e-03
6.84572e-03
7.20340e-03
6.31805e-03
4.09452e-03
2.74230e-03
3.39983e-05
-1.80376e-03
-2.12378e-03
-3.87111e-03
-5.67636e-03
-9.03685e-03
-1.07223e-02
-8.88095e-03
-6.77397e-03
-6.31060e-03
-3.82256e-03
-4.25569e-04
2.56720e-03
4.04871e-03
2.25176e-03
-9.89878e-04
-3.36507e-03
-5.53453e-03
-8.37483e-03
-1.12501e-02
-1.30160e-02
-1.29699e-02
-1.29256e-02
-1.18133e-02
-8.80604e-03
-7.25997e-03
-8.00585e-03
-8.14063e-03
-7.91996e-03
-8.80742e-03
-1.04849e-02
-1.04030e-02
-1.13490e-02
-1.35214e-02
-1.32540e-02
-1.26057e-02
-1.30058e-02
-1.46117e-02
-1.66749e-02
-1.62690e-02
-1.57015e-02
-1.59029e-02
-1.62064e-02
-1.63276e-02
-1.61907e-02
-1.59671e-02
-1.61145e-02
-1.72715e-02
-1.90492e-02
-1.90404e-02
-1.84889e-02
-1.97638e-02
-2.21159e-02
-2.23371e-02
-2.05515e-02
-1.87710e-02
-1.89807e-02
-1.96495e-02
-1.85341e-02
-1.64427e-02
-1.60245e-02
-1.60929e-02
-1.48557e-02
-1.37410e-02
-1.27586e-02
-9.95816e-03
-6.70864e-03
-5.03583e-03
-4.53415e-03
-2.85044e-03
-2.19220e-04
3.15614e-03
4.86544e-03
6.87841e-03
1.01014e-02
1.20063e-02
1.28394e-02
1.53928e-02
1.91346e-02
2.20832e-02
2.37012e-02
2.36103e-02
2.35203e-02
2.39106e-02
2.34623e-02
2.17953e-02
2.04247e-02
1.79889e-02
1.50165e-02
1.33645e-02
1.23372e-02
9.58147e-03
7.03326e-03
7.06900e-03
7.56812e-03
7.28999e-03
6.93539e-03
6.79907e-03
6.77860e-03
6.76472e-03
6.86084e-03
7.14058e-03
7.21643e-03
5.99268e-03
3.03115e-03
9.31670e-04
1.25042e-03
1.65739e-03
1.45355e-03
2.14409e-03
3.85471e-03
4.10417e-03
3.61732e-03
3.86674e-03
4.01717e-03
3.02134e-03
1.16129e-03
9.23158e-04
1.52172e-03
1.33279e-03
1.01633e-03
1.47474e-03
2.98206e-03
4.13039e-03
4.06459e-03
3.47021e-03
2.22104e-03
7.92756e-05
-2.64840e-03
-4.40039e-03
-4.10158e-03
-3.88353e-03
-4.66731e-03
-4.99414e-03
-2.97254e-03
1.48152e-03
4.12198e-03
5.78706e-03
9.97279e-03
1.16918e-02
1.22160e-02
1.20557e-02
1.08662e-02
9.21531e-03
9.73036e-03
1.02943e-02
1.00091e-02
9.70250e-03
9.58535e-03
9.78367e-03
1.00069e-02
9.75625e-03
8.29964e-03
6.45246e-03
7.10686e-03
7.63075e-03
5.94439e-03
2.58849e-03
6.94616e-04
2.26081e-04
-1.53258e-03
-1.62054e-03
-5.81245e-04
1.34541e-03
3.65228e-03
8.14866e-03
9.75799e-03
9.93002e-03
1.20964e-02
1.30023e-02
1.34491e-02
1.26565e-02
1.14463e-02
8.48209e-03
5.37465e-03
2.79339e-03
1.13181e-03
1.46703e-03
2.82504e-03
5.82574e-03
8.49125e-03
9.64308e-03
9.20715e-03
8.93576e-03
8.11109e-03
6.46106e-03
6.87960e-03
7.34061e-03
7.11441e-03
6.86739e-03
6.76494e-03
6.76010e-03
6.78643e-03
6.89734e-03
7.04629e-03
6.83690e-03
5.54074e-03
3.50133e-03
2.72733e-03
-6.46693e-04
-3.48648e-03
-4.77837e-03
-5.72704e-03
-7.77184e-03
-6.06298e-03
-3.50664e-03
-2.66116e-03
7.47182e-04
2.51287e-03
5.26229e-03
7.12999e-03
7.69575e-03
9.70096e-03
1.15263e-02
1.45909e-02
1.62187e-02
1.71628e-02
1.83470e-02
1.59351e-02
1.25544e-02
1.02972e-02
7.49479e-03
3.19704e-03
-1.25046e-03
-3.71623e-03
-6.32164e-03
-7.49600e-03
-5.59678e-03
-2.45321e-03
9.65540e-04
4.16321e-03
8.88854e-03
1.22074e-02
1.22360e-02
1.10499e-02
9.00054e-03
6.23578e-03
4.59968e-03
3.86870e-03
2.52780e-03
5.27375e-04
-8.51395e-04
-1.76708e-03
-2.08336e-03
-3.64005e-03
-4.65610e-03
-4.93558e-03
-7.43577e-03
-1.01467e-02
-1.05336e-02
-1.09790e-02
-1.29685e-02
-1.26836e-02
-1.03752e-02
-9.54926e-03
-8.92110e-03
-7.99066e-03
-7.88550e-03
-7.86201e-03
-7.71674e-03
-8.42112e-03
-1.02070e-02
-1.15947e-02
-1.37374e-02
-1.59435e-02
-1.69391e-02
-1.86003e-02
-1.93547e-02
-1.81897e-02
-1.52888e-02
-1.16609e-02
-8.20724e-03
-5.11277e-03
-4.26482e-03
-1.23590e-03
1.12186e-03
-6.91621e-05
-1.93609e-03
-2.34338e-03
-1.57368e-03
-1.37013e-03
-1.63143e-03
-1.85678e-03
-1.84734e-03
-1.78716e-03
-1.81712e-03
-2.02828e-03
-1.99170e-03
-8.93737e-04
1.37891e-03
2.78790e-03
4.56562e-03
3.62817e-03
1.81726e-03
-5.70800e-04
-1.30695e-03
-2.29027e-03
-3.91056e-03
-4.69046e-03
-4.45836e-03
-4.25587e-03
-3.78208e-03
-3.46011e-03
-5.12426e-03
-6.30076e-03
-8.30683e-03
-8.95230e-03
-1.07395e-02
-1.05058e-02
-1.01447e-02
-8.63258e-03
-4.64349e-03
-2.83174e-04
3.65644e-03
5.50613e-03
7.73330e-03
9.67615e-03
1.11906e-02
1.24868e-02
1.04378e-02
8.40434e-03
7.91752e-03
6.05455e-03
4.83590e-03
3.99695e-03
4.29342e-03
4.22212e-03
4.07028e-03
4.23255e-03
3.76579e-03
1.33372e-03
-2.87973e-03
-7.31746e-03
-1.05451e-02
-1.23369e-02
-1.51655e-02
-1.90948e-02
-2.31037e-02
-2.50375e-02
-2.36699e-02
-2.07424e-02
-1.80950e-02
-1.60298e-02
-1.24551e-02
-7.49816e-03
-4.33775e-03
-3.09345e-03
-1.92277e-03
8.97948e-04
3.57544e-03
4.54411e-03
6.13709e-03
7.58767e-03
8.13949e-03
6.80805e-03
5.77825e-03
3.64662e-03
7.28941e-04
-2.00827e-05
-1.44517e-03
-1.46965e-03
-1.10002e-03
-1.30162e-03
-2.39422e-03
-5.19505e-03
-7.92879e-03
-8.82070e-03
-1.16456e-02
-1.34856e-02
-1.16131e-02
-9.49151e-03
-1.02171e-02
-1.10581e-02
-1.09183e-02
-1.07536e-02
-1.05552e-02
-9.71663e-03
-7.58172e-03
-4.80112e-03
2.42047e-03
6.29443e-03
6.07943e-03
6.69978e-03
9.44128e-03
9.40498e-03
9.23607e-03
9.51402e-03
9.60938e-03
9.70635e-03
9.70436e-03
9.66334e-03
9.47436e-03
9.40889e-03
1.00216e-02
1.17210e-02
1.30654e-02
1.23977e-02
1.32328e-02
1.51486e-02
1.57096e-02
1.53096e-02
1.52866e-02
1.49059e-02
1.34456e-02
1.19025e-02
9.93948e-03
6.67076e-03
4.52791e-03
3.67861e-03
2.45444e-03
7.29517e-04
-6.57935e-04
-2.58257e-03
-5.05166e-03
-7.56426e-03
-7.68559e-03
-7.26366e-03
-6.61411e-03
-3.98645e-03
-8.78013e-04
1.52952e-03
3.15383e-03
4.20485e-03
5.98978e-03
6.85745e-03
6.40922e-03
5.33394e-03
3.61628e-03
3.33363e-03
2.14935e-03
9.59608e-04
1.15610e-03
1.91793e-03
3.22234e-03
4.09632e-03
4.99203e-03
6.65716e-03
6.31818e-03
6.27837e-03
8.14379e-03
1.03751e-02
9.55407e-03
9.22787e-03
9.53012e-03
8.92383e-03
7.40665e-03
6.44533e-03
5.53482e-03
3.49261e-03
4.05622e-03
4.20302e-03
4.32908e-03
5.75953e-03
7.51492e-03
8.13313e-03
9.82454e-03
1.16814e-02
1.48161e-02
1.57541e-02
1.47474e-02
1.48261e-02
1.52460e-02
1.55549e-02
1.59041e-02
1.63267e-02
1.60169e-02
1.54285e-02
1.50440e-02
1.28553e-02
9.79014e-03
7.57272e-03
4.89506e-03
2.44892e-03
1.68650e-03
1.49235e-03
2.27402e-03
3.81688e-03
4.92691e-03
7.01878e-03
9.27574e-03
1.04007e-02
1.20888e-02
1.26558e-02
1.13204e-02
9.14231e-03
7.60413e-03
6.16791e-03
4.12748e-03
2.98351e-03
1.31646e-03
1.32653e-03
1.43862e-03
9.67024e-04
1.01807e-03
2.32474e-03
4.19414e-03
3.67385e-03
3.39814e-03
4.89615e-03
6.89264e-03
6.67336e-03
7.27648e-03
9.76221e-03
1.13217e-02
1.29703e-02
1.21146e-02
1.20229e-02
1.27282e-02
1.27559e-02
1.12732e-02
8.73564e-03
8.19314e-03
6.81153e-03
7.27366e-03
6.04016e-03
3.21890e-03
2.37067e-03
7.06284e-04
1.42723e-03
1.66680e-03
1.16709e-03
8.17001e-04
8.31878e-04
1.88048e-03
3.91536e-03
5.85801e-03
6.92086e-03
8.20808e-03
1.20338e-02
1.50640e-02
1.57495e-02
1.44576e-02
1.24916e-02
1.01603e-02
9.35940e-03
8.26733e-03
4.47908e-03
1.94911e-03
1.24005e-03
7.94454e-05
-4.27242e-03
-9.14663e-03
-1.28139e-02
-1.40883e-02
-1.67750e-02
-1.98884e-02
-2.07652e-02
-2.15796e-02
-2.20876e-02
-2.40208e-02
-2.59047e-02
-2.70305e-02
-2.85838e-02
-2.98457e-02
-3.07480e-02
-3.05112e-02
-3.07211e-02
-3.03773e-02
-2.80751e-02
-2.48029e-02
-2.20935e-02
-1.93916e-02
-1.65991e-02
-1.46143e-02
-1.40618e-02
-1.32422e-02
-1.08020e-02
-1.02159e-02
-1.19146e-02
-1.39619e-02
-1.39638e-02
-1.22427e-02
-1.02705e-02
-9.24394e-03
-8.27648e-03
-8.01564e-03
-7.84189e-03
-6.29688e-03
-4.78525e-03
-3.62050e-03
-2.05039e-03
-2.33455e-03
-4.35376e-03
-5.23715e-03
-4.65343e-03
-4.52765e-03
-4.70005e-03
-3.52057e-03
-7.48784e-04
1.04680e-03
2.86049e-03
7.79390e-03
1.07703e-02
1.30110e-02
1.59226e-02
1.91514e-02
2.21233e-02
2.37725e-02
2.37392e-02
2.39025e-02
2.28516e-02
1.86710e-02
1.41161e-02
1.17669e-02
7.98271e-03
2.82598e-03
1.08322e-03
1.96760e-03
3.29834e-03
5.58214e-03
6.73377e-03
7.40208e-03
1.06539e-02
1.30195e-02
1.22845e-02
1.07264e-02
8.98703e-03
8.64841e-03
7.26689e-03
5.79178e-03
2.81772e-03
1.08198e-03
1.45880e-03
2.32421e-04
-2.02506e-03
-1.69152e-03
-2.81289e-03
-4.94519e-03
-4.30861e-03
-3.98301e-03
-6.03944e-03
-9.81535e-03
-1.12797e-02
-1.14892e-02
-1.34198e-02
-1.29650e-02
-1.28770e-02
-1.34585e-02
-1.38048e-02
-1.34015e-02
-1.15952e-02
-9.81253e-03
-1.17406e-02
-1.30233e-02
-1.12743e-02
-9.89286e-03
-1.07203e-02
-1.09584e-02
-9.39072e-03
-6.89262e-03
-6.15764e-03
-4.61762e-03
-5.23270e-03
-5.31771e-03
-4.68812e-03
-4.85908e-03
-6.26160e-03
-8.16780e-03
-7.53097e-03
-8.83601e-03
-1.12488e-02
-1.04569e-02
-1.01406e-02
-1.06275e-02
-1.07619e-02
-9.99759e-03
-8.26131e-03
-7.41860e-03
-6.49888e-03
-4.65695e-03
-5.18365e-03
-4.00955e-03
-1.24077e-03
-5.60352e-04
9.16455e-04
5.68917e-04
2.04021e-03
4.53589e-03
3.75860e-03
3.55138e-03
3.96784e-03
3.52779e-03
1.81848e-03
3.83448e-04
1.39644e-03
1.41684e-03
-2.89836e-05
-1.72650e-03
-2.00644e-03
-1.44966e-03
-1.63852e-03
-2.00328e-03
-1.52622e-03
2.30491e-04
1.69884e-03
7.39842e-04
3.57308e-04
1.06186e-03
2.71832e-03
4.75374e-03
6.20065e-03
9.04314e-03
9.95928e-03
9.08569e-03
9.17965e-03
9.48078e-03
9.58669e-03
1.01648e-02
1.18412e-02
1.32860e-02
1.24596e-02
1.21282e-02
1.22843e-02
1.24806e-02
1.33955e-02
1.51203e-02
1.59027e-02
1.51679e-02
1.52314e-02
1.55999e-02
1.51033e-02
1.33081e-02
1.15505e-02
1.04128e-02
9.56183e-03
9.93105e-03
1.05180e-02
1.20046e-02
1.35862e-02
1.45669e-02
1.54134e-02
1.51206e-02
1.46633e-02
1.27181e-02
9.37317e-03
5.57788e-03
9.65182e-04
-2.24353e-03
-4.18142e-03
-7.55422e-03
-1.12151e-02
-1.32543e-02
-1.33773e-02
-1.30781e-02
-1.24851e-02
-1.11275e-02
-1.08637e-02
-1.04551e-02
-8.67678e-03
-8.05909e-03
-7.45379e-03
-5.53627e-03
-5.05645e-03
-5.57912e-03
-5.52798e-03
-5.31345e-03
-5.21908e-03
-5.21090e-03
-5.15823e-03
-5.35196e-03
-6.17564e-03
-7.10536e-03
-6.58349e-03
-7.45765e-03
-8.15541e-03
-7.95039e-03
-9.26643e-03
-1.14290e-02
-1.11659e-02
-1.04631e-02
-1.03859e-02
-1.09072e-02
-1.26849e-02
-1.46894e-02
-1.30028e-02
-9.16615e-03
-6.35272e-03
-3.99790e-03
-1.45066e-03
3.15828e-04
2.02504e-04
-2.93628e-05
-9.69831e-04
-2.65918e-03
-2.15991e-03
-1.66436e-03
-1.92984e-03
-2.17610e-03
-2.28497e-03
-2.24222e-03
-2.19842e-03
-2.13477e-03
-2.16140e-03
-2.30431e-03
-2.49028e-03
-2.15682e-03
-6.57340e-04
1.21859e-03
5.52536e-04
1.62236e-03
3.83539e-03
3.43652e-03
4.64785e-03
6.81513e-03
6.14445e-03
7.02701e-03
9.54377e-03
1.06729e-02
1.40208e-02
1.53951e-02
1.40704e-02
1.40199e-02
1.47316e-02
1.52041e-02
1.48191e-02
1.31932e-02
1.13087e-02
1.19163e-02
1.06782e-02
8.43848e-03
8.95994e-03
7.79365e-03
5.23550e-03
4.53253e-03
2.53204e-03
1.45730e-03
-5.70040e-04
-3.46589e-04
-2.02517e-05
1.32304e-03
4.41634e-03
5.52778e-03
6.14462e-03
9.66904e-03
1.13044e-02
1.00787e-02
1.00594e-02
1.06080e-02
1.09803e-02
1.07726e-02
9.26330e-03
6.99191e-03
6.25448e-03
3.56229e-03
2.31359e-03
1.99533e-03
2.39390e-03
1.90301e-03
6.24849e-05
-1.89437e-03
-1.36035e-03
-2.47146e-03
-4.88345e-03
-4.22210e-03
-4.32485e-03
-4.69419e-03
-3.11905e-03
6.82555e-04
3.15441e-03
4.15252e-03
4.87247e-03
7.22157e-03
6.61952e-03
5.03975e-03
3.39149e-03
2.88309e-03
-2.62916e-04
-3.28241e-03
-5.77734e-03
-8.68680e-03
-1.00423e-02
-1.27786e-02
-1.91980e-02
-2.13097e-02
-2.28941e-02
-2.45467e-02
-2.42519e-02
-2.48477e-02
-2.44372e-02
-2.10671e-02
-1.62323e-02
-1.38002e-02
-9.75112e-03
-5.13000e-03
-3.23800e-03
-2.43684e-03
-2.55703e-03
-2.52031e-03
-3.49710e-03
-5.28735e-03
-6.44504e-03
-8.88412e-03
-9.89709e-03
-1.01423e-02
-9.92516e-03
-1.01042e-02
-1.04161e-02
-1.05471e-02
-1.05256e-02
-1.03287e-02
-1.01098e-02
-1.04442e-02
-1.20660e-02
-1.40756e-02
-1.31475e-02
-1.28987e-02
-1.32832e-02
-1.26588e-02
-1.07379e-02
-8.94637e-03
-7.45656e-03
-6.39021e-03
-2.77443e-03
-1.22566e-03
-2.44667e-03
-2.48423e-03
-1.97100e-03
-1.52548e-03
-1.35505e-03
-1.73513e-03
-3.27299e-03
-5.06782e-03
-4.40786e-03
-5.62761e-03
-8.13829e-03
-7.49967e-03
-7.31910e-03
-7.23284e-03
-5.86130e-03
-4.12308e-03
-5.05424e-03
-3.88441e-03
-2.99571e-04
1.46354e-03
1.46915e-03
2.66486e-03
3.68830e-03
3.83321e-03
5.03669e-03
6.87652e-03
6.71135e-03
7.72467e-03
1.09739e-02
1.27695e-02
1.34561e-02
1.68813e-02
2.05555e-02
2.23570e-02
2.51858e-02
2.72604e-02
2.66570e-02
2.52438e-02
2.38451e-02
2.42782e-02
2.35653e-02
2.14996e-02
2.16012e-02
2.12731e-02
1.94630e-02
1.83088e-02
1.85091e-02
1.88644e-02
1.97716e-02
2.13138e-02
2.14301e-02
2.19859e-02
2.39486e-02
2.43288e-02
2.38167e-02
2.44252e-02
2.57870e-02
2.62004e-02
2.54197e-02
2.34860e-02
2.06861e-02
1.79482e-02
1.52155e-02
1.23863e-02
1.04960e-02
1.04857e-02
1.05860e-02
9.72012e-03
8.99384e-03
9.59784e-03
9.90164e-03
9.74837e-03
1.07162e-02
1.25209e-02
1.29010e-02
1.33388e-02
1.53308e-02
1.60083e-02
1.54958e-02
1.46787e-02
1.30781e-02
1.19806e-02
1.10501e-02
9.55449e-03
7.49429e-03
3.97396e-03
1.13582e-03
-5.36888e-04
-1.51444e-03
-3.70031e-03
-7.44807e-03
-9.81533e-03
-1.07488e-02
-1.19591e-02
-1.31078e-02
-1.28157e-02
-1.28197e-02
-1.31307e-02
-1.34066e-02
-1.35310e-02
-1.29009e-02
-1.11663e-02
-9.72517e-03
-1.06016e-02
-1.08681e-02
-1.05351e-02
-1.03374e-02
-1.02856e-02
-1.03370e-02
-1.03546e-02
-1.03522e-02
-1.03381e-02
-1.03628e-02
-1.03907e-02
-1.03572e-02
-1.02007e-02
-1.01331e-02
-1.06831e-02
-1.22265e-02
-1.35114e-02
-1.29356e-02
-1.43553e-02
-1.68889e-02
-1.60521e-02
-1.48135e-02
-1.34322e-02
-1.28324e-02
-1.21187e-02
-1.02709e-02
-1.05936e-02
-9.19487e-03
-6.81153e-03
-7.67116e-03
-8.07461e-03
-7.61187e-03
-7.08955e-03
-7.15338e-03
-8.98472e-03
-1.22645e-02
-1.33955e-02
-1.37937e-02
-1.60959e-02
-1.77621e-02
-1.99330e-02
-2.31063e-02
-2.47855e-02
-2.42446e-02
-2.42303e-02
-2.45795e-02
-2.36805e-02
-2.16137e-02
-2.07106e-02
-1.90420e-02
-1.79453e-02
-1.64904e-02
-1.63216e-02
-1.52581e-02
-1.30020e-02
-1.31895e-02
-1.36344e-02
-1.34658e-02
-1.31742e-02
-1.30735e-02
-1.32066e-02
-1.34630e-02
-1.32918e-02
-1.20366e-02
-1.02034e-02
-1.08498e-02
-1.32195e-02
-1.44118e-02
-1.64315e-02
-1.95064e-02
-2.18537e-02
-2.32894e-02
-2.42367e-02
-2.44353e-02
-2.36262e-02
-2.20246e-02
-2.09280e-02
-1.99530e-02
-1.84455e-02
-1.70882e-02
-1.53409e-02
-1.39897e-02
-1.31345e-02
-1.35852e-02
-1.35615e-02
-1.32564e-02
-1.31335e-02
-1.31169e-02
-1.31122e-02
-1.31018e-02
-1.31850e-02
-1.33871e-02
-1.33220e-02
-1.22909e-02
-1.03784e-02
-9.90747e-03
-1.07606e-02
-1.10091e-02
-1.03916e-02
-8.58980e-03
-6.50514e-03
-7.50648e-03
-8.00886e-03
-7.79639e-03
-7.52808e-03
-8.18601e-03
-6.60221e-03
-5.74650e-03
-5.42377e-03
-3.93408e-03
-2.79410e-03
-2.77981e-03
-2.96174e-03
-2.86301e-03
-2.52359e-03
-1.77226e-03
-8.60216e-04
-1.24890e-03
-2.40033e-03
-2.42703e-03
-1.89982e-03
-1.77205e-03
-1.81420e-03
-1.88601e-03
-1.93463e-03
-1.82584e-03
-1.05907e-03
4.91480e-04
1.73286e-03
3.22040e-03
6.75845e-03
9.23360e-03
1.01786e-02
1.11096e-02
1.34172e-02
1.48089e-02
1.61647e-02
1.56715e-02
1.55754e-02
1.59613e-02
1.60201e-02
1.59449e-02
1.60458e-02
1.69194e-02
1.79818e-02
1.73592e-02
1.63110e-02
1.55915e-02
1.66718e-02
1.84664e-02
1.89268e-02
1.84774e-02
1.93852e-02
2.15726e-02
2.23355e-02
2.36666e-02
2.47107e-02
2.62507e-02
2.76652e-02
2.89682e-02
2.92235e-02
2.87380e-02
2.87791e-02
2.89027e-02
2.88834e-02
2.87262e-02
2.85659e-02
2.84066e-02
2.82832e-02
2.81296e-02
2.79676e-02
2.77671e-02
2.76316e-02
2.75697e-02
2.74895e-02
2.68814e-02
2.53263e-02
2.35044e-02
2.23305e-02
1.93613e-02
1.65519e-02
1.39158e-02
1.25859e-02
1.30709e-02
1.30176e-02
1.37682e-02
1.53728e-02
1.45850e-02
1.28873e-02
1.13586e-02
1.16319e-02
1.10234e-02
9.11085e-03
8.67801e-03
8.19418e-03
6.32306e-03
4.78909e-03
2.78079e-03
9.00322e-04
1.17028e-04
-1.07675e-03
-2.86426e-03
-4.14368e-03
-4.80399e-03
-4.29538e-03
-4.71264e-03
-6.37639e-03
-8.15047e-03
-8.85663e-03
-1.02512e-02
-1.10203e-02
-1.23033e-02
-1.30790e-02
-1.48054e-02
-1.54399e-02
-1.70020e-02
-1.76307e-02
-1.90596e-02
-1.94957e-02
-2.09354e-02
-2.19349e-02
-2.29247e-02
-2.27876e-02
-2.32444e-02
-2.48765e-02
-2.48182e-02
-2.42078e-02
-2.39936e-02
-2.39829e-02
-2.37812e-02
-2.35517e-02
-2.33061e-02
-2.31984e-02
-2.28907e-02
-2.20201e-02
-2.04758e-02
-1.96929e-02
-1.95568e-02
-1.80673e-02
-1.64515e-02
-1.67504e-02
-1.65980e-02
-1.63019e-02
-1.67228e-02
-1.76816e-02
-1.78834e-02
-1.72307e-02
-1.70786e-02
-1.69939e-02
-1.60885e-02
-1.45274e-02
-1.39124e-02
-1.41110e-02
-1.38867e-02
-1.29891e-02
-1.16128e-02
-1.08182e-02
-1.01105e-02
-8.11026e-03
-6.30954e-03
-5.55028e-03
-3.89410e-03
-2.11046e-03
-1.19896e-03
-2.75053e-04
4.81764e-04
5.32686e-04
1.50376e-03
2.66631e-03
2.88941e-03
2.51623e-03
2.53877e-03
3.09032e-03
4.21328e-03
5.08430e-03
4.89419e-03
5.83101e-03
6.96756e-03
6.35618e-03
6.23669e-03
7.06316e-03
8.34011e-03
8.52868e-03
7.82763e-03
7.75434e-03
8.81252e-03
1.07821e-02
1.17630e-02
1.17681e-02
1.26823e-02
1.32968e-02
1.42072e-02
1.44467e-02
1.50313e-02
1.54019e-02
1.50382e-02
1.47750e-02
1.46599e-02
1.45180e-02
1.43073e-02
1.40648e-02
1.38140e-02
1.35599e-02
1.33364e-02
1.31677e-02
1.29888e-02
1.24724e-02
1.13192e-02
9.86009e-03
8.17720e-03
6.73582e-03
6.25158e-03
5.70881e-03
5.71582e-03
5.56696e-03
5.18003e-03
4.53289e-03
3.69291e-03
3.20653e-03
2.64256e-03
1.83468e-03
1.63412e-03
7.84894e-04
-2.85866e-04
-1.06076e-03
-1.00703e-03
-1.65602e-03
-2.20475e-03
-2.64043e-03
-3.46277e-03
-3.16580e-03
-3.61560e-03
-4.48184e-03
-4.11458e-03
-4.40167e-03
-5.21888e-03
-5.07395e-03
-4.95310e-03
-4.96860e-03
-4.46088e-03
-4.35499e-03
-4.33719e-03
-3.98845e-03
-3.41386e-03
-3.00360e-03
-2.66911e-03
-2.50450e-03
-2.45281e-03
-2.28589e-03
-2.11592e-03
-2.00383e-03
-1.94928e-03
-1.82754e-03
-1.45339e-03
-8.07310e-04
-4.47226e-04
-3.28300e-04
2.99161e-04
7.12242e-04
5.55855e-04
6.09525e-04
7.79723e-04
7.93847e-04
4.89962e-04
6.28240e-05
4.24090e-05
2.81782e-04
3.37401e-04
3.27008e-04
3.54094e-04
4.25200e-04
5.14973e-04
6.02403e-04
6.49968e-04
7.05640e-04
7.71620e-04
8.44064e-04
8.99035e-04
9.24093e-04
9.40886e-04
1.06802e-03
1.43566e-03
1.86125e-03
1.74281e-03
1.98636e-03
2.44590e-03
2.34658e-03
2.49471e-03
2.77806e-03
2.64578e-03
2.79262e-03
2.75805e-03
2.72463e-03
2.93585e-03
3.21646e-03
3.08817e-03
2.97745e-03
3.13874e-03
3.36076e-03
3.28534e-03
3.32522e-03
3.53861e-03
3.42235e-03
3.27316e-03
3.20783e-03
3.16799e-03
3.11571e-03
3.00080e-03
2.75055e-03
2.45252e-03
2.43362e-03
2.43269e-03
2.34845e-03
2.26599e-03
2.19312e-03
2.14006e-03
2.08451e-03
2.01795e-03
1.94180e-03
1.90396e-03
1.95055e-03
2.02916e-03
1.89860e-03
1.66577e-03
1.60451e-03
1.55873e-03
1.38770e-03
1.25364e-03
1.13854e-03
1.08868e-03
1.06598e-03
1.02332e-03
1.02460e-03
9.63028e-04
8.36725e-04
8.17984e-04
8.38323e-04
7.90509e-04
6.97827e-04
6.51890e-04
6.49046e-04
5.89030e-04
5.46334e-04
5.42826e-04
4.93900e-04
4.64621e-04
4.64718e-04
4.22742e-04
4.01252e-04
4.28010e-04
4.36988e-04
4.37034e-04
4.38576e-04
4.41665e-04
4.46081e-04
4.49327e-04
4.48255e-04
4.45420e-04
4.49040e-04
4.64851e-04
4.81451e-04
4.87417e-04
4.92438e-04
5.02677e-04
5.05161e-04
4.94399e-04
4.85780e-04
4.56927e-04
4.33877e-04
4.13889e-04
3.85054e-04
3.48178e-04
3.14599e-04
2.99770e-04
2.78877e-04
2.53800e-04
2.30011e-04
2.07418e-04
1.84545e-04
1.61741e-04
1.41384e-04
1.24554e-04
1.05280e-04
7.75163e-05
5.22324e-05
2.90167e-05
5.09233e-06
-1.92545e-05
-4.39758e-05
-6.84630e-05
-9.29324e-05
-1.17247e-04
-1.41751e-04
-1.66248e-04
-1.90650e-04
-2.14305e-04
-2.37314e-04
-2.60921e-04
-2.86579e-04
-3.11074e-04
-3.34545e-04
-3.58136e-04
-3.83431e-04
-4.08067e-04
-4.31923e-04
-4.55782e-04
-4.80358e-04
-5.04390e-04
-5.28161e-04
-5.52371e-04
-5.76419e-04
-6.00166e-04
-6.23551e-04
-6.46926e-04
-6.70217e-04
-6.93199e-04
-7.16097e-04
-7.38884e-04
-7.61550e-04
-7.84084e-04
-8.06502e-04
-8.28793e-04
-8.50967e-04
-8.73014e-04
-8.94939e-04
-9.16736e-04
-9.38408e-04
-9.59950e-04
-9.81361e-04
-1.00264e-03
-1.02378e-03
