-6.19414e-04
-7.22491e-04
-7.78671e-04
-7.37764e-04
-6.01812e-04
-4.06247e-04
-2.53733e-04
-2.69022e-04
-4.31333e-04
-7.16085e-04
-9.11857e-04
-1.14393e-03
-1.15486e-03
-1.34446e-03
-1.88954e-03
-2.52852e-03
-2.67908e-03
-2.79803e-03
-2.85500e-03
-2.49592e-03
-1.70906e-03
-9.34551e-04
3.82648e-04
1.77932e-03
3.22022e-03
5.38982e-03
6.69742e-03
5.95937e-03
4.06807e-03
2.41202e-03
8.79917e-04
-1.02262e-03
-1.01327e-03
3.86352e-04
1.00624e-03
4.86393e-04
-1.04392e-04
1.75084e-04
2.03095e-03
5.39776e-03
7.98659e-03
8.08626e-03
5.73240e-03
3.60234e-03
1.79626e-03
2.14602e-03
5.12545e-03
7.00885e-03
6.53176e-03
4.52133e-03
1.79937e-03
9.50742e-05
6.12103e-04
2.31290e-03
3.65802e-03
2.64205e-03
-7.18345e-04
-4.28344e-03
-6.70437e-03
-7.02388e-03
-4.64793e-03
-1.43624e-03
1.32328e-03
3.81939e-03
5.51288e-03
5.55874e-03
4.16815e-03
1.89510e-03
2.06147e-04
1.87146e-04
7.91004e-04
1.16645e-03
9.22887e-04
-8.93848e-04
-4.93887e-03
-9.44219e-03
-1.12895e-02
-9.94673e-03
-7.14564e-03
-4.50167e-03
-2.16183e-03
5.25960e-04
3.58281e-03
6.28362e-03
7.30647e-03
5.52889e-03
2.28726e-03
3.60765e-04
2.65513e-04
1.40664e-03
2.99975e-03
4.56075e-03
5.77881e-03
6.23669e-03
4.89105e-03
2.49689e-03
5.11307e-04
5.40384e-04
1.89431e-03
2.63332e-03
1.42753e-03
-1.12131e-03
-2.86402e-03
-2.64668e-03
1.17227e-03
7.73152e-03
1.45725e-02
1.86902e-02
1.89882e-02
1.60082e-02
1.01689e-02
4.07289e-03
-4.77017e-04
-4.00269e-03
-7.01386e-03
-7.95570e-03
-6.96134e-03
-3.82965e-03
1.02801e-03
5.12295e-03
8.18834e-03
8.20438e-03
5.93871e-03
3.20771e-03
8.37713e-04
-1.67915e-03
-4.60986e-03
-7.32973e-03
-8.64141e-03
-7.47433e-03
-3.66170e-03
2.69648e-03
9.12381e-03
1.48978e-02
1.80844e-02
1.71000e-02
1.41115e-02
7.87368e-03
-5.23840e-04
-8.03215e-03
-1.31269e-02
-1.27942e-02
-1.03116e-02
-6.98571e-03
-3.34803e-03
-5.26863e-04
-3.08270e-05
-5.28661e-04
-9.67436e-04
-1.82706e-03
-2.46217e-03
-1.98403e-03
-2.16301e-03
-3.65647e-03
-5.92888e-03
-7.42249e-03
-8.84874e-03
-7.93566e-03
-4.91610e-03
-4.72048e-04
2.62611e-03
5.85642e-03
8.37638e-03
7.01430e-03
2.99960e-04
-7.71346e-03
-1.25231e-02
-1.48263e-02
-1.38839e-02
-1.15319e-02
-1.08967e-02
-9.98339e-03
-5.23743e-03
1.48216e-03
7.19070e-03
1.01927e-02
9.42197e-03
6.42719e-03
2.21573e-03
-2.62022e-03
-6.20996e-03
-8.15563e-03
-5.35742e-03
-5.35457e-04
3.27756e-03
3.96672e-03
2.77669e-03
7.68534e-04
-2.70805e-03
-5.51602e-03
-5.51286e-03
-4.73464e-03
-3.27652e-03
-5.38530e-04
1.78039e-03
2.74861e-03
2.57874e-03
3.15331e-03
4.97355e-03
6.62682e-03
5.38489e-03
1.63089e-03
-2.62526e-03
-5.81916e-03
-5.73006e-03
-3.40735e-03
1.34572e-03
7.24212e-03
1.09367e-02
1.01630e-02
5.40148e-03
-1.61052e-04
-4.08386e-03
-6.11489e-03
-7.25834e-03
-7.30753e-03
-6.52851e-03
-4.76304e-03
-2.62442e-03
3.13503e-04
3.05240e-03
2.82021e-03
2.09531e-03
2.81585e-03
5.86924e-03
1.09076e-02
1.44562e-02
1.57375e-02
1.36500e-02
8.03403e-03
9.14895e-04
-3.56741e-03
-1.40036e-03
5.39857e-03
1.38879e-02
1.63500e-02
1.20527e-02
4.49702e-03
-2.95185e-03
-7.51216e-03
-5.04656e-03
4.25249e-03
1.59011e-02
2.61200e-02
3.34690e-02
3.66725e-02
3.29674e-02
2.46503e-02
1.54967e-02
5.39002e-03
-4.43481e-03
-1.05435e-02
-1.24963e-02
-9.21282e-03
9.27166e-05
1.57274e-02
2.96305e-02
3.40460e-02
2.80513e-02
1.25713e-02
-8.10389e-03
-2.09919e-02
-1.85353e-02
-9.51431e-03
-1.76795e-03
-8.72711e-05
-1.84897e-03
-2.76826e-03
5.22987e-04
9.16903e-03
1.91966e-02
2.28178e-02
1.85163e-02
7.61444e-03
-7.83152e-03
-2.23696e-02
-2.96554e-02
-3.40895e-02
-3.89854e-02
-4.21255e-02
-4.18640e-02
-3.70890e-02
-2.76426e-02
-1.58558e-02
-7.31739e-03
-2.10358e-03
-8.66305e-04
-2.86993e-03
-7.01213e-03
-1.10023e-02
-1.11710e-02
-6.59955e-03
6.70631e-04
5.65235e-03
7.42482e-03
2.41550e-03
-9.13702e-03
-2.05271e-02
-2.21308e-02
-1.29836e-02
5.86729e-03
2.71409e-02
3.85715e-02
3.58034e-02
1.94436e-02
-5.30329e-03
-2.65836e-02
-4.12420e-02
-4.70792e-02
-3.88673e-02
-1.73450e-02
1.35622e-02
3.14980e-02
3.93486e-02
4.24320e-02
3.95743e-02
3.30793e-02
2.57727e-02
1.94006e-02
1.48171e-02
1.22557e-02
9.01300e-03
6.47869e-03
6.50219e-03
8.74875e-03
1.31003e-02
1.60477e-02
1.34504e-02
2.42564e-03
-1.32444e-02
-2.78757e-02
-3.21431e-02
-2.90718e-02
-1.98316e-02
-9.27102e-03
-3.38136e-03
-4.90244e-03
-1.42377e-02
-2.62887e-02
-3.61269e-02
-3.75594e-02
-3.20865e-02
-1.77218e-02
3.08919e-03
2.09814e-02
3.14581e-02
3.78785e-02
3.79101e-02
3.01558e-02
1.48673e-02
-4.07662e-03
-1.49918e-02
-1.53752e-02
-6.44428e-03
9.50775e-03
2.73802e-02
4.00939e-02
4.71404e-02
4.74388e-02
3.83244e-02
2.26398e-02
7.89744e-03
1.10997e-03
1.03215e-03
5.63872e-03
1.19910e-02
1.65084e-02
1.66487e-02
1.31093e-02
8.26871e-03
5.05021e-03
4.23606e-03
5.37821e-03
8.03887e-03
9.95995e-03
9.12420e-03
5.84969e-03
2.08581e-03
-6.07687e-04
-1.62815e-03
-5.81644e-04
1.45824e-03
2.55012e-03
2.29422e-03
4.19739e-05
-2.79306e-03
-4.77910e-03
-6.16626e-03
-5.19592e-03
-3.68345e-03
-3.76654e-03
-6.47717e-03
-1.35182e-02
-2.34332e-02
-3.25831e-02
-3.76685e-02
-3.85077e-02
-3.60296e-02
-3.11108e-02
-2.66483e-02
-2.40541e-02
-2.07517e-02
-1.55666e-02
-5.87455e-03
7.55519e-03
1.99948e-02
3.18485e-02
4.24979e-02
4.90181e-02
5.21236e-02
4.94398e-02
4.02351e-02
2.74805e-02
1.63737e-02
9.93270e-03
9.15252e-03
1.46490e-02
2.17058e-02
2.81838e-02
2.79236e-02
2.36969e-02
1.64098e-02
7.77487e-03
3.88007e-03
6.78712e-03
1.32418e-02
1.83022e-02
1.80159e-02
1.12841e-02
2.69247e-03
-4.79178e-03
-1.24226e-02
-1.83929e-02
-2.21484e-02
-2.23403e-02
-1.92027e-02
-1.71454e-02
-1.80217e-02
-2.47406e-02
-3.35900e-02
-4.08399e-02
-4.28158e-02
-3.89612e-02
-2.97255e-02
-1.64855e-02
-4.25788e-03
2.35090e-03
3.71542e-03
3.59522e-04
-5.41632e-03
-9.58449e-03
-8.13818e-03
1.15422e-03
1.63039e-02
2.98703e-02
3.66405e-02
3.24286e-02
1.48679e-02
-1.23055e-02
-3.77030e-02
-5.46040e-02
-5.91636e-02
-5.16269e-02
-3.68588e-02
-2.07771e-02
-1.19378e-02
-7.38044e-03
-1.42989e-03
1.05664e-02
2.93300e-02
4.86061e-02
6.56252e-02
7.73668e-02
7.62973e-02
6.50808e-02
4.77584e-02
3.22769e-02
2.32390e-02
2.04908e-02
1.93579e-02
2.02757e-02
1.91627e-02
1.14605e-02
-3.57311e-03
-2.23610e-02
-3.95193e-02
-5.28167e-02
-5.48634e-02
-5.04228e-02
-4.36007e-02
-3.77751e-02
-3.46655e-02
-3.43251e-02
-3.49010e-02
-3.55235e-02
-3.47578e-02
-3.41992e-02
-3.41442e-02
-3.37958e-02
-3.29702e-02
-3.21749e-02
-3.28582e-02
-3.48473e-02
-3.77551e-02
-4.29159e-02
-4.90873e-02
-5.48180e-02
-5.95378e-02
-6.21067e-02
-6.25676e-02
-6.22903e-02
-6.22705e-02
-6.27296e-02
-6.44884e-02
-6.74228e-02
-6.86227e-02
-6.34266e-02
-4.90511e-02
-2.71000e-02
-8.59463e-03
-1.92031e-03
-1.09135e-02
-3.57004e-02
-6.74142e-02
-9.13507e-02
-1.04862e-01
-1.09137e-01
-1.01818e-01
-8.07386e-02
-4.86839e-02
-1.72985e-02
8.04871e-03
2.72100e-02
3.29656e-02
2.30419e-02
4.41129e-03
-1.51524e-02
-3.19173e-02
-4.10825e-02
-4.73500e-02
-5.16973e-02
-5.14263e-02
-4.57401e-02
-3.41511e-02
-1.74716e-02
2.28987e-03
2.13319e-02
3.69143e-02
4.59008e-02
4.14979e-02
2.60553e-02
4.87994e-03
-1.25504e-02
-3.14981e-02
-4.35969e-02
-4.79188e-02
-4.99033e-02
-5.12382e-02
-5.69483e-02
-6.70484e-02
-7.65940e-02
-8.27496e-02
-8.14678e-02
-7.13728e-02
-5.67248e-02
-3.87497e-02
-2.34394e-02
-1.21807e-02
-8.56754e-03
-1.13321e-02
-1.89834e-02
-2.93836e-02
-3.88328e-02
-4.24308e-02
-3.52563e-02
-1.80846e-02
4.85351e-03
2.83306e-02
5.47044e-02
8.46218e-02
1.07520e-01
1.20902e-01
1.22140e-01
1.13081e-01
9.57313e-02
7.34617e-02
5.10764e-02
3.47754e-02
3.04850e-02
3.53746e-02
5.27846e-02
8.02970e-02
1.06512e-01
1.22262e-01
1.24971e-01
1.13008e-01
9.02523e-02
6.19914e-02
3.49051e-02
1.35315e-02
-8.14597e-04
-7.81732e-03
-7.96750e-03
-4.75665e-03
-7.81262e-04
2.31898e-03
3.01266e-03
2.08700e-03
2.26907e-03
4.05404e-03
7.31427e-03
1.07829e-02
1.23888e-02
9.77127e-03
1.28077e-03
-1.27925e-02
-2.97242e-02
-4.29259e-02
-4.95267e-02
-4.79755e-02
-3.64728e-02
-1.51241e-02
1.37277e-02
4.10557e-02
5.77633e-02
6.49915e-02
6.48390e-02
5.90724e-02
4.84091e-02
3.21184e-02
1.04873e-02
-1.06069e-02
-2.71011e-02
-3.99223e-02
-4.81585e-02
-5.69805e-02
-6.96003e-02
-8.36145e-02
-9.64565e-02
-1.04764e-01
-1.05207e-01
-9.46708e-02
-6.94881e-02
-2.96850e-02
2.05386e-02
6.90243e-02
1.08862e-01
1.44659e-01
1.69861e-01
1.81032e-01
1.87946e-01
1.93049e-01
1.94987e-01
1.88773e-01
1.64718e-01
1.17986e-01
5.87623e-02
-4.09009e-03
-6.43553e-02
-9.83132e-02
-1.05502e-01
-9.98062e-02
-8.04881e-02
-5.21848e-02
-2.62554e-02
-5.95739e-03
1.38697e-02
2.60478e-02
3.14785e-02
3.56453e-02
3.81560e-02
3.57255e-02
2.98926e-02
2.83197e-02
3.42044e-02
4.73305e-02
6.61011e-02
8.50411e-02
9.58145e-02
9.55429e-02
8.65268e-02
7.11651e-02
5.43458e-02
3.65938e-02
2.25345e-02
1.03083e-02
1.89285e-03
-6.71778e-04
-1.51052e-03
-4.30307e-03
-1.37794e-02
-3.20462e-02
-5.77082e-02
-8.60371e-02
-1.12477e-01
-1.30200e-01
-1.38401e-01
-1.37690e-01
-1.29009e-01
-1.13903e-01
-9.24243e-02
-7.10340e-02
-4.88317e-02
-2.68716e-02
-1.20765e-02
1.02294e-03
1.57676e-02
3.28798e-02
5.25151e-02
7.15346e-02
8.98223e-02
1.01503e-01
1.04834e-01
1.07240e-01
1.11572e-01
1.16739e-01
1.21022e-01
1.21328e-01
1.13159e-01
9.42175e-02
6.55487e-02
2.80856e-02
-1.06872e-02
-3.64103e-02
-5.19140e-02
-5.83282e-02
-5.21513e-02
-4.08821e-02
-3.12909e-02
-2.90820e-02
-3.50208e-02
-4.96358e-02
-7.41897e-02
-1.01364e-01
-1.20083e-01
-1.34520e-01
-1.39794e-01
-1.32744e-01
-1.19129e-01
-1.03884e-01
-9.25516e-02
-8.38233e-02
-8.09275e-02
-8.36060e-02
-9.24165e-02
-1.02718e-01
-1.08635e-01
-1.04016e-01
-8.91082e-02
-6.63460e-02
-3.98979e-02
-1.87199e-02
-8.57323e-04
6.59449e-03
4.37636e-03
-5.27286e-03
-2.24916e-02
-4.08832e-02
-5.53006e-02
-6.10488e-02
-6.59681e-02
-7.01649e-02
-6.68064e-02
-4.81169e-02
-1.20369e-02
3.30697e-02
6.96884e-02
9.59793e-02
1.24868e-01
1.57153e-01
1.86066e-01
2.17625e-01
2.44308e-01
2.59005e-01
2.67258e-01
2.64263e-01
2.50941e-01
2.36957e-01
2.32397e-01
2.32557e-01
2.37012e-01
2.43760e-01
2.45750e-01
2.30542e-01
1.86636e-01
1.24645e-01
6.29438e-02
3.94347e-03
-4.97570e-02
-8.25854e-02
-9.33995e-02
-9.44357e-02
-8.94134e-02
-8.36624e-02
-8.24979e-02
-9.11619e-02
-1.04107e-01
-1.14395e-01
-1.19078e-01
-1.20611e-01
-1.15700e-01
-1.08389e-01
-1.04812e-01
-1.08042e-01
-1.17589e-01
-1.29779e-01
-1.40419e-01
-1.46554e-01
-1.38975e-01
-1.12151e-01
-7.42590e-02
-3.93080e-02
-1.36756e-02
-2.50457e-04
3.44875e-03
8.50018e-03
1.10129e-02
9.00475e-03
5.56975e-03
1.98376e-03
9.68237e-04
1.43823e-03
1.53493e-03
9.41504e-04
-2.35886e-03
-1.17535e-02
-3.28262e-02
-6.70822e-02
-1.06823e-01
-1.40850e-01
-1.51960e-01
-1.45423e-01
-1.30379e-01
-1.04334e-01
-7.07382e-02
-3.30649e-02
-3.86276e-03
2.15170e-02
4.05344e-02
5.13249e-02
6.15183e-02
7.00902e-02
7.86913e-02
9.00370e-02
1.01535e-01
1.05935e-01
1.04156e-01
9.91697e-02
1.00223e-01
1.12285e-01
1.28763e-01
1.44285e-01
1.54747e-01
1.45225e-01
9.80196e-02
6.20492e-03
-9.61005e-02
-1.75068e-01
-2.10835e-01
-2.34893e-01
-2.51927e-01
-2.51124e-01
-2.27515e-01
-1.68694e-01
-8.30640e-02
1.87465e-02
1.19906e-01
1.68936e-01
1.50428e-01
5.81661e-02
-4.78094e-02
-5.26670e-02
-1.94346e-02
1.81143e-02
6.79083e-02
1.21263e-01
1.67310e-01
1.85867e-01
1.51621e-01
7.18391e-02
-2.29031e-02
-1.04980e-01
-1.61087e-01
-1.84762e-01
-1.97750e-01
-2.06005e-01
-2.04727e-01
-1.93814e-01
-1.76649e-01
-1.52590e-01
-1.10486e-01
-5.82756e-02
-1.94319e-02
1.68873e-02
4.83708e-02
7.72325e-02
9.89202e-02
1.01279e-01
7.93338e-02
2.03054e-02
-7.54550e-02
-1.86316e-01
-2.56821e-01
-2.18389e-01
-8.54020e-02
3.32169e-02
1.14047e-01
1.67937e-01
1.91190e-01
2.09088e-01
2.25775e-01
2.33273e-01
2.34144e-01
2.30592e-01
2.26650e-01
2.25551e-01
2.31894e-01
2.46582e-01
2.68122e-01
2.86441e-01
2.93474e-01
2.80156e-01
2.38584e-01
1.71231e-01
9.33101e-02
2.01948e-02
-4.14406e-02
-9.29470e-02
-1.40976e-01
-1.71939e-01
-1.75051e-01
-1.56365e-01
-1.23648e-01
-7.51963e-02
-7.68821e-03
6.27956e-02
1.10533e-01
8.92876e-02
1.98118e-02
-2.77503e-02
-3.30828e-02
-1.22798e-02
2.11325e-02
5.64139e-02
8.64425e-02
1.10216e-01
1.17413e-01
1.01827e-01
6.57136e-02
2.20497e-02
-1.10051e-02
-1.59749e-02
-1.10240e-02
-7.40211e-03
-6.36964e-03
-9.15971e-03
-9.60947e-03
4.09340e-04
2.93431e-02
7.86002e-02
1.32629e-01
1.86136e-01
2.21407e-01
2.27680e-01
2.25526e-01
2.23488e-01
2.18072e-01
1.97588e-01
1.50882e-01
7.07301e-02
-2.01383e-02
-7.42607e-02
-1.02949e-01
-1.01721e-01
-7.80492e-02
-3.36455e-02
1.77457e-02
6.10732e-02
7.74730e-02
6.85706e-02
4.40578e-02
4.39019e-03
-3.71052e-02
-6.76141e-02
-7.69595e-02
-7.44562e-02
-5.94616e-02
-2.48892e-02
3.07468e-02
9.46580e-02
1.40247e-01
1.45164e-01
1.07788e-01
5.87806e-02
2.02050e-02
-1.04316e-02
-4.19436e-02
-7.24575e-02
-1.02141e-01
-1.28724e-01
-1.46560e-01
-1.56710e-01
-1.65192e-01
-1.71741e-01
-1.76516e-01
-1.82742e-01
-1.88878e-01
-1.94029e-01
-1.98728e-01
-2.05153e-01
-2.13526e-01
-2.21688e-01
-2.28620e-01
-2.34986e-01
-2.39599e-01
-2.42110e-01
-2.40566e-01
-2.31890e-01
-2.14697e-01
-1.92780e-01
-1.65495e-01
-1.35679e-01
-1.06823e-01
-7.20273e-02
-3.79935e-02
-1.03680e-02
1.30107e-02
2.76727e-02
3.04896e-02
1.77812e-02
-1.98010e-02
-7.78662e-02
-1.27515e-01
-1.42482e-01
-1.40191e-01
-1.29568e-01
-1.04385e-01
-6.14989e-02
-1.48152e-02
1.32798e-02
1.96820e-02
1.09867e-02
-5.91352e-03
-2.20369e-02
-3.02847e-02
-2.85404e-02
-1.66423e-02
4.94059e-04
2.08635e-02
3.87259e-02
5.51320e-02
6.85298e-02
8.23054e-02
9.90660e-02
1.15953e-01
1.35670e-01
1.57307e-01
1.76698e-01
1.87256e-01
1.76458e-01
1.40198e-01
8.06548e-02
5.59795e-03
-8.29346e-02
-1.57147e-01
-1.83295e-01
-1.83836e-01
-1.67511e-01
-1.25903e-01
-6.09057e-02
3.11217e-03
4.16313e-02
7.09637e-02
9.61472e-02
1.05463e-01
9.25836e-02
5.59188e-02
8.64194e-03
-1.76386e-02
-2.21541e-02
-1.64688e-02
-1.88994e-03
2.29572e-02
4.76997e-02
5.79588e-02
6.23032e-02
6.79305e-02
7.85422e-02
9.52222e-02
1.16487e-01
1.42191e-01
1.68314e-01
1.94344e-01
2.24626e-01
2.53560e-01
2.68729e-01
2.64162e-01
2.32780e-01
1.74087e-01
9.55907e-02
-1.77087e-03
-1.20243e-01
-2.25619e-01
-2.85459e-01
-3.18038e-01
-3.30055e-01
-3.18154e-01
-2.83580e-01
-2.31535e-01
-1.80523e-01
-1.43319e-01
-1.11651e-01
-8.18094e-02
-6.18307e-02
-4.95282e-02
-3.21057e-02
-4.31678e-03
3.49979e-02
7.19013e-02
1.02406e-01
1.24258e-01
1.31731e-01
1.33803e-01
1.31885e-01
1.25552e-01
1.15046e-01
1.03293e-01
9.52865e-02
8.61628e-02
7.04467e-02
4.36116e-02
-3.48214e-03
-6.75562e-02
-1.49346e-01
-2.31723e-01
-2.84534e-01
-3.13150e-01
-3.13418e-01
-2.97151e-01
-2.73819e-01
-2.48082e-01
-2.27576e-01
-2.14364e-01
-2.22822e-01
-2.43003e-01
-2.63371e-01
-2.65375e-01
-2.46469e-01
-2.12952e-01
-1.85249e-01
-1.68658e-01
-1.56787e-01
-1.41838e-01
-1.10231e-01
-6.06803e-02
1.55288e-02
9.31731e-02
1.25123e-01
1.27213e-01
1.27276e-01
1.25841e-01
1.24510e-01
1.24391e-01
1.27229e-01
1.32096e-01
1.38941e-01
1.49850e-01
1.64671e-01
1.80049e-01
1.97532e-01
2.11900e-01
2.18466e-01
2.22799e-01
2.24986e-01
2.18270e-01
1.94082e-01
1.44804e-01
7.54087e-02
1.03586e-02
-3.43911e-02
-6.25915e-02
-7.86164e-02
-8.79058e-02
-9.28116e-02
-9.15658e-02
-8.34565e-02
-6.99261e-02
-5.67503e-02
-4.92184e-02
-4.71545e-02
-4.73823e-02
-4.30846e-02
-3.00249e-02
-8.58643e-03
1.53218e-02
3.29727e-02
4.70568e-02
6.10750e-02
7.43871e-02
8.79674e-02
1.01055e-01
1.17063e-01
1.39461e-01
1.65598e-01
1.93132e-01
2.17697e-01
2.29190e-01
2.27742e-01
2.17473e-01
1.98875e-01
1.73004e-01
1.42578e-01
1.08485e-01
7.17997e-02
4.25920e-02
2.19483e-02
4.94572e-03
-5.32046e-03
-5.90185e-03
7.01977e-04
1.05674e-02
2.03260e-02
2.62517e-02
2.55890e-02
1.92531e-02
7.86279e-03
-7.69576e-03
-2.58458e-02
-4.13752e-02
-4.71203e-02
-4.36026e-02
-2.95295e-02
-7.68729e-03
1.28457e-02
2.48456e-02
3.09740e-02
3.24909e-02
3.04836e-02
2.93328e-02
3.53087e-02
4.92212e-02
6.08500e-02
5.30413e-02
2.34319e-02
-1.30911e-02
-4.09136e-02
-6.54049e-02
-8.74298e-02
-1.03818e-01
-1.19692e-01
-1.33772e-01
-1.40586e-01
-1.47904e-01
-1.54587e-01
-1.60597e-01
-1.67624e-01
-1.75731e-01
-1.83417e-01
-1.85629e-01
-1.79734e-01
-1.66261e-01
-1.45820e-01
-1.20567e-01
-8.99603e-02
-5.75358e-02
-2.92558e-02
-1.47107e-03
3.08489e-02
6.30188e-02
9.32404e-02
1.21382e-01
1.47022e-01
1.68830e-01
1.82657e-01
1.91282e-01
1.97846e-01
2.02563e-01
2.05674e-01
2.07370e-01
2.07112e-01
2.03404e-01
1.92802e-01
1.70969e-01
1.33127e-01
8.07194e-02
2.49313e-02
-2.12732e-02
-6.23037e-02
-9.82723e-02
-1.32465e-01
-1.57248e-01
-1.67007e-01
-1.70048e-01
-1.65976e-01
-1.54386e-01
-1.37046e-01
-1.17484e-01
-9.68025e-02
-8.19006e-02
-7.14081e-02
-5.20307e-02
-2.23901e-02
6.89513e-03
2.65366e-02
2.62792e-02
1.93867e-02
1.20699e-02
6.19115e-03
9.87663e-04
-1.43035e-03
1.64131e-03
1.00332e-02
2.27444e-02
3.76205e-02
5.62531e-02
7.45720e-02
8.41509e-02
8.46909e-02
7.96124e-02
6.99503e-02
5.89293e-02
5.15659e-02
4.83602e-02
4.65436e-02
4.61328e-02
4.83489e-02
5.15475e-02
5.08935e-02
4.15634e-02
2.16623e-02
-5.55723e-03
-3.69741e-02
-6.62425e-02
-8.15528e-02
-9.11055e-02
-9.62293e-02
-9.25454e-02
-7.68537e-02
-5.23996e-02
-3.09129e-02
-1.74022e-02
-1.56322e-02
-1.99779e-02
-2.81805e-02
-3.72377e-02
-4.56152e-02
-5.20583e-02
-5.52954e-02
-5.64080e-02
-5.76400e-02
-6.08506e-02
-6.52273e-02
-6.94610e-02
-7.33366e-02
-7.75487e-02
-8.29430e-02
-8.74150e-02
-9.05931e-02
-9.22127e-02
-8.92315e-02
-7.86916e-02
-6.10443e-02
-4.16274e-02
-1.79342e-02
6.70457e-03
3.95818e-02
7.01881e-02
7.19835e-02
4.21290e-02
-1.69784e-03
-2.43136e-02
-3.51946e-02
-4.51098e-02
-5.33310e-02
-5.93286e-02
-6.30544e-02
-6.42232e-02
-6.25688e-02
-5.98416e-02
-5.69089e-02
-5.35187e-02
-4.97361e-02
-4.69013e-02
-4.58724e-02
-4.51228e-02
-4.32467e-02
-4.13174e-02
-3.98282e-02
-3.83271e-02
-3.54444e-02
-3.34964e-02
-3.33424e-02
-3.48565e-02
-4.07342e-02
-5.13861e-02
-6.36449e-02
-7.32224e-02
-7.64362e-02
-7.16181e-02
-6.09529e-02
-4.47952e-02
-2.41925e-02
-1.56616e-04
2.26284e-02
3.99314e-02
5.57508e-02
7.17763e-02
8.40336e-02
9.08545e-02
9.49132e-02
9.80223e-02
1.00996e-01
1.06583e-01
1.12927e-01
1.18045e-01
1.21676e-01
1.22797e-01
1.22674e-01
1.21752e-01
1.17931e-01
1.10461e-01
9.96371e-02
8.62835e-02
6.94479e-02
5.31478e-02
4.02744e-02
3.32218e-02
3.53880e-02
4.60286e-02
6.21357e-02
7.98466e-02
9.45759e-02
1.04710e-01
1.10840e-01
1.11864e-01
1.11046e-01
1.07555e-01
1.00122e-01
8.92572e-02
7.65080e-02
6.33790e-02
5.19195e-02
4.18497e-02
2.95673e-02
1.57955e-02
6.83757e-03
4.83898e-03
8.18324e-03
1.75267e-02
3.19108e-02
4.57804e-02
5.47604e-02
6.07803e-02
6.40483e-02
6.61073e-02
6.65946e-02
6.31343e-02
5.27582e-02
3.35413e-02
1.01728e-02
-3.48752e-03
-9.37957e-03
-1.17934e-02
-1.28058e-02
-1.04021e-02
-4.38996e-03
2.38478e-03
9.96058e-03
1.68878e-02
2.19067e-02
2.72504e-02
3.34930e-02
4.00087e-02
4.51710e-02
4.81355e-02
5.06782e-02
5.30252e-02
5.34009e-02
5.02471e-02
4.05421e-02
2.47734e-02
3.05419e-03
-1.91001e-02
-3.65293e-02
-5.62186e-02
-8.03651e-02
-1.08654e-01
-1.36788e-01
-1.53035e-01
-1.57245e-01
-1.59574e-01
-1.61177e-01
-1.58933e-01
-1.51168e-01
-1.38851e-01
-1.26196e-01
-1.13877e-01
-1.01757e-01
-8.68269e-02
-6.86659e-02
-4.62142e-02
-1.80744e-02
1.19312e-02
3.51779e-02
5.64474e-02
7.60123e-02
9.06046e-02
1.02928e-01
1.15979e-01
1.27697e-01
1.35055e-01
1.38003e-01
1.36549e-01
1.32693e-01
1.26530e-01
1.16871e-01
1.03041e-01
8.54079e-02
6.41936e-02
3.80270e-02
1.19598e-02
-1.29040e-02
-4.14832e-02
-6.78870e-02
-8.72447e-02
-9.46739e-02
-9.10274e-02
-8.24630e-02
-7.07552e-02
-5.70045e-02
-3.87743e-02
-2.14439e-02
-1.52235e-02
-1.75037e-02
-2.59879e-02
-3.58020e-02
-4.48080e-02
-5.11376e-02
-5.58879e-02
-5.57160e-02
-5.03932e-02
-4.00293e-02
-2.58511e-02
-1.00762e-02
6.43726e-03
1.93036e-02
3.07775e-02
3.97180e-02
4.64934e-02
5.43376e-02
6.12745e-02
6.38835e-02
6.12797e-02
5.42226e-02
4.50591e-02
3.42042e-02
2.36610e-02
1.42082e-02
5.64624e-03
-4.65442e-04
-3.47856e-03
-4.24292e-03
-3.51851e-03
-1.74773e-03
-3.93067e-07
1.55143e-04
-8.55842e-04
-2.01517e-03
-3.05790e-03
-4.42331e-03
-7.50702e-03
-1.14245e-02
-1.58521e-02
-1.92800e-02
-1.95853e-02
-1.80382e-02
-1.63208e-02
-1.50598e-02
-1.45034e-02
-1.45142e-02
-1.34427e-02
-1.17434e-02
-1.10581e-02
-9.55498e-03
-8.20387e-03
-1.00212e-02
-1.36498e-02
-1.76046e-02
-2.22783e-02
-2.70427e-02
-3.33452e-02
-3.96611e-02
-4.54772e-02
-5.00044e-02
-5.16439e-02
-5.04559e-02
-4.70694e-02
-4.23506e-02
-3.73498e-02
-3.51929e-02
-3.56624e-02
-3.69816e-02
-3.84826e-02
-3.87495e-02
-3.69200e-02
-3.22139e-02
-2.48756e-02
-1.73376e-02
-1.06261e-02
-6.66538e-03
-7.13377e-03
-1.11640e-02
-1.79791e-02
-2.65760e-02
-3.41181e-02
-3.77508e-02
-3.89233e-02
-3.85844e-02
-3.60831e-02
-3.17517e-02
-2.62691e-02
-2.17373e-02
-1.77970e-02
-1.44304e-02
-1.22811e-02
-1.17814e-02
-1.33390e-02
-1.72567e-02
-2.22699e-02
-2.64235e-02
-2.96478e-02
-3.14498e-02
-3.13964e-02
-2.93122e-02
-2.40515e-02
-1.63845e-02
-5.66445e-03
6.67650e-03
1.68451e-02
2.50684e-02
3.04582e-02
3.19624e-02
2.84688e-02
2.35733e-02
1.99741e-02
1.78214e-02
1.97770e-02
2.51789e-02
3.25559e-02
4.06930e-02
4.76958e-02
5.28982e-02
5.57553e-02
5.35830e-02
4.65245e-02
3.47053e-02
2.16188e-02
1.11839e-02
2.65511e-03
-2.92169e-03
-6.30132e-03
-9.11617e-03
-9.01988e-03
-7.33179e-03
-6.62986e-03
-5.57196e-03
-5.64117e-03
-5.77426e-03
-6.35163e-03
-8.18994e-03
-1.04890e-02
-1.14981e-02
-1.17596e-02
-1.29560e-02
-1.40754e-02
-1.40119e-02
-1.45646e-02
-1.62079e-02
-1.79170e-02
-1.83039e-02
-1.75432e-02
-1.46780e-02
-1.01870e-02
-4.34019e-03
3.06465e-03
1.27139e-02
2.25316e-02
2.88338e-02
3.35355e-02
3.63525e-02
3.58124e-02
3.23970e-02
2.78915e-02
2.31806e-02
1.84922e-02
1.60128e-02
1.62471e-02
1.78994e-02
1.99499e-02
2.24600e-02
2.46938e-02
2.51133e-02
2.37261e-02
1.97861e-02
1.39652e-02
6.41508e-03
-1.33488e-03
-8.32366e-03
-1.45874e-02
-2.04227e-02
-2.53370e-02
-2.78383e-02
-2.79695e-02
-2.69281e-02
-2.55400e-02
-2.53514e-02
-2.70796e-02
-3.09845e-02
-3.63831e-02
-4.11924e-02
-4.42992e-02
-4.58854e-02
-4.50700e-02
-4.08444e-02
-3.34665e-02
-2.43006e-02
-1.30983e-02
6.13198e-05
1.11815e-02
1.95311e-02
2.46866e-02
2.66561e-02
2.75332e-02
2.91732e-02
3.21938e-02
3.56477e-02
3.95784e-02
4.47645e-02
5.06171e-02
5.38300e-02
5.53554e-02
5.50714e-02
5.22810e-02
4.68521e-02
4.19261e-02
3.94179e-02
3.97582e-02
4.46744e-02
5.28236e-02
6.16993e-02
6.81653e-02
7.30338e-02
7.48497e-02
7.47138e-02
7.38454e-02
7.16695e-02
6.91431e-02
6.64507e-02
6.36154e-02
6.08676e-02
5.85385e-02
5.64998e-02
5.37214e-02
4.87975e-02
4.43927e-02
4.13893e-02
4.13528e-02
4.31725e-02
4.68388e-02
5.19293e-02
5.79434e-02
6.37354e-02
6.56770e-02
6.53720e-02
6.20215e-02
5.65062e-02
4.77369e-02
3.71354e-02
2.45112e-02
1.19244e-02
1.96969e-03
-7.22769e-03
-1.61835e-02
-2.24853e-02
-2.82804e-02
-3.24123e-02
-3.34886e-02
-3.38107e-02
-3.57218e-02
-3.91208e-02
-4.21792e-02
-4.57257e-02
-5.07659e-02
-5.67424e-02
-6.10376e-02
-6.72726e-02
-7.35009e-02
-7.72175e-02
-7.67753e-02
-7.29141e-02
-6.80891e-02
-6.19955e-02
-5.65307e-02
-5.17318e-02
-4.84531e-02
-4.73936e-02
-4.73333e-02
-4.77095e-02
-4.93316e-02
-5.16768e-02
-5.26576e-02
-5.23731e-02
-5.17388e-02
-4.99792e-02
-4.70477e-02
-4.42909e-02
-4.16828e-02
-3.89998e-02
-3.62055e-02
-3.31744e-02
-2.98772e-02
-2.65856e-02
-2.42249e-02
-2.40456e-02
-2.62445e-02
-2.86719e-02
-2.94999e-02
-2.92894e-02
-2.88139e-02
-2.64860e-02
-2.10792e-02
-1.37995e-02
-6.47252e-03
1.23632e-04
6.48460e-03
1.11249e-02
1.47390e-02
1.65753e-02
1.46530e-02
1.16729e-02
8.99625e-03
6.30676e-03
4.12826e-03
3.72441e-03
5.69083e-03
8.79019e-03
1.21751e-02
1.60463e-02
1.93432e-02
2.03365e-02
2.04018e-02
2.00858e-02
1.76752e-02
1.26387e-02
7.21760e-03
3.61322e-03
1.80733e-03
8.49081e-04
7.88425e-04
9.07818e-04
1.60516e-03
2.69830e-03
3.06161e-03
2.80374e-03
2.72379e-03
2.88528e-03
3.22747e-03
3.55952e-03
3.18122e-03
1.01835e-03
-3.34585e-03
-8.82438e-03
-1.44554e-02
-1.91635e-02
-2.25952e-02
-2.52578e-02
-2.74786e-02
-2.85335e-02
-2.87098e-02
-2.87252e-02
-2.81054e-02
-2.68226e-02
-2.60158e-02
-2.61970e-02
-2.64700e-02
-2.70946e-02
-2.82281e-02
-2.90862e-02
-2.97130e-02
-3.11777e-02
-3.22977e-02
-3.21335e-02
-3.11754e-02
-2.89650e-02
-2.60155e-02
-2.33539e-02
-2.07967e-02
-1.80563e-02
-1.49134e-02
-1.12813e-02
-7.60255e-03
-5.15436e-03
-3.85985e-03
-3.01947e-03
-3.81802e-03
-6.06279e-03
-9.06159e-03
-1.17284e-02
-1.35845e-02
-1.42749e-02
-1.41036e-02
-1.34343e-02
-1.15412e-02
-8.78715e-03
-5.93934e-03
-2.53861e-03
1.68495e-03
5.85440e-03
9.65506e-03
1.32164e-02
1.45140e-02
1.39199e-02
1.29237e-02
1.16023e-02
1.13720e-02
1.26357e-02
1.53733e-02
1.94570e-02
2.47682e-02
3.02621e-02
3.48002e-02
3.81405e-02
4.09113e-02
4.27085e-02
4.24615e-02
4.09049e-02
3.94802e-02
3.76641e-02
3.58750e-02
3.45743e-02
3.23767e-02
2.93820e-02
2.61238e-02
2.21002e-02
1.75185e-02
1.40171e-02
1.20968e-02
1.17748e-02
1.21945e-02
1.20420e-02
1.20736e-02
1.31431e-02
1.46658e-02
1.47914e-02
1.44211e-02
1.42004e-02
1.43950e-02
1.57800e-02
1.88787e-02
2.28547e-02
2.73687e-02
3.17791e-02
3.69492e-02
4.12468e-02
4.37663e-02
4.61926e-02
4.89848e-02
5.07190e-02
5.22901e-02
5.26628e-02
5.22320e-02
5.12050e-02
4.96127e-02
4.86797e-02
4.72443e-02
4.52206e-02
4.02321e-02
3.39331e-02
2.77405e-02
1.66550e-02
3.89581e-03
-7.14720e-03
-1.69265e-02
-2.34468e-02
-3.08773e-02
-3.70797e-02
-4.14349e-02
-4.32003e-02
-4.30150e-02
-4.16346e-02
-3.77943e-02
-3.25264e-02
-2.62400e-02
-1.81249e-02
-1.30338e-02
-9.43120e-03
-4.80139e-03
-2.04808e-03
-7.33162e-04
-7.49377e-04
-5.20746e-04
-5.21350e-06
3.61692e-04
2.67314e-05
-1.80838e-03
-5.38851e-03
-1.00650e-02
-1.59454e-02
-2.23727e-02
-2.93790e-02
-3.56492e-02
-3.93809e-02
-4.20866e-02
-4.46992e-02
-4.60968e-02
-4.61414e-02
-4.58346e-02
-4.49313e-02
-4.35237e-02
-4.18573e-02
-3.83552e-02
-3.39429e-02
-2.92927e-02
-2.52480e-02
-2.13926e-02
-1.87896e-02
-1.65602e-02
-1.46370e-02
-1.25908e-02
-9.90833e-03
-8.75351e-03
-9.00783e-03
-9.04647e-03
-8.94244e-03
-8.93340e-03
-8.83601e-03
-8.20743e-03
-6.71356e-03
-5.00530e-03
-4.11275e-03
-3.90402e-03
-5.56868e-03
-8.70179e-03
-1.24898e-02
-1.78377e-02
-2.41062e-02
-2.94646e-02
-3.45112e-02
-3.98256e-02
-4.22838e-02
-4.04560e-02
-3.54922e-02
-2.85376e-02
-2.09506e-02
-1.48481e-02
-9.63717e-03
-4.85452e-03
-1.69468e-03
-6.81734e-05
1.34710e-03
2.30225e-03
2.44825e-03
3.49443e-03
5.95803e-03
8.84985e-03
1.08739e-02
1.23077e-02
1.43021e-02
1.66366e-02
1.75856e-02
1.74724e-02
1.69412e-02
1.53254e-02
1.28010e-02
1.06153e-02
8.64577e-03
6.66824e-03
6.11543e-03
6.10845e-03
6.21373e-03
7.23795e-03
9.32438e-03
1.11687e-02
1.24559e-02
1.48786e-02
1.82983e-02
2.16705e-02
2.43876e-02
2.67199e-02
2.77372e-02
2.63330e-02
2.38772e-02
2.06097e-02
1.73396e-02
1.35568e-02
7.97366e-03
2.16519e-03
-1.98338e-03
-3.92596e-03
-4.90821e-03
-5.30910e-03
-4.37470e-03
-1.40404e-03
2.90872e-03
7.51401e-03
1.34067e-02
1.99058e-02
2.47136e-02
2.85590e-02
3.10135e-02
3.15865e-02
3.14762e-02
3.07370e-02
2.90706e-02
2.76397e-02
2.67066e-02
2.56445e-02
2.42688e-02
2.35788e-02
2.30298e-02
2.16049e-02
1.96721e-02
1.62402e-02
1.15702e-02
7.47394e-03
3.67071e-03
1.67608e-04
-3.67786e-03
-8.26794e-03
-1.17680e-02
-1.35525e-02
-1.32958e-02
-1.09098e-02
-8.09986e-03
-6.15657e-03
-5.14365e-03
-4.72670e-03
-5.32101e-03
-6.98571e-03
-8.76659e-03
-1.09076e-02
-1.24690e-02
-1.36729e-02
-1.39947e-02
-1.19474e-02
-8.06859e-03
-2.16962e-03
5.78558e-03
1.38886e-02
2.04126e-02
2.50461e-02
2.70528e-02
2.54426e-02
2.15279e-02
1.68896e-02
1.23366e-02
9.18300e-03
6.99490e-03
5.01678e-03
3.19780e-03
2.97917e-04
-4.26393e-03
-9.01405e-03
-1.37357e-02
-1.89406e-02
-2.43944e-02
-3.01385e-02
-3.54122e-02
-3.98872e-02
-4.41091e-02
-4.84587e-02
-5.12703e-02
-5.26597e-02
-5.18888e-02
-4.81941e-02
-4.11316e-02
-3.30512e-02
-2.59750e-02
-1.94175e-02
-1.37438e-02
-8.42945e-03
-4.84450e-03
-3.79105e-03
-3.76043e-03
-3.46539e-03
-3.25960e-03
-3.15921e-03
-2.57560e-03
-6.68987e-04
2.47768e-03
5.68114e-03
8.82964e-03
1.15499e-02
1.31837e-02
1.44160e-02
1.45236e-02
1.41649e-02
1.27361e-02
1.02899e-02
8.78273e-03
7.44465e-03
4.37404e-03
1.73033e-03
1.05596e-04
-1.12464e-03
-3.36983e-03
-4.80699e-03
-5.81785e-03
-6.93553e-03
-8.38447e-03
-8.82710e-03
-1.00384e-02
-1.16653e-02
-1.15921e-02
-1.16146e-02
-1.17570e-02
-1.13333e-02
-1.00244e-02
-8.52664e-03
-8.87545e-03
-1.03457e-02
-1.18426e-02
-1.19421e-02
-1.16462e-02
-1.12979e-02
-1.03442e-02
-9.01991e-03
-8.63747e-03
-8.90353e-03
-8.93236e-03
-8.84206e-03
-8.75890e-03
-8.69122e-03
-8.57270e-03
-8.44594e-03
-8.56408e-03
-9.37238e-03
-1.10058e-02
-1.26137e-02
-1.36971e-02
-1.43643e-02
-1.43322e-02
-1.44417e-02
-1.44260e-02
-1.36919e-02
-1.23350e-02
-1.14578e-02
-1.15891e-02
-1.18246e-02
-1.24712e-02
-1.37011e-02
-1.45961e-02
-1.41452e-02
-1.40706e-02
-1.49408e-02
-1.65738e-02
-1.78087e-02
-1.70816e-02
-1.52534e-02
-1.25394e-02
-9.26107e-03
-4.34868e-03
1.93633e-03
6.31608e-03
1.15834e-02
1.55282e-02
1.71152e-02
1.85122e-02
2.02870e-02
1.99045e-02
1.85515e-02
1.75048e-02
1.86243e-02
2.08119e-02
2.24446e-02
2.46646e-02
2.60883e-02
2.61034e-02
2.61727e-02
2.63107e-02
2.54382e-02
2.28485e-02
1.90229e-02
1.36152e-02
7.73819e-03
2.92685e-03
-1.66951e-04
-1.49813e-03
-7.69657e-04
1.40618e-03
3.14878e-03
3.96307e-03
4.94404e-03
5.73527e-03
6.42290e-03
7.15859e-03
6.71046e-03
5.66834e-03
5.58410e-03
5.62533e-03
6.29743e-03
8.68697e-03
1.27520e-02
1.77115e-02
2.24495e-02
2.57082e-02
2.83271e-02
3.13375e-02
3.35226e-02
3.29067e-02
2.95720e-02
2.56347e-02
2.06862e-02
1.55610e-02
1.18777e-02
7.37125e-03
4.70919e-03
4.03511e-03
5.41537e-03
6.88703e-03
6.47900e-03
5.79457e-03
4.27930e-03
1.49433e-03
-1.07220e-03
-2.70170e-03
-3.75666e-03
-5.09043e-03
-5.41136e-03
-5.46278e-03
-5.76290e-03
-5.93323e-03
-5.66414e-03
-4.62909e-03
-3.25735e-03
-2.86804e-03
-3.00458e-03
-2.58991e-03
-1.95033e-03
-2.05231e-03
-3.34440e-03
-5.76545e-03
-9.45103e-03
-1.32554e-02
-1.61158e-02
-1.75034e-02
-1.87835e-02
-2.01564e-02
-1.96923e-02
-1.81651e-02
-1.63243e-02
-1.51920e-02
-1.47484e-02
-1.65814e-02
-1.92810e-02
-2.07131e-02
-2.18457e-02
-2.45678e-02
-2.68643e-02
-2.82234e-02
-2.98196e-02
-3.13874e-02
-3.21276e-02
-3.32610e-02
-3.45202e-02
-3.37283e-02
-3.20470e-02
-3.09111e-02
-2.88300e-02
-2.59768e-02
-2.28685e-02
-1.90330e-02
-1.47471e-02
-1.13712e-02
-8.81670e-03
-6.41190e-03
-4.33189e-03
-2.55619e-03
-3.30728e-04
2.68034e-03
5.31372e-03
7.97872e-03
1.17929e-02
1.76926e-02
2.45182e-02
2.96091e-02
3.47561e-02
3.95346e-02
4.05815e-02
4.01656e-02
3.87973e-02
3.53206e-02
3.08375e-02
2.59278e-02
2.07596e-02
1.67344e-02
1.36722e-02
9.86377e-03
6.59901e-03
6.72177e-03
8.22636e-03
9.49041e-03
8.96595e-03
7.51975e-03
5.94547e-03
4.87658e-03
2.69307e-03
-3.35634e-04
-3.21428e-03
-5.85335e-03
-7.98355e-03
-9.54956e-03
-1.08739e-02
-1.06227e-02
-8.51823e-03
-6.10520e-03
-4.12809e-03
-1.77063e-03
1.29664e-04
6.65493e-04
1.18841e-03
1.16708e-04
-2.71271e-03
-5.39500e-03
-8.53935e-03
-1.24142e-02
-1.55255e-02
-1.65642e-02
-1.70687e-02
-1.65992e-02
-1.44464e-02
-1.05739e-02
-6.53638e-03
-2.55276e-03
2.98359e-03
7.42093e-03
1.02052e-02
1.27593e-02
1.41902e-02
1.39850e-02
1.39276e-02
1.44709e-02
1.60409e-02
1.88859e-02
2.17401e-02
2.45851e-02
2.76573e-02
3.04799e-02
3.18866e-02
3.07651e-02
2.79504e-02
2.45811e-02
2.03443e-02
1.61379e-02
1.23279e-02
9.82741e-03
8.52881e-03
7.18201e-03
6.66311e-03
6.64195e-03
5.54623e-03
2.59414e-03
-1.75371e-03
-6.55521e-03
-1.20252e-02
-1.82718e-02
-2.29746e-02
-2.61624e-02
-2.90253e-02
-2.95231e-02
-2.78575e-02
-2.56018e-02
-2.17815e-02
-1.78176e-02
-1.52774e-02
-1.28662e-02
-1.07064e-02
-8.96953e-03
-6.54980e-03
-2.24369e-03
1.85478e-03
4.57530e-03
7.26503e-03
9.85953e-03
1.17091e-02
1.29649e-02
1.45134e-02
1.45008e-02
1.44104e-02
1.46414e-02
1.48746e-02
1.50555e-02
1.47663e-02
1.36651e-02
1.18597e-02
1.05572e-02
8.91721e-03
7.89651e-03
7.47642e-03
8.70253e-03
1.04124e-02
1.23272e-02
1.42567e-02
1.57618e-02
1.79417e-02
1.99231e-02
2.04724e-02
2.05390e-02
2.05523e-02
1.96328e-02
1.72675e-02
1.44421e-02
1.18635e-02
9.91379e-03
9.16746e-03
9.21204e-03
9.75272e-03
1.17978e-02
1.54575e-02
1.99377e-02
2.44722e-02
2.84171e-02
3.11020e-02
3.15857e-02
3.14284e-02
3.17387e-02
3.22056e-02
3.26285e-02
3.27377e-02
3.19898e-02
2.97061e-02
2.60107e-02
2.12225e-02
1.52566e-02
8.10949e-03
-4.57760e-04
-8.77896e-03
-1.58875e-02
-2.25448e-02
-2.74832e-02
-3.14554e-02
-3.53253e-02
-3.79866e-02
-3.93070e-02
-4.02315e-02
-4.02949e-02
-4.02990e-02
-4.03921e-02
-4.06790e-02
-4.15265e-02
-4.28821e-02
-4.37349e-02
-4.35616e-02
-4.36697e-02
-4.38839e-02
-4.33117e-02
-4.12786e-02
-3.82216e-02
-3.59058e-02
-3.44782e-02
-3.33565e-02
-3.21221e-02
-3.22187e-02
-3.28903e-02
-3.40355e-02
-3.49761e-02
-3.46548e-02
-3.45948e-02
-3.49041e-02
-3.50425e-02
-3.44179e-02
-3.25539e-02
-3.00987e-02
-2.85182e-02
-2.70133e-02
-2.44934e-02
-2.27167e-02
-2.15884e-02
-2.04775e-02
-2.05479e-02
-2.06581e-02
-2.05789e-02
-2.03629e-02
-1.96523e-02
-1.84083e-02
-1.72808e-02
-1.69378e-02
-1.54323e-02
-1.30805e-02
-1.11959e-02
-8.50329e-03
-4.20367e-03
-2.06492e-03
-3.45555e-04
2.07990e-03
2.75635e-03
2.70390e-03
2.98918e-03
3.19005e-03
2.83398e-03
1.61945e-03
2.17894e-04
1.02764e-04
-8.86255e-04
-2.82956e-03
-4.06088e-03
-5.94904e-03
-7.09429e-03
-8.34443e-03
-8.22429e-03
-8.18657e-03
-8.52208e-03
-8.71279e-03
-8.38905e-03
-7.10249e-03
-5.26675e-03
-4.25480e-03
-2.68298e-03
-1.54390e-03
3.75583e-04
1.87386e-03
3.33385e-03
2.83327e-03
1.29027e-03
-5.16342e-04
-1.43964e-03
-2.50693e-03
-2.44268e-03
-2.47379e-03
-2.71436e-03
-2.28953e-03
-1.03248e-03
4.47758e-04
1.98473e-04
-6.24449e-05
-1.26649e-04
-1.22951e-04
2.61903e-04
1.56250e-03
3.75116e-03
5.87421e-03
9.21231e-03
1.17996e-02
1.65334e-02
2.08440e-02
2.50432e-02
2.78742e-02
3.02346e-02
3.22431e-02
3.34523e-02
3.50304e-02
3.50093e-02
3.49999e-02
3.52383e-02
3.55054e-02
3.55295e-02
3.50125e-02
3.37231e-02
3.24334e-02
3.26766e-02
3.24551e-02
3.11320e-02
2.96565e-02
2.93607e-02
2.80558e-02
2.55115e-02
2.38386e-02
2.18982e-02
1.76259e-02
1.37435e-02
1.28259e-02
1.24296e-02
1.27054e-02
1.35842e-02
1.51449e-02
1.65860e-02
1.96728e-02
2.24072e-02
2.36186e-02
2.33721e-02
2.29688e-02
2.18738e-02
1.99330e-02
1.84998e-02
1.63473e-02
1.32654e-02
1.06354e-02
8.94216e-03
7.93345e-03
6.58367e-03
6.66060e-03
6.31564e-03
4.87076e-03
2.91752e-03
1.75975e-03
6.27536e-05
-9.70876e-04
-2.23927e-03
-2.40723e-03
-2.18781e-03
-2.25150e-03
-2.59937e-03
-3.66174e-03
-5.34547e-03
-6.94941e-03
-9.79763e-03
-1.30331e-02
-1.56679e-02
-1.82878e-02
-2.09481e-02
-2.35935e-02
-2.55764e-02
-2.68724e-02
-2.84084e-02
-2.88971e-02
-2.86516e-02
-2.74866e-02
-2.49199e-02
-2.20609e-02
-1.88614e-02
-1.48886e-02
-1.08892e-02
-8.84856e-03
-7.79913e-03
-6.39815e-03
-6.09811e-03
-6.13190e-03
-5.69558e-03
-4.49069e-03
-2.60282e-03
-1.07498e-03
1.08050e-03
2.84942e-03
4.18336e-03
6.86620e-03
9.92455e-03
1.28196e-02
1.58150e-02
1.89069e-02
2.17033e-02
2.33004e-02
2.31548e-02
2.21344e-02
2.05533e-02
1.91031e-02
1.69442e-02
1.54891e-02
1.51900e-02
1.42142e-02
1.26044e-02
1.18666e-02
1.08087e-02
9.36093e-03
9.28570e-03
9.54786e-03
9.40871e-03
8.70623e-03
7.42727e-03
6.19039e-03
5.08285e-03
3.84591e-03
3.42876e-03
3.60928e-03
3.59248e-03
3.42693e-03
3.21605e-03
3.07009e-03
3.21424e-03
3.94864e-03
5.21514e-03
6.10960e-03
6.08394e-03
5.76360e-03
5.71296e-03
6.21034e-03
7.47821e-03
9.03756e-03
9.19318e-03
7.94094e-03
6.31160e-03
5.23824e-03
4.08293e-03
2.45835e-03
-1.61797e-04
-3.07016e-03
-4.82856e-03
-5.20968e-03
-5.27859e-03
-5.36834e-03
-4.49218e-03
-2.02758e-03
1.09810e-03
4.07453e-03
6.62992e-03
8.18057e-03
8.46033e-03
8.65600e-03
9.61663e-03
1.08054e-02
1.09332e-02
9.74004e-03
8.93187e-03
8.19202e-03
6.63143e-03
5.30751e-03
4.17215e-03
3.39151e-03
2.43614e-03
9.57107e-04
4.96023e-04
7.65326e-04
6.06740e-04
-3.50804e-04
-2.04353e-03
-3.67792e-03
-5.70555e-03
-7.77170e-03
-9.41022e-03
-1.16228e-02
-1.34131e-02
-1.36880e-02
-1.38324e-02
-1.49677e-02
-1.66135e-02
-1.72587e-02
-1.70756e-02
-1.67303e-02
-1.59669e-02
-1.49976e-02
-1.48226e-02
-1.46455e-02
-1.44698e-02
-1.45327e-02
-1.41650e-02
-1.30848e-02
-1.16577e-02
-1.12542e-02
-1.15230e-02
-1.15751e-02
-1.14462e-02
-1.12961e-02
-1.12118e-02
-1.12769e-02
-1.14874e-02
-1.16660e-02
-1.13436e-02
-9.97387e-03
-7.66585e-03
-6.07223e-03
-5.77471e-03
-4.86315e-03
-2.31541e-03
2.89856e-04
1.92011e-03
2.88066e-03
1.95165e-03
8.71532e-05
-1.23021e-03
-3.14969e-03
-4.57004e-03
-4.98450e-03
-4.10355e-03
-2.42338e-03
-7.22720e-04
2.50675e-03
5.88394e-03
7.69884e-03
1.01087e-02
1.15335e-02
1.05267e-02
8.64222e-03
7.46208e-03
6.35659e-03
6.46959e-03
7.29378e-03
8.42758e-03
9.52256e-03
1.06807e-02
1.21219e-02
1.19640e-02
1.04582e-02
8.08450e-03
6.15506e-03
4.49577e-03
1.81695e-03
4.88499e-05
-1.14377e-03
-2.00920e-03
-2.16531e-03
-2.16954e-03
-2.10402e-03
-2.04151e-03
-2.43178e-03
-3.94313e-03
-6.49715e-03
-8.35560e-03
-9.38799e-03
-1.07970e-02
-1.12864e-02
-1.11702e-02
-1.00011e-02
-6.95149e-03
-2.93630e-03
1.45657e-03
4.82281e-03
7.57848e-03
8.80896e-03
6.94031e-03
3.84288e-03
1.24120e-03
-1.19918e-03
-3.47995e-03
-5.25469e-03
-6.55249e-03
-8.14405e-03
-7.85351e-03
-6.60134e-03
-4.93253e-03
-3.65498e-03
-1.30751e-03
6.12228e-04
2.29941e-03
5.08954e-03
5.88288e-03
4.22430e-03
2.77981e-03
3.36637e-03
3.81458e-03
3.61084e-03
2.91988e-03
2.12183e-03
2.24561e-03
3.45703e-03
3.38753e-03
3.85310e-03
5.72034e-03
8.11445e-03
9.61062e-03
1.11367e-02
1.41920e-02
1.73304e-02
2.02120e-02
2.26888e-02
2.42807e-02
2.49814e-02
2.47856e-02
2.28069e-02
2.08789e-02
1.83142e-02
1.55656e-02
1.25501e-02
8.83968e-03
4.88559e-03
1.85940e-03
-2.36074e-04
-3.65732e-03
-7.68624e-03
-1.06826e-02
-1.37129e-02
-1.67387e-02
-1.87119e-02
-1.87687e-02
-1.73173e-02
-1.58411e-02
-1.39379e-02
-1.09360e-02
-7.99795e-03
-5.81017e-03
-4.41070e-03
-3.27730e-03
-3.49099e-03
-5.15913e-03
-6.78001e-03
-8.84525e-03
-1.06840e-02
-1.11351e-02
-1.08778e-02
-1.01134e-02
-8.27380e-03
-5.95201e-03
-3.42653e-03
-2.60124e-03
-2.87172e-03
-2.74546e-03
-2.69839e-03
-3.49938e-03
-5.18466e-03
-6.83514e-03
-9.19075e-03
-1.11990e-02
-1.24635e-02
-1.39035e-02
-1.38901e-02
-1.28165e-02
-1.12008e-02
-9.82678e-03
-7.68560e-03
-5.85919e-03
-4.57879e-03
-2.44614e-03
-8.06599e-04
5.77637e-05
1.55904e-04
-3.00233e-04
-1.41365e-03
-2.82884e-03
-2.96714e-03
-2.78742e-03
-2.44585e-03
-1.33270e-03
3.40888e-04
1.15572e-03
2.40973e-03
2.68358e-03
1.20400e-03
-7.70777e-04
-1.80766e-03
-3.12904e-03
-3.10301e-03
-2.52480e-03
-1.09445e-03
1.40529e-03
3.10081e-03
4.76996e-03
7.67171e-03
8.76852e-03
7.70865e-03
5.77591e-03
3.37547e-03
1.97597e-03
1.12991e-03
1.57163e-04
2.02421e-04
4.37147e-05
-4.20418e-04
-5.81644e-04
1.53272e-04
2.29121e-03
4.91870e-03
5.94985e-03
5.54892e-03
4.65559e-03
2.51453e-03
-5.74982e-04
-3.51156e-03
-5.67903e-03
-6.10813e-03
-4.31963e-03
-6.61504e-04
3.68714e-03
7.52507e-03
1.10718e-02
1.38278e-02
1.59652e-02
1.66150e-02
1.57226e-02
1.43665e-02
1.34446e-02
1.28229e-02
1.20965e-02
1.14950e-02
1.03504e-02
8.79312e-03
8.60705e-03
9.83232e-03
1.12509e-02
1.15600e-02
1.12214e-02
1.11638e-02
1.12807e-02
1.13534e-02
1.12873e-02
1.12257e-02
1.15283e-02
1.26423e-02
1.44664e-02
1.58117e-02
1.71568e-02
1.73766e-02
1.69757e-02
1.60293e-02
1.43041e-02
1.28088e-02
1.06447e-02
9.17657e-03
8.77039e-03
7.66147e-03
6.02522e-03
5.76189e-03
5.90432e-03
5.85456e-03
5.74766e-03
5.66350e-03
5.64633e-03
5.69873e-03
5.77408e-03
5.79537e-03
5.66522e-03
5.55583e-03
5.70479e-03
6.35748e-03
7.40055e-03
7.76546e-03
5.97059e-03
5.19507e-03
5.64078e-03
6.53185e-03
7.99354e-03
9.12348e-03
8.78423e-03
8.22651e-03
7.44449e-03
6.38868e-03
5.58805e-03
4.35187e-03
2.33278e-03
4.22627e-04
-1.66102e-03
-2.62511e-03
-2.95137e-03
-4.33695e-03
-6.20002e-03
-8.42809e-03
-1.13312e-02
-1.36746e-02
-1.51628e-02
-1.62153e-02
-1.62693e-02
-1.46217e-02
-1.29092e-02
-1.16369e-02
-1.04938e-02
-9.30556e-03
-8.44806e-03
-7.47713e-03
-6.01804e-03
-5.55250e-03
-5.76774e-03
-5.47278e-03
-4.33887e-03
-2.80555e-03
-2.25460e-03
-2.36309e-03
-2.36538e-03
-2.68356e-03
-3.76646e-03
-5.18669e-03
-5.35875e-03
-5.13338e-03
-4.78724e-03
-3.84463e-03
-2.59137e-03
-2.15558e-03
-1.01907e-03
1.07613e-03
2.31265e-03
3.64333e-03
3.48642e-03
3.33646e-03
3.51339e-03
3.64712e-03
3.77171e-03
3.80150e-03
3.78442e-03
3.66093e-03
3.52601e-03
3.57890e-03
4.24217e-03
5.70561e-03
7.35275e-03
8.31687e-03
9.43514e-03
1.01512e-02
1.15425e-02
1.21820e-02
1.01501e-02
7.48714e-03
5.76629e-03
4.04154e-03
1.77813e-03
1.02447e-03
1.12725e-03
1.00940e-03
1.28947e-03
2.48658e-03
4.34795e-03
7.09274e-03
1.07393e-02
1.30018e-02
1.38931e-02
1.44103e-02
1.37359e-02
1.24078e-02
1.07032e-02
7.39338e-03
2.90890e-03
-5.69502e-04
-3.03393e-03
-4.84826e-03
-5.60735e-03
-5.93218e-03
-5.86498e-03
-4.57506e-03
-2.20350e-03
-7.98669e-04
-1.03862e-03
-1.00523e-03
7.34858e-05
1.56680e-03
2.12484e-03
3.12614e-03
4.69953e-03
4.85106e-03
4.16512e-03
2.91500e-03
1.46096e-03
1.40236e-03
1.70509e-03
1.72025e-03
1.59114e-03
1.09231e-03
-7.27057e-05
-1.84232e-03
-3.28692e-03
-6.35715e-03
-9.55173e-03
-1.22533e-02
-1.42434e-02
-1.52136e-02
-1.58227e-02
-1.64661e-02
-1.80686e-02
-1.98716e-02
-1.97640e-02
-1.90443e-02
-1.78550e-02
-1.64682e-02
-1.63730e-02
-1.54331e-02
-1.39238e-02
-1.35588e-02
-1.23522e-02
-1.04051e-02
-8.64022e-03
-6.25641e-03
-4.63348e-03
-3.11298e-03
-6.56988e-04
1.30945e-03
3.23758e-03
5.69564e-03
6.25038e-03
4.72993e-03
3.13273e-03
1.76646e-03
-1.03685e-03
-4.53627e-03
-8.74278e-03
-1.29103e-02
-1.56791e-02
-1.80094e-02
-1.96908e-02
-2.11769e-02
-2.20197e-02
-2.12483e-02
-1.99420e-02
-1.90969e-02
-1.86730e-02
-1.75627e-02
-1.66377e-02
-1.61081e-02
-1.46568e-02
-1.27764e-02
-1.06392e-02
-7.96743e-03
-5.98535e-03
-4.50673e-03
-2.20489e-03
1.03513e-03
3.26074e-03
3.53358e-03
2.37152e-03
1.10352e-03
6.21858e-04
8.96573e-06
-1.30107e-03
-1.84327e-03
-1.78768e-03
-1.93801e-03
-2.02013e-03
-1.52669e-03
-1.79869e-04
1.58068e-03
3.31939e-03
4.84401e-03
6.95848e-03
9.08702e-03
1.03998e-02
1.19004e-02
1.33624e-02
1.47309e-02
1.56236e-02
1.67997e-02
1.82889e-02
1.81452e-02
1.70253e-02
1.58338e-02
1.54334e-02
1.41650e-02
1.16541e-02
1.01567e-02
9.90534e-03
8.94736e-03
7.05294e-03
5.73290e-03
4.17795e-03
2.91313e-03
1.19843e-03
-2.20849e-04
-1.59681e-03
-1.79169e-03
-1.58150e-03
-1.53900e-03
-1.58583e-03
-2.04168e-03
-3.10129e-03
-4.45280e-03
-4.91366e-03
-5.86354e-03
-7.40173e-03
-7.72882e-03
-7.66726e-03
-7.40656e-03
-6.33311e-03
-4.58416e-03
-3.32352e-03
-2.03028e-03
-1.76545e-03
-1.87230e-03
-2.17720e-03
-3.25245e-03
-4.62797e-03
-4.76242e-03
-4.67958e-03
-4.56818e-03
-3.47945e-03
-1.17076e-03
1.58305e-03
5.62056e-03
7.43770e-03
8.33716e-03
9.49849e-03
7.90521e-03
4.87777e-03
2.14206e-03
-5.43699e-04
-3.46505e-03
-6.14022e-03
-7.55722e-03
-6.98718e-03
-5.67701e-03
-3.86656e-03
-2.84380e-03
-1.67823e-03
-2.26451e-03
-3.71488e-03
-5.41768e-03
-6.31164e-03
-7.68392e-03
-8.41110e-03
-9.64998e-03
-1.05508e-02
-1.05577e-02
-1.06459e-02
-1.03483e-02
-9.21162e-03
-7.43982e-03
-6.38787e-03
-4.60673e-03
-3.34972e-03
-1.83359e-03
-1.92361e-03
-2.60041e-03
-3.77735e-03
-5.11287e-03
-4.78142e-03
-4.67108e-03
-4.89266e-03
-4.73616e-03
-3.60476e-03
-1.57940e-03
8.94898e-05
2.66305e-03
3.88650e-03
3.35963e-03
3.36973e-03
4.18214e-03
5.63206e-03
6.95786e-03
7.45921e-03
8.63827e-03
9.73224e-03
9.43179e-03
9.44337e-03
1.02477e-02
1.16819e-02
1.28281e-02
1.26659e-02
1.26592e-02
1.27692e-02
1.22211e-02
1.05114e-02
8.08712e-03
6.32311e-03
4.44666e-03
1.90486e-03
1.40334e-03
3.63246e-03
6.76908e-03
9.57402e-03
1.22573e-02
1.45367e-02
1.55181e-02
1.47872e-02
1.29736e-02
1.02140e-02
7.45429e-03
4.48387e-03
1.25464e-03
-1.68941e-03
-3.83457e-03
-4.33530e-03
-3.44577e-03
-2.24424e-03
-1.56317e-03
-1.26147e-03
-1.79874e-04
8.99433e-04
1.70118e-03
3.21193e-03
4.15371e-03
3.66272e-03
2.47788e-03
6.32785e-04
-1.88668e-03
-4.86358e-03
-7.65372e-03
-9.66412e-03
-1.04242e-02
-1.02553e-02
-9.79684e-03
-8.70500e-03
-7.58705e-03
-7.63883e-03
-8.92703e-03
-1.11293e-02
-1.32360e-02
-1.46250e-02
-1.67455e-02
-1.87632e-02
-1.92566e-02
-1.89440e-02
-1.82068e-02
-1.67891e-02
-1.53067e-02
-1.32250e-02
-1.10076e-02
-9.56313e-03
-8.50530e-03
-8.88180e-03
-1.05544e-02
-1.18559e-02
-1.32456e-02
-1.46356e-02
-1.57228e-02
-1.54310e-02
-1.38016e-02
-1.21414e-02
-9.77296e-03
-7.09006e-03
-5.48880e-03
-5.02196e-03
-3.80073e-03
-2.07040e-03
-2.11047e-03
-3.27675e-03
-4.63426e-03
-5.08831e-03
-6.06234e-03
-7.57155e-03
-7.51175e-03
-6.34596e-03
-4.63972e-03
-3.17230e-03
-9.85260e-04
7.95851e-04
1.92081e-03
3.74726e-03
5.20685e-03
6.52068e-03
6.52846e-03
6.08831e-03
6.08235e-03
6.74772e-03
6.82430e-03
6.70666e-03
7.22633e-03
8.60604e-03
1.01185e-02
9.87435e-03
9.65608e-03
9.73601e-03
9.75292e-03
9.71838e-03
9.77247e-03
1.03100e-02
1.15290e-02
1.27789e-02
1.25006e-02
1.28299e-02
1.43260e-02
1.59172e-02
1.57279e-02
1.54823e-02
1.55752e-02
1.56802e-02
1.58076e-02
1.58384e-02
1.58067e-02
1.56742e-02
1.55745e-02
1.56956e-02
1.63067e-02
1.73343e-02
1.78092e-02
1.62479e-02
1.56272e-02
1.59816e-02
1.56051e-02
1.42129e-02
1.26532e-02
1.28508e-02
1.30353e-02
1.29218e-02
1.28991e-02
1.30101e-02
1.31279e-02
1.26853e-02
1.10678e-02
8.45299e-03
6.74892e-03
5.34885e-03
2.57001e-03
9.56964e-04
1.26744e-03
1.92424e-03
3.22348e-03
4.56553e-03
3.86019e-03
2.44105e-03
7.76790e-04
-5.44804e-04
-3.41829e-03
-6.43947e-03
-8.84311e-03
-1.06394e-02
-1.18019e-02
-1.33030e-02
-1.29001e-02
-1.17330e-02
-1.04641e-02
-1.01880e-02
-8.97666e-03
-7.54066e-03
-8.50315e-03
-1.03035e-02
-1.20242e-02
-1.40251e-02
-1.63131e-02
-1.95853e-02
-2.05806e-02
-2.17636e-02
-2.19230e-02
-2.19296e-02
-2.17757e-02
-2.07024e-02
-1.92849e-02
-1.88048e-02
-1.75688e-02
-1.61818e-02
-1.63393e-02
-1.69079e-02
-1.81879e-02
-1.99889e-02
-2.17181e-02
-2.40080e-02
-2.50795e-02
-2.48990e-02
-2.49126e-02
-2.45245e-02
-2.31999e-02
-2.14413e-02
-2.03640e-02
-1.94140e-02
-1.95483e-02
-1.96055e-02
-1.94960e-02
-1.94746e-02
-1.93790e-02
-1.88756e-02
-1.76182e-02
-1.59371e-02
-1.42360e-02
-1.12962e-02
-8.42111e-03
-6.15057e-03
-4.85205e-03
-5.04961e-03
-5.42488e-03
-6.41136e-03
-7.97513e-03
-8.83461e-03
-1.04813e-02
-1.20129e-02
-1.46576e-02
-1.66795e-02
-1.78554e-02
-1.93055e-02
-1.86890e-02
-1.72368e-02
-1.58399e-02
-1.60675e-02
-1.63640e-02
-1.68300e-02
-1.81735e-02
-1.96831e-02
-1.94317e-02
-1.87488e-02
-1.75612e-02
-1.58715e-02
-1.50589e-02
-1.34469e-02
-1.19396e-02
-9.39312e-03
-7.53574e-03
-6.23131e-03
-3.63107e-03
-1.95575e-03
-1.85342e-03
-8.48783e-04
6.84612e-04
9.41890e-04
1.18371e-03
2.21236e-03
3.56018e-03
4.07746e-03
5.47431e-03
8.18717e-03
9.93995e-03
9.94939e-03
9.53821e-03
8.82765e-03
7.67141e-03
7.03329e-03
7.17088e-03
7.30051e-03
7.23894e-03
7.11387e-03
6.94757e-03
6.77434e-03
6.76829e-03
7.27187e-03
8.53301e-03
9.94493e-03
9.86941e-03
9.49345e-03
9.78865e-03
1.09806e-02
1.28364e-02
1.40883e-02
1.52822e-02
1.56916e-02
1.55245e-02
1.55756e-02
1.57215e-02
1.58237e-02
1.58695e-02
1.58964e-02
1.59238e-02
1.58949e-02
1.57114e-02
1.53332e-02
1.50632e-02
1.54837e-02
1.59734e-02
1.66353e-02
1.80875e-02
1.97584e-02
2.22320e-02
2.50577e-02
2.70786e-02
2.82298e-02
2.93177e-02
2.98810e-02
3.03421e-02
3.15793e-02
3.28777e-02
3.24433e-02
3.08728e-02
3.02925e-02
3.04296e-02
2.97951e-02
2.84939e-02
2.77302e-02
2.76706e-02
2.68658e-02
2.54186e-02
2.46556e-02
2.48015e-02
2.42856e-02
2.27945e-02
2.09698e-02
1.87665e-02
1.59248e-02
1.37480e-02
1.24205e-02
1.12264e-02
1.02400e-02
1.00843e-02
1.01482e-02
1.07695e-02
1.21257e-02
1.30749e-02
1.22546e-02
1.09572e-02
9.96321e-03
9.47261e-03
7.65998e-03
5.23033e-03
4.44605e-03
4.61590e-03
3.82089e-03
2.18713e-03
1.29856e-03
2.53015e-03
3.98105e-03
4.38390e-03
4.18585e-03
4.09369e-03
3.83475e-03
2.94961e-03
1.73756e-03
1.14289e-03
1.35583e-03
1.38298e-03
1.27014e-03
1.23892e-03
1.33428e-03
1.37780e-03
9.76644e-04
-2.82351e-04
-2.02824e-03
-2.95710e-03
-4.60290e-03
-6.17656e-03
-8.92648e-03
-1.10118e-02
-1.19575e-02
-1.28638e-02
-1.15980e-02
-1.01705e-02
-1.01688e-02
-9.31520e-03
-7.82906e-03
-7.67581e-03
-7.83792e-03
-7.76771e-03
-7.57117e-03
-7.40342e-03
-7.48004e-03
-8.14275e-03
-9.43467e-03
-1.06992e-02
-1.19456e-02
-1.33807e-02
-1.32435e-02
-1.19251e-02
-1.00743e-02
-8.85178e-03
-7.93193e-03
-8.66394e-03
-1.04253e-02
-1.18273e-02
-1.36574e-02
-1.57786e-02
-1.77679e-02
-2.02485e-02
-2.17082e-02
-2.17502e-02
-2.17101e-02
-2.18190e-02
-2.18728e-02
-2.19069e-02
-2.22759e-02
-2.33268e-02
-2.47569e-02
-2.51545e-02
-2.48651e-02
-2.48061e-02
-2.49558e-02
-2.51713e-02
-2.53174e-02
-2.51326e-02
-2.43221e-02
-2.29508e-02
-2.19785e-02
-2.14972e-02
-2.03972e-02
-1.95484e-02
-1.94701e-02
-1.86359e-02
-1.71936e-02
-1.67028e-02
-1.84257e-02
-1.98849e-02
-1.95598e-02
-1.88125e-02
-1.74956e-02
-1.58122e-02
-1.50969e-02
-1.36329e-02
-1.20398e-02
-8.91027e-03
-5.91540e-03
-3.83102e-03
-2.46252e-03
-1.99561e-03
-8.00009e-04
5.00893e-04
7.96398e-04
5.85273e-04
6.23931e-04
9.82065e-04
1.84422e-03
2.85848e-03
2.94694e-03
1.79806e-03
1.07898e-03
2.12871e-04
-1.94156e-03
-4.12110e-03
-5.44327e-03
-6.67599e-03
-6.99623e-03
-6.11403e-03
-4.57514e-03
-3.11254e-03
-2.06988e-03
-1.31918e-03
-9.49902e-04
7.13102e-05
1.30544e-03
2.19534e-03
3.46108e-03
5.41319e-03
7.42937e-03
9.93915e-03
1.09089e-02
9.99124e-03
8.64983e-03
7.36538e-03
6.68165e-03
5.46146e-03
4.95801e-03
3.74157e-03
2.70399e-03
4.20207e-03
5.72828e-03
5.30579e-03
5.21617e-03
6.07694e-03
7.41831e-03
8.10702e-03
7.95813e-03
8.06273e-03
8.94225e-03
1.03613e-02
1.11798e-02
1.10815e-02
1.08692e-02
1.08046e-02
1.09255e-02
1.13954e-02
1.22658e-02
1.29310e-02
1.21275e-02
1.09687e-02
1.08180e-02
1.10371e-02
1.10964e-02
1.10457e-02
1.09752e-02
1.08761e-02
1.07220e-02
1.05527e-02
1.06162e-02
1.12643e-02
1.25772e-02
1.36184e-02
1.32143e-02
1.24261e-02
1.13625e-02
1.04133e-02
1.01712e-02
8.99655e-03
7.47706e-03
7.56558e-03
7.73390e-03
7.70856e-03
7.66230e-03
7.27746e-03
6.24673e-03
4.65480e-03
3.54208e-03
2.14002e-03
1.13171e-03
2.10459e-05
-4.25579e-04
-3.00279e-04
-3.47765e-04
-5.07803e-04
-6.56325e-04
-6.22582e-04
-1.80761e-04
7.51045e-04
1.72802e-03
2.33271e-03
3.03607e-03
3.90512e-03
4.33453e-03
4.56401e-03
5.43692e-03
6.52832e-03
6.86775e-03
6.63800e-03
6.54928e-03
6.59671e-03
6.68608e-03
6.72040e-03
6.57403e-03
6.11786e-03
5.43641e-03
5.17811e-03
6.19701e-03
6.37637e-03
6.19429e-03
6.40916e-03
6.80671e-03
6.94299e-03
7.05802e-03
6.41733e-03
5.69696e-03
4.90631e-03
3.21846e-03
1.63570e-03
9.58301e-04
4.84958e-04
-5.82556e-04
-1.23040e-03
-1.06056e-03
-1.15003e-03
-1.80051e-03
-2.86283e-03
-3.57072e-03
-3.25854e-03
-3.52051e-03
-4.89767e-03
-6.84069e-03
-8.12711e-03
-8.65285e-03
-9.45083e-03
-9.30840e-03
-9.30014e-03
-9.46934e-03
-9.20002e-03
-8.04348e-03
-6.03622e-03
-4.51949e-03
-3.70468e-03
-2.78912e-03
-2.58598e-03
-2.59738e-03
-2.50347e-03
-2.41069e-03
-2.15956e-03
-1.55544e-03
-6.08712e-04
3.12689e-05
3.75571e-04
1.26243e-03
2.16094e-03
2.76262e-03
3.48339e-03
3.81534e-03
3.72191e-03
3.69200e-03
3.67302e-03
3.57294e-03
3.50418e-03
3.72854e-03
4.53733e-03
5.67164e-03
6.18654e-03
6.85190e-03
6.97724e-03
7.66094e-03
8.62037e-03
8.38866e-03
7.90228e-03
7.16570e-03
6.34359e-03
6.19708e-03
5.88115e-03
4.99369e-03
4.23674e-03
4.77144e-03
5.65816e-03
5.54289e-03
5.20627e-03
5.06546e-03
5.07855e-03
5.10108e-03
4.92131e-03
4.25430e-03
3.13186e-03
2.16306e-03
1.42541e-03
1.29198e-03
1.79964e-03
2.43787e-03
2.67108e-03
2.36875e-03
2.20369e-03
2.18913e-03
2.23113e-03
2.24013e-03
2.11065e-03
1.68198e-03
9.63207e-04
3.63703e-04
3.29431e-04
5.01573e-05
-3.84736e-04
-3.42991e-04
2.89392e-04
2.50119e-04
9.69061e-05
-1.38716e-04
-7.59341e-04
-1.60208e-03
-2.08744e-03
-2.89836e-03
-3.48752e-03
-4.06108e-03
-3.80126e-03
-3.21061e-03
-2.64316e-03
-2.47819e-03
-2.12331e-03
-1.51911e-03
-1.45976e-03
-1.49216e-03
-1.42944e-03
-1.37018e-03
-1.48580e-03
-1.87264e-03
-2.40101e-03
-2.53901e-03
-2.45816e-03
-2.47825e-03
-2.51384e-03
-2.37309e-03
-1.97256e-03
-1.52232e-03
-1.65128e-03
-2.24675e-03
-2.75953e-03
-3.29065e-03
-3.92474e-03
-4.36711e-03
-4.90915e-03
-5.49807e-03
-5.61267e-03
-5.43664e-03
-5.27557e-03
-4.98082e-03
-4.49063e-03
-4.06978e-03
-4.03314e-03
-3.96133e-03
-3.81635e-03
-3.67141e-03
-3.53681e-03
-3.41651e-03
-3.30454e-03
-3.20453e-03
-3.12356e-03
-3.04954e-03
-2.93440e-03
-2.69910e-03
-2.30633e-03
-1.92574e-03
-1.91730e-03
-1.77942e-03
-1.39968e-03
-1.02457e-03
-1.03323e-03
-1.06221e-03
-1.00084e-03
-8.61933e-04
-5.99188e-04
-3.23447e-04
-2.54807e-04
-9.09558e-05
2.40302e-04
4.56013e-04
6.36441e-04
6.13674e-04
5.83969e-04
6.63190e-04
7.89683e-04
8.37044e-04
8.47343e-04
7.87092e-04
7.70011e-04
8.82503e-04
1.06294e-03
1.13153e-03
1.18791e-03
1.17172e-03
1.22053e-03
1.31575e-03
1.21344e-03
1.01233e-03
7.99085e-04
6.64717e-04
5.99188e-04
5.06936e-04
3.38570e-04
1.45931e-04
5.52219e-05
1.22669e-05
-8.65603e-05
-2.29992e-04
-3.42886e-04
-4.02880e-04
-4.83401e-04
-6.00539e-04
-6.73676e-04
-7.42804e-04
-8.41541e-04
-8.73986e-04
-8.58294e-04
-8.50652e-04
-8.53552e-04
-8.72467e-04
-9.17358e-04
-9.72412e-04
-9.84546e-04
-9.91985e-04
-1.03850e-03
-1.08198e-03
-1.10880e-03
-1.14396e-03
-1.18379e-03
-1.22340e-03
-1.22362e-03
-1.21253e-03
-1.20605e-03
-1.18998e-03
-1.17176e-03
-1.12176e-03
-1.04241e-03
-9.57887e-04
-8.96819e-04
-8.63043e-04
-8.26079e-04
-7.85572e-04
-7.45805e-04
-7.03680e-04
-6.55417e-04
-6.02768e-04
-5.61359e-04
-5.29222e-04
-4.86168e-04
-4.43700e-04
-4.11646e-04
-3.82193e-04
-3.63414e-04
-3.38317e-04
-3.15673e-04
-3.08309e-04
-3.00420e-04
-2.91978e-04
-2.87059e-04
-2.86382e-04
-2.86013e-04
-2.79225e-04
-2.69450e-04
-2.64425e-04
-2.64502e-04
-2.64572e-04
-2.59489e-04
-2.52881e-04
-2.41996e-04
-2.32330e-04
-2.24534e-04
-2.17046e-04
-2.09258e-04
-1.99836e-04
-1.88641e-04
-1.77727e-04
-1.70738e-04
-1.65878e-04
-1.61084e-04
-1.57469e-04
-1.53101e-04
-1.48869e-04
-1.46235e-04
-1.43894e-04
-1.42270e-04
-1.40157e-04
-1.38262e-04
-1.37300e-04
-1.36198e-04
-1.34854e-04
-1.33421e-04
-1.31880e-04
-1.30271e-04
-1.28595e-04
-1.26910e-04
-1.25187e-04
-1.23308e-04
-1.21080e-04
-1.18818e-04
-1.16533e-04
-1.14191e-04
-1.11782e-04
-1.09309e-04
-1.06773e-04
-1.04179e-04
-1.01529e-04
-9.88367e-05
-9.61084e-05
-9.33224e-05
-9.04785e-05
-8.75835e-05
-8.46374e-05
-8.16426e-05
-7.85991e-05
-7.55083e-05
-7.23710e-05
-6.91883e-05
-6.59608e-05
