1.51429e-03
1.51579e-03
1.51731e-03
1.51879e-03
1.52028e-03
1.52172e-03
1.52319e-03
1.52469e-03
1.52629e-03
1.52820e-03
1.53053e-03
1.53354e-03
1.53703e-03
1.53999e-03
1.54209e-03
1.54397e-03
1.54536e-03
1.54857e-03
1.55362e-03
1.55825e-03
1.56045e-03
1.55075e-03
1.52403e-03
1.49095e-03
1.46899e-03
1.46743e-03
1.47372e-03
1.48887e-03
1.52968e-03
1.62259e-03
1.77853e-03
1.91720e-03
2.01126e-03
2.11082e-03
2.15621e-03
2.09526e-03
1.97068e-03
1.85266e-03
1.74165e-03
1.55900e-03
1.26744e-03
9.27288e-04
6.45163e-04
4.35022e-04
3.04383e-04
2.17499e-04
-2.62791e-05
-4.89353e-04
-8.97746e-04
-1.05953e-03
-7.63280e-04
-1.32014e-04
7.29907e-04
1.43225e-03
1.63779e-03
1.57945e-03
1.62811e-03
1.70800e-03
1.63164e-03
1.29549e-03
6.13193e-04
-2.24122e-04
-1.11112e-03
-1.83315e-03
-2.29679e-03
-2.46380e-03
-2.08109e-03
-1.25368e-03
-2.13391e-04
1.06075e-03
2.39745e-03
3.70344e-03
5.07250e-03
6.28981e-03
6.91777e-03
7.00025e-03
6.67442e-03
6.21527e-03
5.70524e-03
4.87866e-03
4.00024e-03
2.97197e-03
1.71556e-03
5.02245e-04
-4.89571e-04
-5.21117e-04
8.16602e-04
2.32385e-03
3.00824e-03
3.15714e-03
3.59675e-03
4.87636e-03
6.81870e-03
9.24224e-03
1.17385e-02
1.37513e-02
1.45141e-02
1.32509e-02
1.05910e-02
7.95745e-03
5.67007e-03
3.22196e-03
5.05573e-04
-2.20324e-03
-4.02563e-03
-3.82523e-03
-1.50244e-03
7.58155e-04
1.36153e-03
5.39810e-04
-8.02533e-04
-6.25245e-04
1.61131e-03
4.55548e-03
6.81992e-03
8.47044e-03
1.03688e-02
1.17064e-02
1.15420e-02
1.03934e-02
8.85564e-03
6.23356e-03
8.19540e-04
-8.05930e-03
-1.93234e-02
-3.05700e-02
-3.73183e-02
-3.91796e-02
-3.90191e-02
-3.68358e-02
-3.32125e-02
-2.97525e-02
-2.67647e-02
-2.39242e-02
-2.15816e-02
-1.88060e-02
-1.39903e-02
-6.18256e-03
4.66377e-03
1.72167e-02
2.94072e-02
3.57052e-02
3.41152e-02
2.85408e-02
2.20055e-02
1.50946e-02
8.11806e-03
3.14305e-03
2.36482e-04
-1.49901e-03
-2.91640e-03
-5.31726e-03
-7.27260e-03
-7.33109e-03
-5.59630e-03
-2.24067e-03
1.33995e-03
3.62432e-03
4.50241e-03
4.36491e-03
2.90105e-03
8.06024e-04
-1.52403e-03
-3.13165e-03
-4.08030e-03
-5.53808e-03
-7.08346e-03
-7.78600e-03
-6.67781e-03
-4.88564e-03
-2.68299e-03
2.11378e-03
1.15039e-02
2.25261e-02
2.90031e-02
3.02497e-02
3.05696e-02
3.07573e-02
2.87112e-02
2.48233e-02
2.05331e-02
1.64033e-02
1.18859e-02
6.30261e-03
-5.41448e-04
-7.27786e-03
-1.25240e-02
-1.57140e-02
-1.75120e-02
-1.80265e-02
-1.62241e-02
-1.35049e-02
-1.07620e-02
-7.15923e-03
-2.68228e-03
1.26259e-03
3.76711e-03
6.38626e-03
9.24828e-03
1.15960e-02
1.33105e-02
1.43101e-02
1.54311e-02
1.69475e-02
1.82378e-02
2.04679e-02
2.34093e-02
2.55027e-02
2.66549e-02
2.74959e-02
2.66519e-02
2.30620e-02
1.86092e-02
1.47589e-02
1.06234e-02
6.46334e-03
2.95791e-03
4.05283e-04
-3.26537e-04
6.90898e-04
1.28960e-03
-9.12998e-04
-8.07929e-03
-1.70851e-02
-2.17195e-02
-2.04900e-02
-1.49857e-02
-6.74376e-03
2.33474e-03
8.57412e-03
1.04067e-02
9.15491e-03
7.02070e-03
5.33188e-03
3.15921e-03
-1.19409e-03
-7.97726e-03
-1.49362e-02
-1.96609e-02
-2.01246e-02
-1.53151e-02
-7.76692e-03
-2.14187e-03
-2.42584e-03
-8.66768e-03
-1.72502e-02
-2.39571e-02
-2.86333e-02
-3.09528e-02
-3.02898e-02
-2.66766e-02
-2.02363e-02
-1.16562e-02
-1.50492e-03
7.84173e-03
9.77473e-03
3.07590e-03
-1.11672e-02
-3.11311e-02
-4.73718e-02
-5.19929e-02
-4.61875e-02
-3.36780e-02
-1.59264e-02
2.04574e-03
1.44612e-02
1.85761e-02
1.87667e-02
2.14127e-02
2.77182e-02
3.64410e-02
4.52614e-02
4.92571e-02
4.77892e-02
4.19002e-02
3.24614e-02
2.20315e-02
1.20278e-02
2.57666e-03
-1.04959e-03
3.75179e-03
1.21698e-02
1.80735e-02
2.06924e-02
2.15123e-02
2.16244e-02
2.21290e-02
2.40688e-02
2.67965e-02
2.73710e-02
2.51075e-02
2.20221e-02
1.97954e-02
2.02486e-02
2.34822e-02
2.63872e-02
2.73612e-02
2.55950e-02
2.18930e-02
1.77272e-02
9.71104e-03
-7.67964e-03
-3.84823e-02
-6.79592e-02
-8.98651e-02
-1.02166e-01
-1.01953e-01
-8.94521e-02
-6.37839e-02
-3.10945e-02
-2.27131e-03
1.86047e-02
3.19889e-02
3.64813e-02
3.31112e-02
2.43711e-02
1.56130e-02
1.12865e-02
1.11841e-02
1.07828e-02
8.43492e-03
8.91226e-03
1.68010e-02
2.92007e-02
3.58589e-02
3.13849e-02
1.86949e-02
6.69344e-03
2.83320e-03
2.98847e-03
1.35257e-03
-3.31865e-03
-9.29257e-03
-1.47315e-02
-1.67191e-02
-1.30956e-02
-6.48455e-03
-2.37509e-03
-2.02573e-03
-2.48984e-03
-2.55402e-03
-2.16907e-03
-1.67342e-03
-2.16601e-03
-5.29718e-03
-1.31499e-02
-2.48068e-02
-4.01810e-02
-5.80493e-02
-7.28416e-02
-7.97382e-02
-7.46649e-02
-5.87423e-02
-3.80308e-02
-1.54394e-02
6.13542e-03
2.59551e-02
4.51792e-02
6.11270e-02
7.09397e-02
7.49398e-02
7.32723e-02
6.37600e-02
4.93634e-02
3.71135e-02
2.91990e-02
2.29997e-02
1.73871e-02
1.27255e-02
1.12903e-02
1.54065e-02
2.36272e-02
3.12040e-02
3.37341e-02
2.99171e-02
2.03056e-02
8.84131e-03
-6.67174e-04
-8.14346e-03
-1.27380e-02
-1.60233e-02
-2.10772e-02
-2.69887e-02
-3.26094e-02
-3.69104e-02
-3.81824e-02
-3.60499e-02
-3.19304e-02
-2.81687e-02
-2.62680e-02
-2.58064e-02
-2.53243e-02
-2.55869e-02
-2.72404e-02
-2.97800e-02
-3.49764e-02
-4.50973e-02
-5.56052e-02
-5.38222e-02
-3.50529e-02
-9.41783e-03
6.25562e-03
7.80728e-03
3.43820e-03
2.10758e-03
6.89871e-03
1.62628e-02
2.82604e-02
4.27048e-02
5.84994e-02
6.91863e-02
7.10068e-02
6.31745e-02
4.73733e-02
2.81160e-02
1.28293e-02
5.14348e-03
3.63488e-03
5.08520e-03
8.29814e-03
1.19106e-02
1.34425e-02
1.27333e-02
9.81402e-03
5.46772e-03
-3.06404e-04
-9.81940e-03
-2.34958e-02
-3.87920e-02
-5.15439e-02
-5.60748e-02
-5.12552e-02
-3.78603e-02
-1.80792e-02
6.92777e-03
4.05535e-02
6.48427e-02
6.85857e-02
5.44541e-02
3.53374e-02
1.23148e-02
-1.39957e-02
-3.19192e-02
-3.30872e-02
-2.04644e-02
-2.53853e-03
1.02208e-02
1.40459e-02
1.14521e-02
5.71193e-03
1.19194e-03
-1.21231e-03
-1.99742e-03
-1.12339e-04
2.75349e-03
3.58728e-03
1.12161e-03
-3.96867e-03
-1.07839e-02
-2.10783e-02
-3.45958e-02
-4.68175e-02
-5.66787e-02
-6.45645e-02
-6.74273e-02
-6.41473e-02
-5.63250e-02
-4.76210e-02
-4.05722e-02
-3.42575e-02
-2.69454e-02
-1.84096e-02
-8.19929e-03
2.96201e-03
1.45281e-02
2.34990e-02
2.67634e-02
2.67786e-02
2.76873e-02
2.96659e-02
3.04689e-02
2.98342e-02
2.69812e-02
1.96205e-02
6.65049e-03
-1.16046e-02
-2.86652e-02
-3.79354e-02
-3.56185e-02
-2.23120e-02
-3.54063e-03
1.40117e-02
2.55061e-02
2.96359e-02
2.76643e-02
2.13193e-02
1.26990e-02
5.89104e-03
3.30755e-03
6.31890e-03
1.16382e-02
1.51308e-02
1.50333e-02
1.16785e-02
7.87418e-03
4.07961e-03
-7.66386e-04
-6.55254e-03
-1.44837e-02
-2.28121e-02
-2.72323e-02
-2.71277e-02
-2.29222e-02
-1.58238e-02
-1.03067e-02
-9.30576e-03
-1.27743e-02
-1.84961e-02
-2.39368e-02
-2.69001e-02
-2.43227e-02
-1.70848e-02
-8.28207e-03
-6.67167e-04
3.52714e-03
4.56679e-03
4.55856e-03
5.30924e-03
8.65863e-03
1.38177e-02
1.95726e-02
2.35291e-02
2.22765e-02
1.66996e-02
1.08306e-02
6.73535e-03
3.98040e-03
2.20861e-03
2.28991e-04
-2.47795e-03
-6.13228e-03
-9.83098e-03
-1.29770e-02
-1.62394e-02
-1.94350e-02
-2.33829e-02
-2.87037e-02
-3.37467e-02
-3.77145e-02
-4.03430e-02
-4.06745e-02
-4.00180e-02
-4.01987e-02
-4.11962e-02
-4.27060e-02
-4.50256e-02
-4.73979e-02
-4.76674e-02
-4.50697e-02
-4.14426e-02
-3.76546e-02
-3.34585e-02
-3.07924e-02
-3.04102e-02
-3.27940e-02
-3.61386e-02
-3.63818e-02
-3.04962e-02
-2.08904e-02
-1.18543e-02
-3.12785e-03
5.39118e-03
1.23308e-02
1.82319e-02
2.09609e-02
2.11511e-02
2.06847e-02
1.84597e-02
1.42858e-02
8.88389e-03
1.48663e-03
-7.24158e-03
-1.69891e-02
-2.82931e-02
-3.80116e-02
-4.55421e-02
-5.20242e-02
-5.55034e-02
-5.44562e-02
-5.05204e-02
-4.50994e-02
-3.90905e-02
-3.32671e-02
-2.66843e-02
-1.92388e-02
-1.08899e-02
-1.88292e-03
5.65380e-03
1.13020e-02
1.46401e-02
1.43857e-02
1.01590e-02
3.54214e-03
-7.40409e-03
-1.94505e-02
-2.82469e-02
-3.39216e-02
-3.57968e-02
-3.38315e-02
-3.13932e-02
-3.12023e-02
-3.38469e-02
-3.73137e-02
-4.07600e-02
-4.36128e-02
-4.60330e-02
-4.72962e-02
-4.67007e-02
-4.47299e-02
-4.30192e-02
-4.20867e-02
-4.23998e-02
-4.50099e-02
-4.84687e-02
-5.19864e-02
-5.66818e-02
-6.16262e-02
-6.63974e-02
-7.04163e-02
-7.34282e-02
-7.67327e-02
-7.94947e-02
-8.00737e-02
-7.88562e-02
-7.61269e-02
-7.17251e-02
-6.56865e-02
-5.77483e-02
-4.81951e-02
-3.49112e-02
-2.16017e-02
-1.12638e-02
-2.43288e-03
6.22079e-03
1.57904e-02
2.34024e-02
3.01686e-02
3.72731e-02
4.38978e-02
5.10066e-02
5.70462e-02
6.24250e-02
6.77290e-02
7.20816e-02
7.48953e-02
7.62064e-02
7.69018e-02
7.73892e-02
7.90563e-02
8.08772e-02
8.20332e-02
8.36905e-02
8.52475e-02
8.70003e-02
8.84620e-02
9.04672e-02
9.34710e-02
9.64768e-02
9.90374e-02
1.01344e-01
1.02943e-01
1.04252e-01
1.05372e-01
1.05972e-01
1.06287e-01
1.05804e-01
1.05040e-01
1.04753e-01
1.05621e-01
1.07143e-01
1.08279e-01
1.08957e-01
1.09395e-01
1.10455e-01
1.12410e-01
1.14684e-01
1.18282e-01
1.22097e-01
1.25906e-01
1.30880e-01
1.35611e-01
1.41409e-01
1.47287e-01
1.54267e-01
1.61138e-01
1.66592e-01
1.72481e-01
1.76502e-01
1.78718e-01
1.79976e-01
1.79694e-01
1.78574e-01
1.78166e-01
1.78082e-01
1.77509e-01
1.76963e-01
1.75560e-01
1.72642e-01
1.68077e-01
1.60549e-01
1.50355e-01
1.41133e-01
1.32650e-01
1.23936e-01
1.16988e-01
1.10152e-01
1.02994e-01
9.64473e-02
8.97916e-02
8.27429e-02
7.46549e-02
6.70535e-02
5.97404e-02
5.17346e-02
4.35310e-02
3.43523e-02
2.40758e-02
1.05233e-02
-6.87059e-03
-2.75449e-02
-5.05529e-02
-7.42759e-02
-9.35363e-02
-1.07440e-01
-1.20310e-01
-1.38483e-01
-1.63126e-01
-1.92913e-01
-2.38511e-01
-2.94198e-01
-3.40387e-01
-3.71117e-01
-3.98369e-01
-4.38062e-01
-4.74999e-01
-4.84869e-01
-4.61173e-01
-4.10493e-01
-3.44529e-01
-2.99504e-01
-2.88777e-01
-2.91100e-01
-2.86383e-01
-2.70592e-01
-2.49576e-01
-2.27261e-01
-1.96137e-01
-1.42830e-01
-8.74184e-02
-5.43559e-02
-4.41369e-02
-4.33458e-02
-4.40647e-02
-4.51776e-02
-4.65285e-02
-4.56315e-02
-4.36812e-02
-4.28059e-02
-4.28004e-02
-4.32199e-02
-4.60541e-02
-5.30888e-02
-6.30062e-02
-7.37993e-02
-8.48373e-02
-9.13884e-02
-9.40692e-02
-9.70250e-02
-1.00111e-01
-9.90637e-02
-9.49442e-02
-9.10960e-02
-8.99460e-02
-9.12819e-02
-9.25034e-02
-9.19722e-02
-8.82007e-02
-8.24857e-02
-7.67327e-02
-7.09679e-02
-6.57260e-02
-6.03783e-02
-5.50503e-02
-4.82189e-02
-3.90435e-02
-3.05808e-02
-2.31675e-02
-1.56824e-02
-8.97372e-03
-2.94773e-03
2.12407e-03
7.28563e-03
1.24830e-02
1.69888e-02
2.10973e-02
2.47716e-02
2.74079e-02
2.91778e-02
3.04886e-02
3.32812e-02
3.74960e-02
4.23294e-02
4.79824e-02
5.52509e-02
6.35491e-02
7.07531e-02
7.73609e-02
8.33980e-02
8.99032e-02
9.62786e-02
9.88083e-02
9.85927e-02
9.66463e-02
9.34702e-02
8.95622e-02
8.53948e-02
8.12184e-02
7.91593e-02
7.88824e-02
8.07009e-02
8.34754e-02
8.63267e-02
8.87930e-02
9.14244e-02
9.30827e-02
9.30610e-02
9.26888e-02
9.30100e-02
9.40188e-02
9.48482e-02
9.53200e-02
9.61110e-02
9.69831e-02
9.85997e-02
1.00974e-01
1.03126e-01
1.06657e-01
1.11796e-01
1.18355e-01
1.26282e-01
1.33171e-01
1.38094e-01
1.42423e-01
1.47018e-01
1.49598e-01
1.49416e-01
1.47766e-01
1.46493e-01
1.45004e-01
1.41231e-01
1.35280e-01
1.28044e-01
1.21653e-01
1.15256e-01
1.09619e-01
1.04064e-01
9.78519e-02
9.14910e-02
8.58575e-02
8.27191e-02
8.03192e-02
7.69347e-02
7.32789e-02
6.86664e-02
6.28352e-02
5.65239e-02
4.73910e-02
3.57105e-02
2.23529e-02
8.99103e-03
-1.92128e-03
-1.16347e-02
-2.28442e-02
-3.75297e-02
-5.31000e-02
-6.28933e-02
-7.50183e-02
-9.83618e-02
-1.39434e-01
-1.89051e-01
-2.36731e-01
-2.82703e-01
-3.12210e-01
-3.14570e-01
-2.95067e-01
-2.62132e-01
-2.28003e-01
-1.90311e-01
-1.46949e-01
-1.05406e-01
-7.29459e-02
-4.99845e-02
-3.10194e-02
-1.55015e-02
-5.24027e-03
9.36705e-04
3.40592e-03
5.18998e-03
9.96966e-03
1.71495e-02
2.68917e-02
3.87533e-02
4.73619e-02
5.19307e-02
5.67234e-02
6.13762e-02
6.41826e-02
6.19382e-02
5.43472e-02
4.28503e-02
2.98561e-02
1.61577e-02
1.42930e-03
-1.11301e-02
-1.94127e-02
-2.54073e-02
-2.99588e-02
-3.49724e-02
-4.22715e-02
-4.97323e-02
-5.74222e-02
-6.43400e-02
-6.87775e-02
-7.16026e-02
-7.53502e-02
-8.29868e-02
-9.58162e-02
-1.12588e-01
-1.25801e-01
-1.36587e-01
-1.45773e-01
-1.54006e-01
-1.63644e-01
-1.73222e-01
-1.78409e-01
-1.72211e-01
-1.46025e-01
-9.61351e-02
-4.65173e-02
-1.33502e-02
1.12648e-02
3.27524e-02
4.46465e-02
4.88869e-02
5.15161e-02
5.22428e-02
5.02593e-02
4.76132e-02
4.61054e-02
4.64079e-02
4.85465e-02
5.31571e-02
5.86142e-02
6.37474e-02
6.82233e-02
7.01838e-02
7.03819e-02
7.00570e-02
6.94828e-02
6.83159e-02
6.72502e-02
6.64135e-02
6.57671e-02
6.52916e-02
6.38133e-02
6.24115e-02
6.18723e-02
6.18014e-02
6.29771e-02
6.46295e-02
6.63183e-02
6.86694e-02
7.20576e-02
7.55433e-02
7.87946e-02
8.17642e-02
8.31066e-02
8.30926e-02
8.23618e-02
8.19089e-02
8.19510e-02
8.20772e-02
8.15285e-02
8.03220e-02
7.84877e-02
7.63648e-02
7.35099e-02
6.97420e-02
6.48752e-02
5.88794e-02
5.20030e-02
4.45160e-02
3.62144e-02
2.70518e-02
1.72891e-02
8.16318e-03
-6.65400e-04
-1.06612e-02
-2.07839e-02
-3.09020e-02
-4.12590e-02
-5.27808e-02
-6.41287e-02
-7.33302e-02
-8.10788e-02
-8.81866e-02
-9.36011e-02
-9.79050e-02
-1.02491e-01
-1.08113e-01
-1.11246e-01
-1.10589e-01
-1.07596e-01
-1.01675e-01
-9.02051e-02
-7.34613e-02
-5.19483e-02
-2.61834e-02
1.37857e-03
2.27310e-02
3.83379e-02
5.39572e-02
7.02899e-02
8.02819e-02
8.77376e-02
9.59721e-02
1.01730e-01
1.03082e-01
1.00685e-01
9.62096e-02
9.09931e-02
8.33859e-02
7.33840e-02
6.29335e-02
5.40346e-02
4.63719e-02
3.74323e-02
2.72144e-02
1.60729e-02
3.95727e-03
-6.55646e-03
-1.58497e-02
-2.48545e-02
-3.29845e-02
-4.03485e-02
-4.71099e-02
-5.31597e-02
-5.96292e-02
-6.66653e-02
-7.36413e-02
-7.85967e-02
-8.23226e-02
-8.48835e-02
-8.60494e-02
-8.51707e-02
-8.17434e-02
-7.56407e-02
-6.74579e-02
-5.75839e-02
-4.48692e-02
-3.17545e-02
-1.73525e-02
-2.91523e-03
7.75764e-03
1.65938e-02
2.43785e-02
3.19995e-02
3.94083e-02
4.51795e-02
4.96785e-02
5.18156e-02
5.27270e-02
5.38122e-02
5.41747e-02
5.30460e-02
5.17211e-02
5.11140e-02
4.94931e-02
4.71169e-02
4.38476e-02
4.03153e-02
3.70718e-02
3.37774e-02
3.15334e-02
2.98013e-02
2.75730e-02
2.50374e-02
2.26204e-02
1.98989e-02
1.67075e-02
1.42688e-02
1.17898e-02
8.20149e-03
5.70041e-03
3.33778e-03
-1.58123e-04
-3.95549e-03
-7.84527e-03
-1.06674e-02
-1.34359e-02
-1.66264e-02
-1.94846e-02
-2.21204e-02
-2.49583e-02
-2.85739e-02
-3.18051e-02
-3.37717e-02
-3.54070e-02
-3.68435e-02
-3.83128e-02
-3.97384e-02
-4.06280e-02
-3.98007e-02
-3.74750e-02
-3.42644e-02
-3.05749e-02
-2.73553e-02
-2.46050e-02
-2.19988e-02
-1.97069e-02
-1.77055e-02
-1.64837e-02
-1.56608e-02
-1.41320e-02
-1.17043e-02
-8.78592e-03
-4.61538e-03
7.32900e-04
5.37857e-03
9.06338e-03
1.20457e-02
1.47888e-02
1.72166e-02
1.87536e-02
1.98450e-02
1.95251e-02
1.72032e-02
1.41962e-02
1.12711e-02
8.07730e-03
4.88885e-03
1.55797e-03
-2.46013e-03
-5.88905e-03
-8.85267e-03
-1.15292e-02
-1.41314e-02
-1.73007e-02
-2.07803e-02
-2.50013e-02
-2.90963e-02
-3.22532e-02
-3.54329e-02
-3.91661e-02
-4.36259e-02
-4.75368e-02
-5.06492e-02
-5.37095e-02
-5.58170e-02
-5.71459e-02
-5.78709e-02
-5.65751e-02
-5.40519e-02
-5.11635e-02
-4.77704e-02
-4.38027e-02
-3.98530e-02
-3.49880e-02
-3.02675e-02
-2.43675e-02
-1.63961e-02
-8.69145e-03
-2.30172e-03
3.14967e-03
8.73892e-03
1.37196e-02
1.68578e-02
1.89406e-02
2.06340e-02
2.23600e-02
2.35660e-02
2.35271e-02
2.31785e-02
2.31349e-02
2.23439e-02
2.08830e-02
1.93052e-02
1.83190e-02
1.66711e-02
1.36186e-02
1.01370e-02
7.71490e-03
5.66667e-03
2.61962e-03
-3.09351e-04
-2.72206e-03
-5.29969e-03
-7.72331e-03
-9.76806e-03
-1.14167e-02
-1.28784e-02
-1.40077e-02
-1.49347e-02
-1.57584e-02
-1.65975e-02
-1.71097e-02
-1.68780e-02
-1.60140e-02
-1.47191e-02
-1.33240e-02
-1.20810e-02
-1.05724e-02
-8.84158e-03
-6.81022e-03
-4.18304e-03
-1.58308e-03
7.16942e-04
2.75228e-03
5.75628e-03
9.23150e-03
1.18704e-02
1.45819e-02
1.70976e-02
1.88832e-02
1.98023e-02
1.98952e-02
1.97725e-02
1.96738e-02
1.89975e-02
1.77432e-02
1.65523e-02
1.50913e-02
1.25078e-02
9.41920e-03
6.71959e-03
4.49127e-03
2.48072e-03
3.13330e-04
-1.66819e-03
-2.55067e-03
-2.92128e-03
-3.68149e-03
-3.98108e-03
-3.83431e-03
-3.79399e-03
-3.92141e-03
-4.00174e-03
-3.64203e-03
-2.39688e-03
-8.62658e-04
7.31668e-04
2.27338e-03
3.98734e-03
6.25178e-03
8.42863e-03
9.98364e-03
1.10617e-02
1.29974e-02
1.52917e-02
1.78048e-02
1.97332e-02
2.19864e-02
2.42407e-02
2.53768e-02
2.65681e-02
2.82677e-02
2.91904e-02
2.99187e-02
3.09382e-02
3.13063e-02
3.18826e-02
3.21713e-02
3.20056e-02
3.18725e-02
3.15033e-02
3.04570e-02
2.90431e-02
2.70797e-02
2.47364e-02
2.25230e-02
2.00350e-02
1.67863e-02
1.32551e-02
1.00087e-02
7.03625e-03
4.66719e-03
2.38325e-03
3.87776e-04
-9.09628e-04
-1.62803e-03
-2.34688e-03
-2.63288e-03
-1.81672e-03
-3.58526e-04
1.38125e-03
3.28271e-03
5.73337e-03
7.97267e-03
1.03118e-02
1.34186e-02
1.63699e-02
1.92625e-02
2.18994e-02
2.44989e-02
2.68960e-02
2.86873e-02
3.07955e-02
3.31538e-02
3.47620e-02
3.58242e-02
3.72520e-02
3.86890e-02
3.97834e-02
4.10438e-02
4.23136e-02
4.27557e-02
4.22374e-02
4.10790e-02
3.97687e-02
3.76384e-02
3.50608e-02
3.23222e-02
2.98701e-02
2.76701e-02
2.50164e-02
2.18918e-02
1.85044e-02
1.50231e-02
1.12385e-02
7.35429e-03
3.40186e-03
-6.26567e-04
-4.24364e-03
-8.08166e-03
-1.14485e-02
-1.45158e-02
-1.77107e-02
-2.05253e-02
-2.25356e-02
-2.39000e-02
-2.49270e-02
-2.59900e-02
-2.67182e-02
-2.72083e-02
-2.76934e-02
-2.78300e-02
-2.80236e-02
-2.79537e-02
-2.80600e-02
-2.83954e-02
-2.84275e-02
-2.82682e-02
-2.81697e-02
-2.78113e-02
-2.71523e-02
-2.65015e-02
-2.55779e-02
-2.41902e-02
-2.28571e-02
-2.15775e-02
-2.02976e-02
-1.92717e-02
-1.82605e-02
-1.71632e-02
-1.63366e-02
-1.56036e-02
-1.51224e-02
-1.53081e-02
-1.58410e-02
-1.67791e-02
-1.78317e-02
-1.89609e-02
-2.06000e-02
-2.23617e-02
-2.36968e-02
-2.43014e-02
-2.46022e-02
-2.51990e-02
-2.59609e-02
-2.65990e-02
-2.73345e-02
-2.84176e-02
-2.94765e-02
-3.06563e-02
-3.23197e-02
-3.39351e-02
-3.50992e-02
-3.63871e-02
-3.77699e-02
-3.95970e-02
-4.16143e-02
-4.28846e-02
-4.36721e-02
-4.38789e-02
-4.43616e-02
-4.35584e-02
-4.12779e-02
-3.82340e-02
-3.47318e-02
-3.00764e-02
-2.53698e-02
-2.07765e-02
-1.59837e-02
-1.11138e-02
-6.87726e-03
-3.88467e-03
-1.57545e-03
7.74256e-04
3.69120e-03
7.17719e-03
1.02812e-02
1.30928e-02
1.57098e-02
1.71467e-02
1.85395e-02
2.01822e-02
2.13856e-02
2.23941e-02
2.34492e-02
2.41599e-02
2.44848e-02
2.49443e-02
2.59715e-02
2.70188e-02
2.77637e-02
2.84611e-02
2.95733e-02
3.04718e-02
3.08725e-02
3.15994e-02
3.22601e-02
3.27454e-02
3.29209e-02
3.30474e-02
3.34281e-02
3.35113e-02
3.33926e-02
3.36229e-02
3.41156e-02
3.43934e-02
3.48428e-02
3.51763e-02
3.50612e-02
3.51750e-02
3.56603e-02
3.55737e-02
3.49409e-02
3.48118e-02
3.50947e-02
3.50439e-02
3.43329e-02
3.33699e-02
3.22615e-02
3.10327e-02
2.96678e-02
2.85747e-02
2.66009e-02
2.39274e-02
2.11293e-02
1.85451e-02
1.65073e-02
1.44740e-02
1.17813e-02
9.34011e-03
7.73256e-03
6.14403e-03
5.34575e-03
4.30111e-03
2.71529e-03
1.50814e-03
9.86422e-04
2.41204e-04
-1.08721e-03
-2.38407e-03
-3.41563e-03
-4.32929e-03
-4.91025e-03
-5.56785e-03
-6.15672e-03
-6.40776e-03
-6.90453e-03
-7.61454e-03
-8.22923e-03
-8.70264e-03
-9.54222e-03
-1.08261e-02
-1.19998e-02
-1.26400e-02
-1.31570e-02
-1.42149e-02
-1.52805e-02
-1.60020e-02
-1.67701e-02
-1.73384e-02
-1.78073e-02
-1.80989e-02
-1.82973e-02
-1.86583e-02
-1.92366e-02
-2.01782e-02
-2.06841e-02
-2.09822e-02
-2.13285e-02
-2.15445e-02
-2.17288e-02
-2.13710e-02
-2.09925e-02
-2.02204e-02
-1.87876e-02
-1.81168e-02
-1.80283e-02
-1.76932e-02
-1.69042e-02
-1.54558e-02
-1.31806e-02
-1.11445e-02
-8.77880e-03
-5.87893e-03
-2.56737e-03
5.34062e-04
2.15300e-03
3.62908e-03
5.42614e-03
6.73820e-03
7.49061e-03
8.13580e-03
9.43920e-03
1.01520e-02
9.78341e-03
9.47888e-03
9.55422e-03
9.03641e-03
8.42091e-03
7.69375e-03
6.51663e-03
5.46024e-03
4.57095e-03
3.21703e-03
1.71277e-03
6.34684e-04
-9.22579e-04
-2.38890e-03
-3.02899e-03
-3.87438e-03
-4.50207e-03
-5.03358e-03
-5.92625e-03
-6.51687e-03
-7.12609e-03
-8.04622e-03
-8.91867e-03
-1.02461e-02
-1.15777e-02
-1.24543e-02
-1.37270e-02
-1.44669e-02
-1.38995e-02
-1.29452e-02
-1.24949e-02
-1.23472e-02
-1.20249e-02
-1.13833e-02
-1.08740e-02
-1.09449e-02
-1.08101e-02
-9.73759e-03
-8.86360e-03
-8.52210e-03
-8.00958e-03
-6.99472e-03
-6.26889e-03
-6.20630e-03
-6.73163e-03
-6.38292e-03
-5.42231e-03
-5.08349e-03
-4.47856e-03
-3.64791e-03
-2.70012e-03
-2.00692e-03
-1.10918e-03
1.00822e-04
1.39441e-03
2.84994e-03
3.81129e-03
4.18545e-03
4.55330e-03
5.21513e-03
5.94086e-03
6.44692e-03
6.48781e-03
6.29262e-03
6.24445e-03
5.99336e-03
5.73815e-03
5.37736e-03
4.47985e-03
3.55806e-03
2.46129e-03
1.05660e-03
-2.78953e-05
-1.26039e-03
-2.67075e-03
-3.79938e-03
-5.42423e-03
-7.22641e-03
-8.20919e-03
-8.94782e-03
-9.70494e-03
-1.04894e-02
-1.10685e-02
-1.04578e-02
-8.93348e-03
-7.46111e-03
-5.75656e-03
-3.83001e-03
-2.00983e-03
3.53751e-04
2.80568e-03
4.59339e-03
6.29821e-03
8.25494e-03
1.06791e-02
1.30150e-02
1.52804e-02
1.78162e-02
2.00783e-02
2.20872e-02
2.42257e-02
2.61777e-02
2.75504e-02
2.91555e-02
3.03175e-02
3.12393e-02
3.23528e-02
3.34994e-02
3.40733e-02
3.44068e-02
3.47952e-02
3.43732e-02
3.35282e-02
3.29304e-02
3.20124e-02
3.05287e-02
2.88776e-02
2.76522e-02
2.63614e-02
2.46726e-02
2.33232e-02
2.23194e-02
2.05407e-02
1.86635e-02
1.64486e-02
1.38600e-02
1.12666e-02
8.26292e-03
5.18566e-03
2.25972e-03
-2.94015e-04
-2.26173e-03
-4.26933e-03
-5.95689e-03
-7.56742e-03
-9.12932e-03
-1.00265e-02
-1.14555e-02
-1.37668e-02
-1.56487e-02
-1.72619e-02
-1.91120e-02
-2.08207e-02
-2.26540e-02
-2.47680e-02
-2.64397e-02
-2.73410e-02
-2.81883e-02
-2.92239e-02
-2.99202e-02
-3.02067e-02
-2.99574e-02
-2.92747e-02
-2.85080e-02
-2.75017e-02
-2.61760e-02
-2.45161e-02
-2.38444e-02
-2.37795e-02
-2.32384e-02
-2.20267e-02
-2.16958e-02
-2.21296e-02
-2.23734e-02
-2.27753e-02
-2.38606e-02
-2.49195e-02
-2.54997e-02
-2.65764e-02
-2.76964e-02
-2.84665e-02
-2.90457e-02
-2.95432e-02
-3.01221e-02
-3.06740e-02
-3.08316e-02
-3.10439e-02
-3.16020e-02
-3.12495e-02
-2.96371e-02
-2.79032e-02
-2.63784e-02
-2.43074e-02
-2.19791e-02
-1.94893e-02
-1.70613e-02
-1.53799e-02
-1.40938e-02
-1.32140e-02
-1.22430e-02
-1.09599e-02
-9.69691e-03
-8.88877e-03
-8.29726e-03
-7.20220e-03
-6.37856e-03
-6.08937e-03
-5.09155e-03
-4.18518e-03
-3.85041e-03
-3.15522e-03
-2.34769e-03
-1.08407e-03
7.19931e-04
2.29859e-03
3.19011e-03
4.33384e-03
6.37109e-03
7.80324e-03
8.70640e-03
1.00573e-02
1.12158e-02
1.16360e-02
1.21370e-02
1.33182e-02
1.44508e-02
1.50423e-02
1.58737e-02
1.71051e-02
1.82111e-02
1.86995e-02
1.90101e-02
1.94765e-02
1.96181e-02
1.94269e-02
1.89733e-02
1.89003e-02
1.91638e-02
1.95746e-02
1.93915e-02
1.93097e-02
1.95983e-02
1.96746e-02
1.96273e-02
1.99912e-02
2.03544e-02
2.06422e-02
2.07585e-02
2.06461e-02
2.05958e-02
2.06666e-02
2.07054e-02
2.03394e-02
1.95930e-02
1.89877e-02
1.85969e-02
1.84634e-02
1.86140e-02
1.89807e-02
1.92495e-02
1.94259e-02
1.98976e-02
2.02390e-02
2.03655e-02
2.06178e-02
2.06783e-02
2.08709e-02
2.12651e-02
2.13042e-02
2.11666e-02
2.08799e-02
2.02794e-02
1.94214e-02
1.81385e-02
1.67628e-02
1.55747e-02
1.42539e-02
1.30883e-02
1.20703e-02
1.09968e-02
1.00088e-02
9.32174e-03
8.30230e-03
7.03727e-03
6.06915e-03
5.40662e-03
4.17128e-03
2.69591e-03
1.16095e-03
2.72115e-05
-8.38222e-04
-1.87027e-03
-3.26383e-03
-5.35062e-03
-6.84038e-03
-8.03381e-03
-9.54077e-03
-1.06862e-02
-1.20016e-02
-1.37986e-02
-1.52110e-02
-1.64909e-02
-1.81021e-02
-1.94490e-02
-2.03488e-02
-2.08846e-02
-2.12713e-02
-2.14065e-02
-2.09361e-02
-2.01705e-02
-1.92347e-02
-1.81156e-02
-1.68396e-02
-1.53143e-02
-1.39519e-02
-1.30639e-02
-1.24670e-02
-1.19835e-02
-1.14164e-02
-1.11219e-02
-1.11910e-02
-1.12246e-02
-1.11706e-02
-1.11103e-02
-1.11020e-02
-1.11223e-02
-1.11120e-02
-1.11086e-02
-1.13734e-02
-1.18002e-02
-1.17720e-02
-1.13122e-02
-1.08743e-02
-1.07590e-02
-1.03468e-02
-9.66912e-03
-9.08219e-03
-8.88194e-03
-9.05677e-03
-8.87527e-03
-8.11547e-03
-7.61086e-03
-7.78397e-03
-7.68913e-03
-6.73509e-03
-6.25558e-03
-5.99712e-03
-5.30873e-03
-4.23191e-03
-3.42206e-03
-2.67674e-03
-1.95480e-03
-8.71784e-04
3.70295e-04
1.30490e-03
1.79187e-03
2.58041e-03
3.87549e-03
5.07299e-03
5.52778e-03
5.77449e-03
6.33332e-03
7.00675e-03
7.16894e-03
7.37419e-03
7.58976e-03
8.07389e-03
8.68131e-03
8.70814e-03
8.44587e-03
8.42311e-03
8.49004e-03
7.76647e-03
7.18635e-03
7.32914e-03
6.81065e-03
6.16177e-03
5.83671e-03
5.40855e-03
5.18300e-03
4.86138e-03
4.24255e-03
3.92446e-03
3.31164e-03
2.48727e-03
1.68263e-03
8.99502e-04
1.15479e-04
-6.76027e-04
-1.14172e-03
-9.35985e-04
-7.85900e-04
-1.27407e-03
-1.82036e-03
-2.35886e-03
-2.20892e-03
-1.92996e-03
-2.60560e-03
-3.19533e-03
-3.27509e-03
-3.42152e-03
-3.44319e-03
-3.40163e-03
-3.42142e-03
-3.23062e-03
-2.83160e-03
-2.55178e-03
-2.30305e-03
-2.11694e-03
-2.06978e-03
-2.20536e-03
-1.64565e-03
-8.62654e-04
-3.87573e-04
-3.02569e-06
3.47634e-04
5.06401e-04
1.01251e-03
1.74128e-03
2.13921e-03
2.13580e-03
2.20979e-03
2.11968e-03
2.63062e-03
3.47015e-03
4.14619e-03
4.79495e-03
4.98246e-03
5.72554e-03
6.60585e-03
7.11232e-03
7.41105e-03
7.48070e-03
7.94834e-03
8.65111e-03
8.80628e-03
8.96584e-03
9.07438e-03
9.12341e-03
9.58347e-03
9.85472e-03
1.00359e-02
9.78605e-03
9.38601e-03
9.02060e-03
8.51237e-03
7.98861e-03
7.92332e-03
8.11594e-03
7.75005e-03
7.27455e-03
6.88025e-03
6.34338e-03
5.83489e-03
5.05142e-03
4.15977e-03
3.68648e-03
3.29740e-03
2.74221e-03
2.11369e-03
1.85781e-03
1.71008e-03
1.10005e-03
7.06889e-04
8.62867e-04
7.56089e-04
3.12057e-04
-2.85401e-04
-1.21746e-03
-1.78366e-03
-2.12665e-03
-2.62551e-03
-3.23598e-03
-3.79435e-03
-4.32099e-03
-4.85323e-03
-5.67151e-03
-6.40316e-03
-6.45569e-03
-6.71977e-03
-7.45357e-03
-8.17302e-03
-8.65310e-03
-8.92956e-03
-8.68990e-03
-8.14618e-03
-8.32005e-03
-9.07546e-03
-9.22348e-03
-8.89083e-03
-8.75228e-03
-9.01356e-03
-9.53751e-03
-9.71372e-03
-9.86772e-03
-9.48677e-03
-9.21698e-03
-9.31007e-03
-8.94776e-03
-8.24466e-03
-7.90076e-03
-6.63463e-03
-5.08207e-03
-4.09039e-03
-3.35006e-03
-2.85665e-03
-2.37009e-03
-1.72232e-03
-1.23371e-03
-1.70054e-03
-2.02837e-03
-1.40653e-03
-8.93080e-04
-1.13055e-03
-1.85551e-03
-2.49411e-03
-2.50378e-03
-2.64457e-03
-3.32976e-03
-3.93224e-03
-3.59969e-03
-3.09273e-03
-3.15410e-03
-3.00481e-03
-2.30214e-03
-1.60053e-03
-1.05540e-03
-1.56690e-04
1.01856e-03
1.75027e-03
2.33872e-03
3.36817e-03
4.64262e-03
5.78622e-03
6.79171e-03
7.80779e-03
8.60386e-03
9.34984e-03
1.04953e-02
1.14483e-02
1.21727e-02
1.32183e-02
1.40989e-02
1.44957e-02
1.49179e-02
1.58930e-02
1.68847e-02
1.69676e-02
1.69219e-02
1.73118e-02
1.81027e-02
1.87323e-02
1.85090e-02
1.82073e-02
1.82858e-02
1.82332e-02
1.76117e-02
1.68805e-02
1.63857e-02
1.59632e-02
1.54188e-02
1.45727e-02
1.33351e-02
1.24072e-02
1.18317e-02
1.08329e-02
9.54443e-03
8.38344e-03
7.63490e-03
7.02357e-03
6.14818e-03
5.32704e-03
4.53633e-03
3.97540e-03
3.34455e-03
2.37040e-03
1.37599e-03
1.29311e-04
-6.56786e-04
-1.34953e-03
-1.92869e-03
-2.60730e-03
-3.80251e-03
-4.75801e-03
-4.77336e-03
-4.96612e-03
-5.72362e-03
-6.64125e-03
-7.57576e-03
-7.92507e-03
-7.73620e-03
-8.11405e-03
-8.94183e-03
-8.99234e-03
-8.21793e-03
-7.94358e-03
-8.19886e-03
-7.96600e-03
-7.61071e-03
-7.27360e-03
-7.55574e-03
-7.33644e-03
-6.57613e-03
-6.34338e-03
-6.12092e-03
-5.48199e-03
-4.73043e-03
-3.75197e-03
-3.12475e-03
-2.78546e-03
-2.38506e-03
-2.22321e-03
-1.75124e-03
-1.10427e-03
-1.05649e-03
-1.31848e-03
-1.35197e-03
-1.21185e-03
-1.16892e-03
-1.30341e-03
-1.80478e-03
-2.04766e-03
-2.34825e-03
-2.88236e-03
-3.41827e-03
-3.55930e-03
-3.73375e-03
-3.94685e-03
-3.99091e-03
-4.34168e-03
-4.63469e-03
-4.58369e-03
-4.82934e-03
-5.17098e-03
-5.57546e-03
-6.18032e-03
-6.80484e-03
-7.64510e-03
-7.96903e-03
-7.71214e-03
-8.00435e-03
-8.83828e-03
-9.16907e-03
-9.30159e-03
-9.85324e-03
-1.04572e-02
-1.01902e-02
-1.00616e-02
-1.03814e-02
-1.01230e-02
-9.74595e-03
-9.87852e-03
-1.04601e-02
-1.06348e-02
-9.96530e-03
-9.53890e-03
-9.73140e-03
-9.52411e-03
-8.74285e-03
-7.99988e-03
-7.15609e-03
-6.44478e-03
-6.05947e-03
-5.68395e-03
-5.43108e-03
-5.15485e-03
-4.50348e-03
-3.80344e-03
-3.30377e-03
-2.86544e-03
-2.34352e-03
-2.08000e-03
-1.88921e-03
-1.27105e-03
-5.39161e-04
-1.20982e-05
8.81622e-05
-1.07249e-04
-1.40205e-04
-1.71434e-06
8.33540e-05
5.89532e-05
1.74752e-05
3.49310e-05
3.87067e-04
1.06611e-03
1.32909e-03
1.35172e-03
1.24969e-03
1.28182e-03
2.00767e-03
2.48018e-03
2.59216e-03
3.03057e-03
3.39373e-03
3.61320e-03
4.15518e-03
4.49299e-03
4.37250e-03
4.90060e-03
6.04118e-03
6.70349e-03
7.30111e-03
8.09857e-03
8.87946e-03
9.88986e-03
1.08396e-02
1.12823e-02
1.16341e-02
1.19743e-02
1.19813e-02
1.21691e-02
1.28867e-02
1.35962e-02
1.35530e-02
1.28936e-02
1.25620e-02
1.22280e-02
1.17216e-02
1.11633e-02
1.08960e-02
1.07805e-02
1.01938e-02
9.44395e-03
8.64243e-03
7.77932e-03
6.80028e-03
5.34545e-03
4.16578e-03
2.75531e-03
9.16994e-04
-1.87822e-04
-1.19348e-03
-2.59260e-03
-3.86494e-03
-5.10798e-03
-5.83388e-03
-6.69229e-03
-7.78103e-03
-8.41302e-03
-8.93591e-03
-9.90054e-03
-1.06217e-02
-1.08613e-02
-1.08948e-02
-1.14445e-02
-1.22528e-02
-1.28325e-02
-1.32625e-02
-1.37528e-02
-1.43130e-02
-1.48871e-02
-1.55977e-02
-1.65755e-02
-1.70066e-02
-1.67407e-02
-1.65530e-02
-1.65490e-02
-1.63095e-02
-1.62432e-02
-1.61848e-02
-1.56067e-02
-1.50463e-02
-1.49453e-02
-1.43874e-02
-1.32769e-02
-1.26682e-02
-1.24308e-02
-1.19945e-02
-1.13190e-02
-1.06680e-02
-1.02228e-02
-1.01931e-02
-1.00113e-02
-1.02461e-02
-1.04537e-02
-1.03205e-02
-1.02730e-02
-1.06912e-02
-1.04641e-02
-1.00154e-02
-9.52545e-03
-8.97707e-03
-8.48403e-03
-7.81615e-03
-6.34407e-03
-5.43725e-03
-5.18475e-03
-4.39150e-03
-3.60313e-03
-3.49350e-03
-2.86618e-03
-2.36999e-03
-2.01847e-03
-1.37204e-03
-3.77272e-04
-1.35041e-04
9.82220e-05
1.17317e-03
1.95100e-03
1.81724e-03
1.60110e-03
2.52461e-03
3.68105e-03
3.76506e-03
3.67116e-03
3.91337e-03
4.39931e-03
4.58887e-03
3.98758e-03
3.28222e-03
3.68326e-03
4.70294e-03
4.90622e-03
4.49484e-03
4.67659e-03
5.16038e-03
5.63769e-03
6.15490e-03
6.30182e-03
6.57340e-03
7.63765e-03
8.61477e-03
8.96315e-03
9.31846e-03
1.03005e-02
1.12974e-02
1.21449e-02
1.27882e-02
1.32197e-02
1.37655e-02
1.47877e-02
1.56549e-02
1.60443e-02
1.64376e-02
1.70247e-02
1.76651e-02
1.82441e-02
1.87198e-02
1.88504e-02
1.90666e-02
1.93620e-02
1.96972e-02
1.95418e-02
1.94785e-02
1.93541e-02
1.86386e-02
1.75719e-02
1.68123e-02
1.60574e-02
1.49893e-02
1.41810e-02
1.34014e-02
1.26896e-02
1.21695e-02
1.13219e-02
1.07845e-02
1.01772e-02
9.35387e-03
8.80087e-03
8.29557e-03
7.32214e-03
6.02370e-03
4.93301e-03
4.39205e-03
4.08655e-03
3.49190e-03
2.42173e-03
1.98128e-03
2.36180e-03
2.60945e-03
2.85484e-03
3.37326e-03
3.95189e-03
4.45261e-03
5.02486e-03
5.97810e-03
6.82698e-03
7.62693e-03
8.37431e-03
9.22381e-03
9.97343e-03
1.04238e-02
1.08884e-02
1.14262e-02
1.15801e-02
1.13797e-02
1.10004e-02
1.07842e-02
1.02740e-02
9.31875e-03
8.70615e-03
8.05740e-03
7.22721e-03
6.33702e-03
5.49644e-03
4.71641e-03
3.91583e-03
3.06706e-03
2.21920e-03
1.29562e-03
4.76245e-04
2.12719e-05
-4.14303e-04
-9.86467e-04
-1.61627e-03
-2.19757e-03
-2.70553e-03
-3.22463e-03
-3.84535e-03
-4.79669e-03
-5.52339e-03
-5.53524e-03
-5.71735e-03
-6.50865e-03
-7.61737e-03
-8.11104e-03
-8.68321e-03
-9.39210e-03
-9.94419e-03
-1.04179e-02
-1.10308e-02
-1.20988e-02
-1.28509e-02
-1.31645e-02
-1.35893e-02
-1.42399e-02
-1.48636e-02
-1.54815e-02
-1.64511e-02
-1.71604e-02
-1.75219e-02
-1.80375e-02
-1.85311e-02
-1.86927e-02
-1.88058e-02
-1.86388e-02
-1.87636e-02
-1.85661e-02
-1.82343e-02
-1.78687e-02
-1.77008e-02
-1.74181e-02
-1.70147e-02
-1.62448e-02
-1.57691e-02
-1.51872e-02
-1.47671e-02
-1.41087e-02
-1.34809e-02
-1.26176e-02
-1.20201e-02
-1.13665e-02
-1.04217e-02
-9.54956e-03
-8.71877e-03
-7.97718e-03
-7.39948e-03
-7.01327e-03
-6.37738e-03
-6.04518e-03
-5.59808e-03
-5.20729e-03
-5.27238e-03
-5.09520e-03
-4.31948e-03
-3.90186e-03
-3.80852e-03
-3.33444e-03
-2.94339e-03
-2.72713e-03
-2.49032e-03
-2.20736e-03
-1.91803e-03
-1.61415e-03
-1.01804e-03
-7.21057e-04
-9.23377e-04
-1.06216e-03
-9.30470e-04
-4.07431e-04
-9.47962e-06
1.81970e-04
2.90806e-04
5.89404e-04
8.25434e-04
7.03024e-04
2.37289e-04
-2.33245e-05
-2.20826e-04
-3.47544e-04
-3.28271e-04
-6.90493e-04
-9.59833e-04
-4.03367e-04
4.75616e-04
1.07976e-03
1.36568e-03
1.25125e-03
1.11890e-03
1.21114e-03
1.34798e-03
1.45747e-03
1.97305e-03
2.59507e-03
2.67431e-03
2.67052e-03
2.52478e-03
3.01835e-03
3.71459e-03
3.70154e-03
3.56225e-03
4.13710e-03
4.78813e-03
4.73225e-03
4.44602e-03
4.44445e-03
4.60337e-03
4.66523e-03
4.62043e-03
4.57895e-03
4.34068e-03
3.70485e-03
3.30296e-03
3.20274e-03
2.98176e-03
2.63662e-03
1.99439e-03
1.36037e-03
8.74036e-04
3.89194e-04
-1.68635e-04
-7.31881e-04
-9.89000e-04
-1.55174e-03
-2.21713e-03
-2.86600e-03
-3.20806e-03
-3.44397e-03
-3.99739e-03
-4.30464e-03
-4.54520e-03
-4.71632e-03
-4.72457e-03
-5.02684e-03
-4.82566e-03
-4.45008e-03
-4.14319e-03
-4.59667e-03
-5.04639e-03
-5.31442e-03
-5.34114e-03
-5.72858e-03
-6.38286e-03
-6.60732e-03
-6.79227e-03
-7.16769e-03
-8.16560e-03
-8.80308e-03
-8.71721e-03
-9.00539e-03
-9.63127e-03
-9.94844e-03
-1.04190e-02
-1.05439e-02
-1.02957e-02
-1.03279e-02
-9.88892e-03
-9.44478e-03
-9.30926e-03
-8.85881e-03
-8.12436e-03
-7.42247e-03
-6.60536e-03
-5.48090e-03
-4.62585e-03
-3.63096e-03
-2.46552e-03
-1.31928e-03
6.32886e-05
1.16285e-03
2.25116e-03
3.50773e-03
5.01772e-03
6.30051e-03
6.84289e-03
7.55585e-03
8.75661e-03
9.27537e-03
9.74784e-03
1.06591e-02
1.12704e-02
1.12325e-02
1.14335e-02
1.16703e-02
1.17522e-02
1.21718e-02
1.23642e-02
1.21169e-02
1.16349e-02
1.19285e-02
1.18285e-02
1.10843e-02
1.09156e-02
1.12181e-02
1.13283e-02
1.11921e-02
1.10898e-02
1.11247e-02
1.12057e-02
1.13766e-02
1.16022e-02
1.14033e-02
1.15801e-02
1.19662e-02
1.25432e-02
1.29752e-02
1.26976e-02
1.20713e-02
1.22151e-02
1.29632e-02
1.29256e-02
1.24391e-02
1.24460e-02
1.23072e-02
1.20220e-02
1.14372e-02
1.08103e-02
1.03021e-02
9.81105e-03
9.30853e-03
9.02409e-03
8.86679e-03
8.27297e-03
7.54269e-03
7.00935e-03
6.55431e-03
6.02503e-03
5.45403e-03
4.90520e-03
4.35342e-03
3.80971e-03
3.27781e-03
2.64052e-03
1.67454e-03
7.92028e-04
3.71536e-04
-1.74315e-05
-5.99644e-04
-1.23947e-03
-1.84250e-03
-2.64784e-03
-2.84901e-03
-2.55231e-03
-2.45461e-03
-2.31274e-03
-2.37100e-03
-2.14404e-03
-1.74261e-03
-1.43861e-03
-9.24194e-04
-2.95820e-04
2.61224e-04
7.37312e-04
9.06261e-04
1.20564e-03
1.80148e-03
1.69011e-03
1.61060e-03
1.91951e-03
2.02401e-03
1.87519e-03
1.42133e-03
1.14031e-03
8.68019e-04
2.82214e-04
-2.83899e-04
-3.91101e-04
-5.73894e-04
-9.24672e-04
-1.75507e-03
-2.60755e-03
-2.65688e-03
-2.60229e-03
-2.39465e-03
-2.36255e-03
-2.95779e-03
-3.22548e-03
-2.99018e-03
-2.82454e-03
-2.90127e-03
-3.00581e-03
-3.00746e-03
-3.05223e-03
-3.51227e-03
-3.69614e-03
-3.50271e-03
-3.30805e-03
-2.91630e-03
-2.82936e-03
-2.93829e-03
-2.44377e-03
-1.70397e-03
-1.58308e-03
-1.46217e-03
-1.27075e-03
-8.50131e-04
-6.99089e-04
-7.58478e-04
-3.50987e-04
-1.03938e-04
-2.42246e-04
-2.67006e-04
1.77341e-04
-4.68090e-05
-4.16755e-04
-4.36605e-04
-7.29589e-04
-9.75052e-04
-1.29835e-03
-1.47213e-03
-1.81809e-03
-1.86702e-03
-1.26800e-03
-1.13292e-03
-1.79473e-03
-1.65294e-03
-1.26438e-03
-1.69500e-03
-2.04860e-03
-1.90231e-03
-1.64354e-03
-1.31969e-03
-1.70039e-03
-2.06538e-03
-1.93678e-03
-1.82846e-03
-2.40287e-03
-3.05461e-03
-2.57373e-03
-2.06479e-03
-2.23689e-03
-2.55011e-03
-2.56002e-03
-2.41173e-03
-2.33812e-03
-2.40519e-03
-2.37651e-03
-1.88651e-03
-1.68611e-03
-1.88780e-03
-2.00030e-03
-1.88999e-03
-1.78414e-03
-1.79880e-03
-1.89981e-03
-2.36460e-03
-3.01665e-03
-3.12345e-03
-2.89124e-03
-3.21637e-03
-3.68564e-03
-4.03742e-03
-4.16704e-03
-4.43793e-03
-4.68062e-03
-4.66465e-03
-4.95398e-03
-5.24844e-03
-5.25502e-03
-5.53116e-03
-5.87366e-03
-6.14514e-03
-5.89317e-03
-5.52668e-03
-5.61287e-03
-5.76182e-03
-5.36220e-03
-4.97826e-03
-5.10182e-03
-5.35274e-03
-5.66978e-03
-5.47278e-03
-5.38354e-03
-5.29324e-03
-5.14936e-03
-5.59168e-03
-6.00941e-03
-6.23371e-03
-6.36415e-03
-6.68336e-03
-6.96983e-03
-7.20870e-03
-6.91168e-03
-6.22740e-03
-6.45152e-03
-7.01192e-03
-6.61537e-03
-5.98192e-03
-5.60286e-03
-5.15654e-03
-4.59538e-03
-4.02985e-03
-3.49075e-03
-2.94693e-03
-2.38544e-03
-1.82329e-03
-1.28682e-03
-7.75662e-04
-6.50279e-04
-7.63120e-04
-3.32093e-04
4.61743e-04
5.96679e-04
-1.73779e-04
-9.39467e-04
-9.38779e-04
-1.02211e-03
-1.99946e-03
-2.62435e-03
-2.73812e-03
-3.17507e-03
-3.86901e-03
-4.46081e-03
-4.94552e-03
-5.43928e-03
-5.98613e-03
-6.51629e-03
-7.03363e-03
-7.50145e-03
-7.94577e-03
-8.16818e-03
-8.38147e-03
-8.97249e-03
-9.01591e-03
-8.76247e-03
-8.69931e-03
-8.49034e-03
-8.16100e-03
-7.56598e-03
-7.25650e-03
-7.08982e-03
-6.50667e-03
-5.78564e-03
-5.22450e-03
-4.75208e-03
-4.20564e-03
-3.64065e-03
-3.42710e-03
-3.21895e-03
-2.55653e-03
-1.82331e-03
-9.37779e-04
-1.07264e-04
3.41667e-04
1.08517e-03
2.02976e-03
2.58478e-03
3.30419e-03
4.22381e-03
4.77820e-03
5.19055e-03
5.74260e-03
6.38110e-03
7.28598e-03
8.19012e-03
8.64147e-03
9.00243e-03
9.23061e-03
9.19233e-03
9.47031e-03
9.88995e-03
9.86817e-03
9.69798e-03
9.71305e-03
9.78578e-03
9.47779e-03
9.13002e-03
9.19413e-03
8.98322e-03
8.26277e-03
7.56002e-03
6.77299e-03
5.98294e-03
5.50298e-03
4.75851e-03
3.82722e-03
2.94398e-03
1.83202e-03
6.93025e-04
-1.51199e-05
-3.55960e-04
-8.44675e-04
-1.47169e-03
-1.76208e-03
-1.93532e-03
-2.22502e-03
-2.23398e-03
-2.16459e-03
-2.51569e-03
-2.92232e-03
-2.81890e-03
-2.26937e-03
-1.89608e-03
-2.08541e-03
-1.99301e-03
-1.57473e-03
-1.17467e-03
-6.19894e-04
-3.81063e-04
-5.43805e-04
-5.49725e-06
8.47172e-04
1.10537e-03
1.10829e-03
1.36491e-03
1.77434e-03
2.08126e-03
2.30165e-03
2.21983e-03
2.12770e-03
2.17889e-03
2.27757e-03
2.31074e-03
2.25554e-03
1.87529e-03
1.18769e-03
6.06300e-04
1.81799e-04
-2.61947e-04
-8.37635e-04
-1.10213e-03
-1.30029e-03
-1.52864e-03
-1.88538e-03
-2.09459e-03
-1.99111e-03
-1.85028e-03
-1.49630e-03
-1.22232e-03
-9.79440e-04
-8.00003e-04
-4.24634e-04
2.04196e-04
4.39528e-04
6.85723e-04
1.25870e-03
1.47302e-03
1.33478e-03
1.70531e-03
2.53862e-03
3.15140e-03
3.17196e-03
3.38216e-03
4.12411e-03
4.78251e-03
4.85960e-03
4.99895e-03
5.30049e-03
5.77194e-03
6.38168e-03
6.56925e-03
6.73336e-03
6.92760e-03
6.91058e-03
6.86302e-03
6.84295e-03
6.49061e-03
6.25757e-03
6.35374e-03
6.07167e-03
5.74554e-03
5.72349e-03
5.29902e-03
4.63315e-03
4.41403e-03
3.77863e-03
3.37978e-03
3.08237e-03
2.52503e-03
1.95614e-03
1.86118e-03
1.53150e-03
1.00362e-03
1.28230e-03
1.09837e-03
3.20098e-04
1.45102e-04
4.50700e-04
6.21840e-04
1.03279e-03
1.58418e-03
1.66938e-03
1.96356e-03
2.64745e-03
3.31728e-03
3.82078e-03
4.27043e-03
4.80957e-03
5.40427e-03
5.94971e-03
6.48284e-03
6.95434e-03
7.06954e-03
7.55267e-03
8.16247e-03
8.31960e-03
8.49461e-03
8.39920e-03
7.93786e-03
7.87366e-03
8.11096e-03
8.18855e-03
7.91119e-03
7.05172e-03
5.95412e-03
5.42390e-03
5.01451e-03
4.10178e-03
3.17806e-03
2.30913e-03
1.59371e-03
7.26125e-04
9.96021e-05
-3.19494e-04
-1.01198e-03
-2.07330e-03
-2.73365e-03
-2.87854e-03
-2.72912e-03
-2.86809e-03
-3.45583e-03
-3.84419e-03
-4.08040e-03
-3.98926e-03
-3.61440e-03
-3.49665e-03
-3.77692e-03
-3.54338e-03
-3.09070e-03
-2.74932e-03
-2.87835e-03
-2.79048e-03
-2.07756e-03
-1.59480e-03
-1.79467e-03
-2.02919e-03
-1.71428e-03
-1.16595e-03
-1.16568e-03
-1.64813e-03
-2.08138e-03
-1.94618e-03
-1.70271e-03
-1.72182e-03
-2.11513e-03
-2.84134e-03
-3.46257e-03
-3.89783e-03
-4.39679e-03
-5.02055e-03
-5.61182e-03
-6.15185e-03
-6.69486e-03
-7.21651e-03
-7.42380e-03
-7.64784e-03
-8.31472e-03
-9.01829e-03
-9.54055e-03
-1.00074e-02
-1.05248e-02
-1.07549e-02
-1.06100e-02
-1.05394e-02
-1.06251e-02
-1.03582e-02
-9.63027e-03
-8.99175e-03
-8.56521e-03
-8.08527e-03
-7.19432e-03
-6.25703e-03
-5.76742e-03
-4.74378e-03
-3.45546e-03
-2.87761e-03
-2.19825e-03
-1.39525e-03
-8.28095e-04
-2.88511e-04
5.86204e-04
1.04403e-03
1.21002e-03
1.80347e-03
2.92034e-03
3.71491e-03
3.64974e-03
3.76455e-03
4.48603e-03
4.81062e-03
4.63251e-03
4.89790e-03
5.34979e-03
5.70845e-03
5.79887e-03
5.71053e-03
6.07049e-03
6.42194e-03
6.33363e-03
6.23483e-03
6.71846e-03
7.45713e-03
7.60255e-03
7.25331e-03
6.74467e-03
6.62311e-03
6.88451e-03
7.00523e-03
6.84750e-03
6.36905e-03
6.07609e-03
5.80074e-03
5.21543e-03
4.57252e-03
3.99210e-03
3.11880e-03
2.27342e-03
1.45888e-03
7.99279e-04
3.52743e-04
-1.65047e-04
-7.91148e-04
-1.37615e-03
-1.90665e-03
-2.44647e-03
-2.98392e-03
-3.53025e-03
-4.04205e-03
-4.20111e-03
-4.43515e-03
-4.73387e-03
-5.16714e-03
-5.76764e-03
-5.99583e-03
-6.29188e-03
-6.84887e-03
-7.04693e-03
-7.31447e-03
-7.53009e-03
-8.00423e-03
-8.58471e-03
-8.68438e-03
-8.96814e-03
-9.58314e-03
-9.70775e-03
-9.47517e-03
-9.50475e-03
-1.00176e-02
-9.88209e-03
-9.86940e-03
-9.62477e-03
-9.44113e-03
-9.47125e-03
-9.13355e-03
-8.84914e-03
-8.49278e-03
-8.29839e-03
-7.99131e-03
-7.79956e-03
-7.46654e-03
-7.24896e-03
-6.86802e-03
-6.67690e-03
-6.27305e-03
-5.58362e-03
-5.05808e-03
-5.07987e-03
-4.76644e-03
-3.98287e-03
-3.28521e-03
-2.90279e-03
-2.91781e-03
-2.53199e-03
-1.76011e-03
-1.10440e-03
-6.65690e-04
-2.04058e-04
3.73519e-04
1.05665e-03
2.05944e-03
2.75284e-03
3.08402e-03
3.54002e-03
4.27970e-03
5.36424e-03
6.06043e-03
6.35789e-03
6.80272e-03
7.47140e-03
8.02788e-03
8.06348e-03
8.30846e-03
8.60391e-03
9.03142e-03
9.14536e-03
8.98159e-03
8.84020e-03
8.45574e-03
8.34926e-03
8.53725e-03
8.61045e-03
8.41279e-03
7.85875e-03
7.62881e-03
7.38951e-03
7.34606e-03
7.30374e-03
6.77409e-03
6.02832e-03
5.48546e-03
5.14936e-03
5.02703e-03
4.21604e-03
3.48199e-03
2.89339e-03
2.75304e-03
2.55584e-03
2.28871e-03
1.70876e-03
1.32892e-03
1.66665e-03
1.53812e-03
1.41860e-03
1.68662e-03
1.58775e-03
1.77640e-03
2.10730e-03
2.63116e-03
3.07141e-03
2.98522e-03
2.95306e-03
3.44001e-03
3.81501e-03
4.24633e-03
4.66175e-03
4.61630e-03
4.60731e-03
4.90930e-03
4.65907e-03
4.42516e-03
4.52872e-03
4.48033e-03
3.84438e-03
3.10960e-03
2.77921e-03
2.80110e-03
2.36096e-03
1.59153e-03
9.54839e-04
4.90121e-04
1.79530e-04
6.90633e-05
-4.07972e-04
-1.13686e-03
-1.74803e-03
-2.04836e-03
-2.09331e-03
-2.40404e-03
-2.72346e-03
-3.12177e-03
-3.33264e-03
-3.76606e-03
-4.25976e-03
-4.23846e-03
-4.03302e-03
-4.04310e-03
-4.17284e-03
-4.22299e-03
-4.34711e-03
-4.57375e-03
-4.39218e-03
-4.56792e-03
-4.60851e-03
-4.14139e-03
-3.98704e-03
-4.18831e-03
-4.29173e-03
-4.21156e-03
-3.97198e-03
-3.56107e-03
-3.52682e-03
-3.70801e-03
-3.55672e-03
-2.87526e-03
-2.34489e-03
-2.48680e-03
-2.57803e-03
-2.10215e-03
-1.68158e-03
-1.58510e-03
-1.92312e-03
-1.67636e-03
-1.19793e-03
-7.99121e-04
-8.53185e-04
-8.77492e-04
-4.23775e-04
-2.34402e-04
-3.89388e-04
-3.18143e-04
1.68451e-04
3.06805e-04
1.14345e-04
2.94595e-05
1.23661e-04
2.12973e-04
1.77041e-04
1.37636e-04
1.58886e-04
-6.08564e-06
-4.39136e-04
-5.06910e-04
-3.15194e-04
-4.34153e-04
-9.75018e-04
-1.10979e-03
-8.79594e-04
-7.49109e-04
-8.07284e-04
-7.30508e-04
-3.13916e-04
-3.34048e-05
2.43001e-04
2.62796e-04
1.72320e-04
1.80877e-04
2.52342e-04
4.46209e-04
8.60895e-04
9.44110e-04
9.37085e-04
1.32466e-03
1.48492e-03
1.34833e-03
1.27594e-03
1.34154e-03
1.40311e-03
1.39510e-03
1.20550e-03
7.80141e-04
5.46050e-04
1.16383e-04
-3.43047e-04
-4.53536e-04
-8.60225e-04
-1.38781e-03
-1.73764e-03
-2.42886e-03
-2.74824e-03
-2.92078e-03
-2.92847e-03
-2.87380e-03
-2.88378e-03
-2.95528e-03
-3.01215e-03
-2.82890e-03
-2.52267e-03
-2.88270e-03
-3.15227e-03
-3.03971e-03
-2.72762e-03
-2.47148e-03
-2.91959e-03
-3.21113e-03
-3.04453e-03
-2.87592e-03
-2.91486e-03
-3.17920e-03
-3.62944e-03
-3.63945e-03
-3.43159e-03
-3.58672e-03
-3.95830e-03
-3.81423e-03
-3.94639e-03
-4.12250e-03
-4.08711e-03
-4.18988e-03
-4.66284e-03
-4.79695e-03
-4.58067e-03
-4.48935e-03
-4.58505e-03
-4.48995e-03
-4.02608e-03
-3.91371e-03
-3.94747e-03
-3.60061e-03
-3.29609e-03
-2.96799e-03
-2.83628e-03
-2.50234e-03
-2.18156e-03
-1.38272e-03
-1.01675e-03
-7.53485e-04
-1.83149e-04
4.82179e-04
1.04362e-03
1.51725e-03
1.95263e-03
2.05022e-03
2.37458e-03
3.02850e-03
3.24787e-03
3.04486e-03
3.32375e-03
3.71619e-03
3.67755e-03
3.57120e-03
3.95744e-03
4.31399e-03
4.19243e-03
4.00666e-03
4.04002e-03
4.16685e-03
4.52378e-03
4.84756e-03
5.04301e-03
4.95042e-03
4.86851e-03
5.23991e-03
5.36193e-03
5.25186e-03
5.47970e-03
5.57279e-03
5.48888e-03
5.45069e-03
5.14614e-03
5.10281e-03
5.24172e-03
5.02195e-03
4.53333e-03
4.51035e-03
4.46196e-03
4.07097e-03
3.72789e-03
3.20666e-03
2.87318e-03
2.83406e-03
2.51852e-03
2.39158e-03
2.31735e-03
1.90446e-03
1.78032e-03
1.96667e-03
2.04080e-03
1.95292e-03
1.88614e-03
1.90223e-03
1.93526e-03
1.93840e-03
1.92532e-03
2.00799e-03
2.48577e-03
2.57731e-03
1.92540e-03
1.71766e-03
2.37442e-03
2.37895e-03
2.29491e-03
1.97656e-03
1.80638e-03
1.94919e-03
2.05746e-03
2.00957e-03
1.93953e-03
1.93576e-03
1.96325e-03
1.97642e-03
1.99458e-03
2.05647e-03
2.42996e-03
2.75001e-03
2.92184e-03
2.32634e-03
1.63621e-03
1.82725e-03
2.19596e-03
2.17512e-03
1.98118e-03
1.92120e-03
1.98213e-03
2.04572e-03
2.36994e-03
2.71024e-03
2.61377e-03
2.68661e-03
3.12586e-03
3.21533e-03
3.02550e-03
2.96801e-03
3.05770e-03
3.11616e-03
3.10809e-03
3.10737e-03
3.10857e-03
2.81482e-03
1.92117e-03
1.78546e-03
2.64754e-03
2.94371e-03
2.57477e-03
2.32474e-03
2.41735e-03
2.51524e-03
2.14569e-03
1.83688e-03
1.95520e-03
2.10511e-03
2.06576e-03
1.95216e-03
1.91188e-03
1.95078e-03
1.97544e-03
1.70843e-03
1.52605e-03
1.71169e-03
1.47001e-03
1.31086e-03
1.38934e-03
1.45993e-03
1.42953e-03
1.38342e-03
1.38068e-03
1.39887e-03
1.40527e-03
1.39950e-03
1.38919e-03
1.35860e-03
1.34931e-03
1.36290e-03
1.36895e-03
1.30835e-03
8.97529e-04
5.86779e-04
3.54549e-04
-1.25072e-04
-4.21520e-04
-6.47045e-04
-1.24753e-03
-1.86041e-03
-2.07989e-03
-2.16272e-03
-2.74409e-03
-3.27952e-03
-3.41668e-03
-3.80330e-03
-4.25062e-03
-4.41608e-03
-4.86743e-03
-5.40249e-03
-5.53297e-03
-5.75522e-03
-5.84798e-03
-5.80656e-03
-5.80774e-03
-5.85385e-03
-5.88024e-03
-5.82251e-03
-5.43218e-03
-5.18358e-03
-5.27486e-03
-5.00284e-03
-4.66183e-03
-4.36722e-03
-3.82324e-03
-3.56187e-03
-3.73377e-03
-3.53749e-03
-2.78860e-03
-2.34035e-03
-2.31369e-03
-1.86810e-03
-1.35648e-03
-1.41419e-03
-1.44423e-03
-9.69452e-04
-9.38946e-04
-1.37472e-03
-9.52521e-04
-1.63915e-04
-3.24904e-05
1.74073e-04
7.41851e-04
8.74863e-04
6.64732e-04
5.60271e-04
3.52919e-04
5.08426e-04
4.92374e-04
1.73472e-04
1.29105e-04
2.31068e-04
-7.26927e-05
-4.72438e-04
-6.68712e-04
-1.15229e-03
-1.53885e-03
-1.92298e-03
-2.79173e-03
-3.22232e-03
-3.14697e-03
-3.40915e-03
-3.59382e-03
-3.69002e-03
-4.18177e-03
-4.80809e-03
-4.82267e-03
-4.54141e-03
-4.51072e-03
-4.66540e-03
-4.74189e-03
-4.70414e-03
-4.66177e-03
-4.64412e-03
-4.32564e-03
-3.94833e-03
-3.72587e-03
-3.55996e-03
-3.36552e-03
-2.74788e-03
-2.29900e-03
-2.46953e-03
-2.26893e-03
-1.34927e-03
-1.12939e-03
-1.31753e-03
-8.29026e-04
-1.50193e-04
-1.81461e-04
-3.06226e-04
5.99954e-04
1.08876e-03
7.60124e-04
5.64970e-04
1.07205e-03
1.54368e-03
1.81140e-03
1.87697e-03
1.75699e-03
1.72563e-03
1.80605e-03
1.84326e-03
1.51965e-03
1.34778e-03
1.82143e-03
1.73938e-03
9.14599e-04
4.04196e-04
4.30689e-04
8.79949e-05
-4.60803e-04
-4.94158e-04
-2.87573e-04
-2.74933e-04
-3.97615e-04
-4.53226e-04
-4.21299e-04
-4.43431e-04
-8.52676e-04
-1.18780e-03
-1.44531e-03
-1.54555e-03
-1.15331e-03
-1.08462e-03
-1.56227e-03
-1.39695e-03
-1.13967e-03
-1.48820e-03
-1.67131e-03
-1.54377e-03
-1.44294e-03
-1.48238e-03
-1.54453e-03
-1.71984e-03
-1.96998e-03
-1.58654e-03
-1.40830e-03
-2.02461e-03
-2.22848e-03
-1.50654e-03
-1.09521e-03
-9.30978e-04
-5.26062e-04
-2.72108e-04
-5.53441e-06
2.40105e-04
6.32516e-04
1.26416e-03
1.79971e-03
1.90239e-03
2.03415e-03
2.69475e-03
3.10128e-03
3.24199e-03
3.45123e-03
3.46379e-03
3.73584e-03
4.42241e-03
5.03748e-03
5.21968e-03
5.00936e-03
5.17732e-03
5.98576e-03
6.49525e-03
6.26325e-03
6.00422e-03
6.08568e-03
6.25257e-03
6.27875e-03
6.21875e-03
6.19023e-03
6.20664e-03
6.22307e-03
6.21930e-03
6.05060e-03
5.76752e-03
6.11885e-03
6.41253e-03
6.37058e-03
6.68315e-03
6.78971e-03
6.19696e-03
5.94034e-03
6.20069e-03
6.44502e-03
6.77973e-03
6.94534e-03
7.16300e-03
7.35954e-03
7.31553e-03
7.24689e-03
7.33771e-03
7.80280e-03
8.07747e-03
7.90537e-03
7.75430e-03
7.81762e-03
7.93956e-03
7.97103e-03
7.88420e-03
7.51857e-03
7.17942e-03
6.94298e-03
6.43110e-03
6.15149e-03
6.05808e-03
5.49640e-03
5.01557e-03
4.64083e-03
4.00208e-03
3.72444e-03
3.30045e-03
2.91564e-03
2.56988e-03
1.87395e-03
1.77560e-03
1.72244e-03
9.00870e-04
4.24809e-04
1.04425e-04
-2.67206e-04
-2.80097e-04
-2.84507e-04
-7.23915e-04
-9.33035e-04
-8.73795e-04
-1.24725e-03
-1.47852e-03
-1.34778e-03
-1.24314e-03
-1.30047e-03
-1.37598e-03
-1.37812e-03
-1.34770e-03
-1.38889e-03
-1.72646e-03
-1.65770e-03
-1.66826e-03
-1.97108e-03
-2.41195e-03
-2.54745e-03
-2.33869e-03
-2.25600e-03
-2.35749e-03
-2.45848e-03
-2.78167e-03
-3.12708e-03
-3.04650e-03
-3.18865e-03
-3.57629e-03
-3.59117e-03
-3.44158e-03
-3.42820e-03
-3.50860e-03
-3.56602e-03
-3.90269e-03
-4.55807e-03
-4.46583e-03
-3.81382e-03
-3.47521e-03
-3.73907e-03
-3.97464e-03
-3.91497e-03
-4.09546e-03
-4.11975e-03
-4.03052e-03
-4.30619e-03
-4.40653e-03
-4.32231e-03
-4.57098e-03
-4.31761e-03
-3.85458e-03
-3.91143e-03
-4.13744e-03
-3.83704e-03
-3.35789e-03
-3.41949e-03
-3.92673e-03
-3.95984e-03
-3.42299e-03
-3.30584e-03
-3.50732e-03
-3.29334e-03
-2.87927e-03
-2.90161e-03
-3.09840e-03
-3.40236e-03
-3.35326e-03
-3.20089e-03
-3.46928e-03
-3.25342e-03
-2.79471e-03
-2.81353e-03
-2.69351e-03
-2.34823e-03
-2.34033e-03
-2.47377e-03
-2.47881e-03
-2.40257e-03
-2.37106e-03
-2.37296e-03
-2.05686e-03
-1.37903e-03
-1.07943e-03
-1.00656e-03
-8.03547e-04
-7.81854e-04
-8.33575e-04
-1.06790e-03
-1.13769e-03
-6.91102e-04
-5.81157e-04
-7.75662e-04
-8.67617e-04
-7.99195e-04
-7.34835e-04
-7.46446e-04
-1.01523e-03
-1.17541e-03
-9.90776e-04
-1.21719e-03
-1.37076e-03
-1.29869e-03
-1.23108e-03
-1.25857e-03
-1.30214e-03
-1.30527e-03
-1.28831e-03
-1.27896e-03
-1.03830e-03
-3.91688e-04
-2.50732e-04
-8.83925e-04
-1.31329e-03
-1.42549e-03
-1.24299e-03
-1.14305e-03
-1.23344e-03
-1.58335e-03
-1.74635e-03
-1.26296e-03
-1.07782e-03
-1.27204e-03
-1.13814e-03
-6.50493e-04
-3.36583e-04
-1.14007e-04
-1.98052e-04
-6.93946e-05
3.98115e-04
4.73777e-04
5.34510e-04
8.80364e-04
9.44699e-04
8.14176e-04
7.83468e-04
8.52910e-04
8.94725e-04
8.79657e-04
8.57736e-04
8.57353e-04
8.66138e-04
8.89696e-04
1.20277e-03
1.22530e-03
7.66690e-04
7.10051e-04
9.37644e-04
1.03049e-03
1.29846e-03
1.91526e-03
2.17393e-03
1.93405e-03
1.77205e-03
1.54936e-03
1.30772e-03
1.40186e-03
1.55110e-03
1.87127e-03
2.48318e-03
2.70816e-03
2.12337e-03
1.62353e-03
1.84338e-03
2.14451e-03
2.11340e-03
1.95778e-03
1.91765e-03
1.98889e-03
2.31413e-03
2.30359e-03
1.85524e-03
1.81150e-03
2.01386e-03
2.05483e-03
1.63835e-03
1.22267e-03
1.31135e-03
1.13732e-03
7.88058e-04
8.03593e-04
9.38039e-04
9.33587e-04
8.04751e-04
3.98805e-04
1.73873e-04
2.78368e-04
1.22015e-07
-3.27416e-04
-2.65172e-04
-1.29757e-04
-1.51542e-04
-2.87528e-04
-7.13387e-04
-1.00322e-03
-1.21458e-03
-1.32846e-03
-1.25272e-03
-1.21475e-03
-1.32401e-03
-1.75743e-03
-2.02886e-03
-1.88410e-03
-1.79212e-03
-2.24837e-03
-2.61016e-03
-2.47284e-03
-2.29715e-03
-2.33777e-03
-2.44172e-03
-2.40651e-03
-1.96432e-03
-1.67961e-03
-1.84035e-03
-1.99234e-03
-1.88094e-03
-1.37697e-03
-1.10046e-03
-1.23770e-03
-1.01600e-03
-6.22751e-04
-2.09493e-04
-9.18557e-05
-1.72868e-04
2.96642e-04
9.32439e-04
5.98461e-04
5.90483e-04
9.09117e-04
9.70438e-04
8.67734e-04
8.34223e-04
8.78553e-04
9.08631e-04
8.99190e-04
8.83674e-04
8.76827e-04
9.38870e-04
1.49098e-03
2.14634e-03
2.20714e-03
2.28118e-03
1.95651e-03
1.75477e-03
1.93178e-03
2.07803e-03
2.02905e-03
2.03013e-03
2.49500e-03
2.78616e-03
2.98236e-03
2.56559e-03
2.18344e-03
1.89267e-03
1.74504e-03
1.31569e-03
8.01845e-04
8.12230e-04
1.02022e-03
1.01436e-03
8.84467e-04
8.33693e-04
8.55059e-04
5.20284e-04
-3.56867e-04
-4.99773e-04
-1.09928e-04
1.94671e-06
-1.87326e-04
-4.86797e-04
-9.00881e-04
-1.07431e-03
-1.29176e-03
-1.66269e-03
-2.44665e-03
-2.59222e-03
-2.44374e-03
-2.81082e-03
-3.22782e-03
-3.58526e-03
-3.74207e-03
-4.20518e-03
-4.73240e-03
-4.86918e-03
-5.28353e-03
-5.81292e-03
-5.77582e-03
-5.56495e-03
-5.58383e-03
-5.71658e-03
-5.75753e-03
-5.45782e-03
-5.00541e-03
-5.03735e-03
-5.25077e-03
-5.26170e-03
-4.89143e-03
-4.41779e-03
-4.20890e-03
-3.76751e-03
-3.14306e-03
-2.56401e-03
-2.30981e-03
-1.97067e-03
-1.24817e-03
-9.20460e-04
-5.11417e-04
-1.40996e-04
-2.02817e-04
-9.24187e-05
6.13275e-04
1.10307e-03
8.89968e-04
9.07432e-04
1.66802e-03
2.22408e-03
2.02447e-03
1.75501e-03
1.81983e-03
1.98617e-03
2.06120e-03
2.67771e-03
3.37050e-03
3.20891e-03
3.22532e-03
3.95032e-03
4.38972e-03
4.19296e-03
4.32275e-03
4.76903e-03
4.78718e-03
4.59721e-03
4.59648e-03
5.00746e-03
5.05402e-03
4.25097e-03
3.80709e-03
4.10647e-03
4.36403e-03
4.26580e-03
4.10287e-03
4.03342e-03
3.69018e-03
3.39392e-03
3.12034e-03
2.98323e-03
3.10825e-03
3.07182e-03
2.18560e-03
1.58255e-03
1.83700e-03
1.69134e-03
9.14079e-04
5.99574e-04
8.65935e-04
1.02456e-03
9.06630e-04
7.81727e-04
7.87834e-04
8.40737e-04
8.53574e-04
8.35191e-04
8.24368e-04
8.28735e-04
8.34143e-04
9.21500e-04
1.39266e-03
1.56249e-03
1.27255e-03
6.95503e-04
6.17958e-04
9.35707e-04
1.04242e-03
9.04762e-04
8.00706e-04
7.95862e-04
8.33610e-04
8.50467e-04
8.36294e-04
6.60933e-04
2.41385e-04
4.28272e-06
-2.55411e-04
-2.76053e-04
-1.66190e-04
-1.69524e-04
-4.22038e-04
-9.06762e-04
-1.12272e-03
-1.32036e-03
-1.33274e-03
-1.26214e-03
-1.30406e-03
-1.37728e-03
-1.39071e-03
-1.35747e-03
-1.31794e-03
-1.31697e-03
-1.09413e-03
-7.02670e-04
-7.12517e-04
-6.33358e-04
-2.28953e-04
-4.14552e-04
-7.33045e-04
-3.25120e-04
-7.11057e-05
-2.07772e-04
-3.42816e-04
-3.05777e-04
2.76165e-05
4.59315e-04
4.03906e-04
-6.67692e-05
-4.94575e-04
-3.58682e-04
-1.15858e-04
-1.34498e-04
-2.67040e-04
-3.06456e-04
-2.42881e-04
-1.90070e-04
-2.05522e-04
-2.12474e-04
1.03220e-04
4.53619e-04
3.65116e-04
1.72990e-04
-1.43800e-04
-4.07741e-04
-2.82230e-04
-1.35464e-04
-1.81041e-04
-3.04231e-04
-7.51764e-04
-1.42150e-03
-1.52234e-03
-1.22547e-03
-1.09488e-03
-8.69761e-04
-7.23492e-04
-8.36643e-04
-9.18607e-04
-9.14255e-04
-1.11974e-03
-6.33135e-04
-3.28978e-04
-3.40572e-04
-2.50577e-04
-2.42933e-04
-2.02582e-04
3.36647e-04
9.43803e-04
5.51493e-04
5.31563e-04
8.71148e-04
9.44507e-04
8.36986e-04
7.91269e-04
8.04177e-04
8.25565e-04
8.30701e-04
6.51439e-04
-2.71797e-04
-6.00279e-04
-2.93059e-04
-5.66368e-04
-9.06792e-04
-8.67930e-04
-9.10898e-04
-1.34522e-03
-1.48302e-03
-1.31326e-03
-1.23543e-03
-1.31096e-03
-1.37710e-03
-1.36785e-03
-1.33800e-03
-1.33165e-03
-1.16893e-03
-7.26341e-04
-6.61772e-04
-6.71446e-04
-3.05872e-04
-1.65779e-04
-2.93934e-04
-3.57034e-04
-2.94956e-04
-2.36351e-04
1.93462e-05
6.59457e-04
1.02525e-03
8.16558e-04
8.85759e-04
1.65803e-03
2.19727e-03
1.98919e-03
1.72055e-03
1.48759e-03
1.22258e-03
9.88719e-04
7.25473e-04
1.32961e-04
-5.02731e-04
-7.13160e-04
-1.11655e-03
-1.45606e-03
-2.03486e-03
-2.65806e-03
-2.54918e-03
-2.59675e-03
-2.99032e-03
-3.09265e-03
-3.30527e-03
-3.63315e-03
-3.59730e-03
-3.45806e-03
-3.46964e-03
-3.55334e-03
-3.63132e-03
-3.93347e-03
-3.78484e-03
-3.40113e-03
-3.36523e-03
-3.09373e-03
-2.48089e-03
-2.30359e-03
-2.54464e-03
-2.64083e-03
-2.51773e-03
-2.41892e-03
-2.38105e-03
-2.02112e-03
-1.70732e-03
-1.43577e-03
-1.35779e-03
-1.80854e-03
-1.72121e-03
-1.23796e-03
-1.18717e-03
-1.38911e-03
-1.40187e-03
-9.95918e-04
-1.07223e-03
-1.42304e-03
-1.09025e-03
-1.04687e-03
-1.41791e-03
-1.41512e-03
-8.69298e-04
-5.34994e-04
-2.83320e-04
-2.39814e-04
-2.75874e-04
1.83681e-04
5.22229e-04
7.27149e-04
4.04439e-04
5.60791e-04
8.96104e-04
8.86905e-04
7.52858e-04
7.37668e-04
7.99686e-04
8.27087e-04
8.09478e-04
7.92711e-04
7.94787e-04
8.89865e-04
1.44663e-03
2.06205e-03
2.04813e-03
1.85501e-03
2.30639e-03
2.71672e-03
3.03151e-03
3.04807e-03
2.90364e-03
2.89427e-03
2.98596e-03
3.11853e-03
3.65847e-03
4.18979e-03
3.77281e-03
3.78040e-03
4.13963e-03
4.20152e-03
4.05250e-03
4.00074e-03
4.06289e-03
4.01639e-03
3.44484e-03
2.80918e-03
2.85247e-03
3.15493e-03
2.99728e-03
1.91282e-03
1.51137e-03
1.86080e-03
1.54798e-03
7.60795e-04
4.47561e-04
-1.94935e-04
-4.48058e-04
-1.89821e-04
-8.03376e-05
-2.25776e-04
-5.14235e-04
-1.41205e-03
-1.68755e-03
-1.28719e-03
-1.10709e-03
-1.28525e-03
-1.44137e-03
-1.52803e-03
-1.94022e-03
-2.06360e-03
-1.88942e-03
-1.65957e-03
-1.44673e-03
-1.86162e-03
-1.94287e-03
-1.52740e-03
-1.58731e-03
-1.61548e-03
-1.92543e-03
-2.05951e-03
-1.92303e-03
-1.98427e-03
-2.48353e-03
-2.65709e-03
-2.45938e-03
-2.35820e-03
-2.44187e-03
-2.52168e-03
-2.68927e-03
-3.60164e-03
-3.93547e-03
-3.54255e-03
-3.34218e-03
-3.51354e-03
-3.67735e-03
-3.66173e-03
-3.59602e-03
-3.48269e-03
-2.77862e-03
-2.19819e-03
-2.36825e-03
-2.66011e-03
-2.60858e-03
-2.42799e-03
-2.37957e-03
-2.26426e-03
-1.85267e-03
-1.76612e-03
-1.94810e-03
-1.92487e-03
-1.39478e-03
-1.17340e-03
-1.37833e-03
-1.50560e-03
-1.34482e-03
-8.12760e-04
-6.56951e-04
-8.84628e-04
-9.03557e-04
-3.35513e-04
-8.51127e-05
-3.30298e-04
-4.83899e-04
-3.90128e-04
-2.85660e-04
-2.92738e-04
-3.39286e-04
-2.62445e-04
1.39230e-04
-6.71430e-05
-5.86124e-05
-1.79917e-04
2.37020e-05
-9.42171e-05
1.05590e-04
4.29974e-04
7.40878e-04
4.09953e-04
5.29246e-04
8.63847e-04
8.66475e-04
6.49088e-04
1.58044e-04
4.21457e-05
2.47302e-04
3.48540e-04
2.37754e-04
1.37937e-04
1.54134e-04
1.99264e-04
2.04130e-04
1.91934e-04
1.27897e-04
-2.41367e-04
-3.48957e-05
-5.54707e-05
6.43917e-05
-2.21701e-04
-5.75604e-04
-8.59954e-04
-5.09259e-04
-6.34152e-04
-9.73108e-04
-9.45026e-04
-7.32028e-04
-3.87036e-04
-7.00493e-04
-1.52159e-03
-1.76778e-03
-1.81382e-03
-1.92621e-03
-1.97729e-03
-2.39963e-03
-3.09126e-03
-3.19722e-03
-2.56386e-03
-2.60091e-03
-3.15752e-03
-3.25525e-03
-3.03761e-03
-3.00468e-03
-3.43394e-03
-3.35852e-03
-2.98316e-03
-3.36808e-03
-3.82805e-03
-3.72677e-03
-3.50636e-03
-3.56485e-03
-4.05532e-03
-4.33897e-03
-4.16291e-03
-4.00641e-03
-4.01555e-03
-3.78815e-03
-3.92786e-03
-4.27903e-03
-4.20434e-03
-3.65345e-03
-3.32506e-03
-3.19148e-03
-3.44582e-03
-3.38484e-03
-3.00382e-03
-2.97770e-03
-3.08704e-03
-2.76593e-03
-2.75638e-03
-2.68564e-03
-2.05167e-03
-1.70951e-03
-1.51625e-03
-9.69051e-04
-3.06070e-04
2.06782e-04
2.32817e-04
1.72754e-05
7.24105e-05
6.78231e-04
1.38957e-03
1.44946e-03
1.23436e-03
1.89577e-03
2.24929e-03
2.26951e-03
2.82707e-03
3.51041e-03
3.59458e-03
3.32036e-03
3.32179e-03
3.88141e-03
4.29271e-03
4.51562e-03
4.59406e-03
4.49504e-03
4.49425e-03
4.89899e-03
4.87589e-03
4.91543e-03
5.54234e-03
5.82768e-03
5.59144e-03
5.49200e-03
6.05150e-03
6.78372e-03
6.54612e-03
6.34574e-03
6.66410e-03
6.87465e-03
7.19628e-03
7.44581e-03
7.70251e-03
7.85097e-03
7.71607e-03
7.33701e-03
7.55078e-03
8.01522e-03
7.99462e-03
7.72271e-03
7.33378e-03
7.51147e-03
7.62486e-03
7.67612e-03
7.46325e-03
7.20612e-03
7.66090e-03
8.07799e-03
7.87572e-03
7.19875e-03
6.50421e-03
6.17751e-03
6.62741e-03
7.01115e-03
6.45048e-03
5.86962e-03
5.60774e-03
5.60128e-03
5.68602e-03
5.24256e-03
4.55488e-03
4.73257e-03
4.90244e-03
4.61514e-03
4.42352e-03
4.09762e-03
3.86269e-03
3.54370e-03
2.96640e-03
2.73112e-03
2.49198e-03
1.87908e-03
1.26051e-03
1.20460e-03
1.43704e-03
1.44740e-03
1.24647e-03
7.70555e-04
4.86652e-04
2.96363e-04
1.31586e-04
-2.05747e-04
-4.91978e-04
-8.03037e-04
-9.73485e-04
-8.51544e-04
-8.47137e-04
-1.40520e-03
-2.17066e-03
-2.19806e-03
-1.84495e-03
-1.78829e-03
-2.02052e-03
-2.44539e-03
-2.33647e-03
-2.41702e-03
-3.08821e-03
-3.25079e-03
-2.96649e-03
-2.95355e-03
-3.55826e-03
-3.82484e-03
-3.68684e-03
-4.01046e-03
-4.26400e-03
-4.16297e-03
-4.14645e-03
-4.57731e-03
-4.43345e-03
-4.54003e-03
-4.86421e-03
-5.20183e-03
-4.81974e-03
-4.56192e-03
-5.09419e-03
-4.98698e-03
-4.59394e-03
-4.59531e-03
-4.76282e-03
-4.70503e-03
-4.15920e-03
-3.95781e-03
-4.21112e-03
-4.34704e-03
-4.24481e-03
-4.05730e-03
-3.59567e-03
-3.38330e-03
-3.12701e-03
-3.07552e-03
-3.19417e-03
-3.20497e-03
-3.12383e-03
-3.00051e-03
-2.57738e-03
-2.44117e-03
-2.62949e-03
-2.71651e-03
-2.63300e-03
-2.47037e-03
-2.09401e-03
-2.34325e-03
-2.25461e-03
-1.99860e-03
-1.99034e-03
-2.10192e-03
-2.01423e-03
-1.59236e-03
-1.89075e-03
-2.27314e-03
-2.17913e-03
-1.98758e-03
-1.98965e-03
-2.08159e-03
-2.11119e-03
-2.08213e-03
-2.05553e-03
-2.03007e-03
-2.02941e-03
-1.96159e-03
-1.52196e-03
-1.43797e-03
-1.97744e-03
-1.84875e-03
-1.79566e-03
-1.60820e-03
-1.90068e-03
-2.10746e-03
-1.62579e-03
-1.69600e-03
-1.62016e-03
-1.46011e-03
-1.41410e-03
-1.00757e-03
-7.31413e-04
-5.05970e-04
-8.17856e-04
-6.45541e-04
-2.17817e-04
1.26254e-04
-2.14689e-04
-1.33203e-04
1.84482e-04
2.06822e-04
1.13486e-04
7.77165e-05
1.38284e-04
2.71963e-04
6.48987e-04
3.48305e-04
-4.43558e-05
4.05637e-05
2.40896e-04
2.46254e-04
2.39721e-04
6.73507e-04
8.41012e-04
5.61534e-04
-7.78674e-06
-2.17800e-05
6.12473e-04
4.68099e-04
-2.35536e-05
-4.26440e-05
1.57121e-04
1.83150e-04
1.09935e-04
6.31451e-05
6.29241e-05
8.50752e-05
4.10235e-05
-3.46254e-04
-5.50105e-04
-8.02202e-05
-7.91931e-05
-6.02048e-04
-1.05061e-03
-7.77293e-04
-6.60955e-04
-9.87697e-04
-1.10596e-03
-1.07938e-03
-1.41663e-03
-1.69395e-03
-1.58419e-03
-1.45248e-03
-1.54778e-03
-1.98348e-03
-1.85726e-03
-1.40977e-03
-1.40855e-03
-1.69222e-03
-2.08403e-03
-1.80426e-03
-9.51449e-04
-7.18542e-04
-1.08604e-03
-1.26237e-03
-1.05995e-03
-4.63930e-04
1.69811e-04
2.32746e-04
-4.35717e-05
-5.65035e-05
5.20714e-04
1.29689e-03
1.83773e-03
2.19072e-03
2.17342e-03
1.71204e-03
1.91460e-03
2.77475e-03
2.72421e-03
2.48159e-03
3.07017e-03
3.59003e-03
3.42798e-03
3.18611e-03
3.23354e-03
3.66925e-03
3.77371e-03
3.61590e-03
3.52402e-03
3.23842e-03
3.22799e-03
3.39074e-03
3.73672e-03
3.73304e-03
3.21478e-03
3.10249e-03
3.06749e-03
2.48485e-03
2.00052e-03
1.90737e-03
1.73581e-03
1.67983e-03
1.44560e-03
7.75163e-04
3.38634e-04
3.59312e-04
1.28646e-04
-2.16571e-05
3.10419e-05
6.68059e-05
2.37814e-05
-1.60830e-05
-1.26739e-05
4.71687e-06
8.44541e-06
2.28446e-06
-1.09645e-06
4.33575e-07
2.24109e-06
2.08681e-06
1.24783e-06
1.02284e-06
1.28400e-06
1.41980e-06
7.13588e-06
3.84691e-05
1.04288e-04
4.45369e-04
3.76964e-04
3.11283e-04
1.82610e-04
8.22480e-06
3.93252e-04
3.96568e-04
-1.53795e-06
-1.07468e-04
-2.64570e-04
-1.53956e-04
2.38415e-04
-5.71558e-05
-3.04068e-04
-2.10379e-04
-6.84830e-05
-7.07820e-05
-1.22281e-04
1.80950e-04
2.47004e-04
1.21591e-04
9.10036e-05
-9.88966e-05
-2.29915e-04
4.65827e-04
1.02231e-03
5.64746e-04
-1.26733e-04
1.86944e-04
6.99639e-04
5.77438e-04
6.53091e-04
7.40745e-04
9.08316e-04
1.15372e-03
9.45223e-04
1.16494e-03
1.40378e-03
1.34190e-03
1.23816e-03
1.25458e-03
1.40065e-03
1.88750e-03
1.94953e-03
1.43711e-03
2.11607e-03
2.66546e-03
1.88491e-03
1.02354e-03
1.49546e-03
1.66735e-03
1.34479e-03
1.21370e-03
1.24272e-03
8.39471e-04
1.92557e-04
3.92564e-04
5.46629e-04
2.30259e-04
9.38784e-05
1.61218e-04
-1.15633e-04
-5.30096e-04
-7.85544e-04
-9.43217e-04
-8.60567e-04
-8.33339e-04
-1.20609e-03
-1.38986e-03
-1.14722e-03
-1.37936e-03
-1.82800e-03
-2.15414e-03
-1.60725e-03
-7.62030e-04
-1.02342e-03
-1.16323e-03
-9.65328e-04
-8.69965e-04
-9.31905e-04
-9.68305e-04
-9.39757e-04
-9.15121e-04
-9.21179e-04
-1.02214e-03
-1.40979e-03
-1.01361e-03
-1.64470e-04
-1.49300e-04
-9.49770e-04
-1.31563e-03
-9.34460e-04
-2.99313e-04
-1.21650e-04
-4.35431e-04
-9.05285e-04
-8.20733e-04
-2.67029e-04
-1.96821e-04
-4.18941e-04
-1.69664e-04
2.81887e-04
2.68882e-04
1.05653e-04
3.52418e-04
6.05540e-04
4.01979e-04
6.03982e-04
9.70653e-04
1.35799e-03
1.34642e-03
1.16456e-03
1.15556e-03
1.26022e-03
1.39508e-03
1.75387e-03
1.51120e-03
1.52726e-03
1.33524e-03
1.22834e-03
1.68785e-03
1.60599e-03
1.14467e-03
1.10960e-03
1.30796e-03
1.36294e-03
1.28287e-03
1.23175e-03
1.22830e-03
9.17590e-04
5.57641e-04
6.67966e-04
8.67451e-04
8.39494e-04
7.22847e-04
4.50323e-04
-1.64224e-04
-5.41166e-04
-3.41436e-04
-1.42951e-04
-2.27053e-04
-3.69116e-04
-3.88621e-04
-5.08936e-04
-7.62261e-04
-5.76000e-04
-7.63999e-04
-9.77162e-04
-9.24440e-04
-8.33849e-04
-8.49369e-04
-9.01260e-04
-9.12510e-04
-8.94526e-04
-8.30075e-04
-4.32714e-04
-1.99071e-04
-3.63615e-04
-4.68846e-04
-4.11988e-04
-3.50449e-04
-3.46836e-04
-3.69495e-04
-3.78732e-04
-3.72874e-04
-3.66212e-04
-3.44669e-04
-3.22957e-04
-3.33171e-04
-6.00911e-04
-7.81919e-04
-5.99306e-04
-8.15901e-04
-9.67807e-04
-8.99328e-04
-6.73606e-04
-4.43589e-04
-8.35399e-04
-1.09400e-03
-9.43190e-04
-6.31866e-04
-3.84205e-04
-9.01905e-04
-1.68049e-03
-1.60403e-03
-8.40795e-04
-1.07302e-03
-1.62521e-03
-1.68028e-03
-1.79928e-03
-1.66452e-03
-1.74629e-03
-2.07330e-03
-2.09628e-03
-1.96458e-03
-1.93798e-03
-1.99891e-03
-2.03105e-03
-1.99377e-03
-1.93027e-03
-1.60187e-03
-1.26461e-03
-1.09197e-03
-8.73940e-04
-8.87465e-04
-9.67483e-04
-6.99693e-04
2.07501e-05
4.39675e-04
2.11614e-04
1.60951e-04
6.99762e-04
1.10121e-03
1.36817e-03
1.32650e-03
1.19733e-03
1.21999e-03
1.31281e-03
1.34310e-03
1.31624e-03
1.29608e-03
1.30135e-03
1.31129e-03
1.31204e-03
1.30832e-03
1.25274e-03
7.94143e-04
1.23594e-04
1.17218e-05
3.30281e-04
4.12069e-04
-8.48301e-05
-5.59482e-04
-4.52268e-04
-5.54557e-04
-9.36759e-04
-9.63883e-04
-8.23845e-04
-1.05395e-03
-1.78552e-03
-2.22226e-03
-2.00992e-03
-1.80597e-03
-1.88938e-03
-1.85900e-03
-1.43096e-03
-1.30763e-03
-1.48587e-03
-1.56008e-03
-1.64965e-03
-1.85713e-03
-1.49373e-03
-1.33869e-03
-1.87133e-03
-1.62276e-03
-7.39265e-04
-5.88630e-04
-9.71485e-04
-1.10099e-03
-9.35124e-04
-7.59548e-04
-4.37913e-04
-5.81346e-04
-6.52101e-04
-7.04473e-04
-5.09781e-04
-2.03189e-04
-2.46520e-04
-3.93490e-04
-4.52189e-04
-7.38339e-04
-6.10523e-04
-1.74974e-04
-1.51579e-04
-4.38151e-05
-4.35865e-05
-7.85889e-05
2.32762e-04
7.51509e-07
-1.50479e-04
2.59267e-04
3.93411e-04
2.29520e-04
-1.14718e-04
-2.17824e-04
5.30621e-04
1.09152e-03
6.18371e-04
1.57927e-04
6.30756e-04
9.74101e-04
1.12098e-03
1.64424e-03
2.03269e-03
1.71046e-03
1.25430e-03
1.69902e-03
2.10347e-03
1.98148e-03
1.78073e-03
1.79014e-03
1.88593e-03
1.91272e-03
1.88105e-03
1.86076e-03
1.86815e-03
1.87888e-03
1.87903e-03
1.87474e-03
1.87356e-03
1.87533e-03
1.78866e-03
1.31446e-03
1.23150e-03
1.90827e-03
2.18253e-03
1.89271e-03
1.65098e-03
1.39528e-03
1.65530e-03
2.07179e-03
2.01237e-03
1.80087e-03
1.77972e-03
1.92934e-03
2.32178e-03
2.20120e-03
2.12518e-03
2.44522e-03
2.53333e-03
2.41683e-03
2.36806e-03
2.43773e-03
2.79314e-03
3.12317e-03
3.01198e-03
2.84296e-03
2.87371e-03
2.97742e-03
3.25749e-03
3.38655e-03
2.92394e-03
3.01444e-03
3.37646e-03
3.30744e-03
3.48871e-03
3.31507e-03
2.81155e-03
2.55265e-03
2.39594e-03
2.46610e-03
2.36906e-03
1.87162e-03
1.72606e-03
1.91570e-03
1.83898e-03
1.49699e-03
1.60139e-03
1.42032e-03
1.24750e-03
1.30924e-03
1.38473e-03
1.35900e-03
1.13860e-03
8.57819e-04
1.25086e-03
1.53293e-03
1.38569e-03
1.22684e-03
1.17103e-03
8.70202e-04
1.18803e-03
1.53044e-03
1.41629e-03
1.23412e-03
1.24638e-03
1.41937e-03
1.80470e-03
1.49159e-03
1.12409e-03
1.30590e-03
1.85446e-03
1.56812e-03
1.13013e-03
1.19489e-03
1.40190e-03
1.41883e-03
1.32740e-03
1.21747e-03
8.21959e-04
6.18810e-04
7.78808e-04
8.41969e-04
3.96821e-04
6.43894e-05
1.49034e-04
-9.07744e-05
-3.98291e-04
-4.00181e-04
-6.80923e-04
-1.02210e-03
-1.29870e-03
-1.09164e-03
-1.16518e-03
-1.92454e-03
-2.25259e-03
-1.97106e-03
-1.78709e-03
-1.94962e-03
-2.46045e-03
-2.70720e-03
-2.51151e-03
-2.36416e-03
-2.45561e-03
-2.87094e-03
-2.90023e-03
-2.41987e-03
-2.64093e-03
-3.19453e-03
-3.19049e-03
-2.92476e-03
-2.58677e-03
-2.67303e-03
-3.15936e-03
-3.20598e-03
-2.98400e-03
-2.91231e-03
-3.01854e-03
-3.41595e-03
-3.76082e-03
-3.65292e-03
-3.78842e-03
-3.87085e-03
-3.85553e-03
-4.16425e-03
-4.48874e-03
-4.53435e-03
-4.30502e-03
-4.60668e-03
-4.80735e-03
-4.72006e-03
-4.86793e-03
-5.05169e-03
-4.93154e-03
-5.16532e-03
-5.05199e-03
-4.55971e-03
-4.75248e-03
-5.39582e-03
-5.43980e-03
-5.14419e-03
-5.06669e-03
-5.43222e-03
-5.91917e-03
-5.63865e-03
-4.98861e-03
-4.98279e-03
-5.05182e-03
-4.72530e-03
-4.61415e-03
-4.72404e-03
-4.92807e-03
-5.12544e-03
-4.55774e-03
-3.86285e-03
-3.94315e-03
-4.29015e-03
-4.31116e-03
-4.13272e-03
-3.88341e-03
-3.48174e-03
-3.27822e-03
-2.85987e-03
-2.23190e-03
-1.81522e-03
-1.75518e-03
-1.31212e-03
-5.49050e-04
7.25425e-05
3.35003e-04
3.69531e-04
8.81542e-04
1.50450e-03
1.65906e-03
1.99980e-03
2.50997e-03
2.54241e-03
2.51148e-03
3.09533e-03
3.73192e-03
3.67147e-03
3.38664e-03
3.53304e-03
4.22202e-03
4.83903e-03
4.75635e-03
4.45259e-03
4.37210e-03
4.10133e-03
4.00943e-03
4.15131e-03
4.11866e-03
3.65921e-03
3.81644e-03
3.72597e-03
3.48349e-03
3.49972e-03
3.51519e-03
3.07319e-03
2.85660e-03
2.91398e-03
2.57286e-03
2.44067e-03
2.91638e-03
2.72571e-03
2.32434e-03
2.34916e-03
2.43814e-03
2.07682e-03
2.21586e-03
2.07986e-03
1.75840e-03
1.42356e-03
1.70722e-03
2.07811e-03
1.59028e-03
1.10007e-03
1.18231e-03
9.70286e-04
3.10871e-04
8.96719e-05
3.36339e-04
4.03703e-04
-1.21056e-04
-5.47487e-04
-7.89046e-04
-8.66190e-04
-8.13091e-04
-1.16049e-03
-1.53291e-03
-1.82318e-03
-1.92880e-03
-1.81463e-03
-1.76576e-03
-1.83436e-03
-1.94501e-03
-2.39492e-03
-2.98256e-03
-2.73951e-03
-2.53911e-03
-2.46714e-03
-2.28139e-03
-1.92789e-03
-1.73696e-03
-1.86324e-03
-1.94786e-03
-1.83610e-03
-1.10753e-03
-4.08737e-04
-6.05939e-04
-6.20225e-04
-1.99735e-04
-6.95703e-05
1.17852e-04
4.11021e-04
3.83428e-04
2.87790e-04
6.09979e-04
6.48300e-04
2.69358e-04
2.60545e-04
8.29129e-04
1.20851e-03
1.39606e-03
1.46929e-03
1.38629e-03
1.36289e-03
1.42932e-03
1.47662e-03
1.46709e-03
1.44407e-03
1.43972e-03
1.44631e-03
1.44824e-03
1.44417e-03
1.44008e-03
1.48824e-03
1.80398e-03
1.64746e-03
1.30011e-03
1.71197e-03
2.15671e-03
2.08908e-03
2.25914e-03
2.52563e-03
2.48565e-03
2.37543e-03
2.38387e-03
2.42136e-03
2.49370e-03
2.88010e-03
3.08830e-03
2.90880e-03
2.77806e-03
2.88999e-03
3.35724e-03
3.55053e-03
2.96922e-03
2.55757e-03
2.70901e-03
2.61794e-03
2.63661e-03
2.50895e-03
2.23027e-03
2.22488e-03
2.27798e-03
1.89540e-03
1.52614e-03
1.29942e-03
1.49924e-03
1.47290e-03
1.14032e-03
1.07320e-03
1.13248e-03
7.32935e-04
4.74046e-05
-9.88172e-05
1.81668e-04
2.78386e-04
1.60838e-04
1.97460e-05
-3.48645e-04
-6.08393e-04
-8.36443e-04
-9.64267e-04
-8.82106e-04
-8.33869e-04
-9.36628e-04
-1.33817e-03
-1.56061e-03
-1.45424e-03
-1.64587e-03
-1.56861e-03
-1.22033e-03
-9.32701e-04
-1.24595e-03
-1.98765e-03
-2.14718e-03
-1.80179e-03
-1.65223e-03
-1.78632e-03
-1.90013e-03
-1.87495e-03
-1.81244e-03
-1.79576e-03
-1.80774e-03
-1.80892e-03
-1.79494e-03
-1.78093e-03
-1.76986e-03
-1.73966e-03
-1.71565e-03
-1.71489e-03
-1.71386e-03
-1.70175e-03
-1.68734e-03
-1.67748e-03
-1.67504e-03
-1.76543e-03
-2.22734e-03
-2.67652e-03
-2.30256e-03
-2.14968e-03
-1.72820e-03
-1.80699e-03
-1.91184e-03
-1.98296e-03
-1.63607e-03
-1.43115e-03
-1.53749e-03
-1.48364e-03
-1.20237e-03
-1.30098e-03
-1.00036e-03
-4.78773e-04
-3.18112e-04
-1.60325e-04
9.32133e-05
3.96397e-04
3.84029e-04
2.71080e-04
4.86094e-04
1.10172e-03
1.45200e-03
1.24809e-03
1.05254e-03
1.33346e-03
1.80322e-03
2.00056e-03
2.12251e-03
2.05663e-03
1.97907e-03
2.00325e-03
2.06402e-03
2.29545e-03
2.29149e-03
2.17153e-03
2.37032e-03
2.45178e-03
2.62526e-03
2.82883e-03
2.50070e-03
2.43210e-03
2.73974e-03
2.79547e-03
2.64609e-03
2.56471e-03
2.58545e-03
2.60149e-03
2.57362e-03
2.55128e-03
2.53709e-03
2.51097e-03
2.47812e-03
2.42998e-03
2.39709e-03
2.38242e-03
2.29543e-03
1.90836e-03
1.75407e-03
1.82413e-03
1.55106e-03
1.34815e-03
1.40786e-03
1.40125e-03
9.20421e-04
3.73638e-04
4.09277e-04
6.46784e-04
5.14664e-04
-7.50597e-05
-4.92597e-04
-3.62353e-04
-1.55448e-04
-1.95984e-04
-3.28963e-04
-6.12650e-04
-1.20916e-03
-1.28239e-03
-9.90863e-04
-9.13389e-04
-1.23841e-03
-1.77970e-03
-1.83024e-03
-1.33457e-03
-1.37912e-03
-1.87720e-03
-1.96297e-03
-1.74762e-03
-1.65433e-03
-1.71851e-03
-1.76788e-03
-1.74261e-03
-1.70041e-03
-1.68397e-03
-1.68195e-03
-1.67337e-03
-1.65685e-03
-1.65451e-03
-1.86279e-03
-2.04886e-03
-1.73771e-03
-1.66115e-03
-1.70497e-03
-1.84016e-03
-2.01401e-03
-2.18413e-03
-2.23475e-03
-2.13252e-03
-2.07448e-03
-2.09856e-03
-2.11608e-03
-2.08937e-03
-2.04958e-03
-2.02365e-03
-2.00708e-03
-1.98746e-03
-1.96303e-03
-1.93841e-03
-1.91565e-03
-1.89345e-03
-1.87057e-03
-1.84720e-03
-1.82303e-03
-1.70377e-03
-1.43413e-03
-1.27312e-03
-1.10366e-03
-1.07786e-03
-1.12745e-03
-1.11061e-03
-1.04952e-03
-1.01451e-03
-1.00905e-03
-8.56361e-04
-4.66747e-04
-2.45881e-04
-3.63502e-04
-4.69077e-04
-4.10592e-04
-3.23531e-04
-3.08736e-04
-3.31763e-04
-3.37053e-04
-3.21643e-04
-3.07527e-04
-3.02311e-04
-2.99122e-04
-2.92844e-04
-2.84846e-04
-2.77628e-04
-2.71368e-04
-2.54117e-04
-8.68818e-05
-6.39153e-05
-9.75535e-05
-1.60989e-04
-6.49347e-05
1.09171e-04
1.23691e-04
2.21941e-04
1.45515e-04
4.26857e-06
2.26829e-04
3.99117e-04
1.43906e-04
1.80717e-04
3.54219e-04
2.72978e-04
-2.31851e-04
-3.51696e-04
5.01654e-05
6.01680e-05
6.34991e-05
3.23320e-04
4.00314e-04
2.91747e-04
2.48138e-04
2.96624e-04
2.57917e-04
1.27728e-04
2.02331e-04
1.36970e-04
5.39517e-05
6.78167e-05
9.11484e-05
8.72347e-05
1.82395e-04
3.51614e-04
3.41225e-04
2.57702e-04
1.46948e-04
1.23019e-04
3.14582e-04
2.67444e-04
2.11597e-05
-1.07979e-05
9.29522e-05
3.24154e-05
-6.06435e-05
-7.89549e-06
-1.79630e-04
-3.69183e-04
-2.27978e-04
1.37764e-05
-8.78042e-06
-2.05102e-04
-3.44108e-04
-2.72802e-04
-1.77781e-04
-2.61083e-04
-3.48031e-04
-2.85950e-04
-2.55118e-04
-1.53829e-04
-1.30427e-04
-1.64972e-04
-2.43517e-04
-2.59470e-04
-1.04320e-04
-4.86181e-05
-9.83775e-05
-5.53944e-05
7.91146e-05
9.96887e-05
1.22113e-04
2.22926e-04
1.74074e-04
3.35191e-05
9.81080e-05
2.71728e-04
2.87596e-04
2.73195e-04
2.88829e-04
2.73673e-04
3.48842e-04
3.76264e-04
3.44713e-04
3.25112e-04
3.32709e-04
3.41555e-04
3.87074e-04
4.56648e-04
4.42867e-04
3.54593e-04
3.19747e-04
4.12854e-04
4.43993e-04
3.99748e-04
3.68422e-04
3.28960e-04
3.11009e-04
3.82208e-04
3.99114e-04
3.60221e-04
3.37244e-04
3.42614e-04
3.48312e-04
3.41791e-04
3.31436e-04
3.24979e-04
3.21284e-04
3.16895e-04
3.11280e-04
3.05688e-04
3.00686e-04
2.95938e-04
2.91110e-04
2.85871e-04
2.53311e-04
2.32110e-04
2.49065e-04
2.20998e-04
2.28170e-04
2.74211e-04
2.74088e-04
2.47771e-04
2.38397e-04
2.44090e-04
2.45942e-04
2.40013e-04
2.33308e-04
2.29578e-04
2.27377e-04
2.45019e-04
2.73381e-04
2.65256e-04
2.44528e-04
2.38763e-04
2.41632e-04
2.39808e-04
2.32721e-04
2.25995e-04
2.21802e-04
2.33682e-04
2.38250e-04
2.06363e-04
1.92066e-04
1.98867e-04
2.01348e-04
1.93921e-04
1.86009e-04
1.82349e-04
1.80370e-04
1.85027e-04
2.00150e-04
1.90649e-04
1.59340e-04
1.51302e-04
1.60513e-04
1.62121e-04
1.60636e-04
1.63330e-04
1.47676e-04
1.37399e-04
1.39953e-04
1.46995e-04
1.55581e-04
1.50834e-04
1.41374e-04
1.35867e-04
1.24939e-04
1.20179e-04
1.22059e-04
1.21496e-04
1.19506e-04
1.24095e-04
1.15772e-04
1.07058e-04
1.07556e-04
1.07769e-04
9.78627e-05
9.11359e-05
8.64134e-05
8.58049e-05
8.73368e-05
8.57829e-05
7.79861e-05
7.54868e-05
7.78193e-05
7.52967e-05
7.60368e-05
7.56607e-05
7.36623e-05
7.74411e-05
7.80191e-05
7.77214e-05
7.67417e-05
7.82063e-05
8.12402e-05
8.38241e-05
8.41218e-05
8.24388e-05
8.15356e-05
8.16520e-05
8.15799e-05
8.09433e-05
8.01707e-05
7.95525e-05
7.90098e-05
7.84071e-05
7.77365e-05
7.70475e-05
7.63558e-05
7.56465e-05
7.48414e-05
7.30591e-05
7.13346e-05
7.09573e-05
6.99212e-05
6.83304e-05
6.77134e-05
6.74125e-05
6.67246e-05
6.58063e-05
6.49623e-05
6.41954e-05
6.33497e-05
6.19772e-05
6.02165e-05
5.94533e-05
5.89801e-05
5.76582e-05
5.61786e-05
5.51536e-05
5.46249e-05
5.36207e-05
5.22448e-05
5.09485e-05
4.97691e-05
4.86659e-05
4.73694e-05
4.57136e-05
4.43223e-05
4.31080e-05
4.15919e-05
3.99736e-05
3.84256e-05
3.67601e-05
3.49972e-05
3.31738e-05
3.13394e-05
2.95945e-05
2.77861e-05
2.58959e-05
2.39080e-05
2.18796e-05
1.98446e-05
1.77803e-05
1.56829e-05
1.35513e-05
1.13351e-05
9.09706e-06
6.85252e-06
4.57333e-06
2.24880e-06
-1.20806e-07
-2.52982e-06
-4.95482e-06
-7.40730e-06
-9.90120e-06
-1.24343e-05
-1.50003e-05
-1.75977e-05
-2.02254e-05
-2.28935e-05
-2.56006e-05
-2.83423e-05
-3.11126e-05
-3.39146e-05
-3.67518e-05
-3.96226e-05
-4.25278e-05
-4.54667e-05
-4.84376e-05
-5.14424e-05
-5.44797e-05
-5.75489e-05
-6.06508e-05
-6.37855e-05
-6.69522e-05
-7.01506e-05
-7.33809e-05
-7.66428e-05
-7.99363e-05
-8.32611e-05
-8.66170e-05
-9.00040e-05
-9.34217e-05
-9.68702e-05
-1.00349e-04
-1.03858e-04
-1.07398e-04
-1.10967e-04
-1.14566e-04
-1.18195e-04
-1.21853e-04
-1.25540e-04
-1.29256e-04
-1.33001e-04
-1.36775e-04
