-1.08250e-05
-1.14670e-05
-1.37029e-05
-1.21930e-05
-1.22584e-05
-1.10576e-05
-1.09890e-05
-1.07502e-05
-1.11445e-05
-1.08078e-05
-1.11668e-05
-1.08545e-05
-1.12522e-05
-1.09494e-05
-1.13491e-05
-1.10548e-05
-1.14583e-05
-1.11660e-05
-1.15971e-05
-1.13019e-05
-1.17488e-05
-1.14592e-05
-1.19049e-05
-1.16356e-05
-1.20636e-05
-1.17819e-05
-1.22403e-05
-1.19802e-05
-1.24556e-05
-1.21830e-05
-1.26514e-05
-1.23812e-05
-1.28730e-05
-1.26323e-05
-1.30837e-05
-1.28556e-05
-1.33118e-05
-1.31174e-05
-1.35283e-05
-1.33199e-05
-1.37457e-05
-1.36978e-05
-1.39665e-05
-1.34409e-05
-1.39690e-05
-1.54475e-05
-1.57302e-05
-9.51531e-06
-7.64686e-06
-3.14029e-05
-5.07981e-05
8.96024e-05
3.64675e-04
1.99720e-04
1.54051e-04
3.41497e-05
-3.30165e-05
-1.65705e-05
-1.76841e-05
-1.30854e-05
-1.23260e-05
-4.34819e-06
-4.06084e-05
-6.17532e-05
1.21788e-04
4.95393e-04
2.69648e-04
2.13448e-04
4.78249e-05
-3.77806e-05
-2.05041e-05
-1.45302e-05
-1.33514e-05
-1.51795e-05
-1.40095e-05
-2.35970e-05
-2.69186e-05
1.14211e-05
4.15749e-05
-1.82817e-04
-6.25782e-04
-3.59615e-04
-2.88316e-04
-9.37452e-05
1.27620e-05
-1.17659e-05
-1.58782e-05
-2.04725e-05
-1.13902e-05
-1.64836e-05
-1.28265e-05
-1.65720e-05
-1.26409e-05
-1.57276e-05
-1.25710e-05
-1.52226e-05
-1.23798e-05
-1.47260e-05
-1.21066e-05
-1.42159e-05
-1.17460e-05
-1.36834e-05
-1.13562e-05
-1.31890e-05
-1.09166e-05
-1.26564e-05
-1.04724e-05
-1.21485e-05
-1.00089e-05
-1.16429e-05
-9.52888e-06
-1.11684e-05
-9.02365e-06
-1.06568e-05
-8.50910e-06
-1.01647e-05
-7.98746e-06
-9.67710e-06
-7.44133e-06
-9.18593e-06
-6.88126e-06
-8.68028e-06
-6.29735e-06
-8.16699e-06
-5.64700e-06
-7.68681e-06
-5.10749e-06
-7.25582e-06
-4.18638e-06
-6.76540e-06
-4.41999e-06
-6.66529e-06
-6.53724e-07
-3.55430e-06
-1.06758e-05
-1.74901e-05
2.77866e-05
5.76906e-05
-1.82439e-04
-6.65402e-04
-3.73748e-04
-2.99187e-04
-8.49932e-05
2.85896e-05
4.71927e-06
-5.18991e-06
-6.95501e-06
1.06771e-05
1.21529e-05
-2.83407e-05
-6.23094e-05
1.83020e-04
6.62605e-04
3.75367e-04
2.97453e-04
8.77505e-05
-2.81549e-05
-4.15423e-07
3.81458e-06
9.85817e-06
-9.97018e-08
6.39214e-06
2.45958e-06
7.46784e-06
3.33779e-06
7.53049e-06
4.31648e-06
8.02409e-06
5.20631e-06
8.50935e-06
6.03434e-06
9.06510e-06
6.84825e-06
9.63406e-06
7.63870e-06
1.02041e-05
8.39645e-06
1.08308e-05
9.14343e-06
1.14586e-05
9.90656e-06
1.21117e-05
1.06660e-05
1.27587e-05
1.14013e-05
1.34301e-05
1.21187e-05
1.40677e-05
1.28498e-05
1.47369e-05
1.35236e-05
1.52792e-05
1.42849e-05
1.60525e-05
1.49934e-05
1.67535e-05
1.57599e-05
1.74517e-05
1.64829e-05
1.81317e-05
1.72054e-05
1.88186e-05
1.79093e-05
1.95005e-05
1.86118e-05
2.01736e-05
1.92947e-05
2.08138e-05
1.99923e-05
2.14807e-05
2.06474e-05
2.21429e-05
2.13383e-05
2.28158e-05
2.20296e-05
2.35079e-05
2.27730e-05
2.41854e-05
2.34679e-05
2.49060e-05
2.41756e-05
2.55642e-05
2.48588e-05
2.62391e-05
2.54768e-05
2.68480e-05
2.61151e-05
2.74873e-05
2.67850e-05
2.81491e-05
2.74714e-05
2.88057e-05
2.81307e-05
2.94665e-05
2.87664e-05
3.00920e-05
2.94137e-05
3.07239e-05
3.00192e-05
3.13380e-05
3.06767e-05
3.19679e-05
3.12774e-05
3.25647e-05
3.18694e-05
3.31510e-05
3.24635e-05
3.37321e-05
3.30505e-05
3.43477e-05
3.36582e-05
3.49548e-05
3.42645e-05
3.55300e-05
3.47871e-05
3.60303e-05
3.53408e-05
3.65877e-05
3.58505e-05
3.71187e-05
3.63665e-05
3.76358e-05
3.68813e-05
3.81543e-05
3.74093e-05
3.86913e-05
3.79347e-05
3.92148e-05
3.84230e-05
3.97010e-05
3.88617e-05
4.01303e-05
3.93065e-05
4.05976e-05
3.97390e-05
4.10491e-05
4.01841e-05
4.15496e-05
4.06620e-05
4.20290e-05
4.11376e-05
4.25157e-05
4.15087e-05
4.29118e-05
4.18437e-05
4.32241e-05
4.21174e-05
4.35888e-05
4.23836e-05
4.38976e-05
4.26999e-05
4.42606e-05
4.29808e-05
4.45971e-05
4.32290e-05
4.49070e-05
4.34697e-05
4.52634e-05
4.36899e-05
4.55854e-05
4.38762e-05
4.59729e-05
4.40856e-05
4.62242e-05
4.40534e-05
4.68427e-05
4.50067e-05
4.66514e-05
4.16613e-05
4.73876e-05
5.50868e-05
5.13004e-05
2.97020e-06
1.45567e-05
2.88896e-04
5.27313e-04
-2.43579e-04
-3.09490e-05
-1.62509e-04
-6.67535e-05
6.47528e-05
3.88942e-05
8.11770e-05
9.93377e-05
-1.28973e-04
-6.18495e-04
-3.22174e-04
-2.52850e-04
-3.47511e-05
7.43293e-05
5.35181e-05
4.33005e-05
4.33928e-05
4.80128e-05
4.70603e-05
4.61416e-05
4.63195e-05
4.59351e-05
4.66037e-05
4.55993e-05
4.67610e-05
4.52918e-05
4.59476e-05
4.47153e-05
4.90790e-05
4.71940e-05
3.83829e-05
3.26108e-05
7.60937e-05
1.07058e-04
-1.35017e-04
-6.16899e-04
-3.27321e-04
-2.51387e-04
-3.95364e-05
7.46988e-05
4.88003e-05
4.31170e-05
3.87163e-05
4.73520e-05
4.23673e-05
4.51524e-05
4.15005e-05
4.45537e-05
4.16413e-05
4.38817e-05
4.13826e-05
4.33023e-05
4.11697e-05
4.27831e-05
4.08362e-05
4.22257e-05
4.04695e-05
4.16636e-05
4.00413e-05
4.10924e-05
3.96345e-05
4.05443e-05
3.91575e-05
3.99620e-05
3.87006e-05
3.93595e-05
3.81522e-05
3.86190e-05
3.76502e-05
3.80519e-05
3.70201e-05
3.73349e-05
3.63960e-05
3.66261e-05
3.57737e-05
3.58607e-05
3.51497e-05
3.51291e-05
3.45130e-05
3.43656e-05
3.38520e-05
3.36446e-05
3.34866e-05
3.28536e-05
3.20549e-05
3.17188e-05
3.44732e-05
3.35113e-05
2.30636e-05
1.82667e-05
6.00989e-05
9.20761e-05
-1.51602e-04
-6.32459e-04
-3.44465e-04
-2.67467e-04
-5.73365e-05
5.79723e-05
3.03583e-05
2.58268e-05
1.96660e-05
2.94496e-05
2.27339e-05
2.66866e-05
2.13325e-05
2.56363e-05
2.09726e-05
2.44701e-05
2.01710e-05
2.33879e-05
1.93629e-05
2.23211e-05
1.84559e-05
2.12349e-05
1.74728e-05
2.01475e-05
1.64887e-05
1.91058e-05
1.54543e-05
1.80571e-05
1.44197e-05
1.70447e-05
1.33343e-05
1.59083e-05
1.22333e-05
1.51222e-05
1.11137e-05
1.32663e-05
9.64292e-06
1.53377e-05
1.11166e-05
3.45853e-06
-4.32101e-06
4.03575e-05
6.91965e-05
-1.71616e-04
-6.55558e-04
-3.64725e-04
-2.90781e-04
-7.78136e-05
3.44802e-05
9.69476e-06
2.07725e-06
-1.20170e-06
5.53022e-06
1.64169e-06
2.53344e-06
-5.08216e-08
1.20493e-06
-6.40764e-07
-2.62575e-07
-1.71242e-06
-1.59752e-06
-2.72441e-06
-2.90876e-06
-3.77998e-06
-4.12499e-06
-4.84069e-06
-5.39408e-06
-5.94289e-06
-6.56358e-06
-6.79831e-06
-7.83197e-06
-8.79857e-06
-9.51123e-06
-6.88023e-06
-7.82384e-06
-1.87422e-05
-2.42520e-05
1.75421e-05
5.24295e-05
-1.91920e-04
-6.83049e-04
-3.99490e-04
-2.80477e-04
-3.79231e-05
-1.66127e-04
-6.74109e-04
-3.90461e-04
-3.19049e-04
-9.88514e-05
1.02016e-05
-1.31702e-05
-2.26505e-05
-2.41319e-05
-1.85941e-05
-2.14568e-05
-2.14361e-05
-2.31464e-05
-2.24884e-05
-2.37564e-05
-2.37855e-05
-2.47320e-05
-2.49516e-05
-2.57373e-05
-2.65525e-05
-2.65656e-05
-2.72988e-05
-2.73863e-05
-2.84534e-05
-2.91085e-05
-2.98779e-05
-2.68990e-05
-2.83050e-05
-3.84387e-05
-4.37235e-05
-1.54800e-06
2.99449e-05
-2.13351e-04
-6.94723e-04
-4.06249e-04
-3.29769e-04
-1.19048e-04
-4.29169e-06
-3.12687e-05
-3.64297e-05
-4.18343e-05
-3.26878e-05
-3.86568e-05
-3.54067e-05
-3.98851e-05
-3.63321e-05
-4.00579e-05
-3.73898e-05
-4.06758e-05
-3.83654e-05
-4.11908e-05
-3.92234e-05
-4.17380e-05
-4.00538e-05
-4.22984e-05
-4.11032e-05
-4.27760e-05
-4.10080e-05
-4.29306e-05
-4.48592e-05
-4.60332e-05
-3.48167e-05
-3.20953e-05
-7.32091e-05
-1.07214e-04
1.37137e-04
6.15992e-04
3.28569e-04
2.49649e-04
4.00672e-05
-7.71352e-05
-4.90026e-05
-4.62610e-05
-3.96851e-05
-5.12077e-05
-4.40641e-05
-4.96808e-05
-4.38991e-05
-4.97859e-05
-4.47093e-05
-4.97826e-05
-4.53189e-05
-4.98514e-05
-4.51259e-05
-4.94504e-05
-4.82623e-05
-5.22304e-05
-3.77511e-05
-3.78314e-05
-7.56287e-05
-1.12571e-04
1.35213e-04
6.11055e-04
3.27318e-04
2.45027e-04
3.93301e-05
-8.14174e-05
-4.88769e-05
-5.02564e-05
-3.97760e-05
-5.54175e-05
-4.03094e-05
-5.04000e-05
-4.97768e-05
-6.68817e-05
-1.44532e-05
1.57487e-05
-2.13313e-04
-7.34631e-04
-4.65254e-04
-1.95211e-04
4.72181e-04
5.34520e-04
9.18910e-04
4.07667e-04
2.17333e-04
3.60674e-05
-7.34225e-05
-4.41348e-05
-4.67982e-05
-3.79684e-05
-4.84635e-05
-4.11607e-05
-4.58102e-05
-4.07311e-05
-4.45458e-05
-4.08758e-05
-4.33197e-05
-4.04810e-05
-4.22214e-05
-4.00653e-05
-4.11844e-05
-3.94495e-05
-4.01065e-05
-3.88165e-05
-3.91013e-05
-3.81010e-05
-3.80542e-05
-3.72743e-05
-3.70077e-05
-3.63984e-05
-3.58594e-05
-3.54565e-05
-3.47222e-05
-3.44421e-05
-3.35480e-05
-3.34852e-05
-3.26447e-05
-3.22326e-05
-3.11765e-05
-3.12395e-05
-2.99449e-05
-3.00216e-05
-2.86483e-05
-2.88043e-05
-2.73707e-05
-2.74846e-05
-2.59994e-05
-2.62575e-05
-2.46102e-05
-2.46145e-05
-2.31787e-05
-2.40897e-05
-2.21522e-05
-1.94796e-05
-1.77208e-05
-2.87404e-05
-3.14294e-05
1.01750e-05
4.79610e-05
-1.96580e-04
-6.84780e-04
-4.01405e-04
-2.79382e-04
-3.71060e-05
-1.62247e-04
-6.70503e-04
-3.83812e-04
-3.12706e-04
-8.93606e-05
1.95841e-05
-9.03438e-07
-1.11990e-05
-9.38090e-06
-1.13469e-06
-1.15687e-06
-1.17243e-05
-1.44093e-05
2.78798e-05
6.26915e-05
-1.81360e-04
-6.59026e-04
-3.71860e-04
-2.90993e-04
-8.12339e-05
3.77256e-05
6.11132e-06
6.11981e-06
9.10521e-06
2.68925e-05
-2.37874e-05
-4.66644e-05
1.92925e-04
6.77387e-04
3.70331e-04
3.15134e-04
1.60561e-04
-6.44547e-05
-7.59260e-04
-1.82634e-03
-3.54209e-03
-5.60188e-03
-6.19193e-03
-5.21807e-03
-1.54395e-03
1.79379e-03
2.67798e-03
8.05894e-04
-1.76007e-03
-2.93474e-03
-3.15811e-03
-2.30407e-03
-2.42345e-03
-3.58444e-03
-6.38042e-03
-9.40367e-03
-1.27325e-02
-1.60815e-02
-1.89108e-02
-2.13036e-02
-2.74624e-02
-3.44077e-02
-3.71604e-02
-3.24514e-02
-2.18007e-02
-1.38436e-02
-2.07660e-02
-4.49924e-02
-7.34270e-02
-8.32688e-02
-5.96487e-02
-7.38031e-03
4.97829e-02
8.35836e-02
8.20571e-02
5.44199e-02
1.65016e-02
-1.80040e-02
-4.00258e-02
-5.15470e-02
-6.22730e-02
-7.86806e-02
-9.00098e-02
-7.89192e-02
-4.22166e-02
-1.75178e-03
1.38708e-02
2.27484e-03
-6.61240e-03
1.96419e-02
7.71308e-02
1.31444e-01
1.47200e-01
1.13556e-01
5.25834e-02
-2.93749e-03
-4.19074e-02
-8.16217e-02
-1.36650e-01
-1.95048e-01
-2.24959e-01
-1.90979e-01
-7.64152e-02
9.06907e-02
2.45702e-01
3.31989e-01
3.39785e-01
3.07426e-01
2.70627e-01
2.30051e-01
1.68188e-01
8.78387e-02
1.44692e-02
-3.63810e-02
-7.07819e-02
-9.07004e-02
-7.83246e-02
-1.10877e-02
9.52185e-02
1.86003e-01
2.09479e-01
1.52457e-01
3.98549e-02
-8.80408e-02
-2.06384e-01
-3.26404e-01
-4.62424e-01
-5.81155e-01
-6.09372e-01
-4.88522e-01
-2.35725e-01
5.85969e-02
3.19506e-01
5.39209e-01
7.20723e-01
8.24001e-01
7.94535e-01
6.33446e-01
4.06572e-01
1.98989e-01
7.08917e-02
4.05431e-02
7.50947e-02
1.06096e-01
7.62664e-02
-1.11221e-02
-1.06178e-01
-1.79979e-01
-2.46992e-01
-3.23621e-01
-4.03953e-01
-4.62354e-01
-4.67131e-01
-4.14374e-01
-3.36622e-01
-2.55879e-01
-1.63090e-01
-5.05686e-02
6.79425e-02
1.82746e-01
2.99094e-01
4.15116e-01
5.19809e-01
6.07179e-01
6.62019e-01
6.46428e-01
5.23789e-01
2.79553e-01
-6.43111e-02
-4.43632e-01
-7.71578e-01
-9.88357e-01
-1.08085e+00
-1.07225e+00
-9.95596e-01
-8.74518e-01
-7.13591e-01
-5.01713e-01
-2.28958e-01
8.93864e-02
4.01649e-01
6.35831e-01
7.54222e-01
7.82382e-01
7.62250e-01
6.99224e-01
5.81432e-01
4.23306e-01
2.56773e-01
7.91851e-02
-1.50943e-01
-4.40973e-01
-7.27507e-01
-9.51493e-01
-1.10298e+00
-1.17962e+00
-1.15298e+00
-9.92120e-01
-7.15229e-01
-3.82999e-01
-4.34603e-02
2.61985e-01
4.80000e-01
5.81436e-01
5.91559e-01
5.71602e-01
5.71583e-01
6.02406e-01
6.50015e-01
6.92662e-01
7.06027e-01
6.67211e-01
5.64619e-01
4.13515e-01
2.58330e-01
1.39167e-01
6.61265e-02
2.83659e-02
1.52665e-02
2.04255e-02
3.33547e-02
3.88836e-02
2.73605e-02
-3.59687e-03
-5.54015e-02
-1.21504e-01
-1.87014e-01
-2.35314e-01
-2.61994e-01
-2.68293e-01
-2.48347e-01
-1.94454e-01
-1.09036e-01
-3.71232e-03
1.05392e-01
1.95774e-01
2.42320e-01
2.34052e-01
1.82788e-01
1.18865e-01
5.72726e-02
-1.33372e-02
-1.05328e-01
-2.14345e-01
-3.27084e-01
-4.32677e-01
-5.20494e-01
-5.76976e-01
-5.92678e-01
-5.72699e-01
-5.26635e-01
-4.58116e-01
-3.69321e-01
-2.66055e-01
-1.55819e-01
-4.38648e-02
6.88369e-02
1.86055e-01
3.11305e-01
4.42184e-01
5.61604e-01
6.45918e-01
6.83567e-01
6.75864e-01
6.28548e-01
5.49004e-01
4.49652e-01
3.46832e-01
2.47125e-01
1.53674e-01
7.20470e-02
8.29904e-03
-3.81737e-02
-7.04035e-02
-8.64602e-02
-8.51884e-02
-6.96495e-02
-4.70270e-02
-2.58136e-02
-1.26078e-02
-1.18950e-02
-2.38161e-02
-4.35228e-02
-6.84832e-02
-9.61343e-02
-1.17872e-01
-1.23619e-01
-1.19449e-01
-1.27089e-01
-1.54000e-01
-1.88232e-01
-2.14691e-01
-2.30045e-01
-2.38859e-01
-2.45170e-01
-2.48753e-01
-2.51118e-01
-2.55111e-01
-2.56058e-01
-2.41833e-01
-2.06579e-01
-1.54285e-01
-9.45218e-02
-3.93423e-02
-7.59727e-04
1.44858e-02
1.31634e-02
7.46145e-03
5.67577e-03
1.45374e-02
4.08092e-02
9.15800e-02
1.67338e-01
2.54640e-01
3.32289e-01
3.86201e-01
4.16243e-01
4.29482e-01
4.28878e-01
4.18173e-01
4.00156e-01
3.74702e-01
3.40493e-01
2.99929e-01
2.57242e-01
2.14970e-01
1.71695e-01
1.21821e-01
5.86433e-02
-1.78366e-02
-1.03357e-01
-1.91174e-01
-2.75437e-01
-3.48536e-01
-4.00726e-01
-4.25779e-01
-4.23645e-01
-3.98726e-01
-3.57007e-01
-3.05838e-01
-2.51336e-01
-2.02816e-01
-1.66219e-01
-1.39682e-01
-1.15309e-01
-8.91057e-02
-6.39778e-02
-4.20894e-02
-2.41734e-02
-7.20658e-03
8.04567e-03
2.00002e-02
2.72992e-02
3.11458e-02
3.41116e-02
3.73029e-02
4.07667e-02
4.71409e-02
6.22692e-02
8.71525e-02
1.17584e-01
1.44343e-01
1.60636e-01
1.61684e-01
1.46083e-01
1.16700e-01
8.09270e-02
4.78376e-02
2.45286e-02
1.27193e-02
5.98370e-03
-4.77354e-03
-2.68823e-02
-6.09597e-02
-9.86028e-02
-1.30855e-01
-1.53231e-01
-1.66819e-01
-1.74478e-01
-1.75636e-01
-1.65695e-01
-1.39802e-01
-9.61072e-02
-4.02916e-02
1.36687e-02
5.62542e-02
8.64053e-02
1.05678e-01
1.13960e-01
1.09769e-01
9.45681e-02
7.74464e-02
7.15109e-02
8.00459e-02
9.48824e-02
1.06261e-01
1.08717e-01
1.03190e-01
9.32727e-02
8.06065e-02
6.42599e-02
4.52549e-02
2.65366e-02
1.34142e-02
9.41448e-03
1.46064e-02
2.34272e-02
2.91744e-02
2.73774e-02
1.69604e-02
-1.50857e-04
-1.92868e-02
-3.46920e-02
-4.19688e-02
-4.05612e-02
-3.13692e-02
-1.45621e-02
6.16548e-03
2.42466e-02
3.45884e-02
3.57290e-02
3.18976e-02
2.98931e-02
3.39885e-02
4.08291e-02
4.63350e-02
4.88585e-02
4.96672e-02
4.78353e-02
3.94670e-02
2.05580e-02
-8.97769e-03
-4.56988e-02
-8.34173e-02
-1.16076e-01
-1.41427e-01
-1.57352e-01
-1.63827e-01
-1.60603e-01
-1.48739e-01
-1.28788e-01
-1.01755e-01
-6.95083e-02
-3.62972e-02
-6.71610e-03
1.46674e-02
2.56508e-02
2.86000e-02
2.73687e-02
2.41761e-02
2.02229e-02
1.75849e-02
1.88752e-02
2.68185e-02
4.11269e-02
5.90044e-02
7.76224e-02
9.37370e-02
1.04809e-01
1.08372e-01
1.03835e-01
8.98969e-02
6.77286e-02
4.06123e-02
1.72450e-02
5.79522e-03
7.72742e-03
1.49843e-02
1.79339e-02
9.83875e-03
-6.83939e-03
-2.47928e-02
-3.84958e-02
-4.95534e-02
-5.93982e-02
-6.82558e-02
-7.36976e-02
-7.31598e-02
-6.45754e-02
-4.88948e-02
-3.30212e-02
-2.35813e-02
-2.49427e-02
-3.51071e-02
-4.82530e-02
-5.91108e-02
-6.44887e-02
-6.29864e-02
-5.21841e-02
-3.18774e-02
-3.95715e-03
2.47307e-02
4.66389e-02
5.86758e-02
6.11415e-02
5.48618e-02
4.01698e-02
2.09293e-02
1.06164e-03
-1.54273e-02
-2.74752e-02
-3.46849e-02
-3.95781e-02
-4.53226e-02
-5.27796e-02
-6.20752e-02
-7.03699e-02
-7.54171e-02
-7.74112e-02
-7.67157e-02
-7.42792e-02
-6.73668e-02
-5.36605e-02
-3.17824e-02
-3.02906e-03
2.93650e-02
6.08259e-02
8.81475e-02
1.09050e-01
1.19832e-01
1.20050e-01
1.10806e-01
9.64375e-02
7.96520e-02
6.25517e-02
4.41552e-02
2.52463e-02
8.32442e-03
-2.79501e-03
-5.16854e-03
6.25500e-04
1.08005e-02
2.15113e-02
3.00360e-02
3.79583e-02
4.70388e-02
5.74003e-02
6.65723e-02
7.23133e-02
7.36826e-02
7.27433e-02
6.97112e-02
6.54467e-02
5.88443e-02
5.08526e-02
4.19513e-02
3.31434e-02
2.54930e-02
1.82788e-02
1.25933e-02
7.40651e-03
2.94993e-03
-6.80084e-04
-4.70928e-03
-1.06161e-02
-2.04328e-02
-3.48647e-02
-5.35992e-02
-7.37075e-02
-8.95395e-02
-9.78382e-02
-9.84907e-02
-9.32742e-02
-8.23704e-02
-6.81498e-02
-5.13761e-02
-3.47524e-02
-2.11243e-02
-1.09044e-02
-4.16321e-03
2.99678e-04
2.96884e-03
3.06614e-03
-1.94576e-04
-5.83577e-03
-1.19568e-02
-1.73019e-02
-2.24414e-02
-2.93031e-02
-3.74682e-02
-4.53281e-02
-4.90474e-02
-4.70628e-02
-3.97811e-02
-2.75881e-02
-1.30094e-02
1.46941e-03
1.47163e-02
2.54625e-02
3.38729e-02
3.96749e-02
4.04028e-02
3.58435e-02
2.77030e-02
1.93452e-02
1.36949e-02
1.11343e-02
9.55632e-03
6.69438e-03
1.32490e-03
-5.98293e-03
-1.39214e-02
-2.24161e-02
-3.05407e-02
-3.80927e-02
-4.32679e-02
-4.56794e-02
-4.48872e-02
-4.10401e-02
-3.49000e-02
-2.71289e-02
-1.91463e-02
-1.16212e-02
-5.52547e-03
3.01638e-04
6.18035e-03
1.28167e-02
1.92452e-02
2.40027e-02
2.51794e-02
2.14607e-02
1.41142e-02
5.08349e-03
-4.82723e-03
-1.43054e-02
-2.37007e-02
-3.19615e-02
-3.64509e-02
-3.52015e-02
-2.80860e-02
-1.74063e-02
-5.66202e-03
3.23682e-03
7.98507e-03
8.36732e-03
6.42159e-03
3.72698e-03
1.25426e-03
-1.95816e-03
-6.00445e-03
-1.18544e-02
-1.81206e-02
-2.33892e-02
-2.50475e-02
-2.24561e-02
-1.63355e-02
-8.00598e-03
2.61636e-03
1.53508e-02
3.02659e-02
4.81921e-02
6.84295e-02
8.84218e-02
1.06208e-01
1.19883e-01
1.27482e-01
1.28314e-01
1.21681e-01
1.07472e-01
8.68633e-02
6.20028e-02
3.47154e-02
8.29517e-03
-1.46215e-02
-3.22305e-02
-4.32472e-02
-4.78906e-02
-4.61850e-02
-3.83501e-02
-2.55473e-02
-1.01105e-02
5.47181e-03
1.81205e-02
2.66444e-02
3.25477e-02
3.64289e-02
3.91438e-02
3.96952e-02
3.63260e-02
3.14024e-02
2.59287e-02
2.19549e-02
2.10509e-02
2.15052e-02
2.12387e-02
1.80825e-02
1.09072e-02
-2.09569e-04
-1.44145e-02
-2.94072e-02
-4.36652e-02
-5.59877e-02
-6.70960e-02
-7.78469e-02
-8.88642e-02
-9.90269e-02
-1.07748e-01
-1.13324e-01
-1.15022e-01
-1.12128e-01
-1.04104e-01
-9.20976e-02
-7.69930e-02
-6.00460e-02
-4.34860e-02
-2.85091e-02
-1.40569e-02
1.28550e-03
1.67629e-02
3.04293e-02
4.21221e-02
5.29146e-02
6.22069e-02
6.81387e-02
6.91476e-02
6.54197e-02
5.99777e-02
5.47018e-02
4.95750e-02
4.26230e-02
3.37595e-02
2.46566e-02
1.87028e-02
1.75142e-02
1.97497e-02
2.28101e-02
2.46949e-02
2.54231e-02
2.49770e-02
2.33455e-02
1.94954e-02
1.56001e-02
1.31933e-02
1.22248e-02
1.26571e-02
1.24612e-02
1.15945e-02
9.28635e-03
5.81096e-03
1.98840e-03
-2.05510e-03
-6.85059e-03
-1.06009e-02
-1.31891e-02
-1.45088e-02
-1.56753e-02
-1.69819e-02
-1.80892e-02
-1.81399e-02
-1.82108e-02
-1.86374e-02
-1.97361e-02
-2.21379e-02
-2.52967e-02
-2.87947e-02
-3.37413e-02
-3.91704e-02
-4.39715e-02
-4.72318e-02
-4.96997e-02
-5.20826e-02
-5.36454e-02
-5.39278e-02
-5.33155e-02
-5.17185e-02
-4.88669e-02
-4.48595e-02
-3.79793e-02
-2.92519e-02
-2.01926e-02
-1.17136e-02
-3.66436e-03
4.57705e-03
1.25031e-02
1.92707e-02
2.33012e-02
2.50934e-02
2.54572e-02
2.54839e-02
2.64548e-02
2.81026e-02
2.93538e-02
3.06588e-02
3.11033e-02
3.14745e-02
3.23332e-02
3.32912e-02
3.48745e-02
3.80095e-02
4.25895e-02
4.81786e-02
5.39897e-02
5.87152e-02
6.20774e-02
6.21888e-02
5.95397e-02
5.33105e-02
4.45586e-02
3.36290e-02
2.12307e-02
9.04374e-03
-1.80542e-03
-1.04953e-02
-1.61224e-02
-1.99555e-02
-2.25052e-02
-2.50282e-02
-2.68324e-02
-2.77670e-02
-2.83464e-02
-2.90370e-02
-2.95662e-02
-2.97246e-02
-2.80884e-02
-2.50283e-02
-2.18893e-02
-1.92892e-02
-1.73237e-02
-1.59637e-02
-1.51108e-02
-1.41540e-02
-1.36250e-02
-1.25759e-02
-1.12899e-02
-9.96472e-03
-9.16680e-03
-8.96541e-03
-9.49825e-03
-1.01038e-02
-1.11098e-02
-1.14573e-02
-1.10387e-02
-9.96700e-03
-7.61433e-03
-4.14066e-03
-1.41328e-04
3.68680e-03
6.87093e-03
8.34585e-03
8.96568e-03
9.21271e-03
9.78501e-03
1.03652e-02
1.11689e-02
1.11028e-02
1.08099e-02
9.11458e-03
6.52561e-03
2.97201e-03
-3.60164e-04
-3.02715e-03
-4.81838e-03
-4.71561e-03
-3.16209e-03
-4.04064e-04
3.09663e-03
5.84941e-03
8.08382e-03
8.55773e-03
6.63639e-03
3.98437e-03
8.90354e-04
-1.56767e-03
-3.35364e-03
-3.99142e-03
-3.56349e-03
-2.57582e-03
-9.76952e-04
1.45116e-03
3.88738e-03
5.33404e-03
5.94310e-03
5.31667e-03
4.19159e-03
2.55488e-03
3.06346e-04
-1.46115e-03
-2.49214e-03
-2.94349e-03
-2.95260e-03
-2.86692e-03
-3.00586e-03
-3.61841e-03
-4.23140e-03
-5.11967e-03
-4.89100e-03
-3.81381e-03
-1.70241e-03
9.40912e-05
1.07838e-03
1.69089e-03
2.26045e-03
2.65587e-03
3.89163e-03
5.76302e-03
7.53962e-03
9.47795e-03
1.10124e-02
1.15137e-02
1.11826e-02
1.09581e-02
1.06057e-02
9.64526e-03
7.72408e-03
5.08965e-03
2.32964e-03
-2.75416e-05
-2.73703e-03
-5.37264e-03
-7.45547e-03
-9.07898e-03
-1.10006e-02
-1.48204e-02
-1.89599e-02
-2.20080e-02
-2.25558e-02
-2.09071e-02
-1.95452e-02
-2.00891e-02
-2.03046e-02
-1.81574e-02
-1.32742e-02
-8.57075e-03
-6.61805e-03
-6.41781e-03
-6.21572e-03
-4.66610e-03
-1.37550e-03
2.73248e-03
7.31390e-03
1.24454e-02
1.75451e-02
2.22887e-02
2.42548e-02
2.27641e-02
1.94353e-02
1.69252e-02
1.71220e-02
1.86873e-02
1.99088e-02
2.10482e-02
2.25304e-02
2.32300e-02
2.31135e-02
2.10643e-02
1.68443e-02
1.25712e-02
9.32134e-03
6.94558e-03
5.54981e-03
4.87878e-03
3.72335e-03
1.66305e-03
-1.65500e-03
-5.83687e-03
-1.03272e-02
-1.39189e-02
-1.57470e-02
-1.57748e-02
-1.35863e-02
-9.50894e-03
-5.78723e-03
-3.21045e-03
-2.55624e-03
-2.74411e-03
-3.87257e-03
-4.86940e-03
-5.60732e-03
-7.56495e-03
-1.08350e-02
-1.54771e-02
-2.04023e-02
-2.52668e-02
-2.89766e-02
-3.06586e-02
-2.99302e-02
-2.66195e-02
-2.09934e-02
-1.52792e-02
-1.04034e-02
-5.84816e-03
-2.46255e-03
-1.68262e-04
1.14044e-03
2.12586e-03
2.69898e-03
3.63954e-03
4.09549e-03
4.28890e-03
4.45280e-03
5.18038e-03
6.41439e-03
7.82395e-03
8.46980e-03
8.00680e-03
6.94730e-03
5.64030e-03
3.91645e-03
8.11334e-04
-2.91924e-03
-6.48134e-03
-9.10919e-03
-1.02717e-02
-9.62719e-03
-7.11517e-03
-3.85831e-03
-9.63545e-05
2.54904e-03
4.88593e-03
7.11130e-03
8.23363e-03
8.56464e-03
7.52182e-03
6.44961e-03
4.37997e-03
2.65747e-03
1.17774e-03
1.93583e-04
-8.82017e-04
-1.38134e-03
-7.26488e-04
2.02073e-03
6.44694e-03
1.12942e-02
1.60769e-02
1.97883e-02
2.24632e-02
2.41217e-02
2.41538e-02
2.34089e-02
2.18023e-02
1.94861e-02
1.78094e-02
1.68360e-02
1.55062e-02
1.27396e-02
8.30525e-03
2.55223e-03
-3.45134e-03
-7.54287e-03
-8.98297e-03
-9.33076e-03
-9.27151e-03
-9.88741e-03
-1.02076e-02
-9.66873e-03
-8.57712e-03
-8.02723e-03
-9.11254e-03
-1.16370e-02
-1.52094e-02
-1.77176e-02
-1.89795e-02
-1.96680e-02
-2.04974e-02
-2.06302e-02
-1.92772e-02
-1.71366e-02
-1.52239e-02
-1.39316e-02
-1.21182e-02
-9.46921e-03
-5.21763e-03
-1.42746e-03
1.38432e-03
2.49114e-03
1.95829e-03
9.60461e-04
3.76818e-04
-1.04617e-04
-1.09846e-03
-2.07418e-03
-1.86048e-03
-3.35663e-04
2.16253e-03
5.15970e-03
8.27624e-03
1.12311e-02
1.33230e-02
1.43750e-02
1.48116e-02
1.49613e-02
1.46721e-02
1.33151e-02
1.16150e-02
9.20004e-03
7.22677e-03
5.51738e-03
3.88813e-03
2.20737e-03
1.10754e-03
1.88489e-03
2.95977e-03
3.93991e-03
4.24975e-03
3.63430e-03
3.20253e-03
2.84651e-03
2.86121e-03
3.60589e-03
4.86526e-03
6.92601e-03
9.13879e-03
1.14097e-02
1.19073e-02
1.12528e-02
9.11855e-03
6.55228e-03
4.21708e-03
1.72734e-03
-2.24513e-04
-2.17141e-03
-3.51749e-03
-3.31981e-03
-2.70514e-03
-2.77179e-03
-3.68001e-03
-5.81604e-03
-7.73092e-03
-8.61803e-03
-8.21230e-03
-7.26796e-03
-6.46302e-03
-5.31972e-03
-4.14618e-03
-2.71432e-03
-1.13863e-03
2.14074e-04
1.12474e-03
2.08878e-03
2.47197e-03
3.00480e-03
3.61866e-03
3.15463e-03
2.47282e-03
1.70641e-03
6.46902e-04
2.26352e-04
-4.87458e-05
-2.12344e-04
-3.48481e-05
6.04017e-04
9.49073e-04
1.21306e-03
1.27301e-03
1.21238e-03
1.16844e-03
1.13127e-03
1.14110e-03
1.14103e-03
8.85429e-04
3.63341e-04
5.31132e-04
6.76850e-04
1.64413e-03
2.76955e-03
3.48023e-03
3.50220e-03
2.08041e-03
5.49803e-04
-1.10544e-03
-2.78793e-03
-4.99787e-03
-7.39422e-03
-9.50677e-03
-1.11656e-02
-1.16672e-02
-1.12928e-02
-1.07056e-02
-9.66762e-03
-9.15967e-03
-8.84362e-03
-8.50840e-03
-7.89180e-03
-7.33598e-03
-6.19766e-03
-5.06076e-03
-4.35373e-03
-4.07104e-03
-4.47297e-03
-4.89160e-03
-5.63057e-03
-5.92427e-03
-6.04513e-03
-5.83195e-03
-5.21745e-03
-4.61915e-03
-2.96398e-03
-6.61745e-04
2.22646e-03
4.54387e-03
6.69458e-03
8.45416e-03
1.08748e-02
1.32191e-02
1.54865e-02
1.69926e-02
1.73845e-02
1.66142e-02
1.47678e-02
1.22385e-02
9.13455e-03
6.29710e-03
3.56905e-03
1.23487e-03
-4.57022e-04
-1.83640e-03
-2.97943e-03
-4.03039e-03
-4.90306e-03
-5.43649e-03
-6.00938e-03
-6.17978e-03
-6.26586e-03
-6.04778e-03
-5.36677e-03
-4.97005e-03
-5.21143e-03
-6.33490e-03
-7.67843e-03
-8.23479e-03
-8.04248e-03
-7.36201e-03
-6.10598e-03
-5.30446e-03
-4.28802e-03
-3.30879e-03
-2.43787e-03
-1.77668e-03
-1.13214e-03
-7.54910e-04
-1.46378e-04
6.68001e-04
1.76535e-03
2.74236e-03
3.65419e-03
4.21551e-03
4.03453e-03
3.55382e-03
2.71362e-03
1.50445e-03
2.73655e-04
-6.45697e-04
-1.11152e-03
-1.03685e-03
-4.03590e-04
6.73481e-05
5.97373e-04
8.77307e-04
1.25708e-03
1.69389e-03
2.18511e-03
2.63364e-03
2.71530e-03
2.43506e-03
1.99291e-03
1.60035e-03
1.27315e-03
1.27009e-03
1.03848e-03
6.67870e-04
1.21748e-04
-1.31269e-04
-6.13300e-05
2.37684e-04
5.75830e-04
7.32543e-04
7.79271e-04
7.57442e-04
7.14214e-04
6.67329e-04
6.53085e-04
7.51676e-04
8.92207e-04
1.02310e-03
1.07733e-03
1.11684e-03
1.05351e-03
9.99131e-04
9.84090e-04
9.01897e-04
7.24947e-04
4.43302e-04
1.46801e-04
-9.89798e-05
-3.17242e-04
-4.46091e-04
-5.19365e-04
-5.32852e-04
-5.37917e-04
-4.90873e-04
-3.99845e-04
-2.91090e-04
-1.91518e-04
-1.25515e-04
-5.17522e-05
1.91098e-05
5.29924e-05
7.03873e-05
6.20982e-05
3.34653e-05
8.76802e-06
-6.55130e-06
-1.98798e-05
-1.91741e-05
-1.55451e-05
-7.58277e-06
7.29378e-06
2.36335e-05
3.88039e-05
4.36537e-05
4.65106e-05
4.34006e-05
3.37652e-05
2.33661e-05
1.32188e-05
5.65309e-06
3.88188e-07
-3.70829e-06
-5.99920e-06
-6.21595e-06
-4.89035e-06
-2.38610e-06
-4.90269e-07
7.39181e-07
1.16329e-06
1.06521e-06
6.25487e-07
-2.71897e-07
-1.57876e-06
-3.17687e-06
-4.90964e-06
-6.65925e-06
-8.37779e-06
-1.00422e-05
-1.16569e-05
-1.32252e-05
-1.47521e-05
