-6.77088e-04
-6.76406e-04
-6.75643e-04
-6.74783e-04
-6.73844e-04
-6.72801e-04
-6.71673e-04
-6.70383e-04
-6.68968e-04
-6.67402e-04
-6.65686e-04
-6.63697e-04
-6.61542e-04
-6.59074e-04
-6.56880e-04
-6.54384e-04
-6.52140e-04
-6.48986e-04
-6.44924e-04
-6.40742e-04
-6.36502e-04
-6.32894e-04
-6.28517e-04
-6.21562e-04
-6.15649e-04
-6.10029e-04
-6.08183e-04
-6.02713e-04
-5.91419e-04
-5.81969e-04
-5.74456e-04
-5.70155e-04
-5.61006e-04
-5.41335e-04
-5.26097e-04
-5.10610e-04
-5.06324e-04
-4.91244e-04
-4.60414e-04
-4.44407e-04
-4.41080e-04
-4.42596e-04
-4.21987e-04
-3.77073e-04
-3.50523e-04
-3.32849e-04
-3.63113e-04
-3.94512e-04
-3.73464e-04
-3.41974e-04
-3.00179e-04
-2.79634e-04
-2.44772e-04
-1.76731e-04
-1.20799e-04
-5.79897e-05
-5.65554e-05
-3.79100e-05
2.87813e-05
3.59942e-05
8.36291e-06
-5.16294e-05
-4.73820e-05
8.06757e-05
2.28223e-04
3.55035e-04
3.31976e-04
2.98170e-04
3.39633e-04
3.15851e-04
2.67446e-04
1.83009e-04
2.23206e-04
4.17135e-04
5.30041e-04
5.69605e-04
4.64056e-04
4.38618e-04
5.64828e-04
5.97640e-04
5.51474e-04
4.20707e-04
3.87122e-04
5.25686e-04
6.22488e-04
7.00259e-04
5.41259e-04
3.49407e-04
3.67891e-04
4.27230e-04
5.31403e-04
5.58957e-04
6.33252e-04
8.69492e-04
1.20270e-03
1.73402e-03
2.05730e-03
2.15648e-03
2.18200e-03
2.15516e-03
2.35294e-03
2.48143e-03
2.34393e-03
2.04534e-03
1.58393e-03
1.23350e-03
9.46906e-04
9.69700e-04
1.26828e-03
1.42377e-03
1.43157e-03
1.21027e-03
1.06126e-03
1.21836e-03
1.40153e-03
1.53659e-03
1.40258e-03
1.33456e-03
1.48895e-03
1.54442e-03
1.54391e-03
1.34766e-03
1.23286e-03
1.34299e-03
1.48134e-03
1.83254e-03
2.03833e-03
2.04897e-03
2.11685e-03
2.09654e-03
2.00148e-03
1.68858e-03
1.45140e-03
1.48501e-03
1.58269e-03
1.78890e-03
1.57607e-03
1.20699e-03
1.10940e-03
1.08216e-03
1.17395e-03
1.03373e-03
7.01120e-04
5.84018e-04
6.81204e-04
1.09012e-03
1.21250e-03
1.15695e-03
1.24401e-03
1.25150e-03
1.29171e-03
1.25347e-03
1.17247e-03
1.17508e-03
1.17562e-03
1.34116e-03
1.23954e-03
8.98295e-04
6.20243e-04
3.36844e-04
3.41293e-04
4.05349e-04
4.28222e-04
6.33615e-04
9.64590e-04
1.69092e-03
2.24905e-03
2.56330e-03
2.72569e-03
2.64340e-03
2.71368e-03
2.75535e-03
2.42832e-03
1.95288e-03
1.47524e-03
1.66425e-03
2.09097e-03
3.46643e-03
3.45871e-03
1.30349e-04
-3.63581e-03
-5.23703e-03
-4.04498e-03
-1.52039e-03
7.93133e-04
1.94942e-03
2.06763e-03
1.73920e-03
1.45860e-03
1.19569e-03
1.16436e-03
1.42963e-03
1.99447e-03
2.73005e-03
3.66806e-03
4.67473e-03
5.60658e-03
6.21003e-03
6.19663e-03
5.36255e-03
4.02483e-03
2.59251e-03
1.32901e-03
2.08966e-04
-5.36309e-04
-6.11077e-04
-1.59453e-04
5.19996e-04
1.05886e-03
1.20366e-03
1.02305e-03
6.43628e-04
-4.61691e-05
-1.08756e-03
-2.14075e-03
-2.87073e-03
-3.12376e-03
-3.03974e-03
-2.83371e-03
-2.61369e-03
-2.18299e-03
-1.48327e-03
-8.90208e-04
-8.13904e-04
-9.31940e-04
-8.41870e-04
-4.51318e-04
1.11259e-04
5.00431e-04
4.96717e-04
1.98556e-04
-3.27428e-04
-1.17387e-03
-2.25326e-03
-3.13677e-03
-3.48355e-03
-3.23726e-03
-2.45708e-03
-1.30857e-03
2.07445e-05
1.55756e-03
3.17658e-03
4.49121e-03
5.22494e-03
5.37668e-03
5.19212e-03
4.61153e-03
3.55871e-03
2.31237e-03
1.21508e-03
5.72911e-04
3.05740e-04
1.89982e-04
6.19068e-05
-8.45823e-05
-3.83539e-04
-9.05707e-04
-1.58124e-03
-2.33721e-03
-3.04555e-03
-3.45346e-03
-3.44358e-03
-3.14852e-03
-2.73161e-03
-2.04947e-03
-1.12434e-03
-3.17487e-04
2.03289e-04
4.73498e-04
6.78934e-04
9.67935e-04
1.29474e-03
1.55482e-03
1.75822e-03
2.15697e-03
2.68149e-03
2.98315e-03
2.94826e-03
2.59693e-03
2.09604e-03
1.66671e-03
1.44946e-03
1.43597e-03
1.78817e-03
2.66586e-03
3.81859e-03
4.80383e-03
5.39732e-03
5.58483e-03
5.18121e-03
4.21744e-03
3.03803e-03
2.02818e-03
1.55080e-03
1.83125e-03
2.81133e-03
4.03426e-03
5.14813e-03
5.83962e-03
5.64580e-03
4.48899e-03
2.56582e-03
1.71727e-04
-2.15169e-03
-4.14725e-03
-5.54435e-03
-6.09957e-03
-5.80840e-03
-4.92990e-03
-4.00331e-03
-3.24984e-03
-2.64806e-03
-2.20261e-03
-1.92279e-03
-1.80639e-03
-1.62665e-03
-1.11001e-03
-1.41238e-04
1.08832e-03
2.13818e-03
2.88157e-03
3.51674e-03
3.88932e-03
3.47588e-03
1.96122e-03
-5.01274e-04
-3.34937e-03
-5.78876e-03
-7.31832e-03
-7.69555e-03
-6.87118e-03
-5.02071e-03
-2.50256e-03
1.71413e-05
2.24500e-03
4.19529e-03
5.82840e-03
7.38672e-03
8.91929e-03
1.01602e-02
1.10458e-02
1.15965e-02
1.18003e-02
1.15775e-02
1.07865e-02
9.33495e-03
7.43011e-03
5.19564e-03
2.59900e-03
-3.29878e-04
-3.28465e-03
-5.99492e-03
-8.51818e-03
-1.11702e-02
-1.40103e-02
-1.68467e-02
-1.94443e-02
-2.16474e-02
-2.35708e-02
-2.52571e-02
-2.62336e-02
-2.59085e-02
-2.40648e-02
-2.07185e-02
-1.59374e-02
-1.00301e-02
-3.64078e-03
2.63602e-03
8.25667e-03
1.28255e-02
1.63776e-02
1.89276e-02
2.05291e-02
2.15292e-02
2.24554e-02
2.35126e-02
2.44015e-02
2.46870e-02
2.37958e-02
2.13594e-02
1.77351e-02
1.33552e-02
8.67338e-03
4.18673e-03
3.47551e-04
-2.56325e-03
-4.71661e-03
-6.35313e-03
-7.64172e-03
-8.69328e-03
-9.23459e-03
-9.01875e-03
-7.77652e-03
-5.26602e-03
-1.59471e-03
2.72411e-03
6.77476e-03
9.70425e-03
1.10383e-02
1.05514e-02
8.32046e-03
4.62815e-03
1.24676e-05
-4.80459e-03
-9.12715e-03
-1.26041e-02
-1.52387e-02
-1.69995e-02
-1.78221e-02
-1.78323e-02
-1.71491e-02
-1.60164e-02
-1.47376e-02
-1.34894e-02
-1.20275e-02
-1.02917e-02
-8.25755e-03
-5.53170e-03
-1.95404e-03
2.23761e-03
6.51402e-03
1.01169e-02
1.25378e-02
1.36310e-02
1.34828e-02
1.19293e-02
8.79614e-03
4.44683e-03
-4.47821e-04
-4.91228e-03
-7.81687e-03
-8.17338e-03
-5.31892e-03
6.15745e-04
8.48473e-03
1.68141e-02
2.41561e-02
2.96191e-02
3.29371e-02
3.39119e-02
3.28261e-02
3.03473e-02
2.73121e-02
2.42398e-02
2.11309e-02
1.79704e-02
1.47606e-02
1.15721e-02
8.18779e-03
4.08881e-03
-7.43530e-04
-5.71430e-03
-1.00242e-02
-1.27952e-02
-1.36060e-02
-1.27625e-02
-1.08756e-02
-8.41778e-03
-5.92565e-03
-3.98081e-03
-2.92172e-03
-2.95171e-03
-4.05572e-03
-6.14592e-03
-8.75262e-03
-1.10614e-02
-1.23420e-02
-1.20380e-02
-1.03008e-02
-8.20488e-03
-6.55169e-03
-5.88788e-03
-6.35580e-03
-7.83530e-03
-9.94557e-03
-1.22939e-02
-1.46874e-02
-1.67579e-02
-1.83822e-02
-1.96352e-02
-2.02119e-02
-1.98485e-02
-1.85472e-02
-1.63878e-02
-1.32591e-02
-8.94846e-03
-3.43751e-03
3.04286e-03
1.00661e-02
1.73070e-02
2.44959e-02
3.10008e-02
3.58597e-02
3.81889e-02
3.74548e-02
3.35052e-02
2.68677e-02
1.84094e-02
8.85313e-03
-1.35647e-03
-1.18702e-02
-2.22661e-02
-3.20966e-02
-4.03324e-02
-4.53966e-02
-4.62145e-02
-4.27997e-02
-3.60285e-02
-2.69966e-02
-1.67045e-02
-5.79639e-03
5.36482e-03
1.64382e-02
2.72301e-02
3.74361e-02
4.61201e-02
5.18548e-02
5.38231e-02
5.22124e-02
4.80047e-02
4.21625e-02
3.48815e-02
2.57221e-02
1.40615e-02
-3.04709e-05
-1.55701e-02
-3.09978e-02
-4.43392e-02
-5.36727e-02
-5.77174e-02
-5.61117e-02
-4.99391e-02
-4.12097e-02
-3.17879e-02
-2.32723e-02
-1.68932e-02
-1.33649e-02
-1.23256e-02
-1.25555e-02
-1.24428e-02
-1.06594e-02
-6.92159e-03
-1.94906e-03
3.25812e-03
7.86001e-03
1.10405e-02
1.21943e-02
1.16306e-02
1.04254e-02
9.89183e-03
1.07173e-02
1.28708e-02
1.58453e-02
1.91746e-02
2.23842e-02
2.48464e-02
2.60973e-02
2.61783e-02
2.55352e-02
2.47129e-02
2.38753e-02
2.27048e-02
2.07267e-02
1.75401e-02
1.27903e-02
6.18674e-03
-2.04532e-03
-1.08443e-02
-1.88296e-02
-2.48604e-02
-2.81281e-02
-2.85330e-02
-2.66197e-02
-2.28870e-02
-1.74744e-02
-1.06416e-02
-2.59089e-03
6.35519e-03
1.55763e-02
2.45288e-02
3.28245e-02
4.00190e-02
4.59807e-02
5.10435e-02
5.56800e-02
6.00027e-02
6.33836e-02
6.49208e-02
6.38057e-02
5.92207e-02
5.10205e-02
3.96769e-02
2.64629e-02
1.29336e-02
3.24674e-04
-1.05961e-02
-1.92084e-02
-2.48849e-02
-2.75455e-02
-2.76010e-02
-2.55649e-02
-2.22523e-02
-1.85210e-02
-1.51693e-02
-1.29441e-02
-1.24695e-02
-1.38772e-02
-1.67867e-02
-2.07413e-02
-2.50902e-02
-2.85821e-02
-2.97686e-02
-2.81283e-02
-2.43033e-02
-1.94646e-02
-1.47862e-02
-1.12558e-02
-9.63289e-03
-1.03164e-02
-1.28769e-02
-1.60592e-02
-1.87454e-02
-2.03896e-02
-2.08292e-02
-2.00600e-02
-1.80878e-02
-1.49508e-02
-1.09319e-02
-6.43319e-03
-1.86061e-03
2.57907e-03
6.23551e-03
8.07614e-03
7.17187e-03
3.10822e-03
-3.67661e-03
-1.22608e-02
-2.15156e-02
-3.02160e-02
-3.71688e-02
-4.17064e-02
-4.41406e-02
-4.54072e-02
-4.67545e-02
-4.89744e-02
-5.20006e-02
-5.49319e-02
-5.65866e-02
-5.58742e-02
-5.18796e-02
-4.39533e-02
-3.22475e-02
-1.79766e-02
-2.70889e-03
1.21786e-02
2.58866e-02
3.79516e-02
4.79599e-02
5.51756e-02
5.89371e-02
5.92108e-02
5.64410e-02
5.13987e-02
4.54943e-02
4.02234e-02
3.63598e-02
3.36497e-02
3.11756e-02
2.78210e-02
2.28695e-02
1.61416e-02
7.50622e-03
-2.74190e-03
-1.34711e-02
-2.31251e-02
-3.00839e-02
-3.34286e-02
-3.27319e-02
-2.80866e-02
-1.99289e-02
-8.88554e-03
4.15315e-03
1.86516e-02
3.44558e-02
5.13917e-02
6.84758e-02
8.40356e-02
9.67148e-02
1.05626e-01
1.10121e-01
1.10084e-01
1.05884e-01
9.79713e-02
8.66367e-02
7.18777e-02
5.33919e-02
3.12586e-02
6.28996e-03
-2.00649e-02
-4.62723e-02
-7.08583e-02
-9.28008e-02
-1.11292e-01
-1.25548e-01
-1.34709e-01
-1.38405e-01
-1.36649e-01
-1.29052e-01
-1.15458e-01
-9.64777e-02
-7.35482e-02
-4.85464e-02
-2.32588e-02
1.06807e-03
2.33379e-02
4.22821e-02
5.70255e-02
6.74337e-02
7.33743e-02
7.45372e-02
7.07886e-02
6.23439e-02
5.03220e-02
3.63910e-02
2.16304e-02
6.66503e-03
-8.09145e-03
-2.21026e-02
-3.52409e-02
-4.81566e-02
-6.13903e-02
-7.47880e-02
-8.72868e-02
-9.71983e-02
-1.02851e-01
-1.03001e-01
-9.70205e-02
-8.50635e-02
-6.84031e-02
-4.95220e-02
-3.11823e-02
-1.56088e-02
-3.99548e-03
3.43927e-03
7.13062e-03
7.62348e-03
5.34988e-03
6.68842e-04
-6.24702e-03
-1.50003e-02
-2.41900e-02
-3.17166e-02
-3.51246e-02
-3.25379e-02
-2.32675e-02
-8.38607e-03
1.01460e-02
3.10699e-02
5.36369e-02
7.71746e-02
1.00862e-01
1.23240e-01
1.42391e-01
1.56676e-01
1.65406e-01
1.69090e-01
1.68902e-01
1.66138e-01
1.61481e-01
1.55033e-01
1.46895e-01
1.37254e-01
1.26233e-01
1.13639e-01
9.88309e-02
8.09736e-02
5.90860e-02
3.29211e-02
3.26280e-03
-2.79660e-02
-5.80637e-02
-8.46188e-02
-1.06274e-01
-1.22802e-01
-1.34709e-01
-1.42871e-01
-1.47999e-01
-1.50130e-01
-1.48773e-01
-1.43023e-01
-1.32228e-01
-1.16774e-01
-9.81543e-02
-7.82251e-02
-5.87421e-02
-4.09967e-02
-2.57382e-02
-1.29564e-02
-2.27039e-03
6.63898e-03
1.38913e-02
1.92578e-02
2.22859e-02
2.23155e-02
1.90182e-02
1.22086e-02
1.98712e-03
-1.02406e-02
-2.21056e-02
-3.12066e-02
-3.56700e-02
-3.51281e-02
-3.05200e-02
-2.35167e-02
-1.58551e-02
-9.15129e-03
-4.53885e-03
-2.18895e-03
-1.21986e-03
-4.28045e-04
8.85215e-04
2.32564e-03
2.72246e-03
1.37194e-03
-1.62925e-03
-5.70276e-03
-9.91078e-03
-1.29343e-02
-1.34467e-02
-1.06080e-02
-4.29346e-03
4.42881e-03
1.37449e-02
2.23297e-02
2.94786e-02
3.44092e-02
3.65402e-02
3.60202e-02
3.37603e-02
3.11581e-02
2.94648e-02
2.92026e-02
3.03563e-02
3.29592e-02
3.70639e-02
4.21895e-02
4.73916e-02
5.18379e-02
5.47613e-02
5.54009e-02
5.32389e-02
4.77624e-02
3.88435e-02
2.74798e-02
1.53910e-02
4.40979e-03
-4.08980e-03
-9.24844e-03
-1.10078e-02
-1.02675e-02
-8.18831e-03
-6.20281e-03
-5.81637e-03
-8.03466e-03
-1.33243e-02
-2.15439e-02
-3.18446e-02
-4.24984e-02
-5.17255e-02
-5.85563e-02
-6.24803e-02
-6.37331e-02
-6.31486e-02
-6.17097e-02
-6.02262e-02
-5.89922e-02
-5.77541e-02
-5.60209e-02
-5.33748e-02
-4.98361e-02
-4.56714e-02
-4.15134e-02
-3.83301e-02
-3.67572e-02
-3.69665e-02
-3.84756e-02
-4.01159e-02
-4.01067e-02
-3.67930e-02
-2.92900e-02
-1.71199e-02
-7.65257e-04
1.83978e-02
3.86085e-02
5.80374e-02
7.53258e-02
8.91623e-02
9.87561e-02
1.03857e-01
1.04474e-01
1.01248e-01
9.47714e-02
8.55480e-02
7.39502e-02
6.06588e-02
4.65816e-02
3.21599e-02
1.75235e-02
2.73378e-03
-1.20298e-02
-2.60920e-02
-3.85999e-02
-4.91340e-02
-5.74227e-02
-6.27286e-02
-6.41418e-02
-6.14226e-02
-5.48423e-02
-4.53829e-02
-3.44475e-02
-2.29294e-02
-1.14960e-02
-9.01536e-04
8.25255e-03
1.57618e-02
2.18390e-02
2.65873e-02
3.00256e-02
3.20035e-02
3.24415e-02
3.18829e-02
3.10694e-02
3.03879e-02
2.99393e-02
2.97810e-02
2.99066e-02
3.00819e-02
3.00764e-02
2.97096e-02
2.88196e-02
2.77711e-02
2.71452e-02
2.71145e-02
2.74693e-02
2.78397e-02
2.76527e-02
2.61232e-02
2.28361e-02
1.78651e-02
1.17184e-02
5.38409e-03
-2.15044e-04
-4.57608e-03
-7.49217e-03
-9.25837e-03
-1.05681e-02
-1.23236e-02
-1.51477e-02
-1.92468e-02
-2.43864e-02
-2.98394e-02
-3.47887e-02
-3.84370e-02
-4.00117e-02
-3.92621e-02
-3.63946e-02
-3.19033e-02
-2.60830e-02
-1.93048e-02
-1.20308e-02
-4.63027e-03
2.45910e-03
8.59318e-03
1.33499e-02
1.66562e-02
1.85810e-02
1.93830e-02
1.96480e-02
1.98418e-02
2.00264e-02
2.00629e-02
1.95728e-02
1.81424e-02
1.56178e-02
1.19040e-02
6.94566e-03
1.05312e-03
-5.21416e-03
-1.10775e-02
-1.58845e-02
-1.89903e-02
-1.98905e-02
-1.84969e-02
-1.49481e-02
-9.57722e-03
-3.06423e-03
3.77771e-03
1.03651e-02
1.62647e-02
2.09911e-02
2.39521e-02
2.45020e-02
2.24965e-02
1.84434e-02
1.28763e-02
6.02827e-03
-1.67565e-03
-9.34927e-03
-1.59983e-02
-2.10890e-02
-2.41902e-02
-2.51125e-02
-2.37516e-02
-2.00660e-02
-1.44679e-02
-7.84816e-03
-8.13338e-04
6.20961e-03
1.26926e-02
1.79192e-02
2.15804e-02
2.38647e-02
2.51101e-02
2.57446e-02
2.60318e-02
2.61452e-02
2.61644e-02
2.60474e-02
2.53278e-02
2.31922e-02
1.92498e-02
1.32889e-02
5.18869e-03
-4.79282e-03
-1.62732e-02
-2.88354e-02
-4.18867e-02
-5.46543e-02
-6.65287e-02
-7.69523e-02
-8.54370e-02
-9.15601e-02
-9.50799e-02
-9.61573e-02
-9.51939e-02
-9.25316e-02
-8.84327e-02
-8.28208e-02
-7.59711e-02
-6.82821e-02
-6.00157e-02
-5.14995e-02
-4.31763e-02
-3.56524e-02
-2.96137e-02
-2.55021e-02
-2.33610e-02
-2.26490e-02
-2.25943e-02
-2.24553e-02
-2.15490e-02
-1.94896e-02
-1.63125e-02
-1.24829e-02
-8.63623e-03
-4.97883e-03
-1.35465e-03
2.59730e-03
7.02443e-03
1.19421e-02
1.75912e-02
2.43466e-02
3.18901e-02
3.93898e-02
4.60455e-02
5.13113e-02
5.46599e-02
5.56723e-02
5.42256e-02
5.03514e-02
4.43382e-02
3.68641e-02
2.86438e-02
2.05108e-02
1.30017e-02
6.04322e-03
-5.74125e-04
-6.73570e-03
-1.19450e-02
-1.58030e-02
-1.80495e-02
-1.86050e-02
-1.71949e-02
-1.32093e-02
-6.25561e-03
3.30961e-03
1.45243e-02
2.65698e-02
3.83709e-02
4.85625e-02
5.58365e-02
5.89508e-02
5.71268e-02
5.02934e-02
3.90556e-02
2.45282e-02
7.78837e-03
-9.95912e-03
-2.73945e-02
-4.31456e-02
-5.58172e-02
-6.46195e-02
-6.95695e-02
-7.08901e-02
-6.88770e-02
-6.41548e-02
-5.76421e-02
-5.00806e-02
-4.14933e-02
-3.15685e-02
-2.00142e-02
-6.97197e-03
7.00202e-03
2.14280e-02
3.54561e-02
4.76609e-02
5.66505e-02
6.18077e-02
6.33371e-02
6.22294e-02
5.96996e-02
5.67776e-02
5.42657e-02
5.27091e-02
5.24106e-02
5.31337e-02
5.43534e-02
5.55783e-02
5.62161e-02
5.59648e-02
5.47218e-02
5.25666e-02
4.97460e-02
4.64195e-02
4.23817e-02
3.70088e-02
2.97130e-02
2.04962e-02
9.63724e-03
-2.52141e-03
-1.53845e-02
-2.83890e-02
-4.08474e-02
-5.20087e-02
-6.15161e-02
-6.89126e-02
-7.36017e-02
-7.47057e-02
-7.16964e-02
-6.46785e-02
-5.41068e-02
-4.08721e-02
-2.61369e-02
-1.10306e-02
3.23527e-03
1.58830e-02
2.67527e-02
3.61769e-02
4.47851e-02
5.28079e-02
6.00796e-02
6.61146e-02
6.99612e-02
7.06706e-02
6.80913e-02
6.25705e-02
5.44275e-02
4.40160e-02
3.22532e-02
2.02870e-02
8.93477e-03
-1.90094e-03
-1.26938e-02
-2.31705e-02
-3.22803e-02
-3.88734e-02
-4.21244e-02
-4.20887e-02
-3.98316e-02
-3.68622e-02
-3.43595e-02
-3.32638e-02
-3.42933e-02
-3.79249e-02
-4.39927e-02
-5.16176e-02
-5.97314e-02
-6.75068e-02
-7.46741e-02
-8.10553e-02
-8.61317e-02
-8.96076e-02
-9.16112e-02
-9.20019e-02
-9.00578e-02
-8.47058e-02
-7.51441e-02
-6.12809e-02
-4.37073e-02
-2.34646e-02
-2.07169e-03
1.88259e-02
3.77334e-02
5.35148e-02
6.54924e-02
7.34278e-02
7.75239e-02
7.85338e-02
7.73366e-02
7.43883e-02
7.01963e-02
6.52957e-02
5.97672e-02
5.37006e-02
4.74023e-02
4.10543e-02
3.48982e-02
2.94569e-02
2.51742e-02
2.22214e-02
2.05572e-02
1.98327e-02
1.95728e-02
1.95514e-02
1.97767e-02
2.02186e-02
2.05136e-02
2.00981e-02
1.85423e-02
1.59043e-02
1.24405e-02
7.93363e-03
2.00531e-03
-5.17671e-03
-1.27779e-02
-1.97004e-02
-2.52418e-02
-2.89253e-02
-3.04594e-02
-2.97721e-02
-2.71762e-02
-2.33519e-02
-1.89760e-02
-1.44353e-02
-9.86014e-03
-5.49957e-03
-1.94763e-03
2.91606e-04
8.07769e-04
-8.32906e-04
-4.53679e-03
-1.00238e-02
-1.67502e-02
-2.36965e-02
-2.98847e-02
-3.45885e-02
-3.73806e-02
-3.81735e-02
-3.71400e-02
-3.49377e-02
-3.22068e-02
-2.94451e-02
-2.68170e-02
-2.43066e-02
-2.18061e-02
-1.93365e-02
-1.69549e-02
-1.44338e-02
-1.16569e-02
-8.61460e-03
-5.27285e-03
-1.46411e-03
2.85615e-03
7.49382e-03
1.21644e-02
1.66860e-02
2.12039e-02
2.60993e-02
3.14142e-02
3.67848e-02
4.18927e-02
4.64922e-02
5.03244e-02
5.31406e-02
5.42812e-02
5.33448e-02
5.06477e-02
4.71270e-02
4.33324e-02
3.90220e-02
3.39134e-02
2.78379e-02
2.11069e-02
1.43446e-02
7.77500e-03
1.31259e-03
-4.90972e-03
-1.04966e-02
-1.51305e-02
-1.87865e-02
-2.14241e-02
-2.29589e-02
-2.32585e-02
-2.22258e-02
-2.01781e-02
-1.75504e-02
-1.44267e-02
-1.06978e-02
-6.43697e-03
-1.87362e-03
2.70364e-03
7.05711e-03
1.07601e-02
1.34865e-02
1.51635e-02
1.59961e-02
1.62682e-02
1.60044e-02
1.49607e-02
1.27015e-02
9.18046e-03
4.77376e-03
-4.13247e-05
-4.79971e-03
-9.04271e-03
-1.19825e-02
-1.29126e-02
-1.14766e-02
-8.12506e-03
-3.59076e-03
1.71069e-03
7.22342e-03
1.24776e-02
1.72380e-02
2.13094e-02
2.46556e-02
2.72491e-02
2.91624e-02
3.04931e-02
3.12656e-02
3.14775e-02
3.10538e-02
2.97964e-02
2.72896e-02
2.32027e-02
1.74522e-02
1.00660e-02
1.36607e-03
-8.31815e-03
-1.82986e-02
-2.76234e-02
-3.54026e-02
-4.12427e-02
-4.53199e-02
-4.79508e-02
-4.94531e-02
-5.01040e-02
-5.02147e-02
-4.99970e-02
-4.92576e-02
-4.75059e-02
-4.43758e-02
-4.00117e-02
-3.46861e-02
-2.86221e-02
-2.22095e-02
-1.59546e-02
-1.03592e-02
-5.54928e-03
-1.57123e-03
1.58952e-03
4.00548e-03
5.79995e-03
7.54148e-03
9.78228e-03
1.26797e-02
1.59920e-02
1.95420e-02
2.33039e-02
2.72244e-02
3.09545e-02
3.36926e-02
3.45954e-02
3.33631e-02
3.02359e-02
2.54838e-02
1.94105e-02
1.23933e-02
4.90608e-03
-2.68288e-03
-9.98144e-03
-1.69479e-02
-2.38669e-02
-3.08189e-02
-3.75421e-02
-4.39841e-02
-5.00428e-02
-5.53693e-02
-5.93214e-02
-6.14839e-02
-6.17801e-02
-6.05466e-02
-5.82134e-02
-5.51115e-02
-5.16801e-02
-4.85379e-02
-4.63068e-02
-4.51595e-02
-4.46244e-02
-4.40832e-02
-4.32308e-02
-4.21206e-02
-4.06171e-02
-3.82113e-02
-3.46259e-02
-3.02937e-02
-2.60708e-02
-2.23962e-02
-1.91241e-02
-1.61097e-02
-1.35006e-02
-1.16359e-02
-1.05245e-02
-9.72259e-03
-8.80815e-03
-7.85344e-03
-6.94724e-03
-5.88291e-03
-4.51147e-03
-2.73267e-03
-7.25548e-04
1.02731e-03
2.00483e-03
1.81465e-03
9.56245e-05
-3.46540e-03
-9.02204e-03
-1.63778e-02
-2.50178e-02
-3.43682e-02
-4.36986e-02
-5.23909e-02
-6.00803e-02
-6.64249e-02
-7.12547e-02
-7.44526e-02
-7.60582e-02
-7.61883e-02
-7.49830e-02
-7.28684e-02
-7.01953e-02
-6.71715e-02
-6.40837e-02
-6.10457e-02
-5.81741e-02
-5.56369e-02
-5.35140e-02
-5.15521e-02
-4.94574e-02
-4.71447e-02
-4.42917e-02
-4.04854e-02
-3.58829e-02
-3.10330e-02
-2.64716e-02
-2.23787e-02
-1.84482e-02
-1.41319e-02
-9.47795e-03
-5.25070e-03
-1.91300e-03
5.02794e-04
2.04296e-03
2.64969e-03
2.13265e-03
4.90284e-04
-2.07931e-03
-5.09132e-03
-8.27447e-03
-1.15978e-02
-1.46180e-02
-1.68950e-02
-1.82881e-02
-1.87813e-02
-1.84302e-02
-1.70744e-02
-1.46744e-02
-1.14419e-02
-7.95473e-03
-4.97196e-03
-2.61962e-03
-8.64538e-04
1.37944e-05
-5.10015e-05
-6.81201e-04
-1.08480e-03
-6.38464e-04
7.53374e-04
2.83014e-03
5.25790e-03
7.98097e-03
1.07422e-02
1.30949e-02
1.46481e-02
1.53146e-02
1.52412e-02
1.46694e-02
1.36594e-02
1.20165e-02
9.73267e-03
7.36195e-03
5.36661e-03
3.82856e-03
2.85387e-03
2.83461e-03
4.20799e-03
7.04271e-03
1.12831e-02
1.68965e-02
2.38988e-02
3.22955e-02
4.18047e-02
5.18448e-02
6.17859e-02
7.11913e-02
7.98507e-02
8.75110e-02
9.39564e-02
9.88514e-02
1.01956e-01
1.03414e-01
1.03539e-01
1.02395e-01
9.99996e-02
9.66458e-02
9.27398e-02
8.83245e-02
8.32929e-02
7.77164e-02
7.17554e-02
6.55398e-02
5.89913e-02
5.20579e-02
4.50515e-02
3.84813e-02
3.25405e-02
2.69055e-02
2.13869e-02
1.63491e-02
1.22373e-02
9.31643e-03
7.64170e-03
7.00385e-03
7.25535e-03
8.16249e-03
9.19478e-03
9.91660e-03
1.02395e-02
1.02776e-02
9.85558e-03
8.77217e-03
6.91217e-03
4.53138e-03
2.34910e-03
9.93008e-04
9.52656e-04
2.66288e-03
6.19291e-03
1.11916e-02
1.73437e-02
2.42736e-02
3.12793e-02
3.79095e-02
4.40532e-02
4.97366e-02
5.50111e-02
5.98812e-02
6.45844e-02
6.92777e-02
7.38668e-02
7.81233e-02
8.17600e-02
8.49185e-02
8.78313e-02
9.04822e-02
9.27813e-02
9.47123e-02
9.64776e-02
9.82142e-02
9.96416e-02
1.00315e-01
1.00077e-01
9.90560e-02
9.72574e-02
9.40772e-02
8.88668e-02
8.13831e-02
7.17909e-02
6.05104e-02
4.77358e-02
3.39599e-02
1.98200e-02
5.76580e-03
-7.62609e-03
-2.01385e-02
-3.18207e-02
-4.24822e-02
-5.19326e-02
-6.03581e-02
-6.80586e-02
-7.49634e-02
-8.06863e-02
-8.48450e-02
-8.71411e-02
-8.73009e-02
-8.50918e-02
-8.02398e-02
-7.26120e-02
-6.25377e-02
-5.09781e-02
-3.88043e-02
-2.66987e-02
-1.52365e-02
-4.96131e-03
3.62863e-03
1.02472e-02
1.49524e-02
1.83578e-02
2.11002e-02
2.33137e-02
2.52358e-02
2.70694e-02
2.90968e-02
3.16934e-02
3.48266e-02
3.83158e-02
4.19882e-02
4.57501e-02
4.93104e-02
5.22047e-02
5.43224e-02
5.55275e-02
5.56185e-02
5.43623e-02
5.15581e-02
4.72404e-02
4.16477e-02
3.51573e-02
2.80287e-02
2.03950e-02
1.25526e-02
4.68437e-03
-3.27413e-03
-1.11186e-02
-1.81289e-02
-2.37715e-02
-2.79095e-02
-3.06266e-02
-3.21367e-02
-3.27318e-02
-3.26143e-02
-3.19969e-02
-3.12767e-02
-3.04203e-02
-2.92244e-02
-2.78784e-02
-2.68765e-02
-2.65594e-02
-2.68939e-02
-2.75785e-02
-2.83666e-02
-2.94044e-02
-3.07042e-02
-3.19293e-02
-3.29889e-02
-3.41392e-02
-3.58394e-02
-3.85653e-02
-4.25109e-02
-4.75463e-02
-5.31472e-02
-5.91530e-02
-6.54980e-02
-7.17529e-02
-7.75024e-02
-8.26125e-02
-8.71663e-02
-9.11653e-02
-9.43853e-02
-9.67854e-02
-9.82855e-02
-9.90690e-02
-9.94149e-02
-9.93039e-02
-9.85849e-02
-9.74230e-02
-9.62884e-02
-9.54146e-02
-9.44139e-02
-9.29489e-02
-9.11046e-02
-8.94840e-02
-8.87222e-02
-8.86521e-02
-8.85577e-02
-8.81510e-02
-8.77299e-02
-8.72799e-02
-8.65845e-02
-8.53311e-02
-8.33788e-02
-8.08584e-02
-7.77115e-02
-7.38011e-02
-6.92113e-02
-6.45015e-02
-6.01734e-02
-5.62603e-02
-5.26379e-02
-4.93146e-02
-4.62193e-02
-4.34410e-02
-4.09821e-02
-3.86910e-02
-3.63751e-02
-3.39996e-02
-3.18944e-02
-3.00582e-02
-2.85042e-02
-2.74757e-02
-2.70472e-02
-2.73459e-02
-2.83614e-02
-2.97585e-02
-3.12258e-02
-3.27535e-02
-3.43729e-02
-3.58473e-02
-3.71147e-02
-3.84059e-02
-3.96367e-02
-4.05672e-02
-4.09336e-02
-4.03835e-02
-3.88775e-02
-3.66016e-02
-3.37425e-02
-3.05912e-02
-2.74689e-02
-2.47482e-02
-2.24000e-02
-2.01905e-02
-1.82260e-02
-1.65662e-02
-1.54724e-02
-1.49834e-02
-1.46195e-02
-1.41179e-02
-1.36163e-02
-1.31266e-02
-1.25117e-02
-1.16199e-02
-1.05138e-02
-9.36361e-03
-7.96524e-03
-6.02756e-03
-3.34124e-03
1.51033e-04
4.18928e-03
8.31562e-03
1.22767e-02
1.58728e-02
1.88487e-02
2.09632e-02
2.19945e-02
2.19618e-02
2.10848e-02
1.95632e-02
1.76231e-02
1.56400e-02
1.42377e-02
1.36618e-02
1.35702e-02
1.36163e-02
1.35704e-02
1.33586e-02
1.28150e-02
1.19903e-02
1.10845e-02
1.04210e-02
1.04767e-02
1.16257e-02
1.38862e-02
1.72794e-02
2.18242e-02
2.76222e-02
3.47292e-02
4.29236e-02
5.15636e-02
6.01485e-02
6.86200e-02
7.69990e-02
8.49806e-02
9.19786e-02
9.75657e-02
1.01696e-01
1.04444e-01
1.05908e-01
1.06117e-01
1.05230e-01
1.03861e-01
1.02618e-01
1.01755e-01
1.01336e-01
1.01673e-01
1.03085e-01
1.05650e-01
1.09503e-01
1.14640e-01
1.20961e-01
1.28193e-01
1.35529e-01
1.42128e-01
1.47901e-01
1.53099e-01
1.57857e-01
1.62152e-01
1.65707e-01
1.68206e-01
1.69481e-01
1.70025e-01
1.70137e-01
1.69594e-01
1.68235e-01
1.65973e-01
1.62960e-01
1.59043e-01
1.54146e-01
1.48312e-01
1.41581e-01
1.34235e-01
1.26272e-01
1.17668e-01
1.08809e-01
1.00087e-01
9.16044e-02
8.37735e-02
7.70360e-02
7.18573e-02
6.86528e-02
6.76953e-02
6.88026e-02
7.13000e-02
7.46117e-02
7.81995e-02
8.13508e-02
8.33825e-02
8.40662e-02
8.33455e-02
8.13070e-02
7.78128e-02
7.25894e-02
6.55740e-02
5.71913e-02
4.79725e-02
3.81599e-02
2.82215e-02
1.87553e-02
9.94384e-03
1.57975e-03
-6.25977e-03
-1.32582e-02
-1.90935e-02
-2.35990e-02
-2.71005e-02
-3.03350e-02
-3.39121e-02
-3.80499e-02
-4.28354e-02
-4.85946e-02
-5.55912e-02
-6.37359e-02
-7.24896e-02
-8.12850e-02
-8.99504e-02
-9.86001e-02
-1.06872e-01
-1.13933e-01
-1.18993e-01
-1.21800e-01
-1.22633e-01
-1.21793e-01
-1.19430e-01
-1.15653e-01
-1.10984e-01
-1.06041e-01
-1.01040e-01
-9.58446e-02
-9.06235e-02
-8.58671e-02
-8.16620e-02
-7.77780e-02
-7.41232e-02
-7.06848e-02
-6.75600e-02
-6.48436e-02
-6.24158e-02
-6.00754e-02
-5.77373e-02
-5.56761e-02
-5.41177e-02
-5.29037e-02
-5.17125e-02
-5.04602e-02
-4.95002e-02
-4.91244e-02
-4.92782e-02
-4.93866e-02
-4.89659e-02
-4.79761e-02
-4.66320e-02
-4.54769e-02
-4.51133e-02
-4.60918e-02
-4.86748e-02
-5.27573e-02
-5.82019e-02
-6.46512e-02
-7.18405e-02
-7.97320e-02
-8.81003e-02
-9.64760e-02
-1.04473e-01
-1.11819e-01
-1.18292e-01
-1.23779e-01
-1.28174e-01
-1.31396e-01
-1.33609e-01
-1.35045e-01
-1.35480e-01
-1.34754e-01
-1.32971e-01
-1.30499e-01
-1.27560e-01
-1.24168e-01
-1.20206e-01
-1.15806e-01
-1.11297e-01
-1.07161e-01
-1.03621e-01
-1.00506e-01
-9.79066e-02
-9.59558e-02
-9.45842e-02
-9.36048e-02
-9.26121e-02
-9.09658e-02
-8.79211e-02
-8.27868e-02
-7.52853e-02
-6.56992e-02
-5.46456e-02
-4.25113e-02
-2.94597e-02
-1.58251e-02
-2.35109e-03
1.02284e-02
2.14273e-02
3.09257e-02
3.84323e-02
4.33767e-02
4.55122e-02
4.50861e-02
4.25526e-02
3.84541e-02
3.31674e-02
2.69778e-02
2.04669e-02
1.41276e-02
8.30225e-03
3.06473e-03
-1.55422e-03
-5.16651e-03
-7.42175e-03
-8.22877e-03
-7.59581e-03
-5.60927e-03
-2.22651e-03
2.40759e-03
8.01129e-03
1.42287e-02
2.07420e-02
2.75770e-02
3.48149e-02
4.21774e-02
4.91686e-02
5.54758e-02
6.13434e-02
6.71022e-02
7.27524e-02
7.78673e-02
8.20044e-02
8.51037e-02
8.75243e-02
8.94857e-02
9.09711e-02
9.20194e-02
9.27854e-02
9.35536e-02
9.44495e-02
9.52729e-02
9.59803e-02
9.66148e-02
9.72117e-02
9.77637e-02
9.81810e-02
9.85682e-02
9.90715e-02
9.94184e-02
9.92495e-02
9.81428e-02
9.59886e-02
9.30369e-02
8.93767e-02
8.49648e-02
7.95688e-02
7.32266e-02
6.62336e-02
5.89295e-02
5.16463e-02
4.46321e-02
3.81253e-02
3.23191e-02
2.72724e-02
2.28073e-02
1.87170e-02
1.47875e-02
1.06365e-02
5.84889e-03
3.91297e-04
-5.56764e-03
-1.18144e-02
-1.78530e-02
-2.30018e-02
-2.68954e-02
-2.94357e-02
-3.06238e-02
-3.05556e-02
-2.94671e-02
-2.74007e-02
-2.42457e-02
-2.00915e-02
-1.50016e-02
-9.05878e-03
-2.35561e-03
4.87469e-03
1.24440e-02
2.00924e-02
2.74778e-02
3.44210e-02
4.07867e-02
4.64818e-02
5.13931e-02
5.53673e-02
5.82100e-02
6.00374e-02
6.09509e-02
6.07000e-02
5.90354e-02
5.60117e-02
5.17996e-02
4.62767e-02
3.89770e-02
2.99486e-02
1.95802e-02
8.01850e-03
-4.63262e-03
-1.83148e-02
-3.25869e-02
-4.62588e-02
-5.80593e-02
-6.71869e-02
-7.32595e-02
-7.62228e-02
-7.62246e-02
-7.35657e-02
-6.88091e-02
-6.26978e-02
-5.56352e-02
-4.76622e-02
-3.89128e-02
-2.99362e-02
-2.11825e-02
-1.26575e-02
-4.38437e-03
3.33228e-03
1.00973e-02
1.56918e-02
2.01224e-02
2.38158e-02
2.69364e-02
2.93539e-02
3.12355e-02
3.29161e-02
3.48135e-02
3.72886e-02
4.04828e-02
4.41748e-02
4.80006e-02
5.19591e-02
5.60648e-02
6.01767e-02
6.40087e-02
6.75077e-02
7.07830e-02
7.37749e-02
7.62395e-02
7.78988e-02
7.85763e-02
7.84208e-02
7.74524e-02
7.54563e-02
7.24950e-02
6.88853e-02
6.50800e-02
6.11201e-02
5.69192e-02
5.24813e-02
4.78490e-02
4.31914e-02
3.84653e-02
3.34229e-02
2.79754e-02
2.22247e-02
1.62111e-02
9.89375e-03
3.59788e-03
-2.26350e-03
-7.67244e-03
-1.25192e-02
-1.66882e-02
-2.00874e-02
-2.25198e-02
-2.38437e-02
-2.42275e-02
-2.39724e-02
-2.32765e-02
-2.22611e-02
-2.12179e-02
-2.05398e-02
-2.07101e-02
-2.19942e-02
-2.43526e-02
-2.73986e-02
-3.06880e-02
-3.37154e-02
-3.59311e-02
-3.70555e-02
-3.72602e-02
-3.66353e-02
-3.52032e-02
-3.30597e-02
-3.04492e-02
-2.77582e-02
-2.53409e-02
-2.34272e-02
-2.18052e-02
-2.05082e-02
-1.98961e-02
-2.00444e-02
-2.07972e-02
-2.18331e-02
-2.27870e-02
-2.37362e-02
-2.47856e-02
-2.58420e-02
-2.66449e-02
-2.70419e-02
-2.74263e-02
-2.82255e-02
-2.94465e-02
-3.07270e-02
-3.17101e-02
-3.26356e-02
-3.38791e-02
-3.53972e-02
-3.68240e-02
-3.79180e-02
-3.88632e-02
-3.96187e-02
-3.97799e-02
-3.90505e-02
-3.73293e-02
-3.48595e-02
-3.20414e-02
-2.89582e-02
-2.56783e-02
-2.26694e-02
-2.05932e-02
-1.97021e-02
-1.98299e-02
-2.06585e-02
-2.20364e-02
-2.39228e-02
-2.62556e-02
-2.86926e-02
-3.05858e-02
-3.14579e-02
-3.13339e-02
-3.02720e-02
-2.83467e-02
-2.57094e-02
-2.24682e-02
-1.86949e-02
-1.45302e-02
-1.01429e-02
-5.62792e-03
-1.09572e-03
3.01540e-03
6.44319e-03
9.02596e-03
1.06811e-02
1.14504e-02
1.14071e-02
1.05958e-02
9.08902e-03
7.33491e-03
5.68487e-03
4.12857e-03
2.73470e-03
1.70754e-03
1.27042e-03
1.50553e-03
2.18672e-03
3.05853e-03
4.02851e-03
4.91640e-03
5.45928e-03
5.32668e-03
4.47609e-03
2.93177e-03
6.52964e-04
-2.39986e-03
-6.24838e-03
-1.09218e-02
-1.62528e-02
-2.19699e-02
-2.77721e-02
-3.34123e-02
-3.86123e-02
-4.32221e-02
-4.70302e-02
-4.95626e-02
-5.03428e-02
-4.93685e-02
-4.69976e-02
-4.34221e-02
-3.84638e-02
-3.17933e-02
-2.33546e-02
-1.35940e-02
-3.13504e-03
7.73961e-03
1.91072e-02
3.08959e-02
4.26326e-02
5.40599e-02
6.49937e-02
7.50747e-02
8.40006e-02
9.13223e-02
9.67362e-02
1.00570e-01
1.03301e-01
1.05054e-01
1.05571e-01
1.04804e-01
1.03174e-01
1.01114e-01
9.89614e-02
9.66577e-02
9.39142e-02
9.07259e-02
8.72298e-02
8.31999e-02
7.82959e-02
7.23401e-02
6.54555e-02
5.79241e-02
4.99077e-02
4.14569e-02
3.27184e-02
2.44076e-02
1.74759e-02
1.23842e-02
9.14621e-03
7.90793e-03
8.77986e-03
1.16922e-02
1.63661e-02
2.21251e-02
2.84160e-02
3.49396e-02
4.13491e-02
4.71885e-02
5.20676e-02
5.60785e-02
5.94507e-02
6.23294e-02
6.48198e-02
6.66921e-02
6.77575e-02
6.82352e-02
6.83719e-02
6.79618e-02
6.66235e-02
6.43361e-02
6.10978e-02
5.67842e-02
5.13705e-02
4.48374e-02
3.75131e-02
3.01044e-02
2.31769e-02
1.68881e-02
1.10191e-02
5.41202e-03
5.61389e-05
-5.19805e-03
-1.05933e-02
-1.63876e-02
-2.26285e-02
-2.90969e-02
-3.55070e-02
-4.15323e-02
-4.66292e-02
-5.04356e-02
-5.28760e-02
-5.40484e-02
-5.38850e-02
-5.20918e-02
-4.86637e-02
-4.36744e-02
-3.75651e-02
-3.10570e-02
-2.47644e-02
-1.90130e-02
-1.39303e-02
-9.65194e-03
-6.19940e-03
-3.40285e-03
-1.03634e-03
9.47115e-04
2.41429e-03
3.22878e-03
3.72139e-03
4.39535e-03
5.24026e-03
5.90361e-03
6.24542e-03
6.20040e-03
5.78317e-03
5.34262e-03
5.27409e-03
6.01780e-03
7.72431e-03
1.01069e-02
1.27967e-02
1.56683e-02
1.90050e-02
2.28288e-02
2.66247e-02
2.95924e-02
3.12048e-02
3.14654e-02
3.06991e-02
2.90297e-02
2.62746e-02
2.23117e-02
1.75320e-02
1.22641e-02
6.44220e-03
1.18584e-04
-6.44923e-03
-1.28565e-02
-1.86955e-02
-2.37735e-02
-2.80456e-02
-3.15301e-02
-3.42336e-02
-3.62942e-02
-3.80575e-02
-3.95880e-02
-4.07944e-02
-4.15918e-02
-4.19714e-02
-4.21254e-02
-4.22784e-02
-4.23062e-02
-4.18614e-02
-4.09170e-02
-3.98721e-02
-3.89766e-02
-3.81865e-02
-3.74780e-02
-3.68402e-02
-3.61995e-02
-3.53089e-02
-3.36658e-02
-3.07917e-02
-2.65849e-02
-2.13220e-02
-1.51644e-02
-8.06168e-03
-1.55175e-04
8.15726e-03
1.65244e-02
2.48628e-02
3.30632e-02
4.10003e-02
4.82688e-02
5.42544e-02
5.87815e-02
6.19507e-02
6.37938e-02
6.43532e-02
6.37208e-02
6.20439e-02
5.95517e-02
5.63830e-02
5.24679e-02
4.76489e-02
4.18277e-02
3.49188e-02
2.71164e-02
1.88731e-02
1.06465e-02
2.75394e-03
-4.66071e-03
-1.15124e-02
-1.76868e-02
-2.31559e-02
-2.76278e-02
-3.08126e-02
-3.29353e-02
-3.42993e-02
-3.48303e-02
-3.45722e-02
-3.38071e-02
-3.29423e-02
-3.23350e-02
-3.20274e-02
-3.18566e-02
-3.18977e-02
-3.24101e-02
-3.33775e-02
-3.42272e-02
-3.46177e-02
-3.47065e-02
-3.47058e-02
-3.48430e-02
-3.49176e-02
-3.46010e-02
-3.39892e-02
-3.32805e-02
-3.25955e-02
-3.16531e-02
-3.03015e-02
-2.88268e-02
-2.75330e-02
-2.67331e-02
-2.65514e-02
-2.70511e-02
-2.84540e-02
-3.08532e-02
-3.41604e-02
-3.78757e-02
-4.14209e-02
-4.46318e-02
-4.72354e-02
-4.86519e-02
-4.85503e-02
-4.67890e-02
-4.35587e-02
-3.92609e-02
-3.39711e-02
-2.75578e-02
-2.01417e-02
-1.24763e-02
-5.26974e-03
9.99185e-04
6.05417e-03
9.86329e-03
1.23788e-02
1.36524e-02
1.38859e-02
1.33809e-02
1.24017e-02
1.09997e-02
9.29648e-03
7.61548e-03
6.31369e-03
5.52802e-03
4.96077e-03
4.24979e-03
3.36690e-03
2.57647e-03
2.03271e-03
1.71322e-03
1.63662e-03
1.70987e-03
1.73954e-03
1.67226e-03
1.53888e-03
1.43218e-03
1.38953e-03
1.58576e-03
2.10197e-03
2.99742e-03
4.45487e-03
6.43436e-03
8.73818e-03
1.11064e-02
1.32091e-02
1.48948e-02
1.63105e-02
1.76211e-02
1.89386e-02
2.01962e-02
2.12143e-02
2.19118e-02
2.21653e-02
2.20116e-02
2.15689e-02
2.09375e-02
2.00027e-02
1.86948e-02
1.71368e-02
1.55491e-02
1.42571e-02
1.33225e-02
1.22688e-02
1.06457e-02
8.32415e-03
5.28017e-03
1.67700e-03
-2.24719e-03
-6.43719e-03
-1.08844e-02
-1.56483e-02
-2.08692e-02
-2.64796e-02
-3.21181e-02
-3.74555e-02
-4.24768e-02
-4.73678e-02
-5.22497e-02
-5.69613e-02
-6.10830e-02
-6.42268e-02
-6.65720e-02
-6.84203e-02
-6.96712e-02
-7.01977e-02
-7.01232e-02
-6.97757e-02
-6.92125e-02
-6.83130e-02
-6.72457e-02
-6.62648e-02
-6.56368e-02
-6.53287e-02
-6.48023e-02
-6.37066e-02
-6.21015e-02
-6.01622e-02
-5.78091e-02
-5.49670e-02
-5.17607e-02
-4.85248e-02
-4.57037e-02
-4.34870e-02
-4.17698e-02
-4.04395e-02
-3.96362e-02
-3.95212e-02
-3.99900e-02
-4.08181e-02
-4.20314e-02
-4.36652e-02
-4.58597e-02
-4.86626e-02
-5.17057e-02
-5.46522e-02
-5.73393e-02
-5.95674e-02
-6.13017e-02
-6.25572e-02
-6.31380e-02
-6.27956e-02
-6.15521e-02
-5.94466e-02
-5.64382e-02
-5.23680e-02
-4.71403e-02
-4.09648e-02
-3.39145e-02
-2.60062e-02
-1.74350e-02
-8.54338e-03
2.75171e-04
8.62105e-03
1.63760e-02
2.33380e-02
2.91920e-02
3.39971e-02
3.80338e-02
4.13882e-02
4.37009e-02
4.48104e-02
4.48424e-02
4.39005e-02
4.21173e-02
3.95481e-02
3.61058e-02
3.18630e-02
2.70779e-02
2.20061e-02
1.68447e-02
1.19337e-02
7.65661e-03
4.03089e-03
1.16049e-03
-8.81038e-04
-2.07933e-03
-2.38497e-03
-1.76433e-03
-3.77597e-04
1.28150e-03
3.01749e-03
4.80832e-03
6.39309e-03
7.72237e-03
8.86767e-03
9.89997e-03
1.09527e-02
1.20084e-02
1.29474e-02
1.36525e-02
1.43160e-02
1.50563e-02
1.58497e-02
1.65585e-02
1.69431e-02
1.67999e-02
1.62411e-02
1.54242e-02
1.43629e-02
1.30155e-02
1.15773e-02
1.01770e-02
8.70402e-03
7.00169e-03
5.09307e-03
3.38773e-03
2.20250e-03
1.58690e-03
1.14377e-03
4.76549e-04
-7.64723e-05
-5.15352e-05
4.19583e-04
9.79110e-04
1.39239e-03
1.73575e-03
2.11616e-03
2.31149e-03
2.11638e-03
1.37780e-03
5.42430e-04
1.48091e-04
2.20131e-04
6.06353e-04
1.07968e-03
1.43032e-03
1.48751e-03
9.69965e-04
-2.92771e-04
-2.21688e-03
-4.52539e-03
-6.99652e-03
-9.76987e-03
-1.26518e-02
-1.50595e-02
-1.65646e-02
-1.68368e-02
-1.57571e-02
-1.34038e-02
-9.96930e-03
-5.64029e-03
-4.24171e-04
5.46763e-03
1.16380e-02
1.77008e-02
2.34029e-02
2.86428e-02
3.35066e-02
3.80060e-02
4.20081e-02
4.54775e-02
4.82689e-02
5.03515e-02
5.20212e-02
5.36782e-02
5.53979e-02
5.70867e-02
5.86029e-02
5.97594e-02
6.04134e-02
6.06114e-02
6.03525e-02
5.95576e-02
5.82237e-02
5.64207e-02
5.42138e-02
5.17353e-02
4.91066e-02
4.65437e-02
4.41504e-02
4.20319e-02
3.99829e-02
3.77136e-02
3.52170e-02
3.25778e-02
2.97467e-02
2.64835e-02
2.26632e-02
1.82821e-02
1.31766e-02
7.15366e-03
2.66400e-04
-7.27273e-03
-1.51350e-02
-2.30585e-02
-3.08090e-02
-3.79766e-02
-4.41036e-02
-4.91244e-02
-5.31821e-02
-5.62262e-02
-5.78774e-02
-5.78251e-02
-5.59932e-02
-5.27482e-02
-4.87935e-02
-4.47960e-02
-4.08395e-02
-3.69137e-02
-3.33933e-02
-3.05105e-02
-2.83266e-02
-2.66181e-02
-2.50027e-02
-2.34520e-02
-2.22446e-02
-2.15177e-02
-2.09166e-02
-2.01007e-02
-1.91852e-02
-1.83699e-02
-1.76200e-02
-1.65939e-02
-1.50529e-02
-1.32622e-02
-1.18124e-02
-1.09827e-02
-1.05116e-02
-1.00227e-02
-9.73375e-03
-9.87307e-03
-1.02696e-02
-1.04721e-02
-1.00825e-02
-9.21348e-03
-8.22204e-03
-7.17614e-03
-5.97625e-03
-4.69130e-03
-3.45653e-03
-2.38971e-03
-1.32018e-03
-5.15767e-05
1.33452e-03
2.72812e-03
3.95838e-03
4.88519e-03
5.49367e-03
5.71624e-03
5.57958e-03
5.35378e-03
5.31296e-03
5.48544e-03
5.83245e-03
6.43535e-03
7.61562e-03
9.53010e-03
1.19698e-02
1.47337e-02
1.76440e-02
2.07097e-02
2.39513e-02
2.71898e-02
3.03163e-02
3.33969e-02
3.63911e-02
3.91663e-02
4.16389e-02
4.38416e-02
4.58223e-02
4.74622e-02
4.85415e-02
4.86384e-02
4.76778e-02
4.58385e-02
4.32764e-02
4.00900e-02
3.63406e-02
3.22490e-02
2.79916e-02
2.35988e-02
1.91431e-02
1.45076e-02
9.62717e-03
4.49925e-03
-1.02632e-03
-7.02282e-03
-1.32393e-02
-1.92788e-02
-2.47157e-02
-2.93730e-02
-3.34753e-02
-3.74106e-02
-4.12188e-02
-4.46278e-02
-4.76076e-02
-5.04194e-02
-5.33032e-02
-5.62572e-02
-5.91626e-02
-6.18326e-02
-6.43785e-02
-6.71692e-02
-7.02064e-02
-7.33008e-02
-7.63076e-02
-7.92195e-02
-8.20255e-02
-8.45579e-02
-8.66302e-02
-8.81253e-02
-8.93098e-02
-9.04343e-02
-9.12310e-02
-9.13086e-02
-9.06184e-02
-8.94520e-02
-8.79492e-02
-8.59160e-02
-8.32916e-02
-8.02953e-02
-7.73526e-02
-7.46653e-02
-7.19457e-02
-6.90144e-02
-6.60315e-02
-6.31755e-02
-6.04433e-02
-5.76129e-02
-5.46022e-02
-5.15341e-02
-4.86879e-02
-4.63730e-02
-4.45910e-02
-4.30119e-02
-4.15616e-02
-4.01671e-02
-3.86706e-02
-3.69137e-02
-3.48769e-02
-3.25640e-02
-3.00526e-02
-2.74361e-02
-2.47081e-02
-2.19443e-02
-1.92876e-02
-1.68525e-02
-1.43668e-02
-1.16475e-02
-8.73194e-03
-5.71989e-03
-2.78447e-03
1.65952e-04
3.42824e-03
7.11955e-03
1.08739e-02
1.43747e-02
1.78514e-02
2.16780e-02
2.57992e-02
2.99134e-02
3.37560e-02
3.70952e-02
4.00364e-02
4.26327e-02
4.49100e-02
4.69710e-02
4.89625e-02
5.09153e-02
5.26356e-02
5.41477e-02
5.55815e-02
5.68347e-02
5.76983e-02
5.79892e-02
5.78406e-02
5.76160e-02
5.75360e-02
5.75473e-02
5.75570e-02
5.76960e-02
5.80111e-02
5.84923e-02
5.90307e-02
5.95483e-02
6.00056e-02
6.05958e-02
6.15603e-02
6.28116e-02
6.42885e-02
6.60656e-02
6.82190e-02
7.05351e-02
7.27464e-02
7.47801e-02
7.65476e-02
7.79831e-02
7.91626e-02
8.01721e-02
8.07369e-02
8.08403e-02
8.05409e-02
7.97765e-02
7.86166e-02
7.69496e-02
7.47047e-02
7.21007e-02
6.95563e-02
6.71025e-02
6.45130e-02
6.19825e-02
5.98866e-02
5.81860e-02
5.67731e-02
5.55591e-02
5.45946e-02
5.41683e-02
5.43202e-02
5.47996e-02
5.52509e-02
5.58152e-02
5.67320e-02
5.76993e-02
5.82984e-02
5.82960e-02
5.78044e-02
5.70238e-02
5.58857e-02
5.42241e-02
5.20801e-02
4.98494e-02
4.76436e-02
4.50757e-02
4.18645e-02
3.81231e-02
3.42949e-02
3.08424e-02
2.77612e-02
2.47922e-02
2.20024e-02
1.95536e-02
1.73586e-02
1.54553e-02
1.39177e-02
1.27619e-02
1.19751e-02
1.13665e-02
1.08311e-02
1.02233e-02
9.41057e-03
8.59106e-03
7.92591e-03
7.28964e-03
6.65442e-03
5.84676e-03
4.63242e-03
2.90691e-03
8.61815e-04
-1.13446e-03
-3.08335e-03
-5.05916e-03
-7.14468e-03
-9.42370e-03
-1.16278e-02
-1.36123e-02
-1.53388e-02
-1.69411e-02
-1.84589e-02
-1.98198e-02
-2.10383e-02
-2.20213e-02
-2.29114e-02
-2.39587e-02
-2.50694e-02
-2.60509e-02
-2.68353e-02
-2.76876e-02
-2.87681e-02
-2.99241e-02
-3.09898e-02
-3.20656e-02
-3.35012e-02
-3.55125e-02
-3.79653e-02
-4.07108e-02
-4.39599e-02
-4.77908e-02
-5.19349e-02
-5.60021e-02
-5.98444e-02
-6.36195e-02
-6.75495e-02
-7.16503e-02
-7.56292e-02
-7.94033e-02
-8.32169e-02
-8.70922e-02
-9.06840e-02
-9.37623e-02
-9.63651e-02
-9.85521e-02
-1.00366e-01
-1.01426e-01
-1.01374e-01
-1.00461e-01
-9.92698e-02
-9.80455e-02
-9.65187e-02
-9.43726e-02
-9.17386e-02
-8.88138e-02
-8.57188e-02
-8.25702e-02
-7.93520e-02
-7.63055e-02
-7.36888e-02
-7.15985e-02
-6.99072e-02
-6.84550e-02
-6.75478e-02
-6.72398e-02
-6.73884e-02
-6.78529e-02
-6.83506e-02
-6.88569e-02
-6.94262e-02
-6.99643e-02
-7.03430e-02
-7.05833e-02
-7.07969e-02
-7.09086e-02
-7.06556e-02
-6.96992e-02
-6.79884e-02
-6.57479e-02
-6.33248e-02
-6.07991e-02
-5.78699e-02
-5.44713e-02
-5.07509e-02
-4.67249e-02
-4.23893e-02
-3.78612e-02
-3.33023e-02
-2.88360e-02
-2.44839e-02
-2.02034e-02
-1.59326e-02
-1.18973e-02
-8.45200e-03
-5.65260e-03
-3.44919e-03
-1.89070e-03
-1.03414e-03
-8.63164e-04
-1.28740e-03
-2.18310e-03
-3.47949e-03
-5.06321e-03
-6.90008e-03
-8.75159e-03
-1.02570e-02
-1.12126e-02
-1.16032e-02
-1.16144e-02
-1.14802e-02
-1.12925e-02
-1.10409e-02
-1.07847e-02
-1.04169e-02
-9.86108e-03
-9.27107e-03
-8.84310e-03
-8.67424e-03
-8.70840e-03
-8.81928e-03
-8.89802e-03
-8.91091e-03
-8.87616e-03
-8.74865e-03
-8.40620e-03
-7.87871e-03
-7.35280e-03
-6.75531e-03
-5.77264e-03
-4.38452e-03
-2.67636e-03
-7.64267e-04
1.37309e-03
3.82653e-03
6.70550e-03
9.89302e-03
1.30097e-02
1.61063e-02
1.97058e-02
2.40553e-02
2.88288e-02
3.38649e-02
3.90776e-02
4.44004e-02
4.99133e-02
5.55007e-02
6.09321e-02
6.61334e-02
7.10899e-02
7.57951e-02
8.01064e-02
8.38841e-02
8.71555e-02
8.99326e-02
9.24080e-02
9.46218e-02
9.63502e-02
9.77103e-02
9.88697e-02
9.97717e-02
1.00141e-01
9.97568e-02
9.87707e-02
9.73573e-02
9.55462e-02
9.31718e-02
9.01007e-02
8.65892e-02
8.29341e-02
7.91884e-02
7.52723e-02
7.11269e-02
6.68811e-02
6.28727e-02
5.92342e-02
5.57087e-02
5.19754e-02
4.79566e-02
4.38810e-02
3.97358e-02
3.54369e-02
3.10700e-02
2.66200e-02
2.21590e-02
1.79885e-02
1.42427e-02
1.09300e-02
8.16234e-03
5.76082e-03
3.40031e-03
9.64026e-04
-1.31329e-03
-3.28834e-03
-4.96960e-03
-6.26416e-03
-7.13667e-03
-7.57304e-03
-7.32388e-03
-6.31196e-03
-4.84854e-03
-3.29591e-03
-1.61967e-03
2.53204e-04
2.27049e-03
4.36898e-03
6.31992e-03
7.98624e-03
9.53498e-03
1.11293e-02
1.26728e-02
1.40095e-02
1.51388e-02
1.61099e-02
1.67348e-02
1.69778e-02
1.69192e-02
1.65797e-02
1.59813e-02
1.51813e-02
1.41831e-02
1.29257e-02
1.13114e-02
9.26003e-03
6.83339e-03
4.35560e-03
2.29763e-03
7.07185e-04
-5.48997e-04
-1.53953e-03
-2.28483e-03
-2.64625e-03
-2.49648e-03
-2.03096e-03
-1.55602e-03
-9.45513e-04
1.70660e-05
1.27359e-03
2.66860e-03
3.95261e-03
4.65790e-03
4.39047e-03
3.22452e-03
1.40520e-03
-8.29330e-04
-3.12080e-03
-5.49798e-03
-8.23176e-03
-1.14527e-02
-1.50353e-02
-1.88246e-02
-2.25954e-02
-2.62339e-02
-2.98936e-02
-3.35890e-02
-3.68418e-02
-3.91794e-02
-4.06916e-02
-4.16610e-02
-4.21814e-02
-4.20981e-02
-4.11798e-02
-3.95288e-02
-3.75756e-02
-3.53981e-02
-3.26129e-02
-2.89899e-02
-2.48361e-02
-2.04732e-02
-1.60665e-02
-1.16723e-02
-7.48226e-03
-3.69441e-03
-5.43619e-04
1.89069e-03
3.74873e-03
4.96686e-03
5.30471e-03
4.70916e-03
3.51194e-03
2.17277e-03
9.37746e-04
-1.86384e-04
-1.21873e-03
-2.10141e-03
-2.60538e-03
-2.62252e-03
-2.22825e-03
-1.46441e-03
-4.06363e-04
8.55069e-04
2.37869e-03
4.20179e-03
6.02746e-03
7.63811e-03
9.05547e-03
1.01077e-02
1.06143e-02
1.06271e-02
1.02133e-02
9.50557e-03
8.72675e-03
7.96157e-03
7.21469e-03
6.43150e-03
5.50592e-03
4.29899e-03
2.87326e-03
1.54022e-03
3.94981e-04
-7.30937e-04
-1.86778e-03
-2.90545e-03
-3.69325e-03
-4.39979e-03
-5.13985e-03
-5.91297e-03
-6.60422e-03
-7.07390e-03
-7.26410e-03
-7.34028e-03
-7.47799e-03
-7.61748e-03
-7.60213e-03
-7.53059e-03
-7.64524e-03
-8.30192e-03
-9.50234e-03
-1.07742e-02
-1.18061e-02
-1.28110e-02
-1.39654e-02
-1.50734e-02
-1.60105e-02
-1.68577e-02
-1.76122e-02
-1.81792e-02
-1.83835e-02
-1.80236e-02
-1.69915e-02
-1.54100e-02
-1.32669e-02
-1.02952e-02
-6.37482e-03
-1.79245e-03
3.08447e-03
7.77612e-03
1.18924e-02
1.55060e-02
1.88590e-02
2.19328e-02
2.46577e-02
2.69160e-02
2.84260e-02
2.87544e-02
2.78546e-02
2.59885e-02
2.35585e-02
2.10013e-02
1.84177e-02
1.58314e-02
1.33935e-02
1.11427e-02
9.04162e-03
6.89642e-03
4.65538e-03
2.44433e-03
4.04343e-04
-1.24044e-03
-2.53076e-03
-3.53885e-03
-4.23882e-03
-4.51619e-03
-4.45327e-03
-4.32016e-03
-4.19450e-03
-3.95541e-03
-3.54448e-03
-3.09577e-03
-2.76984e-03
-2.64815e-03
-2.59135e-03
-2.35930e-03
-1.88521e-03
-1.35689e-03
-7.22712e-04
1.09889e-04
1.12479e-03
2.46268e-03
4.18942e-03
6.26039e-03
8.68923e-03
1.13523e-02
1.39318e-02
1.63518e-02
1.89461e-02
2.17850e-02
2.45732e-02
2.70775e-02
2.90764e-02
3.07801e-02
3.24822e-02
3.43195e-02
3.62423e-02
3.79595e-02
3.93694e-02
4.04543e-02
4.13363e-02
4.23165e-02
4.35251e-02
4.49238e-02
4.63767e-02
4.77734e-02
4.92580e-02
5.08989e-02
5.26002e-02
5.42917e-02
5.58655e-02
5.72863e-02
5.85008e-02
5.94284e-02
6.02420e-02
6.10527e-02
6.17598e-02
6.22078e-02
6.23513e-02
6.20191e-02
6.10073e-02
5.94703e-02
5.76540e-02
5.55467e-02
5.31622e-02
5.07275e-02
4.83186e-02
4.58353e-02
4.33176e-02
4.07727e-02
3.82230e-02
3.60088e-02
3.42885e-02
3.29119e-02
3.17587e-02
3.07251e-02
2.98736e-02
2.93118e-02
2.91707e-02
2.92425e-02
2.92672e-02
2.93174e-02
2.95011e-02
2.97847e-02
3.00511e-02
3.02006e-02
3.03956e-02
3.08115e-02
3.13452e-02
3.17912e-02
3.20104e-02
3.21851e-02
3.25500e-02
3.28698e-02
3.28403e-02
3.24785e-02
3.22023e-02
3.23723e-02
3.28903e-02
3.32669e-02
3.30235e-02
3.23140e-02
3.15613e-02
3.09589e-02
3.05309e-02
3.02611e-02
3.01190e-02
3.00687e-02
2.99830e-02
2.96730e-02
2.89751e-02
2.78773e-02
2.66108e-02
2.52386e-02
2.37725e-02
2.22596e-02
2.07821e-02
1.93029e-02
1.77585e-02
1.61972e-02
1.46089e-02
1.30692e-02
1.15355e-02
9.87102e-03
8.14794e-03
6.41395e-03
4.70967e-03
3.10718e-03
1.55828e-03
-9.89199e-06
-1.57602e-03
-3.15614e-03
-4.86525e-03
-6.60110e-03
-8.24091e-03
-9.68860e-03
-1.08942e-02
-1.18759e-02
-1.27248e-02
-1.34397e-02
-1.39440e-02
-1.41874e-02
-1.43936e-02
-1.47881e-02
-1.53049e-02
-1.57519e-02
-1.61505e-02
-1.66312e-02
-1.71275e-02
-1.77753e-02
-1.87528e-02
-2.00640e-02
-2.17267e-02
-2.35911e-02
-2.53279e-02
-2.68699e-02
-2.84911e-02
-3.03017e-02
-3.21680e-02
-3.39680e-02
-3.57464e-02
-3.76221e-02
-3.95716e-02
-4.15165e-02
-4.33684e-02
-4.52135e-02
-4.72287e-02
-4.95352e-02
-5.18346e-02
-5.37334e-02
-5.51246e-02
-5.61890e-02
-5.72096e-02
-5.81878e-02
-5.89381e-02
-5.92260e-02
-5.90241e-02
-5.84073e-02
-5.72910e-02
-5.56544e-02
-5.37679e-02
-5.19633e-02
-5.04259e-02
-4.90584e-02
-4.75651e-02
-4.60197e-02
-4.45968e-02
-4.33732e-02
-4.22607e-02
-4.12267e-02
-4.05048e-02
-4.02903e-02
-4.04766e-02
-4.08117e-02
-4.10506e-02
-4.14674e-02
-4.24316e-02
-4.38546e-02
-4.52867e-02
-4.65061e-02
-4.76280e-02
-4.87206e-02
-4.97921e-02
-5.07053e-02
-5.12079e-02
-5.11973e-02
-5.08609e-02
-5.03148e-02
-4.92905e-02
-4.76554e-02
-4.55843e-02
-4.32470e-02
-4.07842e-02
-3.83372e-02
-3.59152e-02
-3.34658e-02
-3.11220e-02
-2.89113e-02
-2.67357e-02
-2.46974e-02
-2.31019e-02
-2.19257e-02
-2.10555e-02
-2.02782e-02
-1.94762e-02
-1.86911e-02
-1.79309e-02
-1.71737e-02
-1.62973e-02
-1.53093e-02
-1.43707e-02
-1.34552e-02
-1.25602e-02
-1.17450e-02
-1.09061e-02
-9.93009e-03
-8.85031e-03
-7.85852e-03
-7.11340e-03
-6.70482e-03
-6.59174e-03
-6.29008e-03
-5.51945e-03
-4.42865e-03
-3.29556e-03
-2.13191e-03
-6.57692e-04
1.34483e-03
3.84749e-03
6.62247e-03
9.42097e-03
1.21911e-02
1.49927e-02
1.77267e-02
2.03640e-02
2.30828e-02
2.58100e-02
2.82373e-02
3.03149e-02
3.20993e-02
3.36713e-02
3.50036e-02
3.59175e-02
3.62558e-02
3.61391e-02
3.59306e-02
3.57607e-02
3.55220e-02
3.50414e-02
3.42000e-02
3.31082e-02
3.21502e-02
3.14219e-02
3.07570e-02
3.00724e-02
2.94848e-02
2.90285e-02
2.85156e-02
2.78134e-02
2.72761e-02
2.72369e-02
2.77271e-02
2.83932e-02
2.88900e-02
2.93125e-02
2.99343e-02
3.07517e-02
3.16923e-02
3.27102e-02
3.38245e-02
3.49524e-02
3.60973e-02
3.71889e-02
3.79233e-02
3.82022e-02
3.79427e-02
3.71746e-02
3.60131e-02
3.45644e-02
3.29291e-02
3.11938e-02
2.93356e-02
2.70754e-02
2.42409e-02
2.10654e-02
1.79083e-02
1.50261e-02
1.23390e-02
9.73648e-03
7.20575e-03
4.79665e-03
2.53657e-03
3.88818e-04
-1.53481e-03
-3.08943e-03
-4.14844e-03
-4.93852e-03
-5.84561e-03
-6.78998e-03
-7.52568e-03
-7.87213e-03
-7.78370e-03
-7.56039e-03
-7.41255e-03
-7.34502e-03
-7.30732e-03
-7.35094e-03
-7.44638e-03
-7.37743e-03
-6.88577e-03
-5.89753e-03
-4.63686e-03
-3.30927e-03
-1.94363e-03
-4.73867e-04
1.23152e-03
3.12540e-03
5.07223e-03
7.12004e-03
9.17463e-03
1.10691e-02
1.26785e-02
1.39384e-02
1.49065e-02
1.56295e-02
1.61737e-02
1.66143e-02
1.69305e-02
1.72744e-02
1.76109e-02
1.77043e-02
1.78046e-02
1.82248e-02
1.88927e-02
1.96073e-02
2.02785e-02
2.08520e-02
2.13455e-02
2.19580e-02
2.27648e-02
2.35476e-02
2.42428e-02
2.47911e-02
2.49773e-02
2.45834e-02
2.35966e-02
2.22158e-02
2.05401e-02
1.86320e-02
1.64570e-02
1.37671e-02
1.06286e-02
7.26908e-03
3.78422e-03
1.79699e-04
-3.48520e-03
-6.94456e-03
-9.93737e-03
-1.22226e-02
-1.39295e-02
-1.52693e-02
-1.59746e-02
-1.58120e-02
-1.50790e-02
-1.42027e-02
-1.34300e-02
-1.26685e-02
-1.15775e-02
-1.00294e-02
-8.31856e-03
-6.63662e-03
-4.88271e-03
-3.11383e-03
-1.69957e-03
-9.09296e-04
-7.42584e-04
-9.29431e-04
-1.26531e-03
-1.79880e-03
-2.81764e-03
-4.44972e-03
-6.42280e-03
-8.50089e-03
-1.08256e-02
-1.34038e-02
-1.60846e-02
-1.86318e-02
-2.08665e-02
-2.27534e-02
-2.44246e-02
-2.58545e-02
-2.69561e-02
-2.76822e-02
-2.83025e-02
-2.90930e-02
-3.00212e-02
-3.09864e-02
-3.18928e-02
-3.28187e-02
-3.38608e-02
-3.48909e-02
-3.56594e-02
-3.61061e-02
-3.63549e-02
-3.64127e-02
-3.62791e-02
-3.59532e-02
-3.54988e-02
-3.48233e-02
-3.37811e-02
-3.25023e-02
-3.09624e-02
-2.91610e-02
-2.73783e-02
-2.56291e-02
-2.38400e-02
-2.21585e-02
-2.08379e-02
-1.99210e-02
-1.91603e-02
-1.84556e-02
-1.77891e-02
-1.73893e-02
-1.74737e-02
-1.79052e-02
-1.85596e-02
-1.94873e-02
-2.06746e-02
-2.18691e-02
-2.28221e-02
-2.36984e-02
-2.47746e-02
-2.60410e-02
-2.72370e-02
-2.80350e-02
-2.85953e-02
-2.93193e-02
-3.02558e-02
-3.12172e-02
-3.19837e-02
-3.24064e-02
-3.25984e-02
-3.27563e-02
-3.28648e-02
-3.29109e-02
-3.31516e-02
-3.38020e-02
-3.47308e-02
-3.54794e-02
-3.57986e-02
-3.58947e-02
-3.60390e-02
-3.62980e-02
-3.64905e-02
-3.64318e-02
-3.61759e-02
-3.58824e-02
-3.56142e-02
-3.49933e-02
-3.37246e-02
-3.20382e-02
-3.01311e-02
-2.79718e-02
-2.56359e-02
-2.31508e-02
-2.05830e-02
-1.80633e-02
-1.56011e-02
-1.31522e-02
-1.07386e-02
-8.57846e-03
-6.72670e-03
-5.01233e-03
-3.20814e-03
-1.19587e-03
7.30946e-04
2.20119e-03
3.31173e-03
4.48590e-03
5.89982e-03
7.49360e-03
9.15261e-03
1.08185e-02
1.24819e-02
1.41717e-02
1.58891e-02
1.76366e-02
1.93876e-02
2.13089e-02
2.34257e-02
2.55987e-02
2.77327e-02
2.96390e-02
3.12406e-02
3.25778e-02
3.36092e-02
3.42497e-02
3.44095e-02
3.39746e-02
3.29034e-02
3.13275e-02
2.93954e-02
2.71890e-02
2.47602e-02
2.21006e-02
1.92259e-02
1.64641e-02
1.39958e-02
1.16598e-02
9.26240e-03
6.70832e-03
4.20757e-03
1.98363e-03
1.65624e-05
-1.59526e-03
-2.76992e-03
-3.58368e-03
-4.41885e-03
-5.48903e-03
-6.65233e-03
-7.63409e-03
-8.20745e-03
-8.35997e-03
-8.34472e-03
-8.25091e-03
-7.99950e-03
-7.65441e-03
-7.34038e-03
-7.07667e-03
-6.80654e-03
-6.29854e-03
-5.32755e-03
-4.12564e-03
-3.02910e-03
-2.01823e-03
-7.94176e-04
6.96048e-04
2.41100e-03
4.20662e-03
5.81822e-03
7.34030e-03
8.97629e-03
1.05322e-02
1.18341e-02
1.28967e-02
1.38069e-02
1.45804e-02
1.51230e-02
1.54711e-02
1.56472e-02
1.57072e-02
1.57037e-02
1.54196e-02
1.47895e-02
1.40415e-02
1.33042e-02
1.22522e-02
1.05824e-02
8.41735e-03
6.04156e-03
3.71707e-03
1.62171e-03
-3.11539e-04
-2.14618e-03
-3.68207e-03
-4.83786e-03
-5.84808e-03
-6.93151e-03
-8.01557e-03
-8.83789e-03
-9.23525e-03
-9.26159e-03
-9.28014e-03
-9.60335e-03
-9.96810e-03
-1.00037e-02
-9.67679e-03
-9.39780e-03
-9.54751e-03
-1.01418e-02
-1.09333e-02
-1.16491e-02
-1.23465e-02
-1.32710e-02
-1.44283e-02
-1.55702e-02
-1.66280e-02
-1.77358e-02
-1.89060e-02
-2.01373e-02
-2.14990e-02
-2.27597e-02
-2.39108e-02
-2.49884e-02
-2.58602e-02
-2.62914e-02
-2.62159e-02
-2.56661e-02
-2.47338e-02
-2.35405e-02
-2.22205e-02
-2.08739e-02
-1.95497e-02
-1.82518e-02
-1.67906e-02
-1.50314e-02
-1.31403e-02
-1.13673e-02
-9.86020e-03
-8.67466e-03
-7.73295e-03
-6.82620e-03
-5.69558e-03
-4.31935e-03
-2.90161e-03
-1.49311e-03
4.70424e-05
1.84773e-03
3.92961e-03
5.99648e-03
7.80215e-03
9.24953e-03
1.05478e-02
1.18393e-02
1.30262e-02
1.41212e-02
1.53698e-02
1.69843e-02
1.88259e-02
2.05342e-02
2.19391e-02
2.30919e-02
2.40921e-02
2.49340e-02
2.55108e-02
2.57699e-02
2.57791e-02
2.55840e-02
2.51586e-02
2.42348e-02
2.25970e-02
2.04536e-02
1.81949e-02
1.61392e-02
1.43607e-02
1.27552e-02
1.13315e-02
1.00437e-02
8.73271e-03
7.44938e-03
6.10005e-03
4.89608e-03
4.23478e-03
4.00184e-03
3.66398e-03
2.93712e-03
2.03311e-03
1.23744e-03
5.27259e-04
-3.64634e-04
-1.55937e-03
-2.81851e-03
-3.84367e-03
-4.67004e-03
-5.50416e-03
-6.36154e-03
-7.05981e-03
-7.35875e-03
-7.19274e-03
-6.78517e-03
-6.23653e-03
-5.42483e-03
-4.29576e-03
-3.09928e-03
-1.93572e-03
-6.40651e-04
1.06837e-03
3.21489e-03
5.34999e-03
7.22307e-03
8.89450e-03
1.04425e-02
1.18209e-02
1.28931e-02
1.35122e-02
1.37940e-02
1.39534e-02
1.41080e-02
1.41706e-02
1.40404e-02
1.37774e-02
1.35214e-02
1.32915e-02
1.29528e-02
1.23889e-02
1.16775e-02
1.10662e-02
1.07283e-02
1.06754e-02
1.06897e-02
1.05653e-02
1.01377e-02
9.40794e-03
8.66727e-03
8.08868e-03
7.70497e-03
7.40346e-03
7.07557e-03
6.67104e-03
6.20748e-03
5.81372e-03
5.32708e-03
4.57127e-03
3.73890e-03
3.10507e-03
3.01199e-03
3.51437e-03
4.35472e-03
5.18435e-03
5.80157e-03
6.20795e-03
6.51974e-03
6.85954e-03
7.18292e-03
7.49886e-03
7.73033e-03
7.68140e-03
7.32144e-03
6.84658e-03
6.39231e-03
5.75094e-03
4.60601e-03
3.02083e-03
1.27225e-03
-3.43832e-04
-1.64249e-03
-2.70923e-03
-3.82686e-03
-5.03157e-03
-6.14770e-03
-7.15974e-03
-8.25085e-03
-9.58990e-03
-1.10475e-02
-1.23024e-02
-1.34216e-02
-1.46863e-02
-1.63530e-02
-1.80812e-02
-1.94543e-02
-2.06042e-02
-2.17237e-02
-2.29766e-02
-2.42596e-02
-2.52601e-02
-2.58562e-02
-2.61501e-02
-2.61854e-02
-2.59192e-02
-2.53350e-02
-2.45875e-02
-2.38725e-02
-2.32161e-02
-2.26432e-02
-2.20479e-02
-2.14456e-02
-2.10397e-02
-2.08228e-02
-2.05055e-02
-2.00685e-02
-1.98126e-02
-1.96656e-02
-1.94273e-02
-1.89852e-02
-1.83149e-02
-1.75668e-02
-1.68947e-02
-1.61945e-02
-1.51451e-02
-1.37141e-02
-1.22600e-02
-1.08858e-02
-9.54209e-03
-8.24874e-03
-6.99051e-03
-5.65984e-03
-4.34246e-03
-3.14495e-03
-1.87902e-03
-4.90722e-04
8.99202e-04
2.46949e-03
4.22662e-03
5.93901e-03
7.61558e-03
9.27496e-03
1.08900e-02
1.24842e-02
1.40978e-02
1.55941e-02
1.69328e-02
1.83262e-02
1.97229e-02
2.09288e-02
2.17734e-02
2.23614e-02
2.29015e-02
2.32245e-02
2.31189e-02
2.26017e-02
2.17114e-02
2.05573e-02
1.90830e-02
1.70925e-02
1.46930e-02
1.19619e-02
8.77957e-03
5.05404e-03
1.03051e-03
-2.95846e-03
-6.86329e-03
-1.08033e-02
-1.49118e-02
-1.92013e-02
-2.33431e-02
-2.70455e-02
-3.04318e-02
-3.35352e-02
-3.64287e-02
-3.91354e-02
-4.15562e-02
-4.35439e-02
-4.50975e-02
-4.64402e-02
-4.77437e-02
-4.89163e-02
-4.98171e-02
-5.04903e-02
-5.10087e-02
-5.14606e-02
-5.18090e-02
-5.18399e-02
-5.16025e-02
-5.13579e-02
-5.11845e-02
-5.09435e-02
-5.04634e-02
-4.97859e-02
-4.88108e-02
-4.74047e-02
-4.56404e-02
-4.36118e-02
-4.17278e-02
-4.01564e-02
-3.86403e-02
-3.68033e-02
-3.46703e-02
-3.25419e-02
-3.04736e-02
-2.80819e-02
-2.52303e-02
-2.21849e-02
-1.95215e-02
-1.77310e-02
-1.67844e-02
-1.61129e-02
-1.51501e-02
-1.38348e-02
-1.22536e-02
-1.04798e-02
-8.71303e-03
-7.01746e-03
-5.46805e-03
-4.23339e-03
-3.22065e-03
-2.16491e-03
-9.17521e-04
4.94329e-04
2.12660e-03
3.99475e-03
6.07686e-03
8.36336e-03
1.06550e-02
1.26827e-02
1.45809e-02
1.66814e-02
1.91465e-02
2.18071e-02
2.45656e-02
2.73888e-02
3.01181e-02
3.28998e-02
3.57099e-02
3.84284e-02
4.10918e-02
4.37193e-02
4.62571e-02
4.84705e-02
5.04095e-02
5.24208e-02
5.46485e-02
5.69556e-02
5.91106e-02
6.09989e-02
6.24996e-02
6.35445e-02
6.43587e-02
6.52222e-02
6.62237e-02
6.72921e-02
6.82249e-02
6.89031e-02
6.93502e-02
6.95951e-02
6.96982e-02
6.96243e-02
6.93689e-02
6.89637e-02
6.84799e-02
6.78995e-02
6.69413e-02
6.55947e-02
6.41031e-02
6.23354e-02
6.00296e-02
5.72376e-02
5.41457e-02
5.10765e-02
4.82190e-02
4.54205e-02
4.25382e-02
3.96797e-02
3.70316e-02
3.45871e-02
3.22264e-02
2.98027e-02
2.75247e-02
2.56853e-02
2.42424e-02
2.29404e-02
2.16029e-02
2.03676e-02
1.94139e-02
1.86330e-02
1.77127e-02
1.65925e-02
1.54822e-02
1.45240e-02
1.38159e-02
1.31429e-02
1.22008e-02
1.10817e-02
9.87199e-03
8.47920e-03
6.95787e-03
5.32718e-03
3.72444e-03
2.40851e-03
1.26724e-03
6.64879e-05
-1.20634e-03
-2.35258e-03
-3.10061e-03
-3.55543e-03
-3.96764e-03
-4.56651e-03
-5.39203e-03
-6.18138e-03
-6.77119e-03
-7.23384e-03
-7.57981e-03
-7.72225e-03
-7.68166e-03
-7.62919e-03
-7.65606e-03
-7.66316e-03
-7.61173e-03
-7.24398e-03
-6.27065e-03
-4.86195e-03
-3.56584e-03
-2.72496e-03
-2.34222e-03
-2.16474e-03
-1.76860e-03
-9.20994e-04
2.57129e-04
1.48987e-03
2.64833e-03
3.67291e-03
4.49947e-03
5.20673e-03
5.72673e-03
6.02650e-03
6.28378e-03
6.53631e-03
6.66981e-03
6.65400e-03
6.53420e-03
6.32824e-03
6.03160e-03
5.82836e-03
5.77402e-03
5.75961e-03
5.62030e-03
5.03207e-03
3.85349e-03
2.44898e-03
1.34160e-03
8.34522e-04
7.62588e-04
8.61740e-04
9.14152e-04
6.12962e-04
-9.06221e-05
-8.95868e-04
-1.55771e-03
-2.08099e-03
-2.53412e-03
-2.90040e-03
-3.22326e-03
-3.63292e-03
-4.14723e-03
-4.62312e-03
-4.92194e-03
-5.01158e-03
-5.13161e-03
-5.50789e-03
-5.69515e-03
-5.30812e-03
-4.50482e-03
-3.62149e-03
-2.95192e-03
-2.43689e-03
-2.00031e-03
-1.45256e-03
-7.40812e-04
4.22246e-05
8.11558e-04
1.30750e-03
9.33716e-04
-4.00368e-04
-2.22887e-03
-3.92209e-03
-5.14877e-03
-6.12362e-03
-7.30996e-03
-8.91215e-03
-1.05715e-02
-1.18585e-02
-1.26711e-02
-1.31308e-02
-1.33725e-02
-1.34934e-02
-1.34590e-02
-1.33212e-02
-1.32529e-02
-1.32989e-02
-1.34281e-02
-1.35416e-02
-1.36875e-02
-1.39157e-02
-1.43596e-02
-1.50399e-02
-1.58247e-02
-1.66229e-02
-1.75819e-02
-1.87566e-02
-1.98570e-02
-2.07508e-02
-2.16345e-02
-2.26024e-02
-2.36471e-02
-2.46731e-02
-2.54445e-02
-2.59226e-02
-2.62978e-02
-2.67146e-02
-2.72135e-02
-2.77398e-02
-2.80615e-02
-2.79445e-02
-2.74291e-02
-2.65613e-02
-2.54405e-02
-2.43452e-02
-2.33089e-02
-2.22750e-02
-2.10533e-02
-1.96481e-02
-1.83317e-02
-1.70966e-02
-1.59010e-02
-1.47484e-02
-1.35963e-02
-1.24941e-02
-1.13903e-02
-1.01567e-02
-8.86466e-03
-7.74101e-03
-6.76130e-03
-5.62890e-03
-4.15458e-03
-2.63522e-03
-1.33533e-03
-2.91811e-04
5.96270e-04
1.44034e-03
2.48498e-03
3.85083e-03
5.43346e-03
7.10920e-03
8.71075e-03
1.00726e-02
1.12324e-02
1.22351e-02
1.29785e-02
1.33829e-02
1.34773e-02
1.33945e-02
1.32770e-02
1.30379e-02
1.23892e-02
1.11812e-02
9.58065e-03
7.98595e-03
6.42954e-03
4.69338e-03
2.65802e-03
3.79720e-04
-1.79569e-03
-3.70386e-03
-5.52863e-03
-7.55543e-03
-9.66415e-03
-1.15213e-02
-1.31515e-02
-1.48571e-02
-1.68383e-02
-1.89058e-02
-2.06919e-02
-2.18991e-02
-2.26156e-02
-2.33080e-02
-2.40318e-02
-2.44769e-02
-2.44386e-02
-2.40417e-02
-2.35170e-02
-2.27608e-02
-2.18233e-02
-2.05944e-02
-1.90937e-02
-1.73733e-02
-1.53014e-02
-1.27897e-02
-9.88278e-03
-6.93230e-03
-4.32207e-03
-2.05307e-03
2.85631e-04
2.88541e-03
5.62212e-03
8.24240e-03
1.05977e-02
1.28083e-02
1.48124e-02
1.65576e-02
1.82844e-02
2.01794e-02
2.22162e-02
2.43271e-02
2.62797e-02
2.78476e-02
2.91580e-02
3.05375e-02
3.21768e-02
3.38549e-02
3.54776e-02
3.69351e-02
3.81790e-02
3.92828e-02
4.01293e-02
4.06167e-02
4.10183e-02
4.13834e-02
4.15264e-02
4.13315e-02
4.09343e-02
4.05684e-02
4.02114e-02
3.99188e-02
3.96263e-02
3.92122e-02
3.88492e-02
3.87342e-02
3.88738e-02
3.91176e-02
3.93902e-02
3.96815e-02
3.99368e-02
4.01898e-02
4.04032e-02
4.05437e-02
4.08615e-02
4.14695e-02
4.21817e-02
4.27152e-02
4.30209e-02
4.31219e-02
4.30397e-02
4.28705e-02
4.27159e-02
4.24623e-02
4.19852e-02
4.13372e-02
4.06590e-02
4.01666e-02
3.98509e-02
3.94369e-02
3.84982e-02
3.71260e-02
3.57342e-02
3.43622e-02
3.29474e-02
3.15471e-02
3.02928e-02
2.92497e-02
2.84699e-02
2.76554e-02
2.64484e-02
2.50352e-02
2.36923e-02
2.25387e-02
2.15738e-02
2.08044e-02
2.03802e-02
2.02949e-02
2.03308e-02
2.02565e-02
1.98726e-02
1.94261e-02
1.92092e-02
1.91244e-02
1.89934e-02
1.88547e-02
1.88519e-02
1.89921e-02
1.91885e-02
1.92412e-02
1.90496e-02
1.87151e-02
1.82479e-02
1.74608e-02
1.64038e-02
1.52373e-02
1.41486e-02
1.32081e-02
1.22032e-02
1.08518e-02
9.10864e-03
7.32369e-03
5.57057e-03
3.71615e-03
1.65249e-03
-4.98114e-04
-2.38976e-03
-3.79622e-03
-4.91593e-03
-6.17801e-03
-7.78231e-03
-9.58358e-03
-1.12200e-02
-1.25619e-02
-1.37653e-02
-1.50044e-02
-1.62535e-02
-1.75917e-02
-1.90604e-02
-2.06005e-02
-2.21022e-02
-2.35060e-02
-2.49861e-02
-2.67995e-02
-2.87990e-02
-3.06200e-02
-3.22499e-02
-3.37895e-02
-3.51282e-02
-3.61320e-02
-3.68548e-02
-3.75607e-02
-3.84798e-02
-3.95878e-02
-4.05579e-02
-4.11173e-02
-4.13257e-02
-4.13273e-02
-4.12979e-02
-4.12982e-02
-4.14284e-02
-4.17026e-02
-4.21095e-02
-4.25724e-02
-4.29601e-02
-4.31738e-02
-4.33953e-02
-4.38140e-02
-4.44325e-02
-4.51150e-02
-4.58090e-02
-4.66988e-02
-4.78556e-02
-4.91436e-02
-5.03538e-02
-5.13731e-02
-5.23027e-02
-5.32221e-02
-5.39875e-02
-5.46284e-02
-5.52389e-02
-5.58510e-02
-5.66031e-02
-5.73268e-02
-5.76608e-02
-5.77421e-02
-5.78771e-02
-5.81674e-02
-5.82499e-02
-5.78755e-02
-5.72980e-02
-5.67495e-02
-5.63540e-02
-5.59623e-02
-5.52424e-02
-5.40862e-02
-5.26240e-02
-5.09160e-02
-4.90095e-02
-4.69404e-02
-4.48590e-02
-4.30648e-02
-4.16336e-02
-4.02927e-02
-3.87155e-02
-3.70268e-02
-3.54895e-02
-3.40421e-02
-3.22986e-02
-3.02317e-02
-2.83824e-02
-2.71675e-02
-2.66320e-02
-2.64720e-02
-2.61639e-02
-2.54712e-02
-2.45404e-02
-2.34025e-02
-2.19762e-02
-2.04469e-02
-1.91378e-02
-1.80816e-02
-1.70402e-02
-1.57566e-02
-1.42401e-02
-1.27363e-02
-1.12981e-02
-9.59970e-03
-7.35340e-03
-4.77834e-03
-2.20313e-03
4.08772e-04
3.06355e-03
5.85743e-03
8.79355e-03
1.15764e-02
1.41238e-02
1.65942e-02
1.91265e-02
2.16774e-02
2.39600e-02
2.59489e-02
2.77099e-02
2.91216e-02
3.03651e-02
3.15581e-02
3.26438e-02
3.34934e-02
3.41590e-02
3.46917e-02
3.49898e-02
3.51415e-02
3.52841e-02
3.54583e-02
3.56202e-02
3.56315e-02
3.54162e-02
3.50919e-02
3.48166e-02
3.46053e-02
3.42929e-02
3.38285e-02
3.31728e-02
3.22848e-02
3.13434e-02
3.05318e-02
2.98612e-02
2.92194e-02
2.85837e-02
2.79010e-02
2.73183e-02
2.71317e-02
2.70534e-02
2.66995e-02
2.60788e-02
2.54615e-02
2.50960e-02
2.50365e-02
2.51590e-02
2.53009e-02
2.53628e-02
2.53404e-02
2.51983e-02
2.49250e-02
2.47100e-02
2.46378e-02
2.46107e-02
2.44806e-02
2.41667e-02
2.37982e-02
2.35174e-02
2.34069e-02
2.31673e-02
2.25365e-02
2.17009e-02
2.10019e-02
2.06686e-02
2.05012e-02
2.01981e-02
1.97505e-02
1.93202e-02
1.90721e-02
1.89457e-02
1.87991e-02
1.86883e-02
1.87301e-02
1.88203e-02
1.87936e-02
1.86338e-02
1.84311e-02
1.83771e-02
1.84799e-02
1.83938e-02
1.78217e-02
1.69740e-02
1.62357e-02
1.56998e-02
1.52335e-02
1.47298e-02
1.41810e-02
1.36362e-02
1.32326e-02
1.29408e-02
1.25106e-02
1.18029e-02
1.09460e-02
9.88500e-03
8.58396e-03
7.27581e-03
6.23168e-03
5.29894e-03
4.20810e-03
2.85771e-03
1.26516e-03
-2.94162e-04
-1.59468e-03
-2.75489e-03
-4.00065e-03
-5.33021e-03
-6.50685e-03
-7.52879e-03
-8.41440e-03
-9.26378e-03
-1.01997e-02
-1.11387e-02
-1.19341e-02
-1.26066e-02
-1.31602e-02
-1.35670e-02
-1.37786e-02
-1.39202e-02
-1.40278e-02
-1.43016e-02
-1.49203e-02
-1.56876e-02
-1.63882e-02
-1.69890e-02
-1.74992e-02
-1.78856e-02
-1.81921e-02
-1.86658e-02
-1.92275e-02
-1.97062e-02
-2.01290e-02
-2.04486e-02
-2.08281e-02
-2.13765e-02
-2.19673e-02
-2.24058e-02
-2.27613e-02
-2.32040e-02
-2.35980e-02
-2.38401e-02
-2.39734e-02
-2.42230e-02
-2.48357e-02
-2.57053e-02
-2.65842e-02
-2.72678e-02
-2.77237e-02
-2.80554e-02
-2.82977e-02
-2.86334e-02
-2.91733e-02
-2.97718e-02
-3.02980e-02
-3.06211e-02
-3.04663e-02
-2.98189e-02
-2.90032e-02
-2.83086e-02
-2.74946e-02
-2.63287e-02
-2.50781e-02
-2.39748e-02
-2.31104e-02
-2.23934e-02
-2.15015e-02
-2.04108e-02
-1.93146e-02
-1.84570e-02
-1.76428e-02
-1.67708e-02
-1.61434e-02
-1.57340e-02
-1.53731e-02
-1.50132e-02
-1.46265e-02
-1.42238e-02
-1.38954e-02
-1.37058e-02
-1.34842e-02
-1.30513e-02
-1.25126e-02
-1.20694e-02
-1.18606e-02
-1.18647e-02
-1.18847e-02
-1.18284e-02
-1.17957e-02
-1.18307e-02
-1.19299e-02
-1.21138e-02
-1.24947e-02
-1.31211e-02
-1.40469e-02
-1.52216e-02
-1.64659e-02
-1.77753e-02
-1.92899e-02
-2.08520e-02
-2.20830e-02
-2.28973e-02
-2.36361e-02
-2.45883e-02
-2.56768e-02
-2.65664e-02
-2.71116e-02
-2.73863e-02
-2.75054e-02
-2.74724e-02
-2.70140e-02
-2.62089e-02
-2.55613e-02
-2.50729e-02
-2.45335e-02
-2.39380e-02
-2.34391e-02
-2.31654e-02
-2.31289e-02
-2.32190e-02
-2.33231e-02
-2.33663e-02
-2.34401e-02
-2.35511e-02
-2.36806e-02
-2.40298e-02
-2.46751e-02
-2.52213e-02
-2.52772e-02
-2.48864e-02
-2.43612e-02
-2.39223e-02
-2.35182e-02
-2.30025e-02
-2.22809e-02
-2.14710e-02
-2.05648e-02
-1.93620e-02
-1.79722e-02
-1.65244e-02
-1.49728e-02
-1.33857e-02
-1.17564e-02
-1.00064e-02
-8.15955e-03
-6.36975e-03
-4.77389e-03
-3.13886e-03
-1.37330e-03
2.55971e-04
1.79582e-03
3.32387e-03
4.77189e-03
6.28941e-03
7.83199e-03
9.08970e-03
9.88755e-03
1.04646e-02
1.10752e-02
1.17827e-02
1.24879e-02
1.29970e-02
1.32207e-02
1.32113e-02
1.31020e-02
1.29274e-02
1.26715e-02
1.24892e-02
1.23465e-02
1.19995e-02
1.14981e-02
1.10273e-02
1.05795e-02
1.01445e-02
9.42626e-03
8.16223e-03
6.39514e-03
4.38064e-03
2.57284e-03
1.04890e-03
-2.40411e-04
-1.20066e-03
-1.83106e-03
-2.22402e-03
-2.52941e-03
-2.86746e-03
-3.18902e-03
-3.41983e-03
-3.59508e-03
-3.90028e-03
-4.28256e-03
-4.53431e-03
-4.47854e-03
-4.11627e-03
-3.75439e-03
-3.67238e-03
-3.95471e-03
-4.39953e-03
-4.75088e-03
-4.97489e-03
-4.98720e-03
-4.88020e-03
-4.73872e-03
-4.48518e-03
-4.08738e-03
-3.67435e-03
-3.29034e-03
-2.85841e-03
-2.17471e-03
-1.15965e-03
1.35175e-04
1.46390e-03
2.72055e-03
4.07212e-03
5.46123e-03
6.67575e-03
7.79674e-03
9.01366e-03
1.03044e-02
1.15411e-02
1.26046e-02
1.34917e-02
1.41962e-02
1.48340e-02
1.55194e-02
1.61349e-02
1.67194e-02
1.73304e-02
1.78797e-02
1.82431e-02
1.84660e-02
1.85808e-02
1.85553e-02
1.85199e-02
1.86146e-02
1.87314e-02
1.87112e-02
1.85386e-02
1.83258e-02
1.81778e-02
1.82248e-02
1.82298e-02
1.78717e-02
1.72445e-02
1.66338e-02
1.61159e-02
1.55111e-02
1.47231e-02
1.38540e-02
1.31690e-02
1.26479e-02
1.19751e-02
1.10395e-02
1.01018e-02
9.46339e-03
9.07453e-03
8.60517e-03
7.96209e-03
7.30883e-03
6.87680e-03
6.73647e-03
6.72662e-03
6.62649e-03
6.59114e-03
6.82842e-03
7.28302e-03
7.90034e-03
8.62238e-03
9.06523e-03
8.96980e-03
8.47603e-03
7.94350e-03
7.64053e-03
7.88335e-03
8.80740e-03
1.00657e-02
1.11186e-02
1.18127e-02
1.23001e-02
1.27553e-02
1.32575e-02
1.37017e-02
1.41527e-02
1.49543e-02
1.60160e-02
1.66364e-02
1.64349e-02
1.56554e-02
1.48544e-02
1.44196e-02
1.43210e-02
1.42015e-02
1.38653e-02
1.33945e-02
1.30076e-02
1.26543e-02
1.21195e-02
1.13912e-02
1.06158e-02
9.68738e-03
8.57221e-03
7.36354e-03
6.22096e-03
5.40270e-03
4.92833e-03
4.49012e-03
3.85713e-03
3.15490e-03
2.61654e-03
2.30564e-03
2.19440e-03
2.45801e-03
3.19185e-03
4.35761e-03
5.67437e-03
6.80130e-03
7.72765e-03
8.62626e-03
9.50371e-03
1.02820e-02
1.08863e-02
1.12431e-02
1.13704e-02
1.13515e-02
1.13784e-02
1.16618e-02
1.21940e-02
1.27459e-02
1.31032e-02
1.31978e-02
1.31202e-02
1.30025e-02
1.29415e-02
1.29459e-02
1.29851e-02
1.29273e-02
1.26976e-02
1.22940e-02
1.16310e-02
1.07504e-02
1.00207e-02
9.48154e-03
8.92662e-03
8.27886e-03
7.58860e-03
7.05688e-03
6.79032e-03
6.76778e-03
6.68869e-03
6.31566e-03
5.93006e-03
5.82237e-03
5.93469e-03
6.11192e-03
6.20179e-03
6.27346e-03
6.43160e-03
6.66489e-03
6.79049e-03
6.67715e-03
6.47865e-03
6.34329e-03
6.07126e-03
5.52654e-03
4.68823e-03
3.69466e-03
2.77707e-03
1.90816e-03
7.94981e-04
-7.03537e-04
-2.25856e-03
-3.48859e-03
-4.47435e-03
-5.52388e-03
-6.62832e-03
-7.71406e-03
-8.85173e-03
-1.00014e-02
-1.10909e-02
-1.21612e-02
-1.31017e-02
-1.40219e-02
-1.51085e-02
-1.63327e-02
-1.74532e-02
-1.81944e-02
-1.85591e-02
-1.89190e-02
-1.96962e-02
-2.09739e-02
-2.23701e-02
-2.36528e-02
-2.48595e-02
-2.59166e-02
-2.66684e-02
-2.70286e-02
-2.70642e-02
-2.69444e-02
-2.68253e-02
-2.67852e-02
-2.68132e-02
-2.69501e-02
-2.72147e-02
-2.75146e-02
-2.78220e-02
-2.81475e-02
-2.84245e-02
-2.86055e-02
-2.86627e-02
-2.86430e-02
-2.84194e-02
-2.80079e-02
-2.75556e-02
-2.70676e-02
-2.63962e-02
-2.54328e-02
-2.42755e-02
-2.30278e-02
-2.15895e-02
-1.99443e-02
-1.81423e-02
-1.62977e-02
-1.45755e-02
-1.28928e-02
-1.11053e-02
-9.37297e-03
-7.81886e-03
-6.31110e-03
-4.81013e-03
-3.40869e-03
-2.04544e-03
-6.12610e-04
9.66281e-04
2.68436e-03
4.29409e-03
5.61477e-03
6.77189e-03
8.10613e-03
9.48437e-03
1.04842e-02
1.08775e-02
1.08667e-02
1.09884e-02
1.15427e-02
1.23255e-02
1.28879e-02
1.30237e-02
1.29239e-02
1.28036e-02
1.27996e-02
1.28810e-02
1.29802e-02
1.30255e-02
1.30211e-02
1.29851e-02
1.29605e-02
1.29507e-02
1.29617e-02
1.29706e-02
1.29795e-02
1.29755e-02
1.29742e-02
1.29700e-02
1.30581e-02
1.32049e-02
1.32721e-02
1.33882e-02
1.37304e-02
1.42061e-02
1.46328e-02
1.49373e-02
1.52796e-02
1.57192e-02
1.63377e-02
1.69360e-02
1.71739e-02
1.72819e-02
1.77288e-02
1.84791e-02
1.91450e-02
1.95290e-02
1.96997e-02
1.98507e-02
2.01373e-02
2.03959e-02
2.05313e-02
2.06808e-02
2.11372e-02
2.17855e-02
2.22042e-02
2.24848e-02
2.29248e-02
2.35142e-02
2.41527e-02
2.47017e-02
2.50540e-02
2.51857e-02
2.52579e-02
2.53354e-02
2.52658e-02
2.50473e-02
2.47826e-02
2.42398e-02
2.32354e-02
2.18170e-02
2.04066e-02
1.94393e-02
1.89918e-02
1.88436e-02
1.86987e-02
1.85627e-02
1.84751e-02
1.83884e-02
1.83859e-02
1.85337e-02
1.87759e-02
1.89917e-02
1.91934e-02
1.94339e-02
1.97718e-02
2.01972e-02
2.06714e-02
2.11453e-02
2.16812e-02
2.23440e-02
2.30587e-02
2.38059e-02
2.44849e-02
2.49723e-02
2.52845e-02
2.55379e-02
2.56634e-02
2.55931e-02
2.54671e-02
2.56572e-02
2.62956e-02
2.71991e-02
2.81438e-02
2.89230e-02
2.93878e-02
2.95390e-02
2.91429e-02
2.80151e-02
2.65314e-02
2.51063e-02
2.36556e-02
2.17282e-02
1.92080e-02
1.65532e-02
1.43820e-02
1.28023e-02
1.12857e-02
9.43634e-03
7.44218e-03
5.43407e-03
3.38548e-03
1.08760e-03
-1.50458e-03
-4.01676e-03
-6.54106e-03
-9.35167e-03
-1.27764e-02
-1.67391e-02
-2.04387e-02
-2.33761e-02
-2.58776e-02
-2.84168e-02
-3.11104e-02
-3.38037e-02
-3.62865e-02
-3.85169e-02
-4.04903e-02
-4.23807e-02
-4.41523e-02
-4.55955e-02
-4.68029e-02
-4.79291e-02
-4.86799e-02
-4.87964e-02
-4.84006e-02
-4.78711e-02
-4.75180e-02
-4.74473e-02
-4.73790e-02
-4.70467e-02
-4.65132e-02
-4.59330e-02
-4.51687e-02
-4.40555e-02
-4.26238e-02
-4.09766e-02
-3.93257e-02
-3.78134e-02
-3.62966e-02
-3.46736e-02
-3.30850e-02
-3.15512e-02
-2.98527e-02
-2.77916e-02
-2.53332e-02
-2.26352e-02
-1.99657e-02
-1.75191e-02
-1.50453e-02
-1.23542e-02
-9.54207e-03
-6.77017e-03
-4.03855e-03
-1.35244e-03
1.31105e-03
4.11841e-03
7.02669e-03
9.74062e-03
1.21177e-02
1.41150e-02
1.58637e-02
1.76858e-02
1.98263e-02
2.21433e-02
2.43814e-02
2.65301e-02
2.88131e-02
3.12486e-02
3.36356e-02
3.56856e-02
3.71068e-02
3.79778e-02
3.84742e-02
3.86718e-02
3.84938e-02
3.81062e-02
3.77193e-02
3.74189e-02
3.72427e-02
3.69980e-02
3.65195e-02
3.58551e-02
3.51554e-02
3.45682e-02
3.41107e-02
3.38243e-02
3.34201e-02
3.26024e-02
3.14125e-02
3.02059e-02
2.92856e-02
2.86514e-02
2.80151e-02
2.71269e-02
2.60102e-02
2.50167e-02
2.44357e-02
2.41351e-02
2.38938e-02
2.33660e-02
2.22417e-02
2.06460e-02
1.89008e-02
1.73068e-02
1.60412e-02
1.52561e-02
1.49373e-02
1.47616e-02
1.44969e-02
1.40552e-02
1.35150e-02
1.30648e-02
1.28298e-02
1.28027e-02
1.28838e-02
1.29604e-02
1.28104e-02
1.22271e-02
1.13645e-02
1.04858e-02
9.80506e-03
9.17091e-03
8.27825e-03
7.11926e-03
5.95765e-03
5.14810e-03
4.56232e-03
3.73529e-03
2.56499e-03
1.40125e-03
5.49637e-04
-9.18530e-05
-8.08641e-04
-1.63684e-03
-2.36670e-03
-2.71011e-03
-2.66064e-03
-2.67295e-03
-3.15781e-03
-4.23097e-03
-5.60102e-03
-6.82322e-03
-7.72374e-03
-8.38650e-03
-8.93476e-03
-9.36159e-03
-9.79786e-03
-1.04391e-02
-1.11486e-02
-1.16988e-02
-1.20371e-02
-1.21733e-02
-1.22852e-02
-1.24995e-02
-1.27837e-02
-1.29317e-02
-1.28116e-02
-1.25066e-02
-1.21207e-02
-1.15498e-02
-1.07742e-02
-9.83901e-03
-8.76835e-03
-7.58628e-03
-6.23578e-03
-4.87077e-03
-3.81686e-03
-3.18991e-03
-2.79092e-03
-2.25027e-03
-1.41810e-03
-4.62578e-04
5.49864e-04
1.52261e-03
2.44367e-03
3.40076e-03
4.31447e-03
5.08058e-03
5.73078e-03
6.20139e-03
6.37992e-03
6.39620e-03
6.44638e-03
6.50371e-03
6.36214e-03
5.96119e-03
5.47263e-03
5.19388e-03
5.19597e-03
4.93862e-03
3.85234e-03
1.94972e-03
-3.46391e-04
-2.46687e-03
-4.29837e-03
-5.92993e-03
-7.36892e-03
-8.76887e-03
-1.01561e-02
-1.16341e-02
-1.33071e-02
-1.50689e-02
-1.66512e-02
-1.80641e-02
-1.94402e-02
-2.07733e-02
-2.19773e-02
-2.29997e-02
-2.37825e-02
-2.45213e-02
-2.54977e-02
-2.65246e-02
-2.73007e-02
-2.78128e-02
-2.81659e-02
-2.84259e-02
-2.85979e-02
-2.86823e-02
-2.86943e-02
-2.88450e-02
-2.92829e-02
-2.96871e-02
-2.96940e-02
-2.95842e-02
-2.98045e-02
-3.02816e-02
-3.06707e-02
-3.06003e-02
-2.99835e-02
-2.94382e-02
-2.94470e-02
-2.98791e-02
-3.01989e-02
-3.01584e-02
-3.00163e-02
-2.97982e-02
-2.94519e-02
-2.89541e-02
-2.83832e-02
-2.79104e-02
-2.75644e-02
-2.70244e-02
-2.60993e-02
-2.52337e-02
-2.47502e-02
-2.43832e-02
-2.38449e-02
-2.30087e-02
-2.17157e-02
-2.01344e-02
-1.85879e-02
-1.73342e-02
-1.65779e-02
-1.63013e-02
-1.61645e-02
-1.57372e-02
-1.49064e-02
-1.38080e-02
-1.25222e-02
-1.10675e-02
-9.72482e-03
-8.70766e-03
-8.09075e-03
-7.73387e-03
-7.45770e-03
-7.20535e-03
-7.01378e-03
-6.91370e-03
-6.81791e-03
-6.52992e-03
-6.03790e-03
-5.51847e-03
-5.17647e-03
-5.06912e-03
-5.13316e-03
-5.15058e-03
-5.06442e-03
-4.90989e-03
-4.61090e-03
-4.17791e-03
-3.75187e-03
-3.46838e-03
-3.29183e-03
-3.09335e-03
-2.78663e-03
-2.18560e-03
-1.49025e-03
-9.39683e-04
-4.35487e-04
7.68410e-05
5.37488e-04
8.39096e-04
9.50310e-04
1.00546e-03
1.16475e-03
1.40581e-03
1.63803e-03
1.77092e-03
2.14211e-03
3.03892e-03
4.17269e-03
5.09360e-03
5.50753e-03
5.48058e-03
5.24757e-03
5.05729e-03
4.73897e-03
4.09107e-03
3.27362e-03
2.42820e-03
1.37729e-03
2.63013e-04
-4.65157e-04
-6.44099e-04
-4.15846e-04
-9.28581e-05
1.03827e-04
2.04277e-04
4.37514e-04
8.76747e-04
1.29020e-03
1.50085e-03
1.65568e-03
1.81400e-03
1.90349e-03
1.97233e-03
2.03419e-03
2.09340e-03
2.48517e-03
3.26793e-03
4.07044e-03
4.64436e-03
4.96144e-03
5.08791e-03
5.12537e-03
5.13312e-03
5.14566e-03
5.15906e-03
5.34097e-03
5.63534e-03
5.75290e-03
5.71567e-03
5.68393e-03
5.75399e-03
5.89350e-03
6.02455e-03
6.08759e-03
6.17234e-03
6.45654e-03
6.87307e-03
7.25215e-03
7.71977e-03
8.35614e-03
9.02125e-03
9.58590e-03
1.01044e-02
1.06040e-02
1.11945e-02
1.19150e-02
1.25861e-02
1.31080e-02
1.35712e-02
1.40391e-02
1.44539e-02
1.48087e-02
1.52257e-02
1.57284e-02
1.63711e-02
1.72267e-02
1.82387e-02
1.93727e-02
2.06762e-02
2.20032e-02
2.30382e-02
2.35750e-02
2.38259e-02
2.39604e-02
2.39936e-02
2.40394e-02
2.40132e-02
2.39424e-02
2.39265e-02
2.39088e-02
2.34354e-02
2.22014e-02
2.05739e-02
1.89532e-02
1.74915e-02
1.63519e-02
1.55596e-02
1.50500e-02
1.46785e-02
1.42373e-02
1.36004e-02
1.27707e-02
1.19202e-02
1.11249e-02
1.02006e-02
9.14212e-03
8.11407e-03
7.30524e-03
6.76167e-03
6.31079e-03
5.75708e-03
5.09670e-03
4.60227e-03
4.41133e-03
4.22977e-03
3.96352e-03
3.82503e-03
3.88379e-03
4.08706e-03
4.10641e-03
3.73869e-03
3.14224e-03
2.79089e-03
2.83007e-03
2.87344e-03
2.73819e-03
2.52710e-03
2.39263e-03
2.39644e-03
2.48878e-03
2.58515e-03
2.63206e-03
2.79446e-03
3.05555e-03
3.06074e-03
2.78838e-03
2.47689e-03
2.59155e-03
3.34477e-03
4.37112e-03
5.10063e-03
5.02972e-03
4.36702e-03
3.60411e-03
2.89575e-03
2.40380e-03
2.13834e-03
1.98077e-03
1.85971e-03
1.76032e-03
1.69450e-03
1.58561e-03
1.35588e-03
9.86541e-04
3.44919e-04
-6.13320e-04
-1.67315e-03
-2.48643e-03
-2.96380e-03
-3.38581e-03
-4.17385e-03
-5.41784e-03
-6.87450e-03
-8.19920e-03
-9.32449e-03
-1.00957e-02
-1.05829e-02
-1.11698e-02
-1.20139e-02
-1.29889e-02
-1.38457e-02
-1.46318e-02
-1.54094e-02
-1.61661e-02
-1.68293e-02
-1.72761e-02
-1.75541e-02
-1.77808e-02
-1.79033e-02
-1.77456e-02
-1.73877e-02
-1.70133e-02
-1.67003e-02
-1.63352e-02
-1.56948e-02
-1.47783e-02
-1.38803e-02
-1.33105e-02
-1.29614e-02
-1.25991e-02
-1.19109e-02
-1.10968e-02
-1.04350e-02
-9.96357e-03
-9.50975e-03
-8.90693e-03
-8.35864e-03
-8.03246e-03
-7.63277e-03
-6.89366e-03
-5.99104e-03
-5.25941e-03
-4.83157e-03
-4.52273e-03
-4.16710e-03
-3.78515e-03
-3.48726e-03
-3.34891e-03
-3.17916e-03
-2.77935e-03
-2.24718e-03
-1.79356e-03
-1.57137e-03
-1.56500e-03
-1.49433e-03
-1.11985e-03
-7.35325e-04
-7.05359e-04
-7.89207e-04
-5.50452e-04
-7.57182e-05
4.01918e-04
7.33524e-04
8.83812e-04
8.97789e-04
8.64146e-04
7.46566e-04
5.13624e-04
2.33007e-04
9.76083e-05
-3.11727e-05
-4.37014e-04
-1.03873e-03
-1.68910e-03
-2.23343e-03
-2.65761e-03
-3.01129e-03
-3.28937e-03
-3.46370e-03
-3.61985e-03
-3.93681e-03
-4.60969e-03
-5.58948e-03
-6.60540e-03
-7.50520e-03
-8.27341e-03
-9.09406e-03
-1.00190e-02
-1.08469e-02
-1.14517e-02
-1.20135e-02
-1.26920e-02
-1.33765e-02
-1.41311e-02
-1.50373e-02
-1.58918e-02
-1.65652e-02
-1.71016e-02
-1.75839e-02
-1.79664e-02
-1.82941e-02
-1.85164e-02
-1.86406e-02
-1.87554e-02
-1.90567e-02
-1.94679e-02
-1.96601e-02
-1.95555e-02
-1.92684e-02
-1.89270e-02
-1.85786e-02
-1.83095e-02
-1.80679e-02
-1.78795e-02
-1.78372e-02
-1.77601e-02
-1.75263e-02
-1.72837e-02
-1.71398e-02
-1.70565e-02
-1.67243e-02
-1.60405e-02
-1.51561e-02
-1.44231e-02
-1.40449e-02
-1.37572e-02
-1.32832e-02
-1.26827e-02
-1.20754e-02
-1.14046e-02
-1.04464e-02
-9.26071e-03
-7.93389e-03
-6.59558e-03
-5.37858e-03
-4.25714e-03
-3.22633e-03
-2.17820e-03
-1.03712e-03
2.18740e-04
1.72133e-03
3.36101e-03
4.88771e-03
6.03131e-03
6.63674e-03
7.12780e-03
7.86736e-03
8.75934e-03
9.48614e-03
9.83463e-03
9.91436e-03
9.97712e-03
1.01183e-02
1.02222e-02
1.01300e-02
9.97384e-03
9.85949e-03
9.76967e-03
9.69033e-03
9.70496e-03
9.88848e-03
1.00729e-02
1.00700e-02
9.71529e-03
9.18132e-03
8.89808e-03
8.71332e-03
8.31856e-03
7.71643e-03
7.13961e-03
6.70871e-03
6.32806e-03
5.89969e-03
5.40706e-03
4.71428e-03
4.01191e-03
3.41279e-03
2.71013e-03
2.00256e-03
1.44519e-03
1.08557e-03
8.33313e-04
6.42683e-04
5.09052e-04
1.77483e-04
-2.79051e-04
-7.06844e-04
-1.11525e-03
-1.26848e-03
-1.00932e-03
-4.96755e-04
6.99916e-05
5.52006e-04
8.55023e-04
9.77187e-04
1.06284e-03
1.25412e-03
1.51958e-03
1.84365e-03
2.28950e-03
2.91849e-03
3.72432e-03
4.63579e-03
5.56922e-03
6.47255e-03
7.42196e-03
8.41417e-03
9.32366e-03
1.02145e-02
1.11872e-02
1.21569e-02
1.29782e-02
1.37546e-02
1.46448e-02
1.57614e-02
1.70673e-02
1.83744e-02
1.95107e-02
2.03526e-02
2.07366e-02
2.07436e-02
2.06513e-02
2.08942e-02
2.16882e-02
2.26938e-02
2.34792e-02
2.37966e-02
2.38214e-02
2.38391e-02
2.39797e-02
2.41002e-02
2.41218e-02
2.42065e-02
2.43873e-02
2.44310e-02
2.42068e-02
2.36417e-02
2.28251e-02
2.20606e-02
2.15048e-02
2.09754e-02
2.03081e-02
1.96211e-02
1.90275e-02
1.84075e-02
1.75796e-02
1.65533e-02
1.54535e-02
1.45123e-02
1.38393e-02
1.34060e-02
1.31647e-02
1.30554e-02
1.28529e-02
1.23037e-02
1.14922e-02
1.07336e-02
1.02938e-02
1.02089e-02
1.02507e-02
1.01703e-02
1.00364e-02
1.01034e-02
1.03885e-02
1.05656e-02
1.05149e-02
1.03722e-02
1.02884e-02
1.02289e-02
1.00870e-02
9.87480e-03
9.67062e-03
9.54617e-03
9.26114e-03
8.59140e-03
7.83432e-03
7.20649e-03
6.71707e-03
6.28795e-03
5.76385e-03
5.14891e-03
4.44066e-03
3.65660e-03
2.91066e-03
2.18998e-03
1.55056e-03
8.20157e-04
-1.15920e-04
-1.12801e-03
-2.00040e-03
-2.53316e-03
-2.70475e-03
-2.73369e-03
-3.02605e-03
-3.90451e-03
-5.29959e-03
-6.83683e-03
-8.15482e-03
-9.05363e-03
-9.48622e-03
-9.83824e-03
-1.04682e-02
-1.12757e-02
-1.20423e-02
-1.26959e-02
-1.31392e-02
-1.33643e-02
-1.35857e-02
-1.39306e-02
-1.43286e-02
-1.48085e-02
-1.54072e-02
-1.59784e-02
-1.63663e-02
-1.65087e-02
-1.64757e-02
-1.65547e-02
-1.69593e-02
-1.74541e-02
-1.77168e-02
-1.76564e-02
-1.74974e-02
-1.75062e-02
-1.77062e-02
-1.79754e-02
-1.81629e-02
-1.85649e-02
-1.94580e-02
-2.05733e-02
-2.14783e-02
-2.19807e-02
-2.22784e-02
-2.25000e-02
-2.26094e-02
-2.26010e-02
-2.24255e-02
-2.22697e-02
-2.23024e-02
-2.24216e-02
-2.25196e-02
-2.26105e-02
-2.27004e-02
-2.26881e-02
-2.25034e-02
-2.20453e-02
-2.14253e-02
-2.09496e-02
-2.08693e-02
-2.10136e-02
-2.11073e-02
-2.10144e-02
-2.08103e-02
-2.03599e-02
-1.95741e-02
-1.86150e-02
-1.77338e-02
-1.71722e-02
-1.68872e-02
-1.65354e-02
-1.59011e-02
-1.53296e-02
-1.50498e-02
-1.48443e-02
-1.45253e-02
-1.40253e-02
-1.33497e-02
-1.26402e-02
-1.21006e-02
-1.17534e-02
-1.13284e-02
-1.08299e-02
-1.03816e-02
-9.77521e-03
-8.96352e-03
-8.14773e-03
-7.51255e-03
-7.16461e-03
-7.08438e-03
-6.88205e-03
-6.52657e-03
-6.28940e-03
-6.30997e-03
-6.34624e-03
-6.10774e-03
-5.63679e-03
-5.07888e-03
-4.65855e-03
-4.56224e-03
-4.63622e-03
-4.73278e-03
-4.83061e-03
-4.91991e-03
-4.90708e-03
-4.71829e-03
-4.43710e-03
-4.10998e-03
-3.84759e-03
-3.78937e-03
-3.82002e-03
-3.76915e-03
-3.68586e-03
-3.63297e-03
-3.55536e-03
-3.54663e-03
-3.59321e-03
-3.59033e-03
-3.50546e-03
-3.38440e-03
-3.28747e-03
-3.25552e-03
-3.35530e-03
-3.62581e-03
-3.94635e-03
-4.44818e-03
-5.07114e-03
-5.47144e-03
-5.78539e-03
-6.28888e-03
-7.02057e-03
-7.91563e-03
-8.75731e-03
-9.50313e-03
-1.01988e-02
-1.08497e-02
-1.14327e-02
-1.17592e-02
-1.18097e-02
-1.17673e-02
-1.17610e-02
-1.18300e-02
-1.19209e-02
-1.19854e-02
-1.19979e-02
-1.20636e-02
-1.21800e-02
-1.21399e-02
-1.19314e-02
-1.17497e-02
-1.17017e-02
-1.17883e-02
-1.18202e-02
-1.16618e-02
-1.11951e-02
-1.04523e-02
-9.62846e-03
-8.82936e-03
-8.15817e-03
-7.70900e-03
-7.41916e-03
-6.99231e-03
-6.28722e-03
-5.43016e-03
-4.63553e-03
-4.12936e-03
-3.86311e-03
-3.68142e-03
-3.49752e-03
-3.24716e-03
-2.81526e-03
-2.25305e-03
-1.56246e-03
-7.87412e-04
-3.25449e-05
6.02917e-04
1.10093e-03
1.58871e-03
2.11477e-03
2.57779e-03
3.04367e-03
3.68577e-03
4.46451e-03
5.05936e-03
5.30272e-03
5.23517e-03
5.04613e-03
5.07737e-03
5.34080e-03
5.60095e-03
5.77980e-03
6.01971e-03
6.40580e-03
6.83384e-03
7.15057e-03
7.19032e-03
7.01799e-03
6.96189e-03
7.20445e-03
7.80450e-03
8.74409e-03
9.75257e-03
1.05978e-02
1.11744e-02
1.16441e-02
1.21961e-02
1.27641e-02
1.31900e-02
1.33763e-02
1.33624e-02
1.33493e-02
1.35015e-02
1.36897e-02
1.37145e-02
1.35571e-02
1.33269e-02
1.31644e-02
1.31150e-02
1.31566e-02
1.31281e-02
1.30135e-02
1.27691e-02
1.22499e-02
1.15360e-02
1.09710e-02
1.08271e-02
1.12219e-02
1.20319e-02
1.28552e-02
1.33729e-02
1.34938e-02
1.31013e-02
1.19537e-02
1.01823e-02
8.36228e-03
7.02641e-03
6.24672e-03
5.92974e-03
5.86557e-03
5.79855e-03
5.65995e-03
5.22885e-03
4.32370e-03
3.17001e-03
2.28364e-03
1.84062e-03
1.53607e-03
1.22266e-03
9.84664e-04
8.94262e-04
9.44938e-04
7.88476e-04
1.66798e-04
-6.95861e-04
-1.24926e-03
-1.29172e-03
-1.15474e-03
-1.09075e-03
-1.20228e-03
-1.20754e-03
-8.78904e-04
-3.20682e-04
1.89320e-04
5.44558e-04
8.74136e-04
1.19772e-03
1.37969e-03
1.47712e-03
1.68933e-03
2.27513e-03
3.21278e-03
4.14863e-03
4.83507e-03
5.24105e-03
5.58999e-03
6.02525e-03
6.38378e-03
6.73655e-03
7.18503e-03
7.84027e-03
8.67864e-03
9.44540e-03
1.00057e-02
1.04608e-02
1.10750e-02
1.18519e-02
1.24707e-02
1.28347e-02
1.30161e-02
1.32115e-02
1.35254e-02
1.38871e-02
1.41558e-02
1.43543e-02
1.45612e-02
1.46977e-02
1.46445e-02
1.46212e-02
1.47782e-02
1.49993e-02
1.51478e-02
1.51650e-02
1.50916e-02
1.50096e-02
1.49676e-02
1.49772e-02
1.50067e-02
1.51192e-02
1.52710e-02
1.53283e-02
1.53468e-02
1.55352e-02
1.58673e-02
1.62090e-02
1.65019e-02
1.66919e-02
1.67827e-02
1.69715e-02
1.74294e-02
1.80963e-02
1.89796e-02
1.99581e-02
2.07718e-02
2.12275e-02
2.14118e-02
2.14484e-02
2.12791e-02
2.08220e-02
1.99054e-02
1.86053e-02
1.75471e-02
1.72427e-02
1.74481e-02
1.75985e-02
1.74432e-02
1.69852e-02
1.64131e-02
1.59643e-02
1.56759e-02
1.54486e-02
1.53371e-02
1.53269e-02
1.53030e-02
1.52272e-02
1.51206e-02
1.50381e-02
1.50069e-02
1.51045e-02
1.52796e-02
1.53599e-02
1.53900e-02
1.53937e-02
1.52437e-02
1.48949e-02
1.45722e-02
1.45017e-02
1.47663e-02
1.51798e-02
1.54302e-02
1.55089e-02
1.56470e-02
1.58989e-02
1.58342e-02
1.50051e-02
1.35574e-02
1.21327e-02
1.11828e-02
1.07659e-02
1.06189e-02
1.04472e-02
1.01853e-02
9.74647e-03
8.94401e-03
7.85621e-03
6.84699e-03
6.14628e-03
5.66915e-03
5.26688e-03
4.66103e-03
3.71270e-03
2.80903e-03
2.25274e-03
1.97408e-03
1.66827e-03
1.28155e-03
7.31759e-04
-5.36844e-05
-8.47858e-04
-1.57918e-03
-2.25711e-03
-2.71095e-03
-2.89034e-03
-2.93578e-03
-2.95660e-03
-2.92217e-03
-2.74882e-03
-2.49679e-03
-2.18131e-03
-1.83004e-03
-1.52525e-03
-1.34431e-03
-1.37982e-03
-1.73620e-03
-2.31613e-03
-2.87949e-03
-3.30214e-03
-3.69816e-03
-3.96457e-03
-4.00093e-03
-3.92644e-03
-3.85505e-03
-3.85569e-03
-3.99371e-03
-4.28752e-03
-4.61562e-03
-5.02432e-03
-5.57559e-03
-5.96598e-03
-6.07715e-03
-6.20879e-03
-6.53815e-03
-7.00100e-03
-7.38765e-03
-7.57421e-03
-7.56245e-03
-7.55238e-03
-7.69803e-03
-7.88395e-03
-7.90534e-03
-7.83596e-03
-7.75152e-03
-7.64652e-03
-7.44478e-03
-7.11600e-03
-6.76535e-03
-6.60458e-03
-6.65470e-03
-6.56635e-03
-6.10144e-03
-5.59653e-03
-5.30968e-03
-5.15418e-03
-4.95739e-03
-4.60198e-03
-4.20509e-03
-3.99370e-03
-4.11499e-03
-4.26519e-03
-4.20449e-03
-4.09599e-03
-4.15247e-03
-4.30158e-03
-4.26200e-03
-3.91627e-03
-3.42899e-03
-3.12179e-03
-3.10581e-03
-3.11252e-03
-3.01771e-03
-2.90548e-03
-2.86488e-03
-2.82413e-03
-2.58779e-03
-2.12063e-03
-1.61067e-03
-1.33977e-03
-1.36874e-03
-1.30916e-03
-1.06272e-03
-8.73382e-04
-8.79744e-04
-8.83034e-04
-6.17050e-04
-1.45577e-04
3.18658e-04
5.76556e-04
6.12829e-04
5.96246e-04
6.38967e-04
4.81461e-04
2.37356e-04
2.60445e-04
5.96489e-04
1.05116e-03
1.38500e-03
1.49323e-03
1.51608e-03
1.54946e-03
1.54186e-03
1.48260e-03
1.47636e-03
1.63547e-03
1.89525e-03
2.13460e-03
2.16901e-03
1.93903e-03
1.58660e-03
1.29999e-03
1.18152e-03
1.20709e-03
1.28793e-03
1.25878e-03
1.03322e-03
7.16425e-04
5.41031e-04
5.71790e-04
4.68850e-04
6.33266e-06
-6.65449e-04
-1.23622e-03
-1.50689e-03
-1.49080e-03
-1.34436e-03
-1.21945e-03
-1.18591e-03
-1.22087e-03
-1.27367e-03
-1.30225e-03
-1.38580e-03
-1.51392e-03
-1.55634e-03
-1.49109e-03
-1.35977e-03
-1.24566e-03
-9.34546e-04
-3.30094e-04
1.14932e-04
2.03587e-04
1.52725e-04
1.45422e-04
2.52567e-04
2.25261e-04
-1.34239e-04
-6.95439e-04
-1.02077e-03
-9.74498e-04
-9.41490e-04
-1.08946e-03
-1.39324e-03
-1.67311e-03
-1.72601e-03
-1.65749e-03
-1.66045e-03
-1.70806e-03
-1.49525e-03
-1.05217e-03
-7.41770e-04
-5.50605e-04
-2.11546e-04
4.52903e-04
1.31375e-03
2.05025e-03
2.44377e-03
2.75042e-03
3.40602e-03
4.29955e-03
5.10657e-03
5.70761e-03
6.22076e-03
6.72884e-03
7.26772e-03
7.79528e-03
8.37084e-03
9.04550e-03
9.83896e-03
1.06312e-02
1.11286e-02
1.13455e-02
1.14457e-02
1.16408e-02
1.20883e-02
1.27251e-02
1.33034e-02
1.36363e-02
1.36963e-02
1.36003e-02
1.34868e-02
1.34378e-02
1.34559e-02
1.34986e-02
1.35256e-02
1.33542e-02
1.29570e-02
1.25858e-02
1.23140e-02
1.20217e-02
1.15336e-02
1.09657e-02
1.05077e-02
9.94750e-03
9.09982e-03
8.08073e-03
7.05565e-03
6.22598e-03
5.72338e-03
5.20752e-03
4.30141e-03
3.12550e-03
1.73464e-03
2.32533e-04
-1.20727e-03
-2.33407e-03
-3.16075e-03
-3.82335e-03
-4.51532e-03
-5.48491e-03
-6.67687e-03
-7.72693e-03
-8.60267e-03
-9.52606e-03
-1.04975e-02
-1.13045e-02
-1.19314e-02
-1.24906e-02
-1.29632e-02
-1.33724e-02
-1.37446e-02
-1.40403e-02
-1.44748e-02
-1.52334e-02
-1.60957e-02
-1.68509e-02
-1.74580e-02
-1.81317e-02
-1.87924e-02
-1.92984e-02
-1.97103e-02
-2.00130e-02
-2.03819e-02
-2.09291e-02
-2.14370e-02
-2.17284e-02
-2.19354e-02
-2.21977e-02
-2.24251e-02
-2.24517e-02
-2.22902e-02
-2.20615e-02
-2.19890e-02
-2.21757e-02
-2.23373e-02
-2.22448e-02
-2.20247e-02
-2.18288e-02
-2.16915e-02
-2.14237e-02
-2.10761e-02
-2.07465e-02
-2.06511e-02
-2.08486e-02
-2.10302e-02
-2.09509e-02
-2.08157e-02
-2.08523e-02
-2.09158e-02
-2.08257e-02
-2.05777e-02
-2.02999e-02
-2.01199e-02
-1.99019e-02
-1.93926e-02
-1.86320e-02
-1.79866e-02
-1.77727e-02
-1.77863e-02
-1.75717e-02
-1.69938e-02
-1.62877e-02
-1.57693e-02
-1.54103e-02
-1.49304e-02
-1.43516e-02
-1.39219e-02
-1.36913e-02
-1.33828e-02
-1.27949e-02
-1.20889e-02
-1.14431e-02
-1.09623e-02
-1.05129e-02
-9.86256e-03
-9.12999e-03
-8.63471e-03
-8.33297e-03
-8.01365e-03
-7.55281e-03
-7.06289e-03
-6.71498e-03
-6.49635e-03
-6.38790e-03
-6.15746e-03
-5.66646e-03
-5.06184e-03
-4.58908e-03
-4.29711e-03
-4.17382e-03
-4.14429e-03
-3.97523e-03
-3.68407e-03
-3.46900e-03
-3.43474e-03
-3.54582e-03
-3.68484e-03
-3.67937e-03
-3.44694e-03
-3.19737e-03
-3.06866e-03
-3.01219e-03
-2.97025e-03
-2.91315e-03
-2.85457e-03
-2.81699e-03
-2.80703e-03
-2.81562e-03
-2.74202e-03
-2.59833e-03
-2.44606e-03
-2.17706e-03
-1.86218e-03
-1.67950e-03
-1.68816e-03
-1.81864e-03
-1.86740e-03
-1.69750e-03
-1.39491e-03
-1.20445e-03
-1.30230e-03
-1.51152e-03
-1.58416e-03
-1.53873e-03
-1.54712e-03
-1.66073e-03
-1.83637e-03
-1.97289e-03
-2.11587e-03
-2.32885e-03
-2.57874e-03
-2.69340e-03
-2.64687e-03
-2.67592e-03
-2.92866e-03
-3.31838e-03
-3.74605e-03
-4.23410e-03
-4.84909e-03
-5.61496e-03
-6.32139e-03
-6.68760e-03
-6.85786e-03
-7.19706e-03
-7.81267e-03
-8.49171e-03
-9.14009e-03
-9.85324e-03
-1.06039e-02
-1.13107e-02
-1.18959e-02
-1.22674e-02
-1.25081e-02
-1.28295e-02
-1.34765e-02
-1.44326e-02
-1.53554e-02
-1.60228e-02
-1.64125e-02
-1.66717e-02
-1.68720e-02
-1.69377e-02
-1.69641e-02
-1.70682e-02
-1.72558e-02
-1.74433e-02
-1.75585e-02
-1.75782e-02
-1.75430e-02
-1.74944e-02
-1.73836e-02
-1.70621e-02
-1.66322e-02
-1.62529e-02
-1.57976e-02
-1.50768e-02
-1.41792e-02
-1.33100e-02
-1.25530e-02
-1.18562e-02
-1.10393e-02
-9.90278e-03
-8.57210e-03
-7.36141e-03
-6.33550e-03
-5.46152e-03
-4.72475e-03
-4.03043e-03
-3.39042e-03
-2.81704e-03
-2.24568e-03
-1.67108e-03
-1.20710e-03
-7.64591e-04
-1.44892e-04
6.25579e-04
1.22682e-03
1.48380e-03
1.59567e-03
1.70376e-03
1.85378e-03
2.17309e-03
2.64213e-03
3.36432e-03
4.35431e-03
5.05587e-03
4.81520e-03
3.67285e-03
2.28796e-03
1.33609e-03
9.71290e-04
1.02536e-03
1.19519e-03
1.19953e-03
1.02185e-03
6.12835e-04
-9.76169e-05
-9.54254e-04
-1.67201e-03
-2.13830e-03
-2.51083e-03
-2.82871e-03
-3.08085e-03
-3.30873e-03
-3.57920e-03
-4.10770e-03
-5.00348e-03
-5.97128e-03
-6.57897e-03
-6.78094e-03
-6.79533e-03
-6.81635e-03
-6.90541e-03
-7.01931e-03
-7.09472e-03
-7.10874e-03
-7.08078e-03
-7.04685e-03
-7.02957e-03
-7.03219e-03
-7.04300e-03
-7.04898e-03
-6.96122e-03
-6.72221e-03
-6.51056e-03
-6.50935e-03
-6.70401e-03
-6.95189e-03
-7.11740e-03
-7.23944e-03
-7.42047e-03
-7.47295e-03
-7.20184e-03
-6.71691e-03
-6.25876e-03
-6.10267e-03
-6.31659e-03
-6.62381e-03
-6.55132e-03
-6.18558e-03
-6.02738e-03
-5.97334e-03
-5.70542e-03
-5.19259e-03
-4.64965e-03
-4.29779e-03
-4.21183e-03
-4.21224e-03
-4.10496e-03
-3.96010e-03
-3.95023e-03
-3.92256e-03
-3.75005e-03
-3.54331e-03
-3.32668e-03
-3.08534e-03
-2.86031e-03
-2.69999e-03
-2.63302e-03
-2.63470e-03
-2.66735e-03
-2.60212e-03
-2.37036e-03
-1.97276e-03
-1.48483e-03
-9.01077e-04
-2.02204e-04
5.18313e-04
1.25462e-03
1.92604e-03
2.67604e-03
3.70597e-03
4.95070e-03
6.29770e-03
7.71697e-03
9.14846e-03
1.03762e-02
1.12533e-02
1.18726e-02
1.23565e-02
1.28114e-02
1.33556e-02
1.38746e-02
1.40607e-02
1.39009e-02
1.36605e-02
1.35439e-02
1.36015e-02
1.38274e-02
1.42661e-02
1.49214e-02
1.57490e-02
1.64888e-02
1.69453e-02
1.74188e-02
1.81918e-02
1.91885e-02
2.02420e-02
2.11972e-02
2.21309e-02
2.31534e-02
2.43426e-02
2.55764e-02
2.67174e-02
2.78609e-02
2.89907e-02
2.98943e-02
3.03167e-02
3.01966e-02
2.97927e-02
2.94956e-02
2.96484e-02
3.01220e-02
3.07189e-02
3.14959e-02
3.24356e-02
3.31173e-02
3.34531e-02
3.37323e-02
3.40652e-02
3.44143e-02
3.46564e-02
3.47459e-02
3.48001e-02
3.50500e-02
3.54420e-02
3.56440e-02
3.54728e-02
3.51413e-02
3.48908e-02
3.47472e-02
3.46887e-02
3.43987e-02
3.38481e-02
3.34068e-02
3.31025e-02
3.27023e-02
3.21192e-02
3.15135e-02
3.10083e-02
3.05448e-02
3.01613e-02
2.99025e-02
2.97031e-02
2.95504e-02
2.91814e-02
2.83368e-02
2.72053e-02
2.61276e-02
2.52717e-02
2.44123e-02
2.33597e-02
2.22396e-02
2.11900e-02
2.02883e-02
1.92287e-02
1.77492e-02
1.61333e-02
1.47975e-02
1.39808e-02
1.35118e-02
1.30708e-02
1.25180e-02
1.17977e-02
1.10509e-02
1.03126e-02
9.49392e-03
8.65568e-03
7.90704e-03
7.23609e-03
6.65351e-03
6.22530e-03
5.91681e-03
5.63555e-03
5.38973e-03
5.03900e-03
4.49393e-03
3.90438e-03
3.47088e-03
3.20972e-03
3.00899e-03
2.90893e-03
2.81293e-03
2.45693e-03
1.83760e-03
9.27956e-04
-2.01172e-04
-1.21152e-03
-1.83364e-03
-2.09199e-03
-2.21418e-03
-2.24401e-03
-2.23597e-03
-2.28258e-03
-2.30367e-03
-2.18802e-03
-1.96992e-03
-1.66540e-03
-1.31044e-03
-1.08259e-03
-1.03748e-03
-8.67628e-04
-5.43679e-04
-3.36782e-04
-1.93094e-04
1.37327e-03
1.96038e-03
2.59158e-03
3.01491e-03
3.14187e-03
3.13683e-03
3.30445e-03
3.55582e-03
3.59476e-03
3.36513e-03
3.09708e-03
3.05218e-03
3.23383e-03
3.40739e-03
3.34392e-03
3.16333e-03
3.08500e-03
3.09702e-03
3.05019e-03
2.99576e-03
3.12557e-03
3.50736e-03
3.88207e-03
4.07084e-03
4.03550e-03
3.89136e-03
4.10515e-03
4.89771e-03
5.93612e-03
6.83407e-03
7.30129e-03
7.17734e-03
6.44349e-03
5.17218e-03
3.70746e-03
2.54426e-03
1.95078e-03
1.79264e-03
1.57139e-03
1.24750e-03
1.08657e-03
1.09392e-03
1.20578e-03
1.11023e-03
6.53241e-04
7.74319e-06
-3.56095e-04
-4.04754e-04
-5.12062e-04
-7.25048e-04
-9.89130e-04
-1.33925e-03
-1.77307e-03
-2.17882e-03
-2.53664e-03
-2.95616e-03
-3.46969e-03
-4.11865e-03
-4.97833e-03
-5.80938e-03
-6.38422e-03
-6.76873e-03
-7.09972e-03
-7.40229e-03
-7.71897e-03
-8.06441e-03
-8.37306e-03
-8.73658e-03
-9.26119e-03
-9.64854e-03
-9.86134e-03
-1.01450e-02
-1.04454e-02
-1.06043e-02
-1.06455e-02
-1.07106e-02
-1.07559e-02
-1.07669e-02
-1.08160e-02
-1.08240e-02
-1.07855e-02
-1.07927e-02
-1.07795e-02
-1.04898e-02
-9.99762e-03
-9.76658e-03
-9.91099e-03
-1.02069e-02
-1.04002e-02
-1.04038e-02
-1.03615e-02
-1.04566e-02
-1.05906e-02
-1.05986e-02
-1.05287e-02
-1.05431e-02
-1.06631e-02
-1.08319e-02
-1.08621e-02
-1.07519e-02
-1.06500e-02
-1.06452e-02
-1.04710e-02
-9.88568e-03
-9.07968e-03
-8.39191e-03
-7.97119e-03
-7.65586e-03
-7.30069e-03
-6.92497e-03
-6.63665e-03
-6.50276e-03
-6.50525e-03
-6.56813e-03
-6.70040e-03
-6.92746e-03
-7.09498e-03
-7.05697e-03
-6.84845e-03
-6.60681e-03
-6.53277e-03
-6.63594e-03
-6.72753e-03
-6.71670e-03
-6.60361e-03
-6.55751e-03
-6.53288e-03
-6.43505e-03
-6.33731e-03
-6.20719e-03
-6.08176e-03
-5.98111e-03
-5.68136e-03
-5.09050e-03
-4.40396e-03
-3.88837e-03
-3.51449e-03
-3.11406e-03
-2.69600e-03
-2.35414e-03
-2.17639e-03
-2.07188e-03
-1.83655e-03
-1.40948e-03
-9.42018e-04
-4.53810e-04
1.67404e-04
8.75764e-04
1.55555e-03
2.18507e-03
2.73113e-03
3.27609e-03
3.97068e-03
4.81759e-03
5.65757e-03
6.32229e-03
6.85148e-03
7.28669e-03
7.76803e-03
8.36123e-03
8.92099e-03
9.35435e-03
9.73645e-03
1.01159e-02
1.04407e-02
1.07055e-02
1.10226e-02
1.13358e-02
1.15614e-02
1.17115e-02
1.17860e-02
1.17999e-02
1.17648e-02
1.17034e-02
1.16337e-02
1.16440e-02
1.17877e-02
1.19100e-02
1.18486e-02
1.16895e-02
1.15366e-02
1.13789e-02
1.12303e-02
1.10902e-02
1.09836e-02
1.08998e-02
1.08365e-02
1.05462e-02
9.87570e-03
9.11482e-03
8.56956e-03
8.21740e-03
8.01362e-03
7.94374e-03
7.96492e-03
7.92567e-03
7.73081e-03
7.28521e-03
6.76400e-03
6.49564e-03
6.54066e-03
6.53799e-03
6.19628e-03
5.68450e-03
5.17529e-03
4.78348e-03
4.46801e-03
4.08721e-03
3.67402e-03
3.40514e-03
3.25739e-03
2.91360e-03
2.16936e-03
1.41546e-03
9.50859e-04
7.33888e-04
5.69417e-04
2.28264e-04
-2.94234e-04
-8.12686e-04
-1.21645e-03
-1.65157e-03
-2.22518e-03
-2.81815e-03
-3.31937e-03
-3.75709e-03
-4.09334e-03
-4.30150e-03
-4.45285e-03
-4.56756e-03
-4.79389e-03
-5.21607e-03
-5.69889e-03
-6.05990e-03
-6.20137e-03
-6.16799e-03
-6.06725e-03
-6.12806e-03
-6.33941e-03
-6.38146e-03
-6.18871e-03
-5.93332e-03
-5.71761e-03
-5.47073e-03
-5.14888e-03
-4.82022e-03
-4.52035e-03
-4.24703e-03
-4.03728e-03
-3.84811e-03
-3.63153e-03
-3.41898e-03
-3.13318e-03
-2.64592e-03
-2.02841e-03
-1.49107e-03
-1.13359e-03
-9.18111e-04
-7.38955e-04
-5.07895e-04
-2.73928e-04
2.10699e-05
4.86377e-04
1.06197e-03
1.55093e-03
1.80679e-03
1.88054e-03
1.86392e-03
1.76574e-03
1.70068e-03
1.68288e-03
1.70378e-03
1.77876e-03
1.86860e-03
1.92714e-03
1.92976e-03
1.94647e-03
2.04980e-03
2.19703e-03
2.31410e-03
2.34286e-03
2.35614e-03
2.43351e-03
2.56060e-03
2.66632e-03
2.82123e-03
3.10620e-03
3.43280e-03
3.66907e-03
3.73493e-03
3.65870e-03
3.51947e-03
3.39279e-03
3.18781e-03
2.81448e-03
2.48769e-03
2.43961e-03
2.52297e-03
2.46686e-03
2.21287e-03
1.87497e-03
1.61101e-03
1.48589e-03
1.41176e-03
1.26809e-03
1.12063e-03
1.18760e-03
1.56235e-03
2.04798e-03
2.52354e-03
2.93469e-03
3.21779e-03
3.27651e-03
3.09735e-03
2.79694e-03
2.58360e-03
2.57129e-03
2.58439e-03
2.23204e-03
1.41978e-03
4.11692e-04
-4.42084e-04
-9.72896e-04
-1.23469e-03
-1.34552e-03
-1.40572e-03
-1.46816e-03
-1.58832e-03
-1.90609e-03
-2.26961e-03
-2.54397e-03
-2.81871e-03
-3.08265e-03
-3.36671e-03
-3.65054e-03
-3.88696e-03
-3.97368e-03
-3.98753e-03
-4.08992e-03
-4.24322e-03
-4.38223e-03
-4.55371e-03
-4.78604e-03
-5.02792e-03
-5.31038e-03
-5.66968e-03
-6.01921e-03
-6.26287e-03
-6.40686e-03
-6.52786e-03
-6.69249e-03
-6.92714e-03
-7.19921e-03
-7.47822e-03
-7.68016e-03
-7.82958e-03
-7.96438e-03
-8.19061e-03
-8.54323e-03
-8.95987e-03
-9.38533e-03
-9.80262e-03
-1.01686e-02
-1.05132e-02
-1.09173e-02
-1.13447e-02
-1.16724e-02
-1.18636e-02
-1.20074e-02
-1.21739e-02
-1.23795e-02
-1.26946e-02
-1.30997e-02
-1.34570e-02
-1.36399e-02
-1.37184e-02
-1.37811e-02
-1.37994e-02
-1.38005e-02
-1.38196e-02
-1.39789e-02
-1.43428e-02
-1.46545e-02
-1.47593e-02
-1.47216e-02
-1.46787e-02
-1.46759e-02
-1.46371e-02
-1.45261e-02
-1.43980e-02
-1.43802e-02
-1.44916e-02
-1.46355e-02
-1.46959e-02
-1.46730e-02
-1.46286e-02
-1.45418e-02
-1.43705e-02
-1.41376e-02
-1.39004e-02
-1.37492e-02
-1.37208e-02
-1.36671e-02
-1.34831e-02
-1.32773e-02
-1.31184e-02
-1.29458e-02
-1.26554e-02
-1.22498e-02
-1.18383e-02
-1.15710e-02
-1.14653e-02
-1.14061e-02
-1.13091e-02
-1.11508e-02
-1.09661e-02
-1.07135e-02
-1.03174e-02
-9.78569e-03
-9.18934e-03
-8.68640e-03
-8.36956e-03
-8.07633e-03
-7.65565e-03
-7.16653e-03
-6.75021e-03
-6.43233e-03
-6.10452e-03
-5.74016e-03
-5.32226e-03
-4.95468e-03
-4.70816e-03
-4.48774e-03
-4.23884e-03
-4.01970e-03
-3.88086e-03
-3.75391e-03
-3.58678e-03
-3.39341e-03
-3.19311e-03
-3.02930e-03
-2.96164e-03
-3.00372e-03
-3.16775e-03
-3.45110e-03
-3.80587e-03
-4.02464e-03
-4.07840e-03
-4.09497e-03
-4.13942e-03
-4.19894e-03
-4.25865e-03
-4.31268e-03
-4.37112e-03
-4.47185e-03
-4.60475e-03
-4.70856e-03
-4.79441e-03
-4.89849e-03
-4.92977e-03
-4.86303e-03
-4.81256e-03
-4.83661e-03
-4.90578e-03
-4.94091e-03
-4.90108e-03
-4.76002e-03
-4.57122e-03
-4.38918e-03
-4.22435e-03
-4.08057e-03
-3.98518e-03
-3.92495e-03
-3.84719e-03
-3.76180e-03
-3.70072e-03
-3.63431e-03
-3.54872e-03
-3.46647e-03
-3.36793e-03
-3.22884e-03
-3.09172e-03
-2.97881e-03
-2.86837e-03
-2.70002e-03
-2.41604e-03
-2.06615e-03
-1.77807e-03
-1.64499e-03
-1.63937e-03
-1.74840e-03
-1.94045e-03
-2.09140e-03
-2.05718e-03
-1.81151e-03
-1.52673e-03
-1.42149e-03
-1.54750e-03
-1.74187e-03
-1.80199e-03
-1.65768e-03
-1.42160e-03
-1.23609e-03
-1.13538e-03
-1.06415e-03
-9.81105e-04
-8.30075e-04
-6.44701e-04
-4.51832e-04
-2.33669e-04
-2.34441e-05
1.46107e-04
2.55390e-04
3.57820e-04
5.04703e-04
6.60187e-04
7.83455e-04
8.75606e-04
9.63686e-04
1.11031e-03
1.28903e-03
1.41352e-03
1.49147e-03
1.57406e-03
1.67587e-03
1.77971e-03
1.85959e-03
1.90792e-03
1.93411e-03
1.98770e-03
2.06927e-03
2.12374e-03
2.15313e-03
2.18157e-03
2.22553e-03
2.26261e-03
2.28683e-03
2.31408e-03
2.35254e-03
2.41158e-03
2.49330e-03
2.57497e-03
2.68080e-03
2.82908e-03
2.96982e-03
3.03180e-03
3.00011e-03
2.90849e-03
2.82354e-03
2.79860e-03
2.83310e-03
2.89237e-03
2.96689e-03
3.05784e-03
3.14506e-03
3.20700e-03
3.24722e-03
3.28180e-03
3.32573e-03
3.38211e-03
3.43411e-03
3.47697e-03
3.52565e-03
3.58344e-03
3.65670e-03
3.74297e-03
3.83600e-03
3.92829e-03
3.99397e-03
4.02935e-03
4.04370e-03
4.06352e-03
4.11447e-03
4.18334e-03
4.23633e-03
4.24837e-03
4.23924e-03
4.22976e-03
4.22470e-03
4.23271e-03
4.26513e-03
4.31687e-03
4.36569e-03
4.40157e-03
4.42501e-03
4.44425e-03
4.46439e-03
4.47156e-03
4.44537e-03
4.38782e-03
4.31442e-03
4.25106e-03
4.21038e-03
4.18356e-03
4.15434e-03
4.11916e-03
4.08925e-03
4.06207e-03
4.03041e-03
4.00025e-03
3.97371e-03
3.94459e-03
3.90580e-03
3.85519e-03
3.79701e-03
3.73705e-03
3.69048e-03
3.65414e-03
3.60807e-03
3.54749e-03
3.47845e-03
3.41253e-03
3.35499e-03
3.30068e-03
3.23687e-03
3.16255e-03
3.08767e-03
3.01909e-03
2.95272e-03
2.89104e-03
2.83638e-03
2.78605e-03
2.73946e-03
2.68819e-03
2.62741e-03
2.56487e-03
2.51034e-03
2.46133e-03
2.41070e-03
2.36733e-03
2.33684e-03
2.30305e-03
2.25265e-03
2.18972e-03
2.12383e-03
2.06671e-03
2.02499e-03
1.99506e-03
1.96589e-03
1.93524e-03
1.90534e-03
1.87183e-03
1.83316e-03
1.79289e-03
1.75355e-03
1.71873e-03
1.69181e-03
1.67097e-03
1.65234e-03
1.63482e-03
1.61878e-03
1.60084e-03
1.57821e-03
1.55475e-03
1.53504e-03
1.52153e-03
1.51264e-03
1.50388e-03
1.49325e-03
1.48315e-03
1.47271e-03
1.46250e-03
1.45375e-03
1.44632e-03
1.43887e-03
1.42922e-03
1.41745e-03
1.40658e-03
1.39729e-03
1.39165e-03
1.38713e-03
1.38141e-03
1.37494e-03
1.36847e-03
1.36225e-03
1.35495e-03
1.34556e-03
1.33408e-03
1.32139e-03
1.30935e-03
1.29822e-03
1.28742e-03
1.27766e-03
1.26871e-03
1.25946e-03
1.24884e-03
1.23791e-03
1.22849e-03
1.22024e-03
1.21130e-03
1.20022e-03
1.18698e-03
1.17304e-03
1.15979e-03
1.14685e-03
1.13342e-03
1.11976e-03
1.10661e-03
1.09398e-03
1.08158e-03
1.06868e-03
1.05535e-03
1.04249e-03
1.03052e-03
1.01877e-03
1.00668e-03
9.94558e-04
9.82479e-04
9.70397e-04
9.58416e-04
9.46249e-04
9.34263e-04
9.22880e-04
9.11794e-04
9.00238e-04
8.87796e-04
8.75156e-04
8.63073e-04
8.51645e-04
8.40504e-04
8.29266e-04
8.17800e-04
8.06290e-04
7.94948e-04
7.83780e-04
7.72630e-04
7.61442e-04
7.50320e-04
7.39314e-04
7.28477e-04
7.17745e-04
7.07055e-04
6.96448e-04
6.85901e-04
6.75355e-04
6.64840e-04
6.54430e-04
6.44138e-04
6.33911e-04
6.23695e-04
6.13478e-04
6.03285e-04
5.93148e-04
5.83086e-04
5.73099e-04
5.63179e-04
5.53315e-04
5.43504e-04
5.33744e-04
5.24037e-04
5.14382e-04
5.04778e-04
4.95223e-04
4.85715e-04
4.76245e-04
4.66811e-04
4.57422e-04
4.48083e-04
4.38793e-04
4.29552e-04
4.20355e-04
4.11200e-04
4.02084e-04
3.93003e-04
3.83958e-04
3.74949e-04
3.65979e-04
3.57045e-04
3.48149e-04
3.39288e-04
3.30463e-04
3.21672e-04
3.12915e-04
3.04193e-04
2.95505e-04
2.86851e-04
2.78232e-04
2.69647e-04
2.61097e-04
2.52581e-04
2.44100e-04
2.35654e-04
2.27243e-04
2.18868e-04
2.10528e-04
2.02224e-04
1.93956e-04
1.85723e-04
1.77527e-04
1.69368e-04
1.61245e-04
1.53159e-04
1.45110e-04
1.37099e-04
1.29125e-04
1.21188e-04
1.13290e-04
1.05429e-04
9.76068e-05
8.98231e-05
