9.55209e-04
9.54252e-04
9.53283e-04
9.52306e-04
9.51366e-04
9.50528e-04
9.49856e-04
9.49315e-04
9.48724e-04
9.47486e-04
9.44915e-04
9.40114e-04
9.32759e-04
9.23231e-04
9.12456e-04
9.03013e-04
8.99351e-04
9.03920e-04
9.20491e-04
9.48391e-04
9.81935e-04
1.01787e-03
1.05290e-03
1.08055e-03
1.10171e-03
1.11889e-03
1.11718e-03
1.08941e-03
1.01588e-03
8.86300e-04
7.21593e-04
5.44826e-04
3.85281e-04
2.64932e-04
1.79271e-04
1.33614e-04
1.58832e-04
2.90271e-04
5.67131e-04
1.01520e-03
1.60969e-03
2.20862e-03
2.69316e-03
2.97158e-03
2.98552e-03
2.76210e-03
2.44313e-03
2.08629e-03
1.74166e-03
1.40814e-03
9.55910e-04
3.17333e-04
-4.20461e-04
-1.02158e-03
-1.42318e-03
-1.63495e-03
-1.52130e-03
-1.06357e-03
-3.83965e-04
4.36083e-04
1.14918e-03
1.50241e-03
1.49481e-03
1.27813e-03
1.05119e-03
9.61076e-04
1.01451e-03
1.07992e-03
1.00199e-03
7.29484e-04
2.93025e-04
-3.30391e-04
-1.09314e-03
-1.84878e-03
-2.31396e-03
-2.10838e-03
-1.07340e-03
2.80919e-04
1.37358e-03
2.03167e-03
2.37266e-03
2.65978e-03
3.31596e-03
4.61877e-03
6.21971e-03
7.31596e-03
7.54810e-03
6.91949e-03
5.38419e-03
2.96427e-03
2.74595e-04
-2.15949e-03
-4.51301e-03
-6.99866e-03
-9.71393e-03
-1.24027e-02
-1.49189e-02
-1.71419e-02
-1.88175e-02
-1.96221e-02
-1.84675e-02
-1.40931e-02
-5.45241e-03
6.46827e-03
1.82054e-02
2.66492e-02
3.00332e-02
2.87282e-02
2.41732e-02
1.86306e-02
1.43781e-02
1.14296e-02
7.45866e-03
8.66658e-04
-7.83935e-03
-1.66726e-02
-2.34771e-02
-2.71235e-02
-2.85948e-02
-2.92903e-02
-2.89130e-02
-2.62884e-02
-2.02517e-02
-9.96759e-03
5.37180e-03
2.29558e-02
3.56041e-02
3.87503e-02
3.29843e-02
2.36937e-02
1.68216e-02
1.51767e-02
1.62630e-02
1.57726e-02
1.24719e-02
7.70334e-03
3.36913e-03
3.13690e-04
-1.27221e-03
-7.52502e-04
2.10483e-03
6.68954e-03
1.10742e-02
1.34675e-02
1.31580e-02
1.10407e-02
8.05192e-03
4.28538e-03
-3.64160e-04
-5.13112e-03
-9.15870e-03
-1.21618e-02
-1.34290e-02
-1.23577e-02
-9.06184e-03
-4.07655e-03
8.72622e-04
4.52192e-03
7.14771e-03
8.88147e-03
1.01440e-02
1.14432e-02
1.28457e-02
1.44009e-02
1.55422e-02
1.50748e-02
1.23594e-02
8.05052e-03
3.46394e-03
-6.07419e-04
-3.83696e-03
-6.44233e-03
-8.84712e-03
-1.12574e-02
-1.32156e-02
-1.47518e-02
-1.53688e-02
-1.44162e-02
-1.20973e-02
-9.29160e-03
-6.39659e-03
-3.89893e-03
-2.96559e-03
-3.88271e-03
-6.21308e-03
-9.39205e-03
-1.27150e-02
-1.58117e-02
-1.87288e-02
-2.13609e-02
-2.40320e-02
-2.66091e-02
-2.84522e-02
-2.84816e-02
-2.55883e-02
-2.00743e-02
-1.36089e-02
-7.28714e-03
-1.25186e-03
4.01564e-03
8.37456e-03
1.17913e-02
1.45102e-02
1.67656e-02
1.89869e-02
2.06639e-02
2.07990e-02
1.86614e-02
1.46009e-02
8.75353e-03
2.11274e-03
-4.35296e-03
-1.01777e-02
-1.40311e-02
-1.50846e-02
-1.26243e-02
-7.63365e-03
-5.66195e-04
7.48002e-03
1.50726e-02
1.88713e-02
1.47844e-02
7.05301e-03
3.60218e-03
5.96306e-03
9.96446e-03
1.15012e-02
9.19866e-03
4.44914e-03
-9.36532e-04
-6.54339e-03
-1.23899e-02
-1.79621e-02
-2.25287e-02
-2.51929e-02
-2.40467e-02
-1.65504e-02
-1.58721e-03
1.95144e-02
4.06173e-02
5.44000e-02
5.60446e-02
4.66590e-02
3.17302e-02
1.73156e-02
7.34755e-03
2.12114e-03
1.09293e-04
-3.57496e-04
1.15217e-04
1.02738e-03
2.01815e-03
3.05314e-03
3.61874e-03
3.25027e-03
2.60487e-03
3.39919e-03
7.45763e-03
1.75075e-02
3.26400e-02
4.91252e-02
5.75601e-02
5.35926e-02
4.04754e-02
2.38436e-02
2.29945e-03
-2.20439e-02
-4.29922e-02
-5.70250e-02
-6.37566e-02
-6.48050e-02
-6.18223e-02
-5.63708e-02
-4.93593e-02
-4.27214e-02
-3.63574e-02
-2.84290e-02
-1.71324e-02
-1.53135e-03
2.08582e-02
4.67408e-02
6.61713e-02
7.12393e-02
6.15342e-02
4.39132e-02
2.52410e-02
7.28699e-03
-1.19499e-02
-3.11606e-02
-5.12372e-02
-6.76932e-02
-7.61023e-02
-7.68125e-02
-7.19302e-02
-6.39188e-02
-5.34471e-02
-3.75053e-02
-6.59110e-03
3.97009e-02
1.04941e-01
1.62910e-01
1.80285e-01
1.55430e-01
1.10764e-01
5.94916e-02
1.29224e-02
-2.01581e-02
-3.94428e-02
-4.98130e-02
-5.67554e-02
-6.49954e-02
-7.74195e-02
-9.52281e-02
-1.15589e-01
-1.33899e-01
-1.42890e-01
-1.36362e-01
-1.07067e-01
-4.07421e-02
4.19228e-02
1.08131e-01
1.33474e-01
1.19177e-01
8.22510e-02
3.98001e-02
7.39843e-03
-1.34459e-02
-2.84595e-02
-3.79286e-02
-4.08036e-02
-3.94300e-02
-3.61481e-02
-3.18755e-02
-2.65254e-02
-1.96194e-02
-1.05940e-02
1.71268e-03
1.95913e-02
4.35244e-02
7.21155e-02
9.66935e-02
1.04730e-01
9.34517e-02
7.06914e-02
4.58048e-02
2.68231e-02
1.78383e-02
1.58934e-02
1.54287e-02
1.39028e-02
1.09834e-02
5.77053e-03
-2.28633e-03
-1.28613e-02
-2.27605e-02
-2.69558e-02
-2.29975e-02
-1.22822e-02
-3.19834e-04
4.27359e-03
-4.42110e-03
-2.33611e-02
-4.45205e-02
-6.04783e-02
-6.86332e-02
-7.41639e-02
-8.06297e-02
-8.31988e-02
-7.54743e-02
-5.50358e-02
-2.62774e-02
-9.53323e-04
1.68383e-02
2.55860e-02
2.82534e-02
3.27988e-02
4.27580e-02
5.43411e-02
6.31136e-02
6.70798e-02
6.47621e-02
5.65011e-02
4.52456e-02
3.39451e-02
2.34612e-02
1.40655e-02
5.01656e-03
-4.82108e-03
-1.62102e-02
-2.81645e-02
-3.80829e-02
-4.38771e-02
-4.52749e-02
-3.98198e-02
-2.41998e-02
3.93309e-03
3.65527e-02
5.21817e-02
4.57168e-02
2.98860e-02
1.55537e-02
4.19509e-03
-6.02477e-03
-1.72106e-02
-2.94590e-02
-4.04062e-02
-4.79280e-02
-5.21024e-02
-5.36531e-02
-5.41948e-02
-5.61697e-02
-6.08619e-02
-6.67221e-02
-7.02907e-02
-6.86070e-02
-6.06889e-02
-4.54799e-02
-2.58824e-02
-4.68761e-03
1.50249e-02
3.18050e-02
4.56651e-02
5.47081e-02
5.86238e-02
5.75168e-02
5.20459e-02
4.29588e-02
3.24913e-02
2.30026e-02
1.55325e-02
1.10110e-02
1.05433e-02
1.38938e-02
1.78645e-02
1.82222e-02
1.25008e-02
1.70553e-03
-1.11255e-02
-2.31772e-02
-3.29820e-02
-3.88694e-02
-3.96591e-02
-3.58965e-02
-2.98482e-02
-2.43842e-02
-2.30224e-02
-2.85050e-02
-3.91947e-02
-5.30602e-02
-6.57939e-02
-6.79693e-02
-5.45420e-02
-2.83845e-02
2.29571e-03
2.70546e-02
3.92284e-02
4.13625e-02
3.77834e-02
3.14812e-02
2.40788e-02
1.81236e-02
1.78117e-02
2.45105e-02
3.56774e-02
4.76667e-02
5.70610e-02
6.11148e-02
5.99662e-02
5.54163e-02
4.72853e-02
3.52068e-02
2.18933e-02
9.73553e-03
-4.35462e-04
-9.26590e-03
-1.88022e-02
-2.86983e-02
-3.63944e-02
-4.11265e-02
-4.22687e-02
-3.99374e-02
-3.65813e-02
-3.52337e-02
-3.74331e-02
-4.22881e-02
-4.66827e-02
-4.50859e-02
-3.39484e-02
-1.43077e-02
9.80647e-03
2.84384e-02
3.40093e-02
2.85141e-02
1.82415e-02
8.53484e-03
5.48074e-04
-4.81817e-03
-5.09759e-03
5.56463e-04
9.02619e-03
1.50259e-02
1.64517e-02
1.45762e-02
1.20533e-02
9.79316e-03
7.21583e-03
3.90658e-03
8.61356e-04
-1.89765e-03
-4.38302e-03
-6.37510e-03
-8.32921e-03
-1.13260e-02
-1.64184e-02
-2.36964e-02
-3.17073e-02
-3.85458e-02
-4.13451e-02
-3.75683e-02
-2.84614e-02
-1.72974e-02
-6.63763e-03
2.17589e-03
8.27804e-03
1.01751e-02
7.27568e-03
1.95026e-03
-2.14260e-03
-3.27068e-03
-2.81080e-03
-3.78779e-03
-8.26983e-03
-1.55466e-02
-2.33402e-02
-2.86304e-02
-2.98104e-02
-2.68004e-02
-1.92173e-02
-8.08758e-03
5.46744e-03
1.94839e-02
3.03607e-02
3.65535e-02
3.86826e-02
3.86871e-02
3.81069e-02
3.73911e-02
3.64829e-02
3.54315e-02
3.36912e-02
3.09168e-02
2.74510e-02
2.37060e-02
2.04281e-02
1.89549e-02
2.00745e-02
2.40952e-02
3.05208e-02
3.88219e-02
4.79391e-02
5.69073e-02
6.42086e-02
6.77920e-02
6.71609e-02
6.31914e-02
5.79330e-02
5.41696e-02
5.30546e-02
5.26057e-02
5.02001e-02
4.33266e-02
3.26094e-02
2.13061e-02
1.14181e-02
4.42134e-03
3.82989e-04
-7.16302e-04
2.23564e-03
9.37015e-03
1.81974e-02
2.56560e-02
2.98989e-02
3.01712e-02
2.76282e-02
2.41987e-02
2.08187e-02
1.76228e-02
1.41467e-02
9.09293e-03
2.07205e-03
-7.40308e-03
-1.89156e-02
-3.06858e-02
-4.18106e-02
-5.10758e-02
-5.91507e-02
-6.51513e-02
-6.75030e-02
-6.66662e-02
-6.42890e-02
-6.09061e-02
-5.64659e-02
-5.11573e-02
-4.50173e-02
-3.86097e-02
-3.32540e-02
-2.93958e-02
-2.75928e-02
-2.72368e-02
-2.81095e-02
-3.09958e-02
-3.55789e-02
-4.07574e-02
-4.61669e-02
-5.13150e-02
-5.65815e-02
-6.16748e-02
-6.53087e-02
-6.62759e-02
-6.42938e-02
-5.99112e-02
-5.41609e-02
-4.76148e-02
-4.18595e-02
-3.80456e-02
-3.53060e-02
-3.30230e-02
-3.14506e-02
-3.04575e-02
-2.99728e-02
-2.99528e-02
-3.03066e-02
-3.10884e-02
-3.21805e-02
-3.37974e-02
-3.64613e-02
-3.95446e-02
-4.34544e-02
-4.83997e-02
-5.26928e-02
-5.49966e-02
-5.60754e-02
-5.65345e-02
-5.63333e-02
-5.58305e-02
-5.50839e-02
-5.33485e-02
-5.04144e-02
-4.71981e-02
-4.32507e-02
-3.95481e-02
-3.75826e-02
-3.75025e-02
-3.87561e-02
-4.07478e-02
-4.30607e-02
-4.56335e-02
-4.80591e-02
-4.97993e-02
-5.19533e-02
-5.49783e-02
-5.91772e-02
-6.36184e-02
-6.68323e-02
-6.88620e-02
-7.04443e-02
-7.16064e-02
-7.22779e-02
-7.27177e-02
-7.28862e-02
-7.26579e-02
-7.26790e-02
-7.26426e-02
-7.21134e-02
-7.10874e-02
-6.99476e-02
-6.88771e-02
-6.72515e-02
-6.47058e-02
-6.15800e-02
-5.84334e-02
-5.52170e-02
-5.18579e-02
-4.86856e-02
-4.55049e-02
-4.22808e-02
-3.86263e-02
-3.48151e-02
-3.12240e-02
-2.75801e-02
-2.39306e-02
-2.03794e-02
-1.65896e-02
-1.23768e-02
-7.35623e-03
-2.37268e-03
3.52777e-03
1.05621e-02
1.87401e-02
2.76383e-02
3.75378e-02
4.81817e-02
5.92757e-02
7.20363e-02
8.68136e-02
1.01886e-01
1.19224e-01
1.38480e-01
1.57695e-01
1.74033e-01
1.86092e-01
1.93763e-01
1.99139e-01
2.03635e-01
2.05892e-01
2.04802e-01
2.01062e-01
1.97009e-01
1.94913e-01
1.94751e-01
1.94277e-01
1.91675e-01
1.87101e-01
1.81159e-01
1.73402e-01
1.63538e-01
1.52126e-01
1.38914e-01
1.24734e-01
1.09416e-01
9.20482e-02
7.31845e-02
5.59263e-02
3.89517e-02
2.49718e-02
1.94880e-02
2.07581e-02
2.43072e-02
2.96163e-02
3.88016e-02
5.01719e-02
6.22121e-02
7.50347e-02
8.45193e-02
8.27790e-02
6.65198e-02
3.86602e-02
5.16713e-03
-1.94783e-02
-3.04594e-02
-2.80969e-02
-1.47427e-02
9.48945e-03
4.39701e-02
8.06547e-02
1.09321e-01
1.22356e-01
1.20098e-01
1.07393e-01
8.81553e-02
6.69423e-02
4.71888e-02
3.26550e-02
2.66479e-02
2.57922e-02
2.38439e-02
1.77695e-02
9.67882e-03
2.33505e-03
-3.67086e-03
-9.76264e-03
-1.79678e-02
-2.85646e-02
-4.13245e-02
-5.46677e-02
-6.80425e-02
-7.98372e-02
-8.87642e-02
-9.44358e-02
-9.71385e-02
-9.75571e-02
-9.80718e-02
-1.00361e-01
-1.05153e-01
-1.11272e-01
-1.16260e-01
-1.19179e-01
-1.20927e-01
-1.22963e-01
-1.25707e-01
-1.28244e-01
-1.29536e-01
-1.29585e-01
-1.28217e-01
-1.25547e-01
-1.21697e-01
-1.14946e-01
-1.05805e-01
-9.60271e-02
-8.61253e-02
-7.59642e-02
-6.47286e-02
-5.07715e-02
-3.38396e-02
-1.62469e-02
2.82936e-03
2.27294e-02
4.14603e-02
5.74391e-02
7.15383e-02
8.62832e-02
9.78330e-02
1.03474e-01
1.05066e-01
1.03605e-01
9.89179e-02
9.14297e-02
8.29037e-02
7.18326e-02
5.58520e-02
3.61422e-02
1.38289e-02
-8.96168e-03
-2.87686e-02
-4.48772e-02
-5.66245e-02
-6.50595e-02
-7.11657e-02
-7.61559e-02
-8.01316e-02
-8.27981e-02
-8.33602e-02
-8.17611e-02
-7.90509e-02
-7.63848e-02
-7.35195e-02
-6.99805e-02
-6.64925e-02
-6.29254e-02
-5.90689e-02
-5.55916e-02
-5.20793e-02
-4.80526e-02
-4.34823e-02
-3.84326e-02
-3.29692e-02
-2.69088e-02
-1.94512e-02
-1.10506e-02
-2.37121e-03
7.25796e-03
1.71802e-02
2.67766e-02
3.71523e-02
4.74664e-02
5.72608e-02
6.73665e-02
7.83243e-02
8.99050e-02
1.01390e-01
1.13335e-01
1.24670e-01
1.35660e-01
1.49085e-01
1.61599e-01
1.69487e-01
1.75414e-01
1.81463e-01
1.86957e-01
1.90876e-01
1.93684e-01
1.96402e-01
1.98980e-01
2.00227e-01
1.98413e-01
1.93178e-01
1.84282e-01
1.70117e-01
1.54368e-01
1.36133e-01
1.11834e-01
8.64120e-02
6.36307e-02
4.20701e-02
2.04376e-02
-7.61850e-04
-2.40817e-02
-3.92385e-02
-4.82887e-02
-5.87494e-02
-7.24326e-02
-8.89110e-02
-1.05552e-01
-1.20938e-01
-1.35223e-01
-1.48381e-01
-1.62309e-01
-1.78103e-01
-1.92362e-01
-2.00737e-01
-2.03599e-01
-2.03564e-01
-2.01994e-01
-2.00000e-01
-1.98807e-01
-1.98940e-01
-1.99476e-01
-1.98247e-01
-1.93179e-01
-1.84709e-01
-1.75455e-01
-1.66954e-01
-1.58807e-01
-1.49843e-01
-1.40276e-01
-1.32801e-01
-1.27934e-01
-1.23059e-01
-1.16458e-01
-1.07877e-01
-9.76613e-02
-8.57658e-02
-7.16760e-02
-5.58952e-02
-4.00207e-02
-2.40017e-02
-4.44507e-03
1.66083e-02
3.86107e-02
6.16957e-02
8.52212e-02
1.08312e-01
1.32633e-01
1.56419e-01
1.80768e-01
2.14010e-01
2.49076e-01
2.65479e-01
2.59485e-01
2.37471e-01
2.00340e-01
1.53056e-01
1.07142e-01
7.02411e-02
4.65942e-02
3.13966e-02
1.57243e-02
-4.78542e-03
-3.04638e-02
-5.66373e-02
-7.94442e-02
-9.27717e-02
-9.63054e-02
-9.56224e-02
-9.46326e-02
-9.35896e-02
-9.16954e-02
-8.97501e-02
-8.87248e-02
-8.79798e-02
-8.56293e-02
-7.98139e-02
-7.06536e-02
-5.79743e-02
-4.39873e-02
-3.02997e-02
-1.75326e-02
-6.29216e-03
4.05407e-03
1.46859e-02
2.67871e-02
3.83857e-02
4.79511e-02
5.66039e-02
6.55660e-02
7.44212e-02
8.29079e-02
9.18914e-02
1.00620e-01
1.07169e-01
1.11927e-01
1.15601e-01
1.18366e-01
1.19579e-01
1.18387e-01
1.15805e-01
1.13146e-01
1.10713e-01
1.08585e-01
1.06652e-01
1.04271e-01
1.00788e-01
9.54035e-02
8.76294e-02
7.74310e-02
6.56539e-02
5.27377e-02
3.94490e-02
2.62120e-02
1.50110e-02
6.77748e-03
-4.56391e-04
-7.97999e-03
-1.55861e-02
-2.30108e-02
-3.08627e-02
-3.98832e-02
-4.87683e-02
-5.62047e-02
-6.24188e-02
-6.80381e-02
-7.32383e-02
-7.75018e-02
-8.03637e-02
-8.08956e-02
-7.92980e-02
-7.64430e-02
-7.26035e-02
-6.68393e-02
-5.87607e-02
-4.86038e-02
-3.58649e-02
-2.20908e-02
-8.54873e-03
3.48607e-03
1.17109e-02
1.58877e-02
1.67676e-02
1.60159e-02
1.54017e-02
1.56899e-02
1.67240e-02
1.85353e-02
2.12989e-02
2.52987e-02
3.01730e-02
3.43410e-02
3.61983e-02
3.59417e-02
3.40001e-02
3.05186e-02
2.55422e-02
2.06432e-02
1.76353e-02
1.68692e-02
1.71208e-02
1.70634e-02
1.60039e-02
1.40767e-02
1.22598e-02
1.14562e-02
1.19364e-02
1.35373e-02
1.59239e-02
1.80099e-02
1.91717e-02
1.95898e-02
1.95115e-02
1.93143e-02
1.88222e-02
1.75800e-02
1.58176e-02
1.35526e-02
1.03500e-02
6.59774e-03
2.01309e-03
-3.27261e-03
-7.49692e-03
-1.03006e-02
-1.20229e-02
-1.26387e-02
-1.24972e-02
-1.18801e-02
-1.17440e-02
-1.28503e-02
-1.49779e-02
-1.85572e-02
-2.32914e-02
-2.83316e-02
-3.32788e-02
-3.71145e-02
-3.98663e-02
-4.16182e-02
-4.31075e-02
-4.41364e-02
-4.42979e-02
-4.37571e-02
-4.27546e-02
-4.13886e-02
-3.98979e-02
-3.84287e-02
-3.67398e-02
-3.49982e-02
-3.31657e-02
-3.12719e-02
-3.00464e-02
-2.98695e-02
-2.94222e-02
-2.83127e-02
-2.66625e-02
-2.49714e-02
-2.31900e-02
-2.13644e-02
-1.98242e-02
-1.79652e-02
-1.57169e-02
-1.37518e-02
-1.15618e-02
-8.79702e-03
-5.53846e-03
-1.91850e-03
1.87938e-03
5.52909e-03
8.86486e-03
1.18486e-02
1.40791e-02
1.49935e-02
1.45416e-02
1.30904e-02
1.06454e-02
7.28773e-03
3.12253e-03
-2.00116e-03
-8.20273e-03
-1.52347e-02
-2.11557e-02
-2.53149e-02
-2.83242e-02
-3.01668e-02
-3.08864e-02
-3.08074e-02
-2.99620e-02
-2.85159e-02
-2.72221e-02
-2.66494e-02
-2.69267e-02
-2.81191e-02
-3.01751e-02
-3.20715e-02
-3.20300e-02
-2.92269e-02
-2.42719e-02
-1.88578e-02
-1.41698e-02
-1.03160e-02
-7.01257e-03
-3.55215e-03
-6.62612e-05
3.12200e-03
6.71143e-03
1.01580e-02
1.28805e-02
1.53522e-02
1.72353e-02
1.79863e-02
1.85770e-02
1.92013e-02
1.90544e-02
1.82242e-02
1.68355e-02
1.47114e-02
1.19777e-02
9.11689e-03
6.36453e-03
2.97051e-03
-9.01555e-04
-4.70796e-03
-7.72152e-03
-9.87298e-03
-1.15533e-02
-1.31690e-02
-1.50721e-02
-1.70005e-02
-1.90400e-02
-2.13678e-02
-2.35646e-02
-2.54629e-02
-2.70807e-02
-2.80262e-02
-2.83761e-02
-2.83462e-02
-2.79670e-02
-2.75093e-02
-2.74794e-02
-2.79993e-02
-2.83732e-02
-2.83270e-02
-2.83684e-02
-2.81406e-02
-2.72280e-02
-2.60096e-02
-2.48681e-02
-2.33083e-02
-2.11910e-02
-1.89442e-02
-1.64468e-02
-1.37540e-02
-1.11979e-02
-8.54307e-03
-5.57807e-03
-2.52255e-03
2.29843e-04
2.87154e-03
5.80806e-03
9.19720e-03
1.28579e-02
1.66836e-02
2.06219e-02
2.43461e-02
2.79720e-02
3.15760e-02
3.48377e-02
3.79854e-02
4.10886e-02
4.33864e-02
4.49724e-02
4.67206e-02
4.86488e-02
5.01302e-02
5.10136e-02
5.11810e-02
5.05371e-02
4.93819e-02
4.76719e-02
4.50429e-02
4.16745e-02
3.84922e-02
3.51063e-02
3.05882e-02
2.56175e-02
2.06171e-02
1.50147e-02
9.41339e-03
4.11621e-03
-7.15429e-05
-3.08301e-03
-5.30246e-03
-6.87013e-03
-8.34095e-03
-9.70085e-03
-1.02870e-02
-1.00042e-02
-9.32137e-03
-8.62423e-03
-7.82138e-03
-6.92886e-03
-6.06288e-03
-5.14553e-03
-4.15425e-03
-3.12949e-03
-1.92552e-03
-3.00046e-04
1.15563e-03
2.34367e-03
3.41293e-03
4.65070e-03
5.84456e-03
6.84639e-03
7.75916e-03
8.72123e-03
9.76815e-03
1.08048e-02
1.17991e-02
1.26803e-02
1.32258e-02
1.36022e-02
1.43675e-02
1.55418e-02
1.67624e-02
1.80890e-02
1.95208e-02
2.06729e-02
2.15376e-02
2.23585e-02
2.30268e-02
2.35568e-02
2.43847e-02
2.54833e-02
2.62432e-02
2.65368e-02
2.64508e-02
2.59706e-02
2.50939e-02
2.35630e-02
2.13528e-02
1.80898e-02
1.36189e-02
8.57122e-03
3.63179e-03
-7.71224e-04
-4.37651e-03
-7.47445e-03
-1.00030e-02
-1.19468e-02
-1.36199e-02
-1.54274e-02
-1.73813e-02
-1.91165e-02
-2.05418e-02
-2.17085e-02
-2.26644e-02
-2.36084e-02
-2.46283e-02
-2.54875e-02
-2.57886e-02
-2.56194e-02
-2.52603e-02
-2.47819e-02
-2.41342e-02
-2.33727e-02
-2.24384e-02
-2.13697e-02
-2.01625e-02
-1.86886e-02
-1.76038e-02
-1.68877e-02
-1.60677e-02
-1.50170e-02
-1.38931e-02
-1.26991e-02
-1.11088e-02
-8.75924e-03
-5.65067e-03
-2.31810e-03
9.03699e-04
3.79940e-03
6.42851e-03
8.70979e-03
1.05084e-02
1.18013e-02
1.27585e-02
1.37157e-02
1.46335e-02
1.51986e-02
1.54981e-02
1.57436e-02
1.63453e-02
1.68307e-02
1.69839e-02
1.64789e-02
1.53576e-02
1.41811e-02
1.32730e-02
1.24748e-02
1.15966e-02
1.07295e-02
1.01234e-02
9.66880e-03
8.95477e-03
8.46983e-03
8.28861e-03
8.53471e-03
8.90503e-03
9.50420e-03
9.92553e-03
1.04363e-02
1.09970e-02
1.09016e-02
1.04073e-02
9.71392e-03
8.74962e-03
7.73894e-03
6.82415e-03
5.89819e-03
4.64683e-03
3.05695e-03
1.43138e-03
-1.31713e-05
-1.03318e-03
-1.97583e-03
-3.39412e-03
-4.70185e-03
-5.21613e-03
-4.97581e-03
-4.08309e-03
-2.76559e-03
-1.48801e-03
-6.14833e-04
1.04406e-04
7.97611e-04
1.31600e-03
1.89786e-03
2.59091e-03
2.94153e-03
2.94571e-03
2.61780e-03
2.29921e-03
1.61834e-03
4.77442e-04
-5.67101e-04
-1.67240e-03
-2.71275e-03
-3.48124e-03
-3.86906e-03
-4.11496e-03
-4.41392e-03
-5.07478e-03
-5.57548e-03
-5.72332e-03
-5.38897e-03
-4.91159e-03
-4.13976e-03
-3.00398e-03
-1.45146e-03
3.72373e-04
1.78826e-03
2.59520e-03
2.89159e-03
2.50955e-03
1.51303e-03
4.27257e-04
-5.53096e-04
-1.99288e-03
-3.38990e-03
-4.33407e-03
-5.21173e-03
-6.81025e-03
-8.62891e-03
-1.03664e-02
-1.22237e-02
-1.39742e-02
-1.56214e-02
-1.69825e-02
-1.79567e-02
-1.91101e-02
-2.06991e-02
-2.23968e-02
-2.38886e-02
-2.49226e-02
-2.58421e-02
-2.68285e-02
-2.74590e-02
-2.76332e-02
-2.73407e-02
-2.71569e-02
-2.72783e-02
-2.70600e-02
-2.66681e-02
-2.65674e-02
-2.68420e-02
-2.72326e-02
-2.73048e-02
-2.71418e-02
-2.70300e-02
-2.69159e-02
-2.65092e-02
-2.57599e-02
-2.48763e-02
-2.43119e-02
-2.38399e-02
-2.30127e-02
-2.19776e-02
-2.08361e-02
-1.94381e-02
-1.79898e-02
-1.69196e-02
-1.61084e-02
-1.52218e-02
-1.41531e-02
-1.30588e-02
-1.21326e-02
-1.15848e-02
-1.13513e-02
-1.13411e-02
-1.13534e-02
-1.12926e-02
-1.12140e-02
-1.12264e-02
-1.15908e-02
-1.21797e-02
-1.23631e-02
-1.18256e-02
-1.10924e-02
-1.08169e-02
-1.04082e-02
-9.52657e-03
-8.43317e-03
-7.39895e-03
-6.46976e-03
-5.48243e-03
-3.97511e-03
-2.39041e-03
-1.29431e-03
-3.70278e-05
1.46646e-03
3.10940e-03
4.71471e-03
6.29613e-03
8.20475e-03
1.03195e-02
1.25750e-02
1.48437e-02
1.70200e-02
1.89840e-02
2.04576e-02
2.17740e-02
2.30289e-02
2.36903e-02
2.39423e-02
2.43700e-02
2.44867e-02
2.41533e-02
2.38049e-02
2.35584e-02
2.35709e-02
2.35474e-02
2.31096e-02
2.24488e-02
2.18706e-02
2.12707e-02
2.04171e-02
1.96686e-02
1.94481e-02
1.94592e-02
1.98152e-02
2.05978e-02
2.17646e-02
2.27378e-02
2.37661e-02
2.48233e-02
2.57138e-02
2.62503e-02
2.64783e-02
2.61894e-02
2.55091e-02
2.46074e-02
2.35814e-02
2.22331e-02
2.02906e-02
1.77876e-02
1.51776e-02
1.27454e-02
1.04073e-02
7.94831e-03
4.89842e-03
1.50362e-03
-1.57847e-03
-4.13938e-03
-6.60994e-03
-8.98978e-03
-1.10020e-02
-1.25901e-02
-1.37270e-02
-1.45758e-02
-1.49522e-02
-1.44486e-02
-1.33218e-02
-1.19918e-02
-1.03902e-02
-8.64621e-03
-6.95299e-03
-5.09698e-03
-3.25439e-03
-1.33499e-03
8.73846e-04
2.77861e-03
3.94317e-03
4.27733e-03
4.38049e-03
4.80511e-03
4.90233e-03
4.50399e-03
3.49845e-03
2.31916e-03
1.04129e-03
-4.77699e-04
-1.48869e-03
-1.95596e-03
-2.52163e-03
-3.27127e-03
-4.21893e-03
-5.47075e-03
-7.15892e-03
-8.50445e-03
-9.20332e-03
-9.43228e-03
-9.39264e-03
-9.27154e-03
-8.85836e-03
-7.94531e-03
-6.82635e-03
-5.86445e-03
-5.10972e-03
-4.29661e-03
-3.28633e-03
-2.19375e-03
-1.15641e-03
-2.48029e-04
3.06262e-04
3.41625e-04
1.73033e-04
9.22641e-05
-7.90519e-05
-1.75608e-04
1.11773e-04
2.43063e-04
2.23775e-04
3.39151e-04
6.43263e-04
9.63391e-04
1.50664e-03
2.24983e-03
2.85825e-03
3.55689e-03
4.50520e-03
5.30210e-03
5.71396e-03
6.19541e-03
6.79757e-03
7.36962e-03
8.29888e-03
9.44513e-03
1.05001e-02
1.12329e-02
1.20122e-02
1.32246e-02
1.42433e-02
1.46961e-02
1.47808e-02
1.49136e-02
1.52336e-02
1.52542e-02
1.47511e-02
1.40761e-02
1.34004e-02
1.25397e-02
1.18185e-02
1.16252e-02
1.14245e-02
1.10575e-02
1.08842e-02
1.09281e-02
1.08951e-02
1.04613e-02
9.79110e-03
9.22266e-03
8.91117e-03
8.83266e-03
8.52841e-03
7.73346e-03
6.31342e-03
4.82521e-03
3.78895e-03
3.05563e-03
2.16957e-03
7.59630e-04
-1.00158e-03
-2.88139e-03
-4.26905e-03
-5.71512e-03
-7.61605e-03
-9.31117e-03
-1.08700e-02
-1.24702e-02
-1.37055e-02
-1.43146e-02
-1.45430e-02
-1.41399e-02
-1.30709e-02
-1.19086e-02
-1.07303e-02
-9.40290e-03
-8.25962e-03
-7.01991e-03
-5.30232e-03
-3.58857e-03
-2.11817e-03
-7.51969e-04
6.99839e-04
2.23125e-03
3.76195e-03
5.24070e-03
6.43472e-03
7.26342e-03
8.12120e-03
9.16386e-03
9.95933e-03
1.01743e-02
1.02601e-02
1.01651e-02
9.71366e-03
9.14598e-03
8.66681e-03
8.27323e-03
7.99475e-03
7.75434e-03
6.97370e-03
5.65418e-03
3.98559e-03
2.04283e-03
-1.55892e-04
-2.70929e-03
-4.96982e-03
-6.63173e-03
-7.75420e-03
-8.56769e-03
-8.85113e-03
-8.67180e-03
-7.91720e-03
-6.81645e-03
-5.78967e-03
-4.91581e-03
-4.08575e-03
-3.47780e-03
-3.03080e-03
-2.38428e-03
-1.87003e-03
-1.58964e-03
-1.18429e-03
-6.01190e-04
-4.98913e-05
1.51110e-04
2.85507e-05
-2.85470e-05
5.30198e-04
1.19599e-03
1.06198e-03
5.44526e-05
-1.23747e-03
-2.45054e-03
-3.55367e-03
-4.45848e-03
-5.52700e-03
-7.04326e-03
-8.51863e-03
-9.51426e-03
-1.02269e-02
-1.10026e-02
-1.18841e-02
-1.26753e-02
-1.34534e-02
-1.41770e-02
-1.47778e-02
-1.51697e-02
-1.59653e-02
-1.68441e-02
-1.73189e-02
-1.79578e-02
-1.88906e-02
-1.98636e-02
-2.04742e-02
-2.08239e-02
-2.11211e-02
-2.13394e-02
-2.15489e-02
-2.13935e-02
-2.10666e-02
-2.07270e-02
-2.06456e-02
-2.06921e-02
-2.05220e-02
-2.06073e-02
-2.07953e-02
-2.05172e-02
-2.01614e-02
-2.00866e-02
-1.99338e-02
-1.97713e-02
-1.97643e-02
-1.98712e-02
-2.02080e-02
-2.04116e-02
-2.03569e-02
-2.04943e-02
-2.07535e-02
-2.05920e-02
-2.02350e-02
-2.01250e-02
-2.00117e-02
-1.97776e-02
-1.91874e-02
-1.83659e-02
-1.77160e-02
-1.68255e-02
-1.58711e-02
-1.47801e-02
-1.32848e-02
-1.16721e-02
-1.01502e-02
-8.74292e-03
-6.92582e-03
-5.18548e-03
-3.75060e-03
-2.37602e-03
-1.12419e-03
2.86094e-04
1.66068e-03
2.69177e-03
3.31793e-03
3.65550e-03
4.07239e-03
4.66813e-03
5.13161e-03
5.32069e-03
5.35887e-03
5.23827e-03
5.55967e-03
6.11965e-03
6.44144e-03
6.47398e-03
6.26052e-03
6.27243e-03
6.18096e-03
6.16041e-03
6.59556e-03
7.16782e-03
7.49980e-03
8.04177e-03
8.68877e-03
9.30085e-03
1.01562e-02
1.10426e-02
1.14627e-02
1.20117e-02
1.29320e-02
1.40359e-02
1.51000e-02
1.59919e-02
1.65849e-02
1.72767e-02
1.80151e-02
1.89141e-02
2.00258e-02
2.14522e-02
2.30408e-02
2.45245e-02
2.57382e-02
2.67706e-02
2.81961e-02
2.97675e-02
3.08555e-02
3.13767e-02
3.16761e-02
3.21398e-02
3.27435e-02
3.30682e-02
3.30029e-02
3.28066e-02
3.22014e-02
3.08594e-02
2.91601e-02
2.75429e-02
2.60814e-02
2.45058e-02
2.27354e-02
2.09297e-02
1.91870e-02
1.77045e-02
1.65506e-02
1.58580e-02
1.54828e-02
1.54355e-02
1.55060e-02
1.54664e-02
1.57618e-02
1.59686e-02
1.55357e-02
1.46375e-02
1.35728e-02
1.25833e-02
1.18465e-02
1.14333e-02
1.09207e-02
1.00818e-02
9.34774e-03
8.73222e-03
8.00626e-03
7.39942e-03
6.71583e-03
5.59624e-03
4.29891e-03
2.97604e-03
1.70670e-03
1.11367e-05
-1.99540e-03
-3.68199e-03
-5.10113e-03
-6.65368e-03
-8.05031e-03
-9.39545e-03
-1.06716e-02
-1.13924e-02
-1.17685e-02
-1.24522e-02
-1.34888e-02
-1.40698e-02
-1.45738e-02
-1.54275e-02
-1.59791e-02
-1.64662e-02
-1.68370e-02
-1.74401e-02
-1.81464e-02
-1.83628e-02
-1.81726e-02
-1.80279e-02
-1.81189e-02
-1.85144e-02
-1.88595e-02
-1.88876e-02
-1.92192e-02
-1.97567e-02
-2.01435e-02
-2.05473e-02
-2.10148e-02
-2.12390e-02
-2.09211e-02
-2.04591e-02
-1.98715e-02
-1.90012e-02
-1.84897e-02
-1.83947e-02
-1.81258e-02
-1.73550e-02
-1.65786e-02
-1.60821e-02
-1.52859e-02
-1.41848e-02
-1.28796e-02
-1.13923e-02
-1.00718e-02
-8.75836e-03
-7.28184e-03
-6.14366e-03
-5.27310e-03
-4.35950e-03
-3.37340e-03
-2.42166e-03
-1.45767e-03
-7.46341e-04
-4.04886e-04
3.30434e-05
5.30025e-04
1.14437e-03
1.50685e-03
1.83331e-03
2.15898e-03
2.23390e-03
2.14815e-03
1.97875e-03
1.79010e-03
1.91526e-03
1.86941e-03
1.69131e-03
1.54033e-03
1.29359e-03
1.06206e-03
6.73444e-04
2.09540e-04
-1.09741e-05
-2.64784e-04
-7.68861e-04
-1.35292e-03
-1.78346e-03
-1.93649e-03
-2.39978e-03
-2.91586e-03
-3.64456e-03
-4.61701e-03
-5.09983e-03
-5.48402e-03
-5.78466e-03
-6.11603e-03
-6.58867e-03
-6.82064e-03
-6.74171e-03
-6.59227e-03
-6.36475e-03
-6.46218e-03
-7.07910e-03
-7.75277e-03
-7.98150e-03
-8.06305e-03
-8.40449e-03
-8.46553e-03
-7.88444e-03
-6.87401e-03
-5.75338e-03
-4.54982e-03
-3.40199e-03
-2.32919e-03
-1.24278e-03
-2.28739e-04
7.39538e-04
1.73917e-03
2.77016e-03
3.78125e-03
4.77237e-03
5.95843e-03
7.28011e-03
8.34258e-03
8.79479e-03
8.40921e-03
7.52607e-03
6.58997e-03
5.72070e-03
4.70779e-03
3.29981e-03
1.99558e-03
1.43413e-03
1.54269e-03
2.00038e-03
2.25825e-03
2.50357e-03
2.75972e-03
2.79423e-03
2.83407e-03
3.04206e-03
2.83433e-03
2.29613e-03
1.88382e-03
1.38876e-03
1.07762e-03
8.85430e-04
8.27825e-04
7.64257e-04
4.55543e-04
1.36288e-04
-2.54608e-04
-6.75305e-04
-8.31001e-04
-9.57785e-04
-8.05429e-04
-5.57279e-04
-5.07155e-04
-2.73494e-04
2.88713e-04
9.01969e-04
1.35853e-03
1.47855e-03
1.62842e-03
1.80076e-03
1.79841e-03
1.46752e-03
1.21827e-03
1.27560e-03
1.42085e-03
1.41429e-03
1.03608e-03
4.52653e-04
1.89078e-04
3.25367e-04
4.75716e-04
2.19688e-04
-1.77772e-04
-2.66881e-04
-1.02517e-04
2.59629e-04
5.14607e-04
4.92541e-04
5.91038e-04
8.46623e-04
1.19372e-03
1.44093e-03
1.43326e-03
1.32382e-03
1.28196e-03
1.34126e-03
1.61856e-03
2.16208e-03
2.55284e-03
2.88065e-03
3.32473e-03
3.65153e-03
4.05508e-03
4.35912e-03
4.38063e-03
4.69458e-03
5.32068e-03
5.50859e-03
5.31966e-03
5.16035e-03
4.99392e-03
4.57725e-03
4.20143e-03
3.98975e-03
3.61557e-03
2.94143e-03
2.27167e-03
2.02851e-03
1.78381e-03
1.27602e-03
6.69251e-04
2.84875e-04
1.56613e-04
-3.63630e-05
-2.90260e-04
-4.59631e-04
-7.68588e-05
6.16983e-04
1.18258e-03
1.72050e-03
2.43329e-03
3.05725e-03
3.66316e-03
4.42393e-03
5.05799e-03
5.60385e-03
6.39093e-03
7.25939e-03
7.70281e-03
8.09374e-03
8.39501e-03
8.79329e-03
9.27260e-03
9.54224e-03
9.85648e-03
1.03515e-02
1.09288e-02
1.13715e-02
1.14239e-02
1.13675e-02
1.18220e-02
1.28326e-02
1.35551e-02
1.37121e-02
1.40345e-02
1.43205e-02
1.45345e-02
1.51904e-02
1.59223e-02
1.64257e-02
1.68056e-02
1.72020e-02
1.73711e-02
1.72861e-02
1.72251e-02
1.71928e-02
1.66617e-02
1.60875e-02
1.54131e-02
1.44323e-02
1.33480e-02
1.23659e-02
1.14496e-02
1.04927e-02
9.47613e-03
8.39925e-03
7.03766e-03
5.40566e-03
3.59413e-03
2.16922e-03
7.51779e-04
-5.30273e-04
-1.57585e-03
-3.09567e-03
-4.62011e-03
-5.64881e-03
-6.49627e-03
-7.72286e-03
-9.05065e-03
-1.02414e-02
-1.10139e-02
-1.13654e-02
-1.17047e-02
-1.22075e-02
-1.25148e-02
-1.22556e-02
-1.18368e-02
-1.15237e-02
-1.11363e-02
-1.06176e-02
-9.87575e-03
-9.32347e-03
-8.87401e-03
-8.46523e-03
-7.92035e-03
-7.20899e-03
-6.88433e-03
-7.01750e-03
-7.18690e-03
-7.18996e-03
-7.31668e-03
-7.52715e-03
-7.59235e-03
-7.76562e-03
-8.00274e-03
-8.05045e-03
-8.00181e-03
-8.20882e-03
-8.54160e-03
-8.88027e-03
-9.30179e-03
-9.53128e-03
-9.46046e-03
-9.31199e-03
-9.01929e-03
-8.49232e-03
-7.66713e-03
-6.61558e-03
-5.62300e-03
-5.02051e-03
-4.71164e-03
-4.32269e-03
-3.77672e-03
-3.38262e-03
-3.16408e-03
-2.75558e-03
-2.16861e-03
-1.59521e-03
-1.12554e-03
-6.94405e-04
-4.07708e-04
-2.38129e-04
-2.18011e-04
-4.67318e-04
-7.72569e-04
-1.01272e-03
-1.01850e-03
-1.10259e-03
-1.38012e-03
-1.50571e-03
-1.46307e-03
-1.39337e-03
-1.17423e-03
-6.93700e-04
-3.34755e-04
-3.65656e-04
-3.55960e-04
-2.80587e-04
-4.26472e-04
-3.26300e-04
2.24963e-04
6.81454e-04
6.63285e-04
6.63910e-04
1.12313e-03
1.59772e-03
1.83880e-03
2.17168e-03
2.35388e-03
2.05960e-03
1.66927e-03
1.09487e-03
1.54426e-04
-7.71367e-04
-1.28266e-03
-1.72621e-03
-2.47284e-03
-3.17716e-03
-3.67989e-03
-4.09436e-03
-4.56219e-03
-5.10067e-03
-5.62805e-03
-6.11230e-03
-6.73123e-03
-7.41354e-03
-7.85651e-03
-8.29962e-03
-8.58935e-03
-8.96816e-03
-9.35446e-03
-9.59815e-03
-9.82811e-03
-1.00406e-02
-1.03127e-02
-1.02532e-02
-9.83653e-03
-9.49034e-03
-9.26117e-03
-9.03067e-03
-8.40939e-03
-7.68676e-03
-7.16134e-03
-6.75643e-03
-6.22296e-03
-5.38598e-03
-4.65856e-03
-4.10013e-03
-3.29199e-03
-2.21992e-03
-1.23148e-03
-6.76792e-04
-3.53940e-04
5.87796e-05
6.22299e-04
1.22304e-03
1.84728e-03
2.64458e-03
3.31630e-03
3.64882e-03
3.71860e-03
3.93793e-03
4.24343e-03
4.59361e-03
4.72970e-03
4.55357e-03
4.05398e-03
3.44490e-03
2.93725e-03
2.63836e-03
2.56111e-03
2.27264e-03
1.82323e-03
1.94333e-03
2.58542e-03
2.96294e-03
3.14854e-03
3.48235e-03
3.68668e-03
3.64281e-03
3.60432e-03
3.87401e-03
3.92628e-03
4.01561e-03
4.12962e-03
3.83648e-03
3.47591e-03
3.13130e-03
2.73735e-03
2.54425e-03
2.37363e-03
2.53251e-03
2.79437e-03
2.81001e-03
2.62844e-03
2.17899e-03
1.62238e-03
1.40893e-03
1.24303e-03
8.24605e-04
5.11827e-04
2.09831e-04
-2.20812e-04
-4.24537e-04
-4.17079e-04
-8.65558e-04
-1.45055e-03
-1.78038e-03
-1.88335e-03
-2.04591e-03
-2.30205e-03
-2.66331e-03
-3.13378e-03
-3.12027e-03
-2.49109e-03
-2.04891e-03
-2.15015e-03
-2.36084e-03
-1.89895e-03
-9.12694e-04
1.02246e-04
1.01376e-03
1.64519e-03
2.28619e-03
3.26265e-03
4.36655e-03
5.13893e-03
5.52046e-03
5.87158e-03
6.35842e-03
6.66828e-03
6.64970e-03
6.51603e-03
6.23408e-03
5.72083e-03
4.89761e-03
3.89689e-03
3.34189e-03
2.72113e-03
1.52930e-03
3.87953e-05
-1.23919e-03
-2.12625e-03
-2.94302e-03
-3.92025e-03
-4.99516e-03
-5.98742e-03
-6.43973e-03
-6.50856e-03
-6.35737e-03
-6.10270e-03
-5.55751e-03
-4.56671e-03
-3.44495e-03
-2.42918e-03
-1.29622e-03
-6.13302e-05
1.22278e-03
2.43913e-03
3.70106e-03
5.16606e-03
6.46543e-03
7.41593e-03
8.26396e-03
9.23195e-03
1.02962e-02
1.12901e-02
1.17757e-02
1.21238e-02
1.25262e-02
1.28442e-02
1.27837e-02
1.24791e-02
1.23377e-02
1.18916e-02
1.09212e-02
1.02119e-02
9.48067e-03
8.11512e-03
6.66999e-03
5.65343e-03
4.90418e-03
4.27036e-03
3.51313e-03
2.71054e-03
1.99242e-03
1.54817e-03
1.36734e-03
9.75049e-04
3.80622e-04
1.19800e-05
2.38947e-04
7.09000e-04
8.07748e-04
6.08316e-04
4.59769e-04
4.74102e-04
3.64992e-04
2.69256e-04
3.01400e-04
-4.45891e-05
-3.02077e-04
-5.48592e-05
1.89411e-04
1.83187e-04
2.51238e-04
3.20546e-04
3.72938e-04
5.59727e-04
8.55776e-04
8.89513e-04
8.45850e-04
1.01718e-03
1.39196e-03
1.68234e-03
1.63054e-03
1.19786e-03
6.11245e-04
3.44155e-04
2.41310e-04
9.62278e-05
-2.22873e-04
-7.79196e-04
-1.11202e-03
-1.37414e-03
-1.73330e-03
-1.63356e-03
-1.30247e-03
-1.19482e-03
-9.78861e-04
-5.03208e-04
-1.67372e-04
3.38279e-04
7.31456e-04
1.04731e-03
1.52294e-03
2.04386e-03
2.29188e-03
2.49479e-03
2.61318e-03
2.60196e-03
2.57282e-03
2.58940e-03
2.53139e-03
2.13161e-03
1.50624e-03
9.49874e-04
5.30056e-04
1.23064e-04
-4.67060e-04
-1.33228e-03
-2.03547e-03
-2.54391e-03
-3.13547e-03
-3.68264e-03
-4.40543e-03
-5.03840e-03
-5.34301e-03
-5.42510e-03
-5.62901e-03
-5.91975e-03
-6.25241e-03
-6.19909e-03
-5.62422e-03
-5.23255e-03
-5.41354e-03
-5.45225e-03
-5.18367e-03
-4.91462e-03
-4.95397e-03
-5.06769e-03
-5.29042e-03
-5.35434e-03
-5.28017e-03
-5.41926e-03
-5.94538e-03
-6.18729e-03
-5.84627e-03
-5.77391e-03
-6.16295e-03
-6.40745e-03
-6.35729e-03
-6.42037e-03
-6.70401e-03
-6.82686e-03
-6.96156e-03
-7.41093e-03
-7.59626e-03
-7.84158e-03
-8.51926e-03
-9.16492e-03
-9.34633e-03
-9.19474e-03
-9.32861e-03
-9.71344e-03
-1.01046e-02
-1.03032e-02
-1.02080e-02
-9.84638e-03
-9.53603e-03
-9.28752e-03
-8.86666e-03
-8.27780e-03
-7.69061e-03
-7.25767e-03
-7.18023e-03
-7.21819e-03
-6.59797e-03
-5.71852e-03
-5.41077e-03
-5.26261e-03
-4.61015e-03
-3.90803e-03
-3.09968e-03
-2.18046e-03
-1.55314e-03
-1.18333e-03
-7.96087e-04
-3.76220e-04
-2.64951e-05
5.55619e-04
1.17798e-03
1.76084e-03
2.00919e-03
2.14244e-03
2.32768e-03
2.51280e-03
2.31738e-03
2.11774e-03
1.99690e-03
1.77161e-03
1.46412e-03
9.88986e-04
6.66586e-04
7.23369e-04
8.79316e-04
8.83079e-04
7.81776e-04
9.18154e-04
1.45454e-03
1.95944e-03
2.45765e-03
2.82566e-03
2.79772e-03
2.66821e-03
2.86902e-03
2.99291e-03
2.81179e-03
2.63885e-03
2.30932e-03
1.80263e-03
1.55300e-03
1.31988e-03
8.49147e-04
2.66879e-04
-3.23312e-04
-1.09725e-03
-1.80223e-03
-2.26515e-03
-2.60396e-03
-2.69737e-03
-2.63066e-03
-2.51099e-03
-2.05818e-03
-1.18656e-03
-2.72323e-04
8.58476e-04
2.04314e-03
3.13266e-03
4.07733e-03
4.99713e-03
5.97892e-03
7.01664e-03
7.75583e-03
8.07428e-03
8.61744e-03
9.30170e-03
9.91644e-03
1.02385e-02
1.01822e-02
1.02400e-02
1.05629e-02
1.07376e-02
1.06796e-02
1.03867e-02
9.86889e-03
9.48602e-03
9.01160e-03
8.03106e-03
7.12502e-03
6.63889e-03
6.08944e-03
5.37068e-03
4.73407e-03
3.99969e-03
3.25277e-03
2.62197e-03
1.85596e-03
1.10594e-03
3.72280e-04
3.51614e-05
-1.79146e-04
-6.44130e-04
-1.28188e-03
-1.81656e-03
-1.96932e-03
-2.10402e-03
-2.25267e-03
-2.22870e-03
-1.86659e-03
-1.52719e-03
-1.19219e-03
-8.41869e-04
-6.45695e-04
-4.09945e-04
-1.72217e-04
2.39200e-04
8.01647e-04
1.34531e-03
1.72849e-03
1.76637e-03
1.83211e-03
2.63543e-03
3.82773e-03
4.58496e-03
4.97225e-03
5.66071e-03
6.66775e-03
7.41056e-03
7.83608e-03
8.26878e-03
8.67341e-03
8.76955e-03
8.67202e-03
8.63477e-03
8.68829e-03
8.46801e-03
7.81490e-03
7.36974e-03
7.04455e-03
6.63193e-03
6.11177e-03
5.42196e-03
4.58870e-03
3.97602e-03
3.43924e-03
2.70384e-03
2.05679e-03
1.43659e-03
4.57516e-04
-7.69560e-04
-1.45955e-03
-1.50040e-03
-1.69471e-03
-2.09983e-03
-2.28826e-03
-2.44031e-03
-2.87983e-03
-3.26852e-03
-3.09358e-03
-2.80199e-03
-2.78751e-03
-2.72749e-03
-2.70690e-03
-2.92494e-03
-3.28036e-03
-3.56089e-03
-3.74680e-03
-3.72517e-03
-3.63896e-03
-3.62973e-03
-3.68493e-03
-3.70024e-03
-3.45047e-03
-3.09547e-03
-2.51835e-03
-1.78286e-03
-1.20160e-03
-5.31618e-04
3.89736e-04
9.78112e-04
1.41951e-03
2.26818e-03
2.93335e-03
3.20960e-03
3.72148e-03
3.99931e-03
3.76193e-03
3.49074e-03
2.91894e-03
2.21935e-03
2.04981e-03
2.29362e-03
2.41006e-03
2.03122e-03
1.55330e-03
9.05519e-04
5.18464e-04
3.60089e-04
2.78124e-04
-1.61797e-05
-2.80267e-04
-3.37703e-04
-5.49370e-04
-7.62421e-04
-7.71869e-04
-6.88132e-04
-6.37786e-04
-7.03957e-04
-1.07087e-03
-1.39048e-03
-1.69384e-03
-2.16048e-03
-2.60924e-03
-2.45152e-03
-2.06955e-03
-2.00295e-03
-2.17678e-03
-2.25803e-03
-1.88723e-03
-1.15510e-03
-2.89050e-04
1.12517e-04
5.33029e-04
1.15592e-03
1.75291e-03
2.24724e-03
2.67230e-03
2.81399e-03
2.67371e-03
2.18856e-03
1.35156e-03
9.42863e-04
7.93326e-04
1.42268e-04
-7.03929e-04
-1.34391e-03
-2.00657e-03
-2.35630e-03
-2.57466e-03
-3.01961e-03
-3.64358e-03
-4.17932e-03
-4.29274e-03
-4.12580e-03
-4.03059e-03
-4.09769e-03
-4.20274e-03
-4.25685e-03
-4.24600e-03
-4.25465e-03
-4.57110e-03
-5.08595e-03
-5.06905e-03
-4.98339e-03
-5.09277e-03
-5.19447e-03
-5.23423e-03
-5.48686e-03
-6.02251e-03
-6.37908e-03
-6.54415e-03
-6.64248e-03
-6.66690e-03
-6.89377e-03
-7.16058e-03
-6.99485e-03
-6.87130e-03
-7.08798e-03
-7.25807e-03
-7.24382e-03
-7.11773e-03
-6.54847e-03
-5.71656e-03
-5.10071e-03
-4.50113e-03
-3.82063e-03
-3.04497e-03
-2.30260e-03
-1.52433e-03
-5.32598e-04
5.50544e-04
1.54565e-03
2.20949e-03
2.56457e-03
2.67149e-03
2.65435e-03
2.93224e-03
3.49542e-03
3.36157e-03
2.69895e-03
2.45511e-03
2.66450e-03
2.84820e-03
2.56363e-03
1.84572e-03
9.45229e-04
4.84317e-04
6.09487e-04
3.82158e-04
-1.87235e-04
-4.24857e-04
-5.19857e-04
-4.33340e-04
-1.84951e-04
-1.08612e-04
-2.06415e-04
-2.92402e-04
-2.81916e-04
-2.11893e-04
-1.92352e-04
-4.79994e-04
-1.05287e-03
-1.34968e-03
-1.00228e-03
-7.63312e-04
-1.00165e-03
-1.24909e-03
-1.26063e-03
-1.13835e-03
-1.03455e-03
-7.76206e-04
-2.20238e-04
6.02001e-04
1.12686e-03
1.30104e-03
1.63670e-03
2.21553e-03
2.80719e-03
3.04874e-03
2.96017e-03
3.06924e-03
3.14862e-03
3.01377e-03
2.94357e-03
2.99407e-03
2.87489e-03
2.56850e-03
2.45031e-03
2.34359e-03
2.10276e-03
1.82496e-03
1.37216e-03
8.12461e-04
3.13430e-04
7.25028e-05
-2.30271e-04
-7.57383e-04
-1.13365e-03
-1.51252e-03
-1.80024e-03
-2.19908e-03
-2.75870e-03
-3.28190e-03
-3.75779e-03
-3.80254e-03
-3.83011e-03
-4.28567e-03
-4.56900e-03
-4.46621e-03
-4.29891e-03
-3.87129e-03
-3.48875e-03
-3.28542e-03
-2.93348e-03
-2.58668e-03
-2.55016e-03
-2.65624e-03
-2.47467e-03
-1.88077e-03
-1.41658e-03
-1.24832e-03
-9.41852e-04
-5.97153e-04
-5.39782e-04
-6.45796e-04
-6.90900e-04
-6.49700e-04
-7.96948e-04
-1.30897e-03
-1.74591e-03
-2.11200e-03
-2.56941e-03
-2.87061e-03
-3.24863e-03
-3.78185e-03
-4.33881e-03
-4.64794e-03
-4.97683e-03
-5.67980e-03
-6.15737e-03
-5.89390e-03
-5.32089e-03
-4.81385e-03
-4.41309e-03
-4.23833e-03
-3.89875e-03
-3.32809e-03
-2.72514e-03
-2.21117e-03
-1.75696e-03
-1.28804e-03
-8.07728e-04
-4.97847e-04
-1.35597e-04
3.81720e-04
5.38098e-04
6.16757e-04
1.06732e-03
1.53210e-03
1.57844e-03
1.40581e-03
1.32866e-03
1.39441e-03
1.47811e-03
1.47507e-03
1.05286e-03
4.02242e-04
2.37759e-04
6.58754e-05
-4.24796e-04
-6.16211e-04
-4.94667e-04
-3.84754e-04
-4.14685e-04
-4.99829e-04
-5.21225e-04
-4.93319e-04
-4.57485e-04
-2.33999e-04
2.90165e-04
6.86562e-04
8.62133e-04
1.22017e-03
1.58895e-03
1.63495e-03
1.51289e-03
1.46575e-03
1.49676e-03
1.31471e-03
1.06823e-03
1.04675e-03
1.14758e-03
1.19368e-03
1.16032e-03
1.13083e-03
1.15283e-03
1.41853e-03
1.72272e-03
1.76726e-03
1.66272e-03
1.60383e-03
1.63670e-03
1.69096e-03
1.70851e-03
1.69571e-03
1.72676e-03
1.99875e-03
2.30368e-03
2.33941e-03
2.19044e-03
1.87811e-03
1.64045e-03
1.68054e-03
1.81443e-03
1.85012e-03
1.76420e-03
1.43119e-03
8.98874e-04
6.25348e-04
7.38922e-04
9.08103e-04
8.83137e-04
5.17838e-04
1.73769e-04
1.83327e-04
3.46253e-04
4.10138e-04
3.99283e-04
6.36270e-04
9.11576e-04
1.25491e-03
1.71584e-03
1.98389e-03
2.50407e-03
2.99870e-03
3.56800e-03
3.97204e-03
4.46251e-03
4.55970e-03
4.58595e-03
4.70852e-03
4.81985e-03
5.12342e-03
5.30816e-03
4.97494e-03
4.62186e-03
4.53591e-03
3.98986e-03
2.95450e-03
2.37567e-03
1.90959e-03
1.09474e-03
5.96144e-04
3.52438e-04
-2.80695e-06
-2.26157e-04
-2.06176e-04
-1.34521e-04
-1.42193e-04
-1.50455e-04
8.41589e-05
2.09247e-04
6.99958e-04
1.42553e-03
1.90667e-03
1.89127e-03
1.58035e-03
1.09238e-03
6.86607e-04
5.78658e-04
3.54802e-04
-8.92440e-05
-3.97428e-04
-7.25159e-04
-1.11737e-03
-1.25164e-03
-1.25504e-03
-1.51427e-03
-1.74712e-03
-1.75004e-03
-1.66108e-03
-1.63188e-03
-1.56725e-03
-1.16427e-03
-5.36330e-04
-8.22173e-05
1.06909e-04
5.68700e-04
1.02700e-03
1.46095e-03
1.95563e-03
2.47632e-03
2.84163e-03
2.99067e-03
3.04064e-03
2.95020e-03
3.11136e-03
3.29763e-03
3.17570e-03
2.78216e-03
2.61825e-03
2.73080e-03
2.85541e-03
2.85155e-03
2.62456e-03
2.08879e-03
1.63693e-03
1.63670e-03
1.84219e-03
1.91900e-03
1.83624e-03
1.74176e-03
1.71394e-03
1.71270e-03
1.52137e-03
1.00190e-03
5.87260e-04
6.05306e-04
5.93195e-04
1.24919e-04
-3.70816e-04
-4.20434e-04
-2.42975e-04
-3.65481e-04
-7.79343e-04
-1.14286e-03
-1.37081e-03
-1.35393e-03
-1.25045e-03
-1.22859e-03
-1.29646e-03
-1.55512e-03
-2.06940e-03
-2.43298e-03
-2.38969e-03
-2.42546e-03
-2.91824e-03
-3.40866e-03
-3.64587e-03
-3.98001e-03
-4.30779e-03
-4.34285e-03
-4.23240e-03
-4.19505e-03
-4.28077e-03
-4.59338e-03
-4.89695e-03
-4.89723e-03
-4.73195e-03
-4.42090e-03
-4.17762e-03
-4.21340e-03
-4.37757e-03
-4.68150e-03
-4.90464e-03
-4.89437e-03
-5.03200e-03
-5.28265e-03
-5.33833e-03
-5.26682e-03
-5.23661e-03
-5.26792e-03
-5.30477e-03
-5.25445e-03
-4.72264e-03
-4.13411e-03
-4.07801e-03
-4.29531e-03
-4.13233e-03
-3.50828e-03
-3.03311e-03
-2.58782e-03
-2.16895e-03
-1.67584e-03
-1.20860e-03
-6.60576e-04
-2.11424e-04
-1.47383e-04
1.85170e-04
7.00539e-04
8.31626e-04
7.08686e-04
8.29965e-04
9.03634e-04
7.61307e-04
9.23298e-04
1.23234e-03
1.05157e-03
6.36131e-04
5.26575e-04
6.73976e-04
7.92144e-04
7.73637e-04
7.01355e-04
6.68665e-04
6.84536e-04
7.08415e-04
7.86511e-04
1.38315e-03
1.91341e-03
1.96272e-03
2.31310e-03
2.81141e-03
3.48053e-03
3.93357e-03
4.42323e-03
4.83281e-03
5.41939e-03
5.84041e-03
6.12326e-03
6.50522e-03
6.71239e-03
6.68059e-03
6.59246e-03
6.58619e-03
6.64555e-03
6.68859e-03
6.68535e-03
6.66312e-03
6.65230e-03
6.65692e-03
6.61953e-03
6.27311e-03
5.72563e-03
5.51541e-03
5.62347e-03
5.40708e-03
4.82163e-03
4.51298e-03
4.58125e-03
4.40756e-03
3.86694e-03
3.49389e-03
3.22031e-03
2.79648e-03
2.25811e-03
1.66981e-03
8.80670e-04
1.85170e-04
-2.68684e-04
-6.57981e-04
-1.09987e-03
-1.30298e-03
-1.23723e-03
-1.20284e-03
-1.58104e-03
-2.15545e-03
-2.14260e-03
-2.05628e-03
-2.17174e-03
-2.27467e-03
-2.28435e-03
-2.25616e-03
-2.24651e-03
-2.25892e-03
-2.27139e-03
-2.27239e-03
-2.26688e-03
-2.26325e-03
-2.26354e-03
-2.35905e-03
-2.94147e-03
-3.07094e-03
-2.43659e-03
-2.02389e-03
-2.45158e-03
-2.98033e-03
-2.97143e-03
-2.41141e-03
-2.02389e-03
-2.01889e-03
-1.60834e-03
-1.10792e-03
-4.80135e-04
-5.40677e-05
4.35473e-04
7.90124e-04
1.11626e-03
1.66121e-03
2.26843e-03
2.68124e-03
2.70491e-03
2.55665e-03
2.52217e-03
2.62211e-03
2.59965e-03
2.27670e-03
1.96293e-03
1.69799e-03
1.63067e-03
1.71496e-03
1.66567e-03
1.19080e-03
5.96231e-04
2.57770e-04
-1.70095e-04
-3.94318e-04
-5.11127e-04
-1.06492e-03
-1.48744e-03
-1.43180e-03
-1.33405e-03
-1.63458e-03
-2.02491e-03
-2.35068e-03
-2.51992e-03
-2.84069e-03
-3.28538e-03
-3.43975e-03
-3.32409e-03
-3.22575e-03
-3.25856e-03
-3.33866e-03
-3.36425e-03
-3.22675e-03
-2.87147e-03
-2.59144e-03
-2.35087e-03
-2.25950e-03
-2.31428e-03
-2.26856e-03
-1.83568e-03
-1.28663e-03
-1.14453e-03
-1.32752e-03
-1.46219e-03
-1.41921e-03
-1.31668e-03
-1.27538e-03
-1.29958e-03
-1.33179e-03
-1.33856e-03
-1.42171e-03
-1.72682e-03
-1.91200e-03
-1.94739e-03
-2.15513e-03
-2.32781e-03
-2.32611e-03
-2.27945e-03
-2.08244e-03
-1.46059e-03
-1.09877e-03
-1.03410e-03
-6.04566e-04
-2.62158e-04
-1.97183e-04
7.89877e-05
5.80420e-04
7.91765e-04
6.75675e-04
6.68461e-04
1.00021e-03
1.36157e-03
1.66104e-03
1.69751e-03
1.48755e-03
1.21348e-03
1.39031e-03
1.60699e-03
1.44848e-03
1.46082e-03
1.62385e-03
1.68485e-03
1.63852e-03
1.59321e-03
1.59605e-03
1.42656e-03
8.88726e-04
7.37913e-04
7.29682e-04
8.04640e-04
1.00818e-03
9.42727e-04
1.09498e-03
1.55585e-03
1.77745e-03
1.66984e-03
1.63497e-03
2.07231e-03
2.66873e-03
3.02996e-03
3.49220e-03
3.82950e-03
4.17819e-03
4.59703e-03
4.75024e-03
4.65832e-03
4.67345e-03
4.92842e-03
4.87195e-03
4.65427e-03
4.69402e-03
5.00607e-03
4.93581e-03
4.68301e-03
4.41437e-03
3.84352e-03
3.33579e-03
2.80803e-03
2.42042e-03
1.72858e-03
7.27488e-04
1.37869e-05
-4.38034e-04
-1.01068e-03
-1.48698e-03
-2.14859e-03
-2.82229e-03
-3.21030e-03
-3.40634e-03
-3.90799e-03
-4.25888e-03
-4.22073e-03
-4.17968e-03
-4.40852e-03
-4.46902e-03
-4.48901e-03
-4.27767e-03
-4.08984e-03
-4.13053e-03
-4.23659e-03
-4.24856e-03
-4.20578e-03
-4.16707e-03
-4.17928e-03
-4.20926e-03
-4.21721e-03
-4.10462e-03
-3.66217e-03
-3.14952e-03
-3.03861e-03
-3.22051e-03
-3.14203e-03
-2.43602e-03
-1.95277e-03
-2.04995e-03
-2.30238e-03
-2.35316e-03
-2.04904e-03
-1.31678e-03
-9.28960e-04
-9.13599e-04
-5.21296e-04
-1.54667e-04
-4.77847e-05
2.50584e-04
7.29014e-04
9.12898e-04
7.94433e-04
6.78821e-04
7.03104e-04
7.86884e-04
8.26869e-04
8.10782e-04
7.83599e-04
7.76554e-04
7.85633e-04
7.94058e-04
7.94580e-04
7.91139e-04
7.89103e-04
8.83618e-04
1.51549e-03
2.01817e-03
1.94838e-03
1.69286e-03
1.62794e-03
1.73998e-03
1.84274e-03
1.90507e-03
2.36135e-03
2.88958e-03
2.96370e-03
3.04356e-03
3.50772e-03
3.88732e-03
3.88038e-03
3.72057e-03
3.66115e-03
3.72717e-03
3.80085e-03
3.81196e-03
3.78324e-03
3.76226e-03
3.76439e-03
3.77555e-03
3.77021e-03
3.55994e-03
3.03132e-03
2.62190e-03
2.63708e-03
2.42766e-03
1.83189e-03
1.59426e-03
1.74260e-03
1.89374e-03
1.87170e-03
1.77034e-03
1.56498e-03
1.23347e-03
1.12939e-03
1.09588e-03
8.62084e-04
7.13524e-04
6.40268e-04
2.72467e-04
-2.37673e-04
-4.87286e-04
-7.48672e-04
-1.14059e-03
-1.28872e-03
-1.38792e-03
-1.95782e-03
-2.37422e-03
-2.51051e-03
-2.96634e-03
-3.30967e-03
-3.31653e-03
-3.47254e-03
-3.73825e-03
-4.08960e-03
-4.27149e-03
-4.20487e-03
-4.05657e-03
-3.68657e-03
-3.18509e-03
-2.92403e-03
-2.45251e-03
-2.08535e-03
-2.06389e-03
-1.71523e-03
-1.16012e-03
-1.01001e-03
-1.11614e-03
-7.14885e-04
-9.41258e-05
3.97529e-05
-1.67305e-04
-2.86281e-04
-1.78998e-04
3.89157e-04
1.04088e-03
1.11287e-03
8.43701e-04
7.02796e-04
7.85784e-04
9.23825e-04
1.14567e-03
1.22314e-03
9.43642e-04
7.57706e-04
8.10480e-04
9.13913e-04
9.29250e-04
8.87172e-04
5.38882e-04
-1.48519e-04
-3.95814e-04
-3.75277e-04
-8.07541e-04
-1.11013e-03
-7.95510e-04
-4.56367e-04
-5.20346e-04
-1.00358e-03
-1.32398e-03
-1.23948e-03
-1.00988e-03
-6.68293e-04
-2.35427e-04
-2.58914e-05
-1.26511e-04
-2.58375e-04
-2.38085e-04
6.19198e-05
4.51258e-04
5.03133e-04
3.17675e-04
2.19361e-05
-2.44898e-04
-2.37001e-04
-1.01190e-04
-5.24223e-05
-4.16582e-04
-1.17842e-03
-1.45471e-03
-1.20455e-03
-9.76715e-04
-1.12508e-03
-1.67954e-03
-2.23486e-03
-2.33848e-03
-2.12915e-03
-2.00008e-03
-2.08000e-03
-2.20778e-03
-2.24370e-03
-2.20512e-03
-2.16872e-03
-2.16775e-03
-2.18436e-03
-2.19363e-03
-2.19057e-03
-2.18511e-03
-2.19800e-03
-2.22355e-03
-2.23059e-03
-2.22182e-03
-2.21498e-03
-2.22750e-03
-2.25690e-03
-2.26689e-03
-2.12658e-03
-1.68453e-03
-1.20101e-03
-1.10291e-03
-1.27709e-03
-1.22643e-03
-5.60553e-04
-3.43227e-05
-1.05844e-04
-2.84365e-04
2.72312e-04
8.85085e-04
9.31554e-04
9.30758e-04
1.08749e-03
9.31603e-04
6.19118e-04
5.60681e-04
6.67299e-04
3.42989e-04
-3.35655e-04
-5.63084e-04
-6.94398e-04
-1.14224e-03
-1.38298e-03
-1.60812e-03
-2.45871e-03
-3.38176e-03
-3.51503e-03
-3.17217e-03
-2.99243e-03
-3.00843e-03
-2.74962e-03
-2.28427e-03
-2.11449e-03
-2.14988e-03
-1.63651e-03
-1.10616e-03
-1.01081e-03
-6.71142e-04
-2.11147e-04
-1.05974e-04
-2.32229e-04
-3.10304e-04
-2.78648e-04
-2.09931e-04
-1.57837e-04
2.19634e-04
8.38537e-04
9.85055e-04
7.67885e-04
9.18014e-04
1.66074e-03
2.06660e-03
1.92378e-03
1.68953e-03
1.66860e-03
1.89147e-03
2.39376e-03
2.88796e-03
2.98039e-03
2.88418e-03
3.38035e-03
3.93941e-03
3.97471e-03
3.74232e-03
3.61429e-03
3.44677e-03
3.27191e-03
3.26113e-03
3.12985e-03
2.81711e-03
2.70123e-03
2.78321e-03
2.86074e-03
2.84331e-03
2.48938e-03
1.78851e-03
1.53621e-03
1.65497e-03
1.44710e-03
9.20795e-04
6.65311e-04
6.60329e-04
1.81268e-04
-3.04714e-04
-3.33941e-04
-1.36490e-04
-9.07301e-05
-4.63592e-04
-1.10602e-03
-1.43459e-03
-1.29909e-03
-1.09293e-03
-1.07966e-03
-1.19166e-03
-1.26795e-03
-1.27027e-03
-1.25491e-03
-1.24650e-03
-1.24794e-03
-1.25351e-03
-1.25685e-03
-1.25648e-03
-1.25468e-03
-1.25361e-03
-1.25355e-03
-1.25368e-03
-1.25351e-03
-1.20796e-03
-8.66402e-04
-3.57106e-04
-1.30083e-04
-2.51638e-04
-3.99867e-04
-3.65953e-04
-3.25960e-05
3.20658e-04
3.48128e-04
2.34733e-04
5.62076e-04
1.22962e-03
1.29004e-03
7.56718e-04
4.59897e-04
7.14532e-04
1.33593e-03
1.84970e-03
1.97605e-03
2.17579e-03
2.58666e-03
2.80582e-03
2.75052e-03
2.65457e-03
2.66183e-03
2.76940e-03
3.12502e-03
3.64758e-03
3.90377e-03
3.78824e-03
3.62809e-03
3.62974e-03
3.72765e-03
3.81134e-03
4.21038e-03
4.82769e-03
4.96267e-03
4.75951e-03
5.02050e-03
5.73113e-03
5.99864e-03
5.80751e-03
5.62835e-03
5.66336e-03
5.77372e-03
5.52945e-03
4.82771e-03
4.54194e-03
4.74112e-03
4.94627e-03
4.63958e-03
3.86250e-03
3.54254e-03
3.74548e-03
3.85846e-03
3.42716e-03
2.80095e-03
2.61432e-03
2.80673e-03
2.77038e-03
2.08354e-03
1.59177e-03
1.67601e-03
1.92603e-03
1.98369e-03
1.82936e-03
1.38203e-03
8.10978e-04
6.27620e-04
8.11823e-04
9.69306e-04
9.34529e-04
8.24746e-04
7.92513e-04
8.36967e-04
8.47393e-04
5.67823e-04
5.16288e-06
-3.19945e-04
-2.18212e-04
-3.11202e-05
-1.11645e-05
-9.57725e-05
-1.44764e-04
-1.48362e-04
-1.29326e-04
-9.87700e-05
-8.95894e-05
-9.96439e-05
-1.08670e-04
-1.07825e-04
-1.02374e-04
-9.93105e-05
-9.98020e-05
-1.01143e-04
-1.01301e-04
-1.00398e-04
-9.94785e-05
-9.89955e-05
-9.15400e-05
-6.71111e-05
-5.25316e-05
-5.69893e-05
-6.49671e-05
-6.53961e-05
-5.91521e-05
1.34480e-04
7.69868e-04
1.15693e-03
1.02081e-03
7.84741e-04
7.78712e-04
8.99800e-04
9.40813e-04
5.72716e-04
-3.15628e-05
-2.60655e-04
-2.93836e-05
6.60733e-04
1.19939e-03
1.12372e-03
8.22563e-04
7.21386e-04
8.54283e-04
9.86791e-04
1.02351e-03
1.00686e-03
9.79682e-04
9.72898e-04
9.95140e-04
1.20276e-03
1.51457e-03
1.75956e-03
1.77954e-03
1.46538e-03
1.11062e-03
8.71271e-04
9.14570e-04
1.06389e-03
1.08679e-03
9.92998e-04
9.02268e-04
5.12737e-04
-9.49345e-05
-2.46418e-04
-3.44109e-05
1.16095e-04
6.44553e-05
-5.14895e-05
-9.51222e-05
-5.07076e-05
1.04157e-05
2.27030e-05
8.08231e-07
-1.50400e-05
1.03483e-05
4.29154e-04
1.08370e-03
1.20451e-03
7.36359e-04
6.15688e-05
-2.66853e-04
-3.18064e-04
-6.19482e-04
-9.97317e-04
-1.07429e-03
-9.64547e-04
-9.29693e-04
-1.38451e-03
-2.09772e-03
-2.27262e-03
-2.24023e-03
-2.59651e-03
-3.04344e-03
-3.12362e-03
-2.96315e-03
-2.85874e-03
-2.90275e-03
-2.98666e-03
-3.01306e-03
-2.98690e-03
-2.97068e-03
-3.18985e-03
-3.73469e-03
-4.13186e-03
-4.08039e-03
-3.87022e-03
-3.62475e-03
-3.40345e-03
-3.42623e-03
-3.74075e-03
-4.09446e-03
-4.11580e-03
-3.94837e-03
-3.86240e-03
-3.90971e-03
-3.98351e-03
-4.00379e-03
-3.98040e-03
-3.95788e-03
-3.95621e-03
-3.96544e-03
-3.97081e-03
-3.96570e-03
-3.66039e-03
-2.98396e-03
-2.86865e-03
-3.54808e-03
-4.22203e-03
-4.24043e-03
-3.91813e-03
-3.76167e-03
-3.85467e-03
-3.99201e-03
-4.02723e-03
-3.98258e-03
-3.94153e-03
-3.93978e-03
-3.95762e-03
-3.96768e-03
-3.96435e-03
-3.95746e-03
-3.95491e-03
-3.95638e-03
-3.95786e-03
-3.94648e-03
-3.92018e-03
-3.90948e-03
-3.91644e-03
-3.92365e-03
-3.92255e-03
-3.91757e-03
-3.92582e-03
-3.94784e-03
-3.64629e-03
-2.93784e-03
-2.66831e-03
-2.89726e-03
-3.11219e-03
-2.78277e-03
-1.96869e-03
-1.63785e-03
-1.86081e-03
-2.10370e-03
-2.09389e-03
-1.95409e-03
-1.87517e-03
-1.89584e-03
-1.94353e-03
-1.95941e-03
-1.94536e-03
-1.91854e-03
-1.69391e-03
-1.16549e-03
-7.56902e-04
-3.97056e-04
6.13925e-05
1.63621e-04
-4.78631e-06
-3.12940e-04
-7.44102e-04
-6.38395e-04
8.16785e-05
7.93551e-04
1.23780e-03
1.15408e-03
1.11572e-03
1.58035e-03
1.71459e-03
1.13762e-03
7.94214e-04
9.25116e-04
1.14602e-03
1.18223e-03
1.08501e-03
1.02117e-03
1.23378e-03
1.79659e-03
2.22418e-03
2.18147e-03
1.97150e-03
1.91389e-03
2.00738e-03
2.12029e-03
2.36616e-03
2.86163e-03
3.20974e-03
3.15083e-03
2.97288e-03
2.94002e-03
3.03048e-03
3.10598e-03
3.10804e-03
3.07466e-03
3.05595e-03
3.06176e-03
3.10197e-03
3.32851e-03
3.35288e-03
3.09108e-03
2.95442e-03
3.02019e-03
3.14414e-03
3.40811e-03
3.61586e-03
3.38206e-03
3.21207e-03
3.18289e-03
3.09068e-03
3.05915e-03
3.08982e-03
3.11112e-03
3.09864e-03
3.07710e-03
3.06988e-03
3.07607e-03
3.08318e-03
3.08453e-03
3.11016e-03
3.38673e-03
3.91507e-03
4.21300e-03
4.07746e-03
3.61076e-03
3.08730e-03
2.90410e-03
3.06977e-03
3.13385e-03
2.47937e-03
1.86941e-03
1.88337e-03
2.15705e-03
2.25822e-03
2.15801e-03
2.04535e-03
1.98350e-03
1.67866e-03
1.16557e-03
9.54719e-04
1.09516e-03
1.24249e-03
1.22079e-03
1.10027e-03
1.03088e-03
1.05013e-03
1.09267e-03
1.10567e-03
1.09239e-03
9.85337e-04
3.54366e-04
-1.37842e-04
-4.07256e-05
2.32751e-04
3.87251e-04
8.96090e-04
1.29430e-03
1.17503e-03
5.96193e-04
-5.36700e-06
-1.06730e-04
1.45336e-04
3.03506e-04
2.39801e-04
3.09082e-04
9.16580e-04
1.33283e-03
1.23890e-03
9.16625e-04
5.41477e-04
4.51536e-04
7.00945e-04
1.13139e-03
1.28660e-03
1.14047e-03
9.96166e-04
1.01144e-03
1.11849e-03
1.07764e-03
8.24037e-04
9.28227e-04
1.18645e-03
1.33618e-03
1.63516e-03
2.07420e-03
2.42400e-03
2.95071e-03
3.02820e-03
2.27338e-03
1.74922e-03
1.89816e-03
2.22649e-03
2.45185e-03
2.80216e-03
3.16556e-03
3.49331e-03
4.00058e-03
4.19300e-03
4.06753e-03
3.95231e-03
3.70081e-03
3.14382e-03
2.93144e-03
3.09738e-03
2.95623e-03
2.25221e-03
1.88022e-03
2.02394e-03
2.24217e-03
2.25665e-03
2.14241e-03
2.06362e-03
1.78475e-03
1.17365e-03
7.80672e-04
4.64819e-04
1.79493e-04
1.20347e-04
1.80773e-04
4.97840e-04
1.12724e-03
1.34265e-03
1.13696e-03
9.56128e-04
9.80789e-04
8.97233e-04
4.31781e-04
3.16650e-06
-1.85514e-04
-5.17504e-04
-8.66546e-04
-9.13178e-04
-7.98025e-04
-7.52017e-04
-8.28979e-04
-1.30016e-03
-1.96205e-03
-2.10934e-03
-2.26580e-03
-2.75803e-03
-2.97231e-03
-2.86510e-03
-2.77137e-03
-3.20233e-03
-3.93612e-03
-4.12433e-03
-3.87379e-03
-3.68668e-03
-3.73631e-03
-3.83761e-03
-3.59361e-03
-3.04057e-03
-2.95009e-03
-3.29890e-03
-3.31640e-03
-3.46246e-03
-3.83569e-03
-3.66218e-03
-2.98064e-03
-2.54851e-03
-2.38864e-03
-2.09216e-03
-1.83575e-03
-1.82592e-03
-1.96683e-03
-2.49822e-03
-3.01913e-03
-3.01327e-03
-2.76718e-03
-2.67482e-03
-2.77045e-03
-2.87955e-03
-2.89791e-03
-2.90220e-03
-3.22309e-03
-3.79336e-03
-4.03174e-03
-3.85623e-03
-3.67012e-03
-3.68698e-03
-3.80560e-03
-3.79518e-03
-3.20751e-03
-3.01487e-03
-3.63111e-03
-4.12236e-03
-4.04424e-03
-3.77313e-03
-3.68523e-03
-3.78075e-03
-3.88038e-03
-3.89113e-03
-3.84855e-03
-3.62334e-03
-2.97376e-03
-2.60600e-03
-2.74493e-03
-2.96697e-03
-2.98393e-03
-2.96603e-03
-3.12026e-03
-2.98836e-03
-2.76349e-03
-2.73392e-03
-2.82995e-03
-2.89106e-03
-3.17095e-03
-3.80456e-03
-4.05413e-03
-4.01549e-03
-4.30196e-03
-4.77739e-03
-4.92812e-03
-4.80082e-03
-4.85291e-03
-5.37905e-03
-5.91974e-03
-5.97335e-03
-5.45626e-03
-4.67063e-03
-4.47760e-03
-4.77651e-03
-5.00029e-03
-4.94522e-03
-4.78979e-03
-4.71207e-03
-4.52428e-03
-4.03950e-03
-3.63747e-03
-3.26075e-03
-2.79020e-03
-2.68853e-03
-2.83757e-03
-2.91787e-03
-2.84633e-03
-2.37134e-03
-1.70132e-03
-1.57180e-03
-1.80398e-03
-1.54686e-03
-6.23823e-04
1.90681e-04
8.52970e-04
1.24889e-03
1.17304e-03
1.02341e-03
1.31245e-03
1.99248e-03
2.39781e-03
2.29132e-03
2.12371e-03
2.60609e-03
3.29112e-03
3.41658e-03
3.19859e-03
3.32644e-03
3.93698e-03
4.37540e-03
4.28086e-03
3.70793e-03
3.07186e-03
2.94572e-03
3.20048e-03
3.27729e-03
2.58654e-03
1.95271e-03
1.97239e-03
2.16726e-03
1.64375e-03
1.03764e-03
9.89787e-04
1.22752e-03
1.33818e-03
1.26072e-03
1.25135e-03
1.64515e-03
2.20482e-03
2.37032e-03
2.19410e-03
2.24979e-03
2.94156e-03
3.42848e-03
3.34042e-03
3.09220e-03
3.13281e-03
3.55947e-03
3.94155e-03
4.21136e-03
4.23296e-03
4.02116e-03
3.77319e-03
3.68177e-03
3.31108e-03
3.09885e-03
3.46309e-03
4.08698e-03
4.01350e-03
3.62395e-03
3.33928e-03
3.13824e-03
3.14360e-03
2.94963e-03
2.30846e-03
1.83970e-03
1.48772e-03
1.21155e-03
1.00270e-03
5.47027e-04
1.30327e-04
9.22937e-05
3.92788e-05
-4.14803e-04
-8.68617e-04
-9.02671e-04
-7.25044e-04
-6.69425e-04
-1.14337e-03
-1.87654e-03
-2.04193e-03
-1.77878e-03
-1.58497e-03
-1.43152e-03
-1.01039e-03
-6.63195e-04
-6.36385e-04
-2.95509e-04
2.39521e-04
4.18670e-04
7.55466e-04
1.21836e-03
1.34133e-03
1.47402e-03
1.93931e-03
2.34125e-03
2.60715e-03
3.02446e-03
3.57765e-03
4.13961e-03
4.84448e-03
5.33866e-03
5.58378e-03
6.20568e-03
7.05230e-03
7.39955e-03
7.21568e-03
7.01432e-03
7.05010e-03
7.25232e-03
7.79980e-03
8.05230e-03
7.51487e-03
6.94087e-03
6.66676e-03
6.35068e-03
5.80511e-03
5.22293e-03
4.51074e-03
3.78307e-03
3.25595e-03
2.59809e-03
1.78640e-03
1.22372e-03
8.72763e-04
4.45880e-04
-1.56450e-04
-7.15541e-04
-9.05445e-04
-1.07472e-03
-1.28119e-03
-1.61479e-03
-1.84917e-03
-1.73951e-03
-1.05820e-03
-7.95717e-04
-8.54185e-04
-8.73406e-04
-8.26618e-04
-7.68401e-04
-7.42155e-04
-7.43361e-04
-7.50019e-04
-7.50366e-04
-7.94981e-04
-1.16418e-03
-1.72801e-03
-1.93457e-03
-1.76876e-03
-1.61128e-03
-1.63692e-03
-1.78838e-03
-2.19285e-03
-2.74135e-03
-2.93239e-03
-2.81144e-03
-3.03021e-03
-3.62417e-03
-3.93723e-03
-3.82249e-03
-3.64464e-03
-3.63551e-03
-3.73264e-03
-3.74761e-03
-3.45977e-03
-3.44240e-03
-3.44560e-03
-3.61291e-03
-3.79827e-03
-3.78961e-03
-3.71711e-03
-3.69975e-03
-3.68183e-03
-3.33852e-03
-2.77800e-03
-2.56159e-03
-2.67160e-03
-2.50235e-03
-2.21910e-03
-2.10438e-03
-1.83420e-03
-1.29241e-03
-7.34221e-04
-5.87212e-04
-7.63154e-04
-8.89276e-04
-8.51036e-04
-7.35707e-04
-6.75532e-04
-6.97001e-04
-7.37044e-04
-7.47948e-04
-7.34278e-04
-7.21171e-04
-7.20047e-04
-7.25205e-04
-7.28168e-04
-7.26994e-04
-7.24620e-04
-7.26997e-04
-7.50517e-04
-7.69355e-04
-7.66491e-04
-7.56408e-04
-7.53463e-04
-7.57170e-04
-8.09171e-04
-1.18096e-03
-1.74276e-03
-1.94690e-03
-1.82937e-03
-1.99967e-03
-2.27439e-03
-2.37417e-03
-2.58080e-03
-2.73675e-03
-2.81377e-03
-3.16190e-03
-3.67466e-03
-3.84656e-03
-3.69873e-03
-3.66606e-03
-4.11434e-03
-4.73087e-03
-4.90682e-03
-4.70863e-03
-4.55021e-03
-4.58912e-03
-4.80287e-03
-5.19061e-03
-5.45898e-03
-5.66812e-03
-5.72651e-03
-5.66334e-03
-5.62585e-03
-5.66478e-03
-5.63338e-03
-5.22864e-03
-4.69749e-03
-4.55958e-03
-4.68971e-03
-4.44758e-03
-3.83955e-03
-3.43872e-03
-2.93405e-03
-2.57129e-03
-2.31733e-03
-1.87293e-03
-1.27207e-03
-7.56669e-04
-6.00247e-04
-4.54643e-04
-2.52527e-04
1.08127e-04
3.89605e-04
6.55259e-04
8.38506e-04
1.11843e-03
1.35620e-03
1.66199e-03
2.13176e-03
2.35540e-03
2.30127e-03
2.52841e-03
3.11075e-03
3.46828e-03
3.70538e-03
4.07455e-03
4.27426e-03
4.21557e-03
4.12597e-03
4.13973e-03
4.20833e-03
4.24633e-03
4.23681e-03
4.21434e-03
4.16181e-03
3.82001e-03
3.28225e-03
3.07527e-03
3.22924e-03
3.38188e-03
3.40531e-03
3.56202e-03
3.44864e-03
3.19161e-03
3.13641e-03
3.23841e-03
3.31343e-03
3.34425e-03
3.55586e-03
3.56822e-03
3.93457e-03
4.36277e-03
4.38826e-03
4.21284e-03
4.18441e-03
4.50865e-03
4.52751e-03
4.31347e-03
4.45405e-03
4.46111e-03
4.36596e-03
4.91418e-03
5.37378e-03
4.73275e-03
3.92727e-03
3.53230e-03
3.33735e-03
3.29947e-03
3.35046e-03
3.35790e-03
3.30238e-03
3.20390e-03
2.89005e-03
2.71124e-03
3.01766e-03
3.07887e-03
2.82510e-03
2.65544e-03
2.68071e-03
2.77136e-03
2.86715e-03
3.10930e-03
3.03856e-03
3.01065e-03
2.86841e-03
2.68616e-03
2.68005e-03
2.73586e-03
2.50490e-03
2.17729e-03
2.11910e-03
2.20297e-03
1.97986e-03
1.66538e-03
1.58050e-03
1.43981e-03
1.22792e-03
1.15051e-03
9.64349e-04
6.86572e-04
3.75804e-04
1.93334e-04
1.75784e-04
-5.10258e-05
-5.57233e-04
-9.19602e-04
-1.12355e-03
-1.25079e-03
-1.49584e-03
-1.76110e-03
-1.83206e-03
-2.01762e-03
-2.30647e-03
-2.61322e-03
-2.80862e-03
-2.80656e-03
-2.99687e-03
-3.53492e-03
-3.90672e-03
-3.87761e-03
-3.94526e-03
-4.22324e-03
-4.56935e-03
-4.57076e-03
-4.53291e-03
-4.66435e-03
-4.80346e-03
-5.08438e-03
-5.32004e-03
-5.51836e-03
-5.44122e-03
-5.45099e-03
-5.67636e-03
-5.79619e-03
-5.75600e-03
-5.69091e-03
-5.71315e-03
-5.99596e-03
-6.26748e-03
-6.03291e-03
-5.62520e-03
-5.54685e-03
-5.70799e-03
-5.78982e-03
-5.52275e-03
-5.38895e-03
-5.36840e-03
-5.20700e-03
-4.89115e-03
-4.64252e-03
-4.63015e-03
-4.51985e-03
-4.49341e-03
-4.44816e-03
-4.21971e-03
-3.81900e-03
-3.58403e-03
-3.65868e-03
-3.79170e-03
-3.80230e-03
-3.69901e-03
-3.34327e-03
-2.70904e-03
-2.13252e-03
-2.09575e-03
-2.56626e-03
-2.57658e-03
-1.90805e-03
-1.44222e-03
-1.53000e-03
-1.77909e-03
-1.84467e-03
-1.70038e-03
-1.30515e-03
-1.00949e-03
-7.55940e-04
-5.97336e-04
-3.10282e-04
1.70814e-04
3.99916e-04
3.04214e-04
2.00848e-04
2.76826e-04
7.11489e-04
1.26958e-03
1.20013e-03
1.06323e-03
1.23978e-03
1.73788e-03
2.32947e-03
2.55924e-03
2.68069e-03
2.81989e-03
3.15262e-03
3.44750e-03
3.73356e-03
3.91828e-03
4.16807e-03
4.33953e-03
4.31899e-03
4.25091e-03
4.24915e-03
4.29491e-03
4.32647e-03
4.32382e-03
4.30810e-03
4.25228e-03
3.97781e-03
4.00132e-03
3.97254e-03
3.76183e-03
3.43966e-03
3.49734e-03
3.50862e-03
3.34904e-03
3.21562e-03
2.91443e-03
2.69581e-03
2.73721e-03
2.82187e-03
2.53328e-03
2.26069e-03
2.50108e-03
2.56946e-03
2.34967e-03
2.19443e-03
2.21126e-03
2.28694e-03
2.36058e-03
2.61165e-03
2.51661e-03
2.21704e-03
2.13242e-03
2.28432e-03
2.61901e-03
2.51800e-03
2.21105e-03
2.05169e-03
1.90256e-03
2.07327e-03
2.32723e-03
2.35205e-03
2.23577e-03
2.16633e-03
2.09560e-03
1.83018e-03
1.66272e-03
1.71253e-03
1.71139e-03
1.40567e-03
1.17108e-03
1.19861e-03
1.21574e-03
9.30193e-04
6.98021e-04
7.18288e-04
7.79812e-04
5.51343e-04
5.22900e-04
4.97106e-04
6.45250e-04
8.92505e-04
1.21201e-03
1.36446e-03
1.28570e-03
1.18929e-03
1.15285e-03
9.13958e-04
7.09102e-04
7.34163e-04
7.87031e-04
4.87576e-04
1.99576e-04
1.88591e-04
2.97854e-04
3.47069e-04
2.82358e-04
-7.48199e-05
-3.89451e-04
-5.84016e-04
-4.24406e-04
-4.16148e-04
-6.40664e-04
-7.69026e-04
-7.34962e-04
-6.68061e-04
-6.57448e-04
-6.91076e-04
-7.82261e-04
-1.10257e-03
-1.32979e-03
-1.32963e-03
-1.48458e-03
-1.44312e-03
-1.53188e-03
-1.74395e-03
-1.80654e-03
-1.74328e-03
-1.69231e-03
-1.70391e-03
-1.73839e-03
-1.75282e-03
-1.74449e-03
-1.73300e-03
-1.73046e-03
-1.73433e-03
-1.69224e-03
-1.42892e-03
-1.44320e-03
-1.48654e-03
-1.33978e-03
-1.47497e-03
-1.77900e-03
-1.87356e-03
-1.78339e-03
-1.68623e-03
-1.69475e-03
-1.79359e-03
-2.05208e-03
-2.09322e-03
-2.06042e-03
-2.16709e-03
-2.03804e-03
-2.01192e-03
-2.23424e-03
-2.36562e-03
-2.33398e-03
-2.25893e-03
-2.19498e-03
-1.95405e-03
-1.67177e-03
-1.42332e-03
-1.50370e-03
-1.79583e-03
-1.63042e-03
-1.21164e-03
-1.08164e-03
-1.23130e-03
-1.34216e-03
-1.07979e-03
-6.75449e-04
-3.57574e-04
-4.02687e-04
-2.51834e-04
2.06711e-04
3.81278e-04
2.33555e-04
-1.20127e-04
-1.30720e-04
2.21973e-04
3.86738e-04
2.71041e-04
-4.28387e-05
-1.67749e-04
-5.61793e-05
-1.66266e-04
-2.95163e-04
-3.30888e-04
-5.06958e-04
-8.08205e-04
-8.78151e-04
-5.83027e-04
-1.98224e-04
-1.51034e-04
-3.20156e-04
-5.62795e-04
-8.46952e-04
-9.07773e-04
-8.01993e-04
-7.22884e-04
-6.08648e-04
-3.31584e-04
-3.60978e-04
-6.24407e-04
-6.27557e-04
-6.11354e-04
-2.96439e-04
1.22848e-04
6.16762e-05
-6.54430e-05
-1.83108e-04
3.11107e-05
2.91857e-04
3.15805e-04
2.08600e-04
1.50917e-04
1.78540e-04
2.24473e-04
2.37653e-04
2.23587e-04
2.09905e-04
2.09216e-04
2.15385e-04
2.22082e-04
2.39802e-04
2.40716e-04
2.35883e-04
2.58308e-04
4.86317e-04
5.62396e-04
5.80327e-04
7.37136e-04
8.15950e-04
8.12119e-04
9.99525e-04
1.08511e-03
1.04602e-03
1.20628e-03
1.34247e-03
1.33467e-03
1.27558e-03
1.25900e-03
1.28484e-03
1.32094e-03
1.52349e-03
1.64831e-03
1.56608e-03
1.70493e-03
1.85687e-03
2.01989e-03
2.31290e-03
2.42711e-03
2.34773e-03
2.27120e-03
2.28854e-03
2.49820e-03
2.71770e-03
2.36187e-03
1.77444e-03
1.52960e-03
1.42991e-03
1.40751e-03
1.33151e-03
9.99429e-04
7.88920e-04
7.38511e-04
5.07493e-04
2.78062e-04
-5.53482e-05
-4.77641e-04
-3.68174e-04
-1.09455e-05
7.62779e-05
-6.90824e-05
-2.36460e-04
-5.53271e-04
-7.48499e-04
-6.80296e-04
-5.60578e-04
-5.48562e-04
-6.12164e-04
-6.58093e-04
-6.54732e-04
-6.31502e-04
-6.20323e-04
-6.24988e-04
-6.32627e-04
-6.34443e-04
-6.31735e-04
-6.29314e-04
-6.29162e-04
-6.26827e-04
-3.26025e-04
3.39624e-04
5.87177e-04
2.49725e-04
-2.80983e-04
-3.95010e-04
-1.76319e-04
-1.31872e-05
-4.32688e-05
-5.14492e-05
2.17842e-04
4.24340e-04
3.14004e-04
-9.17931e-05
-3.18701e-04
-2.21705e-04
-2.33794e-05
3.00086e-04
4.68927e-04
3.81642e-04
2.62432e-04
2.58203e-04
3.25030e-04
3.68837e-04
3.90821e-04
5.89631e-04
6.07182e-04
3.64947e-04
4.22070e-04
6.04067e-04
4.54236e-04
2.70209e-04
4.46071e-05
-3.76486e-04
-7.06464e-04
-6.98934e-04
-5.56493e-04
-6.71367e-04
-1.09330e-03
-1.44301e-03
-1.67457e-03
-1.67169e-03
-1.56990e-03
-1.54222e-03
-1.59635e-03
-1.64920e-03
-1.65602e-03
-1.63565e-03
-1.62134e-03
-1.62299e-03
-1.63046e-03
-1.63367e-03
-1.59425e-03
-1.32447e-03
-1.03358e-03
-7.94028e-04
-8.52338e-04
-9.06472e-04
-7.09869e-04
-5.68704e-04
-5.84450e-04
-6.47004e-04
-6.62668e-04
-6.36289e-04
-6.11868e-04
-6.05364e-04
-7.74752e-04
-9.56449e-04
-8.78000e-04
-1.13247e-03
-1.60060e-03
-1.59947e-03
-1.27270e-03
-1.35352e-03
-1.60419e-03
-1.68846e-03
-1.61745e-03
-1.35232e-03
-8.03052e-04
-7.95121e-04
-1.09714e-03
-9.21143e-04
-5.52563e-04
-4.55501e-04
-5.72775e-04
-6.81717e-04
-6.63364e-04
-5.74809e-04
-3.10281e-04
-3.73840e-05
-3.52921e-06
1.28227e-04
3.70011e-04
4.39653e-04
3.72700e-04
3.36152e-04
5.44031e-04
7.23801e-04
9.04939e-04
1.36058e-03
1.53390e-03
1.54756e-03
1.75076e-03
1.90109e-03
1.89165e-03
1.83709e-03
1.83211e-03
1.98573e-03
2.32331e-03
2.47902e-03
2.39185e-03
2.28508e-03
2.28616e-03
2.34753e-03
2.38448e-03
2.37682e-03
2.35552e-03
2.34758e-03
2.35321e-03
2.40862e-03
2.73656e-03
2.96428e-03
2.65693e-03
2.22588e-03
2.20066e-03
2.60808e-03
2.77656e-03
2.74475e-03
2.80919e-03
2.85897e-03
2.87038e-03
2.86523e-03
2.85510e-03
2.65306e-03
2.33707e-03
2.27148e-03
2.37145e-03
2.43426e-03
2.26146e-03
1.88017e-03
1.58870e-03
1.37123e-03
1.35522e-03
1.33871e-03
9.33479e-04
3.74307e-04
2.10153e-04
3.83065e-04
5.20832e-04
4.38373e-04
3.38326e-05
-2.50920e-04
-1.98004e-04
-1.11103e-04
-3.49645e-04
-3.95537e-04
-4.73021e-04
-6.25664e-04
-6.62044e-04
-6.10519e-04
-5.59501e-04
-5.53169e-04
-5.78904e-04
-5.96928e-04
-5.93385e-04
-5.81846e-04
-5.76680e-04
-5.79094e-04
-5.82772e-04
-5.83615e-04
-5.82338e-04
-5.81371e-04
-5.92537e-04
-6.19676e-04
-7.74727e-04
-1.09172e-03
-1.08916e-03
-6.81441e-04
-4.34232e-04
-5.22722e-04
-6.82945e-04
-7.14562e-04
-7.41413e-04
-1.00039e-03
-1.23386e-03
-1.52289e-03
-1.68818e-03
-1.63694e-03
-1.55233e-03
-1.55613e-03
-1.60961e-03
-1.66666e-03
-1.90037e-03
-1.85913e-03
-1.85273e-03
-2.03085e-03
-2.12573e-03
-2.06311e-03
-1.76084e-03
-1.48144e-03
-1.49104e-03
-1.62691e-03
-1.67762e-03
-1.62667e-03
-1.56838e-03
-1.55853e-03
-1.56954e-03
-1.37764e-03
-8.51211e-04
-4.34152e-04
-4.65998e-04
-6.65632e-04
-7.01930e-04
-2.20070e-04
4.93020e-04
6.46582e-04
5.44104e-04
8.63533e-04
1.38453e-03
1.54015e-03
1.39215e-03
1.27658e-03
1.46535e-03
1.75947e-03
1.74888e-03
1.66924e-03
1.41978e-03
1.40087e-03
1.67935e-03
1.62316e-03
1.37785e-03
1.29180e-03
1.26820e-03
1.02375e-03
8.36061e-04
7.59952e-04
5.09814e-04
3.28466e-04
3.53704e-04
4.34734e-04
4.45650e-04
3.55955e-04
1.84180e-05
-2.67226e-04
-5.20679e-04
-6.31058e-04
-5.69353e-04
-5.05816e-04
-5.25342e-04
-6.20870e-04
-9.35135e-04
-1.20545e-03
-1.18679e-03
-1.06648e-03
-1.24356e-03
-1.37201e-03
-1.43003e-03
-1.57339e-03
-1.62712e-03
-1.61553e-03
-1.83033e-03
-2.11735e-03
-2.16321e-03
-2.05734e-03
-1.99764e-03
-2.02970e-03
-2.08199e-03
-2.08685e-03
-1.87438e-03
-1.54534e-03
-1.47277e-03
-1.58334e-03
-1.49420e-03
-1.29911e-03
-1.46187e-03
-1.51827e-03
-1.04196e-03
-4.69850e-04
-2.37246e-04
1.04260e-05
3.33090e-04
4.28874e-04
5.02274e-04
6.48198e-04
6.03951e-04
7.61616e-04
9.47831e-04
9.64006e-04
9.86095e-04
1.26645e-03
1.47470e-03
1.44325e-03
1.34093e-03
1.22420e-03
9.56908e-04
8.13024e-04
8.77906e-04
9.69182e-04
1.06420e-03
1.32477e-03
1.47426e-03
1.32074e-03
9.15210e-04
6.25849e-04
4.03325e-04
3.48079e-04
4.22678e-04
4.64547e-04
4.27564e-04
3.74289e-04
3.57634e-04
3.72192e-04
4.32929e-04
6.92836e-04
6.73235e-04
7.20530e-04
8.92005e-04
9.49758e-04
9.03329e-04
8.64500e-04
8.75271e-04
9.03859e-04
9.15725e-04
8.60190e-04
5.72646e-04
5.88637e-04
5.61478e-04
4.00084e-04
3.37408e-04
3.48931e-04
1.34430e-04
-1.70213e-04
-2.37041e-04
-1.60713e-04
-3.42256e-04
-6.47692e-04
-7.21989e-04
-6.23852e-04
-5.55226e-04
-5.78866e-04
-6.30781e-04
-6.50035e-04
-6.36591e-04
-6.20326e-04
-6.17858e-04
-6.22059e-04
-6.07488e-04
-5.85768e-04
-5.82008e-04
-5.90090e-04
-5.94884e-04
-5.92645e-04
-5.88763e-04
-5.77002e-04
-3.92117e-04
-2.66251e-04
-3.11641e-04
-1.92646e-04
-2.71029e-04
-3.96053e-04
-1.88923e-04
1.82096e-04
4.81235e-04
4.67008e-04
3.23157e-04
2.75237e-04
3.46647e-04
6.22216e-04
9.68712e-04
1.02118e-03
8.82285e-04
8.01637e-04
8.40551e-04
9.06515e-04
7.70040e-04
2.56251e-04
-7.01621e-05
2.53960e-04
5.95516e-04
5.82306e-04
4.03705e-04
3.18417e-04
3.61881e-04
4.28143e-04
4.33375e-04
3.86115e-04
3.56582e-04
3.63433e-04
3.79666e-04
3.82187e-04
2.30865e-04
-1.00511e-04
-2.27327e-04
-1.30208e-04
-3.39979e-05
-4.51877e-05
-1.07821e-04
-2.82895e-04
-4.51559e-04
-1.10459e-04
4.29724e-04
4.84675e-04
-1.11518e-04
-6.65981e-04
-4.41964e-04
-7.87581e-05
-1.98854e-04
-3.40539e-04
-5.47142e-04
-6.73942e-04
-6.32764e-04
-5.55037e-04
-5.43862e-04
-5.83158e-04
-7.07993e-04
-1.02181e-03
-1.19905e-03
-1.14545e-03
-1.13102e-03
-1.35098e-03
-1.38470e-03
-1.49248e-03
-1.62358e-03
-1.63530e-03
-1.58586e-03
-1.56641e-03
-1.68199e-03
-2.02077e-03
-2.20954e-03
-2.13625e-03
-1.94062e-03
-1.68159e-03
-1.85288e-03
-2.12450e-03
-1.88226e-03
-1.51685e-03
-1.46216e-03
-1.55429e-03
-1.36246e-03
-1.34946e-03
-1.21145e-03
-7.71960e-04
-7.63930e-04
-7.91265e-04
-6.58649e-04
-5.77895e-04
-5.90700e-04
-6.21845e-04
-5.77779e-04
-2.55934e-04
-2.55370e-06
-3.83602e-05
-1.23063e-04
1.46186e-04
4.43206e-04
4.61091e-04
3.41455e-04
2.87880e-04
3.27851e-04
3.79985e-04
3.90888e-04
3.72411e-04
3.57120e-04
1.92657e-04
1.65907e-04
-1.20610e-04
-3.79682e-04
-3.89301e-04
-5.14023e-04
-7.50801e-04
-8.19100e-04
-7.51992e-04
-7.02853e-04
-7.79413e-04
-1.30695e-03
-1.65633e-03
-1.62371e-03
-1.34613e-03
-8.29438e-04
-5.50990e-04
-6.71164e-04
-8.55749e-04
-8.69031e-04
-7.67729e-04
-6.95967e-04
-7.00098e-04
-7.33678e-04
-7.18105e-04
-4.40190e-04
-1.29271e-04
-7.69759e-05
4.30088e-05
2.58906e-04
3.20253e-04
2.46964e-04
2.06583e-04
2.47853e-04
3.50823e-04
8.56612e-04
1.40799e-03
1.42376e-03
9.26531e-04
4.94351e-04
3.06539e-04
2.66873e-04
3.32576e-04
3.70371e-04
3.34618e-04
2.81043e-04
2.61895e-04
2.74837e-04
2.90807e-04
2.93775e-04
2.88271e-04
2.84208e-04
2.84836e-04
2.87292e-04
2.86408e-04
2.67263e-04
2.45822e-04
2.44432e-04
2.53699e-04
2.58093e-04
2.55131e-04
2.51033e-04
2.50096e-04
2.51513e-04
2.52730e-04
2.52717e-04
2.54228e-04
2.45500e-04
2.23218e-05
-2.62107e-04
-3.08302e-04
-1.98700e-04
-1.33823e-04
-1.63930e-04
-2.16965e-04
-2.32938e-04
-2.16091e-04
-1.98283e-04
-1.95237e-04
-2.00645e-04
-2.03712e-04
-2.01615e-04
-1.71220e-04
6.89625e-05
3.32449e-04
3.49128e-04
2.36758e-04
1.85775e-04
2.24411e-04
3.03767e-04
5.40556e-04
5.49515e-04
2.97530e-04
3.67332e-04
4.89654e-04
5.53340e-04
4.89793e-04
4.85478e-04
4.40545e-04
2.55043e-04
1.83075e-04
2.37924e-04
2.91737e-04
2.59178e-04
-3.23961e-05
-5.10621e-04
-5.70422e-04
-4.39986e-04
-5.13994e-04
-6.27919e-04
-6.83976e-04
-9.01359e-04
-1.12292e-03
-8.96120e-04
-5.17440e-04
-4.47777e-04
-5.95950e-04
-6.68176e-04
-4.09830e-04
-8.76836e-05
-4.31830e-05
-1.40565e-04
-9.68283e-06
7.35864e-05
1.23178e-04
2.66284e-04
3.22589e-04
2.86938e-04
2.69430e-04
3.31418e-04
6.21904e-04
8.36495e-04
8.38660e-04
1.00899e-03
1.24533e-03
1.56238e-03
1.95892e-03
2.10176e-03
1.98400e-03
1.87268e-03
1.88704e-03
2.03398e-03
2.32918e-03
2.54634e-03
2.74154e-03
2.79384e-03
2.71504e-03
2.65211e-03
2.65868e-03
2.68566e-03
2.68231e-03
2.51810e-03
2.06619e-03
1.65802e-03
1.62903e-03
1.78478e-03
1.83956e-03
1.75792e-03
1.54286e-03
1.23274e-03
1.12255e-03
1.20280e-03
1.15480e-03
8.61206e-04
6.92009e-04
7.33872e-04
8.04014e-04
6.43198e-04
3.35701e-04
2.40351e-04
3.19648e-04
2.19915e-04
-7.27455e-05
-1.89156e-04
-1.17360e-04
-4.35916e-05
-7.68345e-05
-3.26145e-04
-5.72194e-04
-5.78620e-04
-4.69469e-04
-4.22640e-04
-4.82008e-04
-7.03413e-04
-7.33265e-04
-5.13886e-04
-3.94177e-04
-4.42622e-04
-5.05180e-04
-5.40844e-04
-7.59024e-04
-9.37448e-04
-9.09509e-04
-8.14615e-04
-7.89113e-04
-8.27066e-04
-8.60740e-04
-8.59212e-04
-8.39523e-04
-8.26790e-04
-9.01583e-04
-1.15426e-03
-1.29614e-03
-1.23535e-03
-1.13944e-03
-1.12446e-03
-1.23175e-03
-1.41541e-03
-1.30758e-03
-1.10274e-03
-1.12402e-03
-1.41687e-03
-1.59161e-03
-1.52250e-03
-1.40754e-03
-1.39179e-03
-1.32609e-03
-1.20417e-03
-1.32187e-03
-1.45293e-03
-1.44006e-03
-1.45921e-03
-1.64121e-03
-1.84023e-03
-2.02563e-03
-2.04034e-03
-1.94853e-03
-1.89966e-03
-2.05041e-03
-2.42430e-03
-2.69190e-03
-2.75151e-03
-2.66248e-03
-2.57285e-03
-2.81542e-03
-2.97257e-03
-2.80283e-03
-2.77560e-03
-2.92943e-03
-3.00496e-03
-3.10307e-03
-3.18359e-03
-2.98063e-03
-2.69759e-03
-2.62982e-03
-2.67784e-03
-2.54966e-03
-2.48895e-03
-2.36632e-03
-2.21091e-03
-2.13311e-03
-1.95782e-03
-1.80390e-03
-1.79553e-03
-1.80153e-03
-1.61371e-03
-1.55847e-03
-1.47915e-03
-1.30854e-03
-1.13490e-03
-1.16211e-03
-1.11463e-03
-9.98072e-04
-9.40003e-04
-9.38440e-04
-9.36437e-04
-8.51994e-04
-6.93423e-04
-6.67720e-04
-5.83409e-04
-5.05512e-04
-4.89824e-04
-4.95084e-04
-4.81139e-04
-4.49239e-04
-3.39481e-04
-1.41304e-04
-6.06702e-05
-8.52200e-06
1.34552e-04
2.06134e-04
1.89394e-04
1.74676e-04
3.04529e-04
5.16109e-04
5.74001e-04
5.10717e-04
4.72946e-04
5.96233e-04
6.64303e-04
5.76551e-04
6.31475e-04
7.93402e-04
8.62545e-04
9.43521e-04
1.04083e-03
1.05371e-03
1.03335e-03
1.15125e-03
1.31059e-03
1.33211e-03
1.28861e-03
1.39544e-03
1.52017e-03
1.54305e-03
1.62679e-03
1.70555e-03
1.69157e-03
1.66377e-03
1.79172e-03
1.91229e-03
1.89174e-03
1.81175e-03
1.72409e-03
1.62104e-03
1.69222e-03
1.83892e-03
1.96820e-03
1.97399e-03
1.90022e-03
1.84523e-03
1.76986e-03
1.62598e-03
1.55860e-03
1.57525e-03
1.58912e-03
1.56112e-03
1.45330e-03
1.28113e-03
1.15754e-03
1.06342e-03
1.04428e-03
1.06190e-03
1.00274e-03
7.91814e-04
5.88499e-04
5.68100e-04
6.49262e-04
6.92665e-04
6.64379e-04
5.68558e-04
3.85108e-04
2.33209e-04
2.37131e-04
3.11555e-04
3.41769e-04
3.17545e-04
2.39918e-04
1.77252e-04
2.64644e-04
3.54490e-04
3.57686e-04
3.21724e-04
3.07792e-04
3.22958e-04
3.42345e-04
3.49410e-04
3.03994e-04
2.49162e-04
2.72321e-04
2.49759e-04
2.20784e-04
2.25224e-04
2.45566e-04
2.58078e-04
2.60386e-04
2.61971e-04
2.67958e-04
2.41825e-04
1.72948e-04
1.53172e-04
1.86034e-04
2.18188e-04
2.25455e-04
2.21556e-04
2.24411e-04
2.36488e-04
2.50436e-04
2.61038e-04
2.68840e-04
2.76515e-04
2.85242e-04
2.94429e-04
3.03224e-04
3.11436e-04
3.19360e-04
3.27510e-04
3.60613e-04
3.97159e-04
3.90965e-04
4.16375e-04
4.44700e-04
4.50582e-04
4.68420e-04
5.18113e-04
5.41466e-04
5.30994e-04
5.17999e-04
5.20768e-04
5.52497e-04
6.01867e-04
6.14195e-04
6.13492e-04
6.38249e-04
6.51836e-04
6.43047e-04
6.29803e-04
6.24273e-04
6.41143e-04
6.76976e-04
6.83347e-04
6.45680e-04
5.90808e-04
6.03658e-04
6.81895e-04
7.11986e-04
6.95224e-04
6.72589e-04
6.40176e-04
6.23813e-04
6.23961e-04
6.22825e-04
6.12635e-04
5.98472e-04
5.86682e-04
5.78191e-04
5.70504e-04
5.61710e-04
5.41548e-04
5.09963e-04
4.95397e-04
4.95785e-04
4.85224e-04
4.65294e-04
4.58546e-04
4.53103e-04
4.59305e-04
4.60039e-04
4.42181e-04
4.13275e-04
3.93510e-04
3.87113e-04
3.91270e-04
3.86282e-04
3.81379e-04
3.67382e-04
3.58340e-04
3.66288e-04
3.71627e-04
3.64703e-04
3.53660e-04
3.46295e-04
3.42508e-04
3.38736e-04
3.33251e-04
3.26816e-04
3.20634e-04
3.15008e-04
3.09559e-04
3.03956e-04
2.98187e-04
2.92401e-04
2.86676e-04
2.80991e-04
2.74357e-04
2.63497e-04
2.59332e-04
2.59108e-04
2.55002e-04
2.46734e-04
2.35291e-04
2.30283e-04
2.26003e-04
2.23173e-04
2.19980e-04
2.13969e-04
2.06947e-04
2.00825e-04
1.95590e-04
1.90355e-04
1.84693e-04
1.78792e-04
1.72954e-04
1.67256e-04
1.61869e-04
1.58181e-04
1.52537e-04
1.44461e-04
1.37634e-04
1.32534e-04
1.27724e-04
1.22061e-04
1.14562e-04
1.06981e-04
1.00043e-04
9.39938e-05
8.88941e-05
8.28293e-05
7.63303e-05
7.09224e-05
6.61162e-05
6.04523e-05
5.50948e-05
4.98892e-05
4.43259e-05
3.90708e-05
3.41216e-05
2.91420e-05
2.39986e-05
1.87810e-05
1.35850e-05
8.41895e-06
3.24257e-06
-1.94909e-06
-6.87140e-06
-1.16641e-05
-1.66143e-05
-2.17232e-05
-2.71678e-05
-3.27203e-05
-3.81589e-05
-4.33174e-05
-4.84114e-05
-5.38385e-05
-5.94514e-05
-6.48804e-05
-7.01200e-05
-7.55046e-05
-8.10567e-05
-8.66139e-05
-9.20837e-05
-9.75009e-05
-1.02860e-04
-1.08230e-04
-1.13700e-04
-1.19139e-04
-1.24557e-04
-1.29882e-04
-1.35216e-04
-1.40629e-04
-1.46071e-04
-1.51448e-04
-1.56752e-04
-1.62003e-04
-1.67291e-04
-1.72590e-04
-1.77861e-04
-1.83071e-04
-1.88276e-04
-1.93469e-04
-1.98635e-04
-2.03800e-04
-2.08943e-04
-2.14069e-04
-2.19186e-04
-2.24287e-04
-2.29364e-04
-2.34429e-04
-2.39483e-04
-2.44521e-04
-2.49538e-04
-2.54536e-04
-2.59515e-04
-2.64477e-04
-2.69420e-04
-2.74344e-04
-2.79248e-04
-2.84132e-04
-2.88997e-04
-2.93842e-04
-2.98666e-04
-3.03470e-04
-3.08254e-04
-3.13017e-04
-3.17759e-04
-3.22480e-04
-3.27179e-04
-3.31856e-04
-3.36512e-04
-3.41146e-04
-3.45757e-04
-3.50347e-04
-3.54913e-04
-3.59457e-04
-3.63978e-04
-3.68476e-04
-3.72951e-04
-3.77402e-04
-3.81829e-04
-3.86233e-04
-3.90613e-04
-3.94968e-04
-3.99299e-04
-4.03605e-04
-4.07886e-04
-4.12143e-04
-4.16374e-04
-4.20580e-04
-4.24761e-04
