1.27960e-04
1.28437e-04
1.28551e-04
1.28195e-04
1.27181e-04
1.25512e-04
1.23232e-04
1.20537e-04
1.17507e-04
1.14698e-04
1.12896e-04
1.13117e-04
1.16195e-04
1.22690e-04
1.32723e-04
1.45842e-04
1.60380e-04
1.74293e-04
1.85703e-04
1.92600e-04
1.92817e-04
1.84158e-04
1.65154e-04
1.36328e-04
9.96374e-05
5.90092e-05
2.02696e-05
-1.04178e-05
-3.06127e-05
-3.68588e-05
-2.35287e-05
1.13029e-05
6.54061e-05
1.35271e-04
2.14397e-04
2.93701e-04
3.64632e-04
4.20182e-04
4.52526e-04
4.57144e-04
4.35725e-04
3.92664e-04
3.34194e-04
2.66175e-04
1.95313e-04
1.30562e-04
7.66187e-05
3.18312e-05
1.73043e-08
-1.23296e-05
-4.54000e-06
1.95808e-05
5.08271e-05
7.69127e-05
8.41353e-05
6.85701e-05
3.08970e-05
-2.81617e-05
-1.02768e-04
-1.81283e-04
-2.54954e-04
-3.15435e-04
-3.52883e-04
-3.61003e-04
-3.39495e-04
-2.86860e-04
-2.03088e-04
-9.27899e-05
4.02777e-05
1.97374e-04
3.73565e-04
5.57722e-04
7.41789e-04
9.18402e-04
1.08020e-03
1.21698e-03
1.31442e-03
1.35309e-03
1.31673e-03
1.20676e-03
1.03263e-03
8.07172e-04
5.28715e-04
1.90297e-04
-1.96204e-04
-6.10627e-04
-1.03041e-03
-1.43864e-03
-1.82484e-03
-2.17375e-03
-2.46048e-03
-2.64099e-03
-2.68473e-03
-2.58436e-03
-2.32038e-03
-1.88023e-03
-1.27418e-03
-5.30666e-04
3.03915e-04
1.17800e-03
2.03100e-03
2.79215e-03
3.37561e-03
3.68511e-03
3.68095e-03
3.38888e-03
2.80103e-03
1.94027e-03
8.94678e-04
-2.31693e-04
-1.33655e-03
-2.36734e-03
-3.30073e-03
-4.09770e-03
-4.71438e-03
-5.10232e-03
-5.23111e-03
-5.09366e-03
-4.69494e-03
-4.03839e-03
-3.11437e-03
-1.97599e-03
-7.43196e-04
5.12447e-04
1.72396e-03
2.81600e-03
3.74110e-03
4.48812e-03
5.02239e-03
5.31969e-03
5.40167e-03
5.29116e-03
4.99321e-03
4.50675e-03
3.82928e-03
2.95502e-03
1.89964e-03
7.17849e-04
-5.49211e-04
-1.86058e-03
-3.11026e-03
-4.20577e-03
-5.14890e-03
-5.94659e-03
-6.61050e-03
-7.18583e-03
-7.71872e-03
-8.19905e-03
-8.57678e-03
-8.77004e-03
-8.72790e-03
-8.40491e-03
-7.72200e-03
-6.61621e-03
-5.07079e-03
-3.13293e-03
-9.01886e-04
1.55272e-03
4.12050e-03
6.63321e-03
8.95732e-03
1.09586e-02
1.23868e-02
1.30489e-02
1.29149e-02
1.19097e-02
9.97817e-03
7.23548e-03
3.88994e-03
1.73981e-04
-3.58856e-03
-7.00890e-03
-9.86777e-03
-1.20791e-02
-1.36684e-02
-1.46137e-02
-1.48484e-02
-1.44928e-02
-1.37149e-02
-1.25561e-02
-1.10553e-02
-9.27497e-03
-7.24233e-03
-4.99036e-03
-2.59995e-03
-1.48847e-04
2.29990e-03
4.62241e-03
6.65831e-03
8.27701e-03
9.41344e-03
1.00938e-02
1.03012e-02
1.00070e-02
9.20147e-03
7.92241e-03
6.26979e-03
4.26095e-03
1.86644e-03
-8.44393e-04
-3.75543e-03
-6.73596e-03
-9.64171e-03
-1.23201e-02
-1.46347e-02
-1.64620e-02
-1.76855e-02
-1.82094e-02
-1.79746e-02
-1.68995e-02
-1.49615e-02
-1.22657e-02
-9.00013e-03
-5.43509e-03
-1.84556e-03
1.47545e-03
4.25765e-03
6.31893e-03
7.61935e-03
8.21511e-03
8.26874e-03
7.94373e-03
7.33745e-03
6.43678e-03
5.38028e-03
4.38197e-03
3.43408e-03
2.49977e-03
1.60274e-03
6.57404e-04
-5.07573e-04
-1.97682e-03
-3.80101e-03
-6.02050e-03
-8.65746e-03
-1.16636e-02
-1.47086e-02
-1.73590e-02
-1.92998e-02
-2.02150e-02
-1.98399e-02
-1.81312e-02
-1.52219e-02
-1.12519e-02
-6.49063e-03
-1.35588e-03
3.77484e-03
8.55355e-03
1.26977e-02
1.60546e-02
1.86259e-02
2.03271e-02
2.10868e-02
2.10431e-02
2.03244e-02
1.89179e-02
1.68843e-02
1.43603e-02
1.14029e-02
8.12054e-03
4.73504e-03
1.35750e-03
-2.02833e-03
-5.41364e-03
-8.81049e-03
-1.22600e-02
-1.57695e-02
-1.92796e-02
-2.26274e-02
-2.56080e-02
-2.80826e-02
-2.97996e-02
-3.03918e-02
-2.97673e-02
-2.80206e-02
-2.51566e-02
-2.13085e-02
-1.68057e-02
-1.19821e-02
-7.18713e-03
-2.72207e-03
1.29476e-03
5.01433e-03
8.45681e-03
1.15320e-02
1.42489e-02
1.65850e-02
1.84039e-02
1.94820e-02
1.95651e-02
1.86111e-02
1.67007e-02
1.39139e-02
1.03324e-02
6.08319e-03
1.59289e-03
-2.65312e-03
-6.52318e-03
-9.83982e-03
-1.22953e-02
-1.37548e-02
-1.42467e-02
-1.38880e-02
-1.28833e-02
-1.14884e-02
-9.88738e-03
-8.21550e-03
-6.62229e-03
-5.25685e-03
-4.25434e-03
-3.56608e-03
-3.00894e-03
-2.65131e-03
-2.61259e-03
-2.92693e-03
-3.52768e-03
-4.23059e-03
-4.89556e-03
-5.41636e-03
-5.78102e-03
-5.97800e-03
-5.98349e-03
-5.82058e-03
-5.47736e-03
-4.76594e-03
-3.52710e-03
-1.73507e-03
4.74648e-04
2.89574e-03
5.54509e-03
8.34869e-03
1.10196e-02
1.33189e-02
1.50586e-02
1.61051e-02
1.64718e-02
1.63698e-02
1.59823e-02
1.54715e-02
1.50171e-02
1.47348e-02
1.45845e-02
1.43864e-02
1.38535e-02
1.28727e-02
1.14024e-02
9.31836e-03
6.59631e-03
3.38075e-03
-8.25700e-05
-3.44915e-03
-6.38684e-03
-8.65530e-03
-1.02078e-02
-1.11419e-02
-1.17012e-02
-1.20415e-02
-1.22300e-02
-1.21661e-02
-1.17383e-02
-1.08889e-02
-9.61941e-03
-7.93135e-03
-5.65052e-03
-2.71735e-03
7.04373e-04
4.59754e-03
9.02100e-03
1.39362e-02
1.92491e-02
2.48008e-02
3.02248e-02
3.49583e-02
3.86114e-02
4.08670e-02
4.14390e-02
4.01098e-02
3.67909e-02
3.15402e-02
2.46440e-02
1.65765e-02
8.01813e-03
-2.02838e-04
-7.40890e-03
-1.31209e-02
-1.70543e-02
-1.91047e-02
-1.92568e-02
-1.75574e-02
-1.41637e-02
-9.43637e-03
-4.00115e-03
1.25036e-03
5.52822e-03
8.34548e-03
9.49424e-03
9.08663e-03
7.38506e-03
4.84261e-03
2.03086e-03
-5.97462e-04
-2.73132e-03
-4.10254e-03
-4.52836e-03
-3.91117e-03
-2.44178e-03
-6.24513e-04
1.18113e-03
2.68995e-03
3.72427e-03
4.11567e-03
3.68557e-03
2.46856e-03
6.31947e-04
-1.82592e-03
-4.86691e-03
-8.31759e-03
-1.19889e-02
-1.57050e-02
-1.94785e-02
-2.33195e-02
-2.70540e-02
-3.04884e-02
-3.34537e-02
-3.59339e-02
-3.79602e-02
-3.94160e-02
-4.01603e-02
-4.00979e-02
-3.93496e-02
-3.81620e-02
-3.64838e-02
-3.41994e-02
-3.12516e-02
-2.77018e-02
-2.37781e-02
-1.98332e-02
-1.63349e-02
-1.37500e-02
-1.24281e-02
-1.25031e-02
-1.39729e-02
-1.66869e-02
-2.05529e-02
-2.52676e-02
-3.02038e-02
-3.47189e-02
-3.81883e-02
-4.01273e-02
-4.01716e-02
-3.80515e-02
-3.36806e-02
-2.72359e-02
-1.90786e-02
-9.83093e-03
-2.90054e-04
8.67395e-03
1.62573e-02
2.19788e-02
2.57117e-02
2.73990e-02
2.71257e-02
2.50456e-02
2.14841e-02
1.69721e-02
1.20119e-02
7.17666e-03
3.10941e-03
2.49067e-04
-1.28677e-03
-1.27381e-03
4.70635e-04
3.86065e-03
8.63219e-03
1.44049e-02
2.07092e-02
2.69890e-02
3.27742e-02
3.77152e-02
4.16964e-02
4.47954e-02
4.72875e-02
4.96378e-02
5.24036e-02
5.59013e-02
6.03786e-02
6.60603e-02
7.29054e-02
8.05703e-02
8.86721e-02
9.68523e-02
1.04974e-01
1.12869e-01
1.20302e-01
1.27182e-01
1.33522e-01
1.39360e-01
1.44786e-01
1.49912e-01
1.54529e-01
1.58175e-01
1.60574e-01
1.61518e-01
1.60855e-01
1.58469e-01
1.54335e-01
1.48517e-01
1.41254e-01
1.32935e-01
1.23989e-01
1.14814e-01
1.05840e-01
9.74855e-02
9.00163e-02
8.36051e-02
7.83650e-02
7.42076e-02
7.08028e-02
6.77862e-02
6.47966e-02
6.16627e-02
5.82423e-02
5.43899e-02
5.01175e-02
4.55932e-02
4.10879e-02
3.69240e-02
3.34047e-02
3.08118e-02
2.93667e-02
2.92363e-02
3.04944e-02
3.31329e-02
3.69934e-02
4.17418e-02
4.71592e-02
5.30284e-02
5.90262e-02
6.48346e-02
7.01831e-02
7.46281e-02
7.76133e-02
7.87418e-02
7.74898e-02
7.29772e-02
6.45752e-02
5.20979e-02
3.53739e-02
1.46511e-02
-9.22194e-03
-3.54272e-02
-6.34087e-02
-9.26047e-02
-1.22409e-01
-1.52197e-01
-1.81299e-01
-2.08992e-01
-2.34503e-01
-2.57074e-01
-2.76053e-01
-2.91107e-01
-3.02360e-01
-3.09988e-01
-3.14203e-01
-3.15202e-01
-3.13295e-01
-3.08880e-01
-3.02370e-01
-2.94170e-01
-2.84556e-01
-2.73788e-01
-2.62197e-01
-2.50141e-01
-2.37923e-01
-2.25592e-01
-2.12958e-01
-1.99856e-01
-1.86102e-01
-1.71518e-01
-1.56012e-01
-1.39684e-01
-1.23027e-01
-1.06936e-01
-9.25407e-02
-8.08609e-02
-7.25264e-02
-6.81456e-02
-6.81331e-02
-7.28043e-02
-8.20550e-02
-9.52136e-02
-1.11474e-01
-1.29852e-01
-1.49479e-01
-1.69413e-01
-1.88596e-01
-2.05908e-01
-2.20205e-01
-2.30429e-01
-2.35715e-01
-2.35436e-01
-2.29214e-01
-2.16933e-01
-1.98567e-01
-1.74533e-01
-1.46060e-01
-1.14579e-01
-8.09743e-02
-4.60424e-02
-1.05706e-02
2.47367e-02
5.92262e-02
9.22990e-02
1.23397e-01
1.52047e-01
1.77913e-01
2.00948e-01
2.21487e-01
2.39857e-01
2.56013e-01
2.69420e-01
2.79153e-01
2.84242e-01
2.83696e-01
2.76665e-01
2.62862e-01
2.42953e-01
2.18379e-01
1.91264e-01
1.63485e-01
1.37058e-01
1.14088e-01
9.64404e-02
8.54103e-02
8.13360e-02
8.36629e-02
9.10023e-02
1.01125e-01
1.11034e-01
1.18269e-01
1.20782e-01
1.17180e-01
1.06781e-01
8.99007e-02
6.78629e-02
4.28130e-02
1.68302e-02
-7.74954e-03
-2.84103e-02
-4.27919e-02
-4.90586e-02
-4.63112e-02
-3.43029e-02
-1.34066e-02
1.49049e-02
4.80876e-02
8.41659e-02
1.21048e-01
1.56413e-01
1.87922e-01
2.13363e-01
2.30910e-01
2.39520e-01
2.39297e-01
2.30909e-01
2.15631e-01
1.94909e-01
1.70400e-01
1.43302e-01
1.14639e-01
8.53559e-02
5.62818e-02
2.81998e-02
1.88145e-03
-2.18890e-02
-4.23506e-02
-5.88609e-02
-7.10906e-02
-7.92461e-02
-8.38961e-02
-8.56337e-02
-8.49662e-02
-8.23486e-02
-7.82697e-02
-7.33061e-02
-6.81322e-02
-6.32821e-02
-5.90515e-02
-5.55344e-02
-5.25990e-02
-4.99327e-02
-4.72053e-02
-4.41758e-02
-4.04808e-02
-3.57271e-02
-2.96902e-02
-2.22403e-02
-1.33083e-02
-2.93226e-03
8.67791e-03
2.11748e-02
3.40877e-02
4.69077e-02
5.89550e-02
6.93689e-02
7.71914e-02
8.15624e-02
8.20294e-02
7.84519e-02
7.10923e-02
6.06916e-02
4.85094e-02
3.58560e-02
2.39943e-02
1.38874e-02
6.08480e-03
5.93715e-04
-3.00692e-03
-5.38148e-03
-7.09676e-03
-8.83869e-03
-1.13433e-02
-1.50167e-02
-2.00440e-02
-2.65426e-02
-3.45432e-02
-4.39627e-02
-5.45319e-02
-6.58666e-02
-7.76802e-02
-8.95473e-02
-1.00782e-01
-1.10374e-01
-1.17090e-01
-1.19812e-01
-1.17672e-01
-1.10259e-01
-9.74230e-02
-7.95608e-02
-5.77367e-02
-3.34337e-02
-8.03298e-03
1.68862e-02
3.95353e-02
5.80828e-02
7.08315e-02
7.65077e-02
7.46955e-02
6.61541e-02
5.19853e-02
3.37286e-02
1.25313e-02
-1.04760e-02
-3.40866e-02
-5.71238e-02
-7.84258e-02
-9.68925e-02
-1.11534e-01
-1.21603e-01
-1.26812e-01
-1.27471e-01
-1.23878e-01
-1.16594e-01
-1.06349e-01
-9.39102e-02
-8.00452e-02
-6.50816e-02
-4.91273e-02
-3.23118e-02
-1.49156e-02
2.46636e-03
1.88323e-02
3.28798e-02
4.35489e-02
5.00526e-02
5.20465e-02
4.93826e-02
4.24063e-02
3.22233e-02
2.03049e-02
7.88171e-03
-3.87241e-03
-1.39151e-02
-2.15211e-02
-2.62932e-02
-2.80431e-02
-2.67214e-02
-2.24374e-02
-1.55163e-02
-6.46981e-03
4.28768e-03
1.62287e-02
2.86549e-02
4.09640e-02
5.25762e-02
6.28094e-02
7.11247e-02
7.73298e-02
8.14050e-02
8.35598e-02
8.40874e-02
8.32865e-02
8.12192e-02
7.78898e-02
7.32730e-02
6.70552e-02
5.88138e-02
4.82143e-02
3.50587e-02
1.94283e-02
1.81588e-03
-1.69089e-02
-3.60251e-02
-5.47259e-02
-7.21115e-02
-8.73167e-02
-9.96370e-02
-1.08691e-01
-1.14371e-01
-1.16744e-01
-1.15981e-01
-1.12465e-01
-1.06805e-01
-9.97141e-02
-9.16918e-02
-8.32215e-02
-7.48203e-02
-6.70175e-02
-6.02740e-02
-5.47924e-02
-5.06467e-02
-4.78185e-02
-4.62759e-02
-4.59468e-02
-4.68111e-02
-4.88878e-02
-5.21925e-02
-5.63918e-02
-6.07940e-02
-6.48261e-02
-6.77748e-02
-6.87260e-02
-6.69652e-02
-6.21366e-02
-5.40053e-02
-4.26213e-02
-2.82953e-02
-1.19004e-02
5.05362e-03
2.12031e-02
3.51792e-02
4.56550e-02
5.16390e-02
5.26855e-02
4.86705e-02
3.99108e-02
2.68239e-02
1.02589e-02
-8.41813e-03
-2.79800e-02
-4.72460e-02
-6.50140e-02
-8.01612e-02
-9.17706e-02
-9.93253e-02
-1.02788e-01
-1.02097e-01
-9.74628e-02
-8.94223e-02
-7.87284e-02
-6.63649e-02
-5.30234e-02
-3.93191e-02
-2.58375e-02
-1.30801e-02
-1.42428e-03
9.11677e-03
1.86917e-02
2.72488e-02
3.48904e-02
4.20093e-02
4.91685e-02
5.70091e-02
6.59088e-02
7.62040e-02
8.81909e-02
1.01625e-01
1.15729e-01
1.29644e-01
1.42360e-01
1.52842e-01
1.60058e-01
1.63127e-01
1.61368e-01
1.54471e-01
1.42579e-01
1.26431e-01
1.07444e-01
8.66682e-02
6.52047e-02
4.42939e-02
2.51861e-02
9.06746e-03
-3.08617e-03
-1.07043e-02
-1.38222e-02
-1.28131e-02
-8.30181e-03
-9.40249e-04
8.47512e-03
1.91004e-02
2.99508e-02
3.99484e-02
4.85601e-02
5.56714e-02
6.09002e-02
6.40364e-02
6.52598e-02
6.49749e-02
6.37954e-02
6.21478e-02
6.04912e-02
5.94044e-02
5.93128e-02
6.04230e-02
6.28382e-02
6.64671e-02
7.09970e-02
7.59797e-02
8.08754e-02
8.52525e-02
8.87706e-02
9.11650e-02
9.21487e-02
9.14179e-02
8.90294e-02
8.53151e-02
8.04980e-02
7.48242e-02
6.85807e-02
6.21112e-02
5.57936e-02
4.98964e-02
4.45975e-02
3.99693e-02
3.60627e-02
3.28929e-02
3.04629e-02
2.86987e-02
2.74085e-02
2.63849e-02
2.53943e-02
2.41468e-02
2.23857e-02
1.99884e-02
1.68994e-02
1.31496e-02
8.84496e-03
4.18908e-03
-5.38920e-04
-5.02302e-03
-8.94055e-03
-1.20714e-02
-1.42387e-02
-1.52117e-02
-1.48734e-02
-1.33233e-02
-1.09341e-02
-8.27402e-03
-5.81074e-03
-3.93532e-03
-2.89256e-03
-2.69362e-03
-3.19532e-03
-4.42515e-03
-6.31826e-03
-8.64365e-03
-1.12626e-02
-1.41788e-02
-1.76711e-02
-2.19831e-02
-2.71236e-02
-3.32159e-02
-4.04331e-02
-4.89330e-02
-5.87886e-02
-6.99210e-02
-8.20244e-02
-9.45450e-02
-1.06940e-01
-1.18502e-01
-1.28320e-01
-1.35647e-01
-1.40039e-01
-1.41256e-01
-1.39236e-01
-1.33877e-01
-1.25106e-01
-1.13025e-01
-9.82069e-02
-8.14628e-02
-6.33854e-02
-4.45617e-02
-2.56205e-02
-7.22678e-03
9.91948e-03
2.51190e-02
3.77292e-02
4.72754e-02
5.35998e-02
5.68580e-02
5.72233e-02
5.49209e-02
5.02049e-02
4.32335e-02
3.41553e-02
2.30973e-02
1.02670e-02
-3.97236e-03
-1.91620e-02
-3.47134e-02
-5.00777e-02
-6.46596e-02
-7.78234e-02
-8.89763e-02
-9.76709e-02
-1.03736e-01
-1.07256e-01
-1.08508e-01
-1.07818e-01
-1.05598e-01
-1.02208e-01
-9.80276e-02
-9.34380e-02
-8.87023e-02
-8.39759e-02
-7.94484e-02
-7.53271e-02
-7.18181e-02
-6.89406e-02
-6.65151e-02
-6.46338e-02
-6.33794e-02
-6.25571e-02
-6.19706e-02
-6.14883e-02
-6.10492e-02
-6.05959e-02
-5.99804e-02
-5.91983e-02
-5.84473e-02
-5.78050e-02
-5.72678e-02
-5.67969e-02
-5.63064e-02
-5.56946e-02
-5.50049e-02
-5.43234e-02
-5.34571e-02
-5.21717e-02
-5.03035e-02
-4.77279e-02
-4.43671e-02
-4.01076e-02
-3.48101e-02
-2.82956e-02
-2.03821e-02
-1.09840e-02
-2.98084e-04
1.12151e-02
2.29050e-02
3.41749e-02
4.45662e-02
5.38700e-02
6.19512e-02
6.85103e-02
7.33814e-02
7.65993e-02
7.82026e-02
7.83349e-02
7.72433e-02
7.50797e-02
7.19113e-02
6.80088e-02
6.37460e-02
5.94143e-02
5.53056e-02
5.17085e-02
4.88498e-02
4.69883e-02
4.66181e-02
4.80958e-02
5.14836e-02
5.69615e-02
6.46720e-02
7.46011e-02
8.64816e-02
9.97147e-02
1.13580e-01
1.27192e-01
1.39640e-01
1.50065e-01
1.57797e-01
1.62382e-01
1.63667e-01
1.61556e-01
1.56208e-01
1.48079e-01
1.37663e-01
1.25526e-01
1.12148e-01
9.79359e-02
8.31431e-02
6.79265e-02
5.23794e-02
3.65619e-02
2.05492e-02
4.48979e-03
-1.12441e-02
-2.60430e-02
-3.94284e-02
-5.10350e-02
-6.06659e-02
-6.81098e-02
-7.31593e-02
-7.57856e-02
-7.61650e-02
-7.45650e-02
-7.12724e-02
-6.65820e-02
-6.08794e-02
-5.45872e-02
-4.79335e-02
-4.10742e-02
-3.41281e-02
-2.72055e-02
-2.03615e-02
-1.34585e-02
-6.36008e-03
9.58791e-04
8.53502e-03
1.63500e-02
2.41825e-02
3.16700e-02
3.83709e-02
4.38589e-02
4.77720e-02
4.97894e-02
4.98126e-02
4.80521e-02
4.45986e-02
3.94868e-02
3.30026e-02
2.56137e-02
1.78830e-02
1.03281e-02
3.36607e-03
-2.80312e-03
-8.06968e-03
-1.22322e-02
-1.51320e-02
-1.67161e-02
-1.71355e-02
-1.65778e-02
-1.49763e-02
-1.25009e-02
-9.67326e-03
-6.80932e-03
-4.13236e-03
-1.82238e-03
-9.22957e-05
8.09499e-04
8.73044e-04
2.38355e-04
-1.04562e-03
-2.85942e-03
-4.95846e-03
-7.03049e-03
-8.73906e-03
-9.88517e-03
-1.02332e-02
-9.46901e-03
-7.62151e-03
-4.99324e-03
-1.66105e-03
2.14443e-03
5.87232e-03
9.07181e-03
1.14635e-02
1.30064e-02
1.37422e-02
1.36286e-02
1.28128e-02
1.16374e-02
1.03136e-02
9.02382e-03
7.94603e-03
7.19974e-03
6.84105e-03
6.96166e-03
7.59351e-03
8.62669e-03
1.00466e-02
1.19720e-02
1.44457e-02
1.75078e-02
2.12811e-02
2.57682e-02
3.07875e-02
3.62329e-02
4.19425e-02
4.75622e-02
5.27274e-02
5.71270e-02
6.02873e-02
6.17231e-02
6.12258e-02
5.87291e-02
5.42509e-02
4.76742e-02
3.89892e-02
2.87784e-02
1.77460e-02
6.41347e-03
-4.61075e-03
-1.46594e-02
-2.31626e-02
-2.97677e-02
-3.44490e-02
-3.72168e-02
-3.82200e-02
-3.80073e-02
-3.72898e-02
-3.66501e-02
-3.66579e-02
-3.77999e-02
-4.02244e-02
-4.38935e-02
-4.87866e-02
-5.46303e-02
-6.08711e-02
-6.71264e-02
-7.30782e-02
-7.84247e-02
-8.29867e-02
-8.67253e-02
-8.94985e-02
-9.11841e-02
-9.18466e-02
-9.15377e-02
-9.02313e-02
-8.79756e-02
-8.49178e-02
-8.12405e-02
-7.71527e-02
-7.28488e-02
-6.84900e-02
-6.42244e-02
-6.02591e-02
-5.68334e-02
-5.41867e-02
-5.24017e-02
-5.13663e-02
-5.10123e-02
-5.12211e-02
-5.18197e-02
-5.25683e-02
-5.31691e-02
-5.33865e-02
-5.30164e-02
-5.18607e-02
-4.98286e-02
-4.69889e-02
-4.34954e-02
-3.96296e-02
-3.57819e-02
-3.23550e-02
-2.96744e-02
-2.79535e-02
-2.73385e-02
-2.81830e-02
-3.06614e-02
-3.45239e-02
-3.94317e-02
-4.49505e-02
-5.07289e-02
-5.63149e-02
-6.10796e-02
-6.46220e-02
-6.68355e-02
-6.75495e-02
-6.67464e-02
-6.46433e-02
-6.14137e-02
-5.71550e-02
-5.20593e-02
-4.64019e-02
-4.04976e-02
-3.46223e-02
-2.89813e-02
-2.38067e-02
-1.92924e-02
-1.54705e-02
-1.23387e-02
-9.91301e-03
-8.14616e-03
-6.91173e-03
-6.05532e-03
-5.46383e-03
-5.11182e-03
-4.75595e-03
-3.98831e-03
-2.67279e-03
-7.84853e-04
1.66249e-03
4.59571e-03
7.87804e-03
1.13925e-02
1.49933e-02
1.84748e-02
2.15597e-02
2.39408e-02
2.56268e-02
2.67324e-02
2.71396e-02
2.68476e-02
2.60872e-02
2.51445e-02
2.43485e-02
2.39385e-02
2.41361e-02
2.51571e-02
2.72434e-02
3.05434e-02
3.48689e-02
3.99639e-02
4.56916e-02
5.17554e-02
5.77112e-02
6.32192e-02
6.80049e-02
7.18831e-02
7.47856e-02
7.67671e-02
7.77641e-02
7.77300e-02
7.67374e-02
7.48542e-02
7.21311e-02
6.86036e-02
6.43713e-02
5.96881e-02
5.48440e-02
5.00780e-02
4.55139e-02
4.12185e-02
3.74579e-02
3.44714e-02
3.23350e-02
3.11546e-02
3.10503e-02
3.21468e-02
3.44940e-02
3.80035e-02
4.24718e-02
4.75740e-02
5.30884e-02
5.87343e-02
6.40191e-02
6.85554e-02
7.21961e-02
7.47875e-02
7.62152e-02
7.63738e-02
7.52606e-02
7.30241e-02
6.98258e-02
6.58837e-02
6.14614e-02
5.68449e-02
5.22750e-02
4.79762e-02
4.41334e-02
4.07861e-02
3.79452e-02
3.57611e-02
3.42409e-02
3.31813e-02
3.24803e-02
3.20259e-02
3.15747e-02
3.09257e-02
3.00118e-02
2.88145e-02
2.73763e-02
2.57900e-02
2.42456e-02
2.30320e-02
2.23011e-02
2.20634e-02
2.24668e-02
2.35356e-02
2.49713e-02
2.64908e-02
2.78822e-02
2.88749e-02
2.91774e-02
2.85117e-02
2.67319e-02
2.39022e-02
2.01634e-02
1.57443e-02
1.08111e-02
5.59770e-03
4.49429e-04
-4.33876e-03
-8.55831e-03
-1.21462e-02
-1.50444e-02
-1.70688e-02
-1.81796e-02
-1.85260e-02
-1.82534e-02
-1.75391e-02
-1.65357e-02
-1.53763e-02
-1.41718e-02
-1.30065e-02
-1.19957e-02
-1.13799e-02
-1.12142e-02
-1.12399e-02
-1.13412e-02
-1.14705e-02
-1.15000e-02
-1.12356e-02
-1.04269e-02
-9.03892e-03
-7.21807e-03
-4.87102e-03
-2.03466e-03
8.72002e-04
3.51292e-03
5.69742e-03
7.21269e-03
7.87198e-03
7.50392e-03
5.94131e-03
3.06916e-03
-1.02176e-03
-6.05109e-03
-1.16641e-02
-1.75207e-02
-2.33637e-02
-2.89934e-02
-3.42739e-02
-3.91089e-02
-4.34266e-02
-4.71530e-02
-5.01286e-02
-5.21834e-02
-5.33486e-02
-5.36960e-02
-5.32317e-02
-5.19573e-02
-4.98973e-02
-4.70700e-02
-4.35699e-02
-3.96293e-02
-3.55076e-02
-3.14967e-02
-2.79571e-02
-2.52133e-02
-2.34030e-02
-2.26346e-02
-2.29907e-02
-2.44865e-02
-2.70275e-02
-3.04243e-02
-3.44483e-02
-3.88372e-02
-4.31828e-02
-4.70473e-02
-5.02773e-02
-5.26420e-02
-5.36831e-02
-5.30387e-02
-5.05037e-02
-4.60362e-02
-3.97030e-02
-3.16116e-02
-2.20370e-02
-1.14936e-02
-6.60870e-04
9.63085e-03
1.85339e-02
2.53878e-02
2.98428e-02
3.17637e-02
3.12349e-02
2.83579e-02
2.34136e-02
1.69158e-02
9.34268e-03
1.21596e-03
-6.92860e-03
-1.45115e-02
-2.09567e-02
-2.60651e-02
-2.98508e-02
-3.20395e-02
-3.24512e-02
-3.11688e-02
-2.83560e-02
-2.42846e-02
-1.91837e-02
-1.33817e-02
-7.33751e-03
-1.31680e-03
4.58367e-03
1.01472e-02
1.52079e-02
1.97588e-02
2.37827e-02
2.72396e-02
3.01077e-02
3.23649e-02
3.39627e-02
3.49375e-02
3.54256e-02
3.53557e-02
3.46215e-02
3.32908e-02
3.13213e-02
2.84910e-02
2.47199e-02
2.00618e-02
1.46077e-02
8.51261e-03
1.99470e-03
-4.59746e-03
-1.08227e-02
-1.63566e-02
-2.09361e-02
-2.43617e-02
-2.64733e-02
-2.72095e-02
-2.66214e-02
-2.47565e-02
-2.15461e-02
-1.71225e-02
-1.18649e-02
-6.11737e-03
-2.62968e-04
5.32934e-03
1.03583e-02
1.46164e-02
1.79141e-02
2.01728e-02
2.14760e-02
2.19593e-02
2.17897e-02
2.10734e-02
1.99341e-02
1.85748e-02
1.71597e-02
1.57808e-02
1.44822e-02
1.33174e-02
1.24422e-02
1.18730e-02
1.14053e-02
1.09377e-02
1.03876e-02
9.58465e-03
8.48179e-03
7.22133e-03
5.66180e-03
3.56380e-03
1.09527e-03
-1.50987e-03
-4.10916e-03
-6.52940e-03
-8.59379e-03
-1.02286e-02
-1.15025e-02
-1.26459e-02
-1.38320e-02
-1.51436e-02
-1.65557e-02
-1.80547e-02
-1.97560e-02
-2.15904e-02
-2.33191e-02
-2.49214e-02
-2.63465e-02
-2.73288e-02
-2.77712e-02
-2.77910e-02
-2.73277e-02
-2.63356e-02
-2.49343e-02
-2.33371e-02
-2.18126e-02
-2.03559e-02
-1.88472e-02
-1.72762e-02
-1.58028e-02
-1.47583e-02
-1.41642e-02
-1.38572e-02
-1.36856e-02
-1.35740e-02
-1.35841e-02
-1.37088e-02
-1.39007e-02
-1.41015e-02
-1.43569e-02
-1.48494e-02
-1.55146e-02
-1.61164e-02
-1.65696e-02
-1.68858e-02
-1.71836e-02
-1.74873e-02
-1.77421e-02
-1.79166e-02
-1.79976e-02
-1.80039e-02
-1.78872e-02
-1.75335e-02
-1.68421e-02
-1.57622e-02
-1.43482e-02
-1.26682e-02
-1.07852e-02
-8.63943e-03
-6.19483e-03
-3.58019e-03
-8.74613e-04
1.90710e-03
4.59055e-03
6.91514e-03
8.64002e-03
9.65778e-03
1.00548e-02
9.86053e-03
9.09505e-03
7.74638e-03
5.88037e-03
3.68734e-03
1.27365e-03
-1.31767e-03
-4.08666e-03
-6.96617e-03
-9.74127e-03
-1.22278e-02
-1.42696e-02
-1.56882e-02
-1.63686e-02
-1.63163e-02
-1.54659e-02
-1.37332e-02
-1.13754e-02
-8.75578e-03
-6.06986e-03
-3.45365e-03
-9.87977e-04
1.23353e-03
3.11696e-03
4.54510e-03
5.47716e-03
5.98732e-03
6.11951e-03
5.97506e-03
5.82212e-03
5.86298e-03
6.11196e-03
6.63889e-03
7.54066e-03
8.92336e-03
1.08384e-02
1.32236e-02
1.58753e-02
1.84876e-02
2.09605e-02
2.32603e-02
2.53240e-02
2.69110e-02
2.76395e-02
2.74727e-02
2.65200e-02
2.48685e-02
2.25860e-02
1.97412e-02
1.65987e-02
1.34940e-02
1.06168e-02
8.18086e-03
6.43550e-03
5.44772e-03
5.15378e-03
5.53999e-03
6.52970e-03
7.95815e-03
9.66242e-03
1.14966e-02
1.34164e-02
1.53765e-02
1.72653e-02
1.90354e-02
2.06788e-02
2.21050e-02
2.33366e-02
2.46583e-02
2.61702e-02
2.77517e-02
2.94288e-02
3.12465e-02
3.32038e-02
3.52132e-02
3.70966e-02
3.87482e-02
4.01204e-02
4.12224e-02
4.19708e-02
4.21475e-02
4.16298e-02
4.04530e-02
3.89360e-02
3.73893e-02
3.59232e-02
3.45282e-02
3.31152e-02
3.17354e-02
3.03670e-02
2.88199e-02
2.70398e-02
2.50912e-02
2.28560e-02
2.02529e-02
1.73927e-02
1.43656e-02
1.12236e-02
8.07890e-03
5.07310e-03
2.33650e-03
-5.12772e-08
-1.83040e-03
-3.17980e-03
-4.13352e-03
-4.62834e-03
-4.74055e-03
-4.78681e-03
-4.79925e-03
-4.65452e-03
-4.59681e-03
-4.80526e-03
-5.11792e-03
-5.37303e-03
-5.45676e-03
-5.41270e-03
-5.33860e-03
-5.26465e-03
-5.19264e-03
-5.09555e-03
-4.98049e-03
-4.91374e-03
-5.07936e-03
-5.49466e-03
-5.92118e-03
-6.40111e-03
-7.12497e-03
-8.12154e-03
-9.35837e-03
-1.07577e-02
-1.22688e-02
-1.38585e-02
-1.54928e-02
-1.71342e-02
-1.87280e-02
-2.01444e-02
-2.11935e-02
-2.18373e-02
-2.20595e-02
-2.17344e-02
-2.09495e-02
-2.00649e-02
-1.91772e-02
-1.82999e-02
-1.76268e-02
-1.72959e-02
-1.72945e-02
-1.75579e-02
-1.79489e-02
-1.82656e-02
-1.83558e-02
-1.82165e-02
-1.78109e-02
-1.70804e-02
-1.60170e-02
-1.45860e-02
-1.26680e-02
-1.04216e-02
-8.30531e-03
-6.35173e-03
-4.48228e-03
-2.84341e-03
-1.45586e-03
-1.54383e-04
9.73542e-04
1.77421e-03
2.45780e-03
3.20705e-03
3.99165e-03
4.80889e-03
5.66527e-03
6.50153e-03
7.27664e-03
8.03462e-03
8.76924e-03
9.42228e-03
9.99060e-03
1.04341e-02
1.05888e-02
1.03694e-02
9.82261e-03
8.92846e-03
7.72433e-03
6.44395e-03
5.19971e-03
3.85527e-03
2.43402e-03
1.03955e-03
-3.53229e-04
-1.78294e-03
-3.23317e-03
-4.54397e-03
-5.43430e-03
-5.73710e-03
-5.39202e-03
-4.47662e-03
-2.99686e-03
-8.89716e-04
1.73908e-03
4.66994e-03
7.64281e-03
1.04154e-02
1.28002e-02
1.45965e-02
1.56542e-02
1.59517e-02
1.55259e-02
1.44241e-02
1.25975e-02
9.97944e-03
6.70979e-03
2.97901e-03
-1.07248e-03
-5.20242e-03
-9.09856e-03
-1.27362e-02
-1.61473e-02
-1.91993e-02
-2.17915e-02
-2.38953e-02
-2.55466e-02
-2.68144e-02
-2.77105e-02
-2.82121e-02
-2.82809e-02
-2.80064e-02
-2.75615e-02
-2.70183e-02
-2.63874e-02
-2.56076e-02
-2.45994e-02
-2.32991e-02
-2.17660e-02
-2.00139e-02
-1.78611e-02
-1.52599e-02
-1.23457e-02
-9.22116e-03
-5.95139e-03
-2.48469e-03
1.07458e-03
4.40330e-03
7.34455e-03
9.78416e-03
1.14777e-02
1.23049e-02
1.23942e-02
1.19470e-02
1.11985e-02
1.01433e-02
8.85032e-03
7.64397e-03
6.69258e-03
6.00763e-03
5.70536e-03
5.86559e-03
6.43282e-03
7.33929e-03
8.51922e-03
9.91013e-03
1.14066e-02
1.28123e-02
1.40138e-02
1.50359e-02
1.58067e-02
1.62347e-02
1.63317e-02
1.61005e-02
1.54890e-02
1.44998e-02
1.32152e-02
1.18015e-02
1.03743e-02
8.86586e-03
7.32552e-03
5.91289e-03
4.53276e-03
3.04644e-03
1.48499e-03
-1.99585e-05
-1.26602e-03
-2.25648e-03
-3.05525e-03
-3.55280e-03
-3.69937e-03
-3.59489e-03
-3.38666e-03
-3.22850e-03
-3.10993e-03
-3.05567e-03
-3.23040e-03
-3.63511e-03
-4.11139e-03
-4.54793e-03
-4.89741e-03
-5.25012e-03
-5.68796e-03
-6.23276e-03
-6.72302e-03
-6.99786e-03
-7.18249e-03
-7.39439e-03
-7.66063e-03
-7.98273e-03
-8.34624e-03
-8.76516e-03
-9.25735e-03
-9.83162e-03
-1.04175e-02
-1.08968e-02
-1.12493e-02
-1.14651e-02
-1.14928e-02
-1.12825e-02
-1.07972e-02
-1.00253e-02
-9.05380e-03
-8.14276e-03
-7.49344e-03
-7.19574e-03
-7.39866e-03
-8.24111e-03
-9.79369e-03
-1.19844e-02
-1.45708e-02
-1.73847e-02
-2.02918e-02
-2.31649e-02
-2.59199e-02
-2.85270e-02
-3.09665e-02
-3.32154e-02
-3.51876e-02
-3.68251e-02
-3.81754e-02
-3.91852e-02
-3.97118e-02
-3.98112e-02
-3.96162e-02
-3.91924e-02
-3.85350e-02
-3.75666e-02
-3.62990e-02
-3.47996e-02
-3.31282e-02
-3.12341e-02
-2.89117e-02
-2.61208e-02
-2.29244e-02
-1.92215e-02
-1.49708e-02
-1.03258e-02
-5.57881e-03
-1.12033e-03
2.91950e-03
6.50977e-03
9.60190e-03
1.21320e-02
1.40336e-02
1.53551e-02
1.62385e-02
1.68749e-02
1.74183e-02
1.79344e-02
1.84157e-02
1.87871e-02
1.89588e-02
1.88643e-02
1.85020e-02
1.78649e-02
1.69693e-02
1.58929e-02
1.47291e-02
1.35405e-02
1.24411e-02
1.15806e-02
1.09586e-02
1.05085e-02
1.01866e-02
9.97225e-03
9.88696e-03
9.99733e-03
1.03472e-02
1.08260e-02
1.14448e-02
1.24271e-02
1.38237e-02
1.55253e-02
1.73435e-02
1.91132e-02
2.08129e-02
2.24710e-02
2.41301e-02
2.56251e-02
2.68228e-02
2.78204e-02
2.86097e-02
2.90497e-02
2.91045e-02
2.87893e-02
2.81177e-02
2.70735e-02
2.56132e-02
2.38158e-02
2.18188e-02
1.96522e-02
1.73752e-02
1.51314e-02
1.30556e-02
1.12730e-02
9.89480e-03
8.94386e-03
8.31159e-03
8.02316e-03
8.21876e-03
8.86876e-03
9.87122e-03
1.11135e-02
1.23997e-02
1.34619e-02
1.41887e-02
1.45262e-02
1.43270e-02
1.34437e-02
1.17791e-02
9.42933e-03
6.61592e-03
3.40118e-03
-7.82534e-05
-3.51783e-03
-6.68973e-03
-9.44071e-03
-1.15962e-02
-1.30056e-02
-1.35708e-02
-1.33527e-02
-1.25824e-02
-1.13012e-02
-9.56434e-03
-7.58729e-03
-5.47236e-03
-3.17492e-03
-8.84788e-04
1.12210e-03
2.77442e-03
4.13653e-03
5.38334e-03
6.45677e-03
7.21002e-03
7.86956e-03
8.56911e-03
9.07583e-03
9.35995e-03
9.59537e-03
9.79450e-03
9.89300e-03
9.76891e-03
9.40963e-03
8.95147e-03
8.47748e-03
8.07970e-03
7.86830e-03
7.83676e-03
7.84198e-03
8.03800e-03
8.66611e-03
9.58687e-03
1.06954e-02
1.21097e-02
1.38900e-02
1.59944e-02
1.81901e-02
2.02179e-02
2.19674e-02
2.34371e-02
2.47034e-02
2.55270e-02
2.56944e-02
2.53516e-02
2.45900e-02
2.33633e-02
2.15867e-02
1.92351e-02
1.65152e-02
1.35850e-02
1.04427e-02
7.15398e-03
3.82736e-03
5.28081e-04
-2.66468e-03
-5.62834e-03
-8.24546e-03
-1.04136e-02
-1.20392e-02
-1.30338e-02
-1.33114e-02
-1.29457e-02
-1.21891e-02
-1.11095e-02
-9.78027e-03
-8.43151e-03
-7.16896e-03
-5.91224e-03
-4.72126e-03
-3.70489e-03
-2.86999e-03
-2.19473e-03
-1.64313e-03
-1.18005e-03
-8.03335e-04
-6.73842e-04
-8.96931e-04
-1.34897e-03
-1.89087e-03
-2.39137e-03
-2.83059e-03
-3.18828e-03
-3.34482e-03
-3.26239e-03
-3.01250e-03
-2.59817e-03
-2.00910e-03
-1.27083e-03
-4.15724e-04
5.09339e-04
1.35952e-03
1.97856e-03
2.45881e-03
2.92139e-03
3.37348e-03
3.63159e-03
3.41283e-03
2.84165e-03
2.10012e-03
1.16658e-03
1.51375e-05
-1.35278e-03
-2.84949e-03
-4.35705e-03
-5.79737e-03
-7.10535e-03
-8.23253e-03
-9.16357e-03
-9.90592e-03
-1.04472e-02
-1.08043e-02
-1.10415e-02
-1.11993e-02
-1.13011e-02
-1.13603e-02
-1.13754e-02
-1.13363e-02
-1.13337e-02
-1.15067e-02
-1.16565e-02
-1.15831e-02
-1.13957e-02
-1.11157e-02
-1.06295e-02
-9.88160e-03
-8.85693e-03
-7.58263e-03
-6.16008e-03
-4.75733e-03
-3.40557e-03
-2.04196e-03
-6.11810e-04
9.40738e-04
2.63051e-03
4.31450e-03
5.73921e-03
6.85484e-03
7.71071e-03
8.40935e-03
8.96220e-03
9.28414e-03
9.36499e-03
9.21216e-03
8.82435e-03
8.24046e-03
7.53126e-03
6.58319e-03
5.27954e-03
3.79616e-03
2.23380e-03
4.99946e-04
-1.31957e-03
-3.05563e-03
-4.74643e-03
-6.38442e-03
-7.79539e-03
-8.97199e-03
-1.00471e-02
-1.09744e-02
-1.17378e-02
-1.24841e-02
-1.31943e-02
-1.36652e-02
-1.39028e-02
-1.39932e-02
-1.39863e-02
-1.39182e-02
-1.37991e-02
-1.36198e-02
-1.34121e-02
-1.33871e-02
-1.36584e-02
-1.41071e-02
-1.47314e-02
-1.55868e-02
-1.65957e-02
-1.76927e-02
-1.89084e-02
-2.01482e-02
-2.12216e-02
-2.22221e-02
-2.32829e-02
-2.43506e-02
-2.53870e-02
-2.63942e-02
-2.73757e-02
-2.83353e-02
-2.92774e-02
-3.01700e-02
-3.09432e-02
-3.16449e-02
-3.23562e-02
-3.29492e-02
-3.33141e-02
-3.34744e-02
-3.33704e-02
-3.29033e-02
-3.21233e-02
-3.11207e-02
-2.99286e-02
-2.85134e-02
-2.67994e-02
-2.48922e-02
-2.28943e-02
-2.06956e-02
-1.83126e-02
-1.59560e-02
-1.36498e-02
-1.13593e-02
-9.17674e-03
-7.20950e-03
-5.53081e-03
-4.11809e-03
-2.89058e-03
-1.89637e-03
-1.18013e-03
-7.15404e-04
-4.85058e-04
-4.94200e-04
-8.60236e-04
-1.66305e-03
-2.79679e-03
-4.13972e-03
-5.56539e-03
-6.88816e-03
-7.94782e-03
-8.76273e-03
-9.31287e-03
-9.48273e-03
-9.27957e-03
-8.76221e-03
-7.85552e-03
-6.56530e-03
-5.06660e-03
-3.37713e-03
-1.41619e-03
7.40147e-04
3.03559e-03
5.53883e-03
8.18914e-03
1.07799e-02
1.32166e-02
1.54503e-02
1.74689e-02
1.92888e-02
2.09289e-02
2.22455e-02
2.30692e-02
2.34496e-02
2.34944e-02
2.33055e-02
2.28389e-02
2.19711e-02
2.06871e-02
1.90478e-02
1.71880e-02
1.51292e-02
1.28266e-02
1.04483e-02
8.18901e-03
6.11187e-03
4.22293e-03
2.48377e-03
9.77224e-04
-1.68916e-04
-8.63564e-04
-1.18397e-03
-1.39941e-03
-1.48451e-03
-1.30569e-03
-9.59330e-04
-5.51731e-04
-1.21350e-04
3.06816e-04
7.30598e-04
1.20970e-03
1.82082e-03
2.61670e-03
3.62752e-03
4.85578e-03
6.33206e-03
8.05730e-03
9.96843e-03
1.20539e-02
1.43570e-02
1.67993e-02
1.92682e-02
2.17581e-02
2.42392e-02
2.66294e-02
2.89283e-02
3.11693e-02
3.32849e-02
3.51919e-02
3.68263e-02
3.80582e-02
3.87466e-02
3.89506e-02
3.87327e-02
3.79830e-02
3.66111e-02
3.46037e-02
3.21093e-02
2.93310e-02
2.63471e-02
2.32219e-02
2.00295e-02
1.68904e-02
1.39474e-02
1.13116e-02
9.04232e-03
7.13081e-03
5.63718e-03
4.63284e-03
4.06575e-03
3.89581e-03
4.17161e-03
4.79793e-03
5.53831e-03
6.28720e-03
6.95197e-03
7.39841e-03
7.52710e-03
7.29045e-03
6.63013e-03
5.51532e-03
3.97289e-03
2.11578e-03
1.44586e-04
-1.85146e-03
-3.85141e-03
-5.82601e-03
-7.69508e-03
-9.29322e-03
-1.05581e-02
-1.15129e-02
-1.21336e-02
-1.23693e-02
-1.21343e-02
-1.14662e-02
-1.05323e-02
-9.31599e-03
-7.75784e-03
-5.84734e-03
-3.63113e-03
-1.23027e-03
1.27090e-03
3.81126e-03
6.39010e-03
9.01924e-03
1.16851e-02
1.42920e-02
1.66944e-02
1.88317e-02
2.07039e-02
2.23651e-02
2.37620e-02
2.47604e-02
2.53297e-02
2.54798e-02
2.52276e-02
2.45936e-02
2.36147e-02
2.23739e-02
2.09710e-02
1.94599e-02
1.79341e-02
1.65354e-02
1.52892e-02
1.41935e-02
1.33851e-02
1.28006e-02
1.20538e-02
1.11428e-02
1.03183e-02
9.47895e-03
8.52034e-03
7.51949e-03
6.66701e-03
6.19772e-03
5.96539e-03
5.81639e-03
5.96819e-03
6.50814e-03
7.29340e-03
8.18825e-03
9.04649e-03
9.76876e-03
1.02989e-02
1.06224e-02
1.06549e-02
1.03249e-02
9.75157e-03
8.98898e-03
7.88698e-03
6.42662e-03
4.71634e-03
2.82179e-03
8.20627e-04
-1.20015e-03
-3.20214e-03
-5.19593e-03
-7.12003e-03
-8.90746e-03
-1.05385e-02
-1.19372e-02
-1.29725e-02
-1.37127e-02
-1.43194e-02
-1.48112e-02
-1.51458e-02
-1.52593e-02
-1.53369e-02
-1.56588e-02
-1.60483e-02
-1.62749e-02
-1.63059e-02
-1.62396e-02
-1.62613e-02
-1.62612e-02
-1.61006e-02
-1.58277e-02
-1.55032e-02
-1.51752e-02
-1.48343e-02
-1.44867e-02
-1.42529e-02
-1.41738e-02
-1.41461e-02
-1.41282e-02
-1.41122e-02
-1.41010e-02
-1.40802e-02
-1.39910e-02
-1.37421e-02
-1.32574e-02
-1.26537e-02
-1.20135e-02
-1.12116e-02
-1.02744e-02
-9.38593e-03
-8.52238e-03
-7.65649e-03
-6.93390e-03
-6.46721e-03
-6.28086e-03
-6.32748e-03
-6.50076e-03
-6.70023e-03
-6.84424e-03
-6.90709e-03
-7.00744e-03
-7.31940e-03
-7.75305e-03
-8.21796e-03
-8.76262e-03
-9.34677e-03
-9.86545e-03
-1.03579e-02
-1.08953e-02
-1.14869e-02
-1.20523e-02
-1.24396e-02
-1.27415e-02
-1.31315e-02
-1.36713e-02
-1.43232e-02
-1.49463e-02
-1.55302e-02
-1.60950e-02
-1.65340e-02
-1.68787e-02
-1.73880e-02
-1.80333e-02
-1.85892e-02
-1.90715e-02
-1.95221e-02
-1.99180e-02
-2.02832e-02
-2.06842e-02
-2.11092e-02
-2.14883e-02
-2.17051e-02
-2.17254e-02
-2.16421e-02
-2.15772e-02
-2.16338e-02
-2.17461e-02
-2.17804e-02
-2.16009e-02
-2.13219e-02
-2.11813e-02
-2.11575e-02
-2.11710e-02
-2.11612e-02
-2.10847e-02
-2.09270e-02
-2.07361e-02
-2.05363e-02
-2.02390e-02
-1.98009e-02
-1.92401e-02
-1.85385e-02
-1.76746e-02
-1.66405e-02
-1.54659e-02
-1.42168e-02
-1.28497e-02
-1.13370e-02
-9.89119e-03
-8.69452e-03
-7.76581e-03
-7.07171e-03
-6.57547e-03
-6.45770e-03
-6.75371e-03
-7.13305e-03
-7.48199e-03
-7.90029e-03
-8.32174e-03
-8.61728e-03
-8.63547e-03
-8.34014e-03
-7.83186e-03
-7.07112e-03
-6.01327e-03
-4.74378e-03
-3.39957e-03
-2.13721e-03
-1.01004e-03
-1.64529e-05
7.85277e-04
1.37943e-03
1.83265e-03
2.18785e-03
2.46476e-03
2.67161e-03
2.79729e-03
2.80825e-03
2.64485e-03
2.24737e-03
1.69068e-03
1.07920e-03
4.18428e-04
-2.42512e-04
-7.91049e-04
-1.19688e-03
-1.44577e-03
-1.43767e-03
-1.16849e-03
-7.79383e-04
-1.84587e-04
8.14302e-04
2.19172e-03
3.85869e-03
5.72897e-03
7.74697e-03
9.85692e-03
1.18830e-02
1.37183e-02
1.54906e-02
1.72527e-02
1.89481e-02
2.05456e-02
2.20315e-02
2.34439e-02
2.48049e-02
2.61167e-02
2.74557e-02
2.89036e-02
3.04355e-02
3.20546e-02
3.38087e-02
3.55324e-02
3.69638e-02
3.80381e-02
3.87289e-02
3.90140e-02
3.89619e-02
3.86865e-02
3.81142e-02
3.71781e-02
3.59367e-02
3.44921e-02
3.29611e-02
3.12853e-02
2.94367e-02
2.75751e-02
2.57799e-02
2.40425e-02
2.25049e-02
2.12776e-02
2.02616e-02
1.94371e-02
1.89128e-02
1.86887e-02
1.87128e-02
1.89559e-02
1.93476e-02
1.97705e-02
2.02020e-02
2.06685e-02
2.11464e-02
2.15948e-02
2.19568e-02
2.21481e-02
2.20761e-02
2.17152e-02
2.10908e-02
2.02667e-02
1.92497e-02
1.80222e-02
1.67308e-02
1.54726e-02
1.41147e-02
1.26259e-02
1.11225e-02
9.70075e-03
8.41016e-03
7.16795e-03
5.98871e-03
5.01664e-03
4.21006e-03
3.47356e-03
2.84555e-03
2.32134e-03
1.80518e-03
1.24554e-03
6.25315e-04
-4.76708e-05
-7.61916e-04
-1.52234e-03
-2.37574e-03
-3.37920e-03
-4.48138e-03
-5.67630e-03
-7.09213e-03
-8.71043e-03
-1.03862e-02
-1.21687e-02
-1.40973e-02
-1.60565e-02
-1.79077e-02
-1.95309e-02
-2.09641e-02
-2.22590e-02
-2.33097e-02
-2.41704e-02
-2.50783e-02
-2.58805e-02
-2.63348e-02
-2.65848e-02
-2.67985e-02
-2.70512e-02
-2.73053e-02
-2.74500e-02
-2.74278e-02
-2.72957e-02
-2.72530e-02
-2.72278e-02
-2.69562e-02
-2.62974e-02
-2.52427e-02
-2.39662e-02
-2.25291e-02
-2.09234e-02
-1.92688e-02
-1.76746e-02
-1.61574e-02
-1.47908e-02
-1.36889e-02
-1.28586e-02
-1.22734e-02
-1.19355e-02
-1.19024e-02
-1.22607e-02
-1.29075e-02
-1.36402e-02
-1.42566e-02
-1.46818e-02
-1.49853e-02
-1.50296e-02
-1.46864e-02
-1.40631e-02
-1.32900e-02
-1.24597e-02
-1.15797e-02
-1.06476e-02
-9.77797e-03
-9.04779e-03
-8.45317e-03
-8.04263e-03
-7.85813e-03
-7.82762e-03
-7.87550e-03
-7.97878e-03
-8.17511e-03
-8.49723e-03
-8.78920e-03
-8.93242e-03
-8.96209e-03
-8.80787e-03
-8.34203e-03
-7.55743e-03
-6.50829e-03
-5.27649e-03
-3.91887e-03
-2.46730e-03
-9.40492e-04
6.69070e-04
2.38573e-03
4.11665e-03
5.66983e-03
7.07301e-03
8.37240e-03
9.47578e-03
1.03206e-02
1.09070e-02
1.12883e-02
1.15244e-02
1.16004e-02
1.15233e-02
1.13390e-02
1.10836e-02
1.08006e-02
1.05479e-02
1.03752e-02
1.03030e-02
1.02847e-02
1.02702e-02
1.03427e-02
1.05846e-02
1.10126e-02
1.15660e-02
1.21636e-02
1.28698e-02
1.37175e-02
1.46393e-02
1.56437e-02
1.67478e-02
1.77960e-02
1.86537e-02
1.93253e-02
1.97816e-02
1.99696e-02
1.98380e-02
1.93728e-02
1.86303e-02
1.77064e-02
1.67280e-02
1.57564e-02
1.48091e-02
1.38626e-02
1.29283e-02
1.20524e-02
1.11832e-02
1.02590e-02
9.29109e-03
8.34807e-03
7.54989e-03
6.95771e-03
6.58666e-03
6.40017e-03
6.35487e-03
6.41836e-03
6.58173e-03
6.84976e-03
7.22113e-03
7.61159e-03
7.83895e-03
7.87235e-03
7.76536e-03
7.52642e-03
7.12839e-03
6.51138e-03
5.73339e-03
4.90313e-03
3.98644e-03
2.98395e-03
2.00528e-03
1.09425e-03
2.61316e-04
-4.04428e-04
-9.10923e-04
-1.45910e-03
-2.08203e-03
-2.66005e-03
-3.13906e-03
-3.54479e-03
-4.03441e-03
-4.67222e-03
-5.41264e-03
-6.20695e-03
-7.01591e-03
-7.85218e-03
-8.63719e-03
-9.20231e-03
-9.51780e-03
-9.62268e-03
-9.55740e-03
-9.23108e-03
-8.43720e-03
-7.33402e-03
-6.16531e-03
-4.89397e-03
-3.53175e-03
-2.20743e-03
-9.91409e-04
9.16748e-05
1.05341e-03
1.87779e-03
2.50300e-03
2.95167e-03
3.29023e-03
3.53732e-03
3.78212e-03
4.20615e-03
4.79464e-03
5.42598e-03
6.17456e-03
7.11126e-03
8.21486e-03
9.44547e-03
1.07433e-02
1.20484e-02
1.33122e-02
1.45094e-02
1.55735e-02
1.64039e-02
1.69208e-02
1.70847e-02
1.69297e-02
1.65303e-02
1.59826e-02
1.52364e-02
1.42709e-02
1.32438e-02
1.21346e-02
1.07302e-02
9.12001e-03
7.44874e-03
5.66318e-03
3.80021e-03
2.02505e-03
3.62254e-04
-1.18088e-03
-2.44958e-03
-3.37883e-03
-4.04929e-03
-4.39299e-03
-4.34093e-03
-4.06142e-03
-3.67406e-03
-3.15015e-03
-2.57682e-03
-2.06802e-03
-1.55357e-03
-1.01067e-03
-5.64718e-04
-2.33151e-04
2.71133e-05
1.61438e-04
1.83824e-04
2.53806e-04
4.16783e-04
6.23738e-04
8.95038e-04
1.19724e-03
1.38398e-03
1.41525e-03
1.34439e-03
1.04026e-03
3.89393e-04
-5.48998e-04
-1.65584e-03
-2.78126e-03
-3.95217e-03
-5.22432e-03
-6.53459e-03
-7.75675e-03
-8.72766e-03
-9.47380e-03
-1.00842e-02
-1.05584e-02
-1.08742e-02
-1.10098e-02
-1.10507e-02
-1.11255e-02
-1.12874e-02
-1.15237e-02
-1.17417e-02
-1.18271e-02
-1.16701e-02
-1.12576e-02
-1.06374e-02
-9.89797e-03
-9.03267e-03
-8.01385e-03
-6.98084e-03
-6.04542e-03
-5.19855e-03
-4.50058e-03
-4.04424e-03
-3.81871e-03
-3.79147e-03
-3.95582e-03
-4.29440e-03
-4.77048e-03
-5.32783e-03
-5.94682e-03
-6.69501e-03
-7.58208e-03
-8.55015e-03
-9.60175e-03
-1.06929e-02
-1.16694e-02
-1.25382e-02
-1.34732e-02
-1.43511e-02
-1.50279e-02
-1.56027e-02
-1.61597e-02
-1.67211e-02
-1.72945e-02
-1.78877e-02
-1.85383e-02
-1.92676e-02
-2.00668e-02
-2.09173e-02
-2.17801e-02
-2.25958e-02
-2.33664e-02
-2.41881e-02
-2.51404e-02
-2.62191e-02
-2.71677e-02
-2.78516e-02
-2.84336e-02
-2.88051e-02
-2.87419e-02
-2.83618e-02
-2.78642e-02
-2.73762e-02
-2.68275e-02
-2.60393e-02
-2.51592e-02
-2.43397e-02
-2.35448e-02
-2.27939e-02
-2.21518e-02
-2.15844e-02
-2.10372e-02
-2.05031e-02
-1.99979e-02
-1.95471e-02
-1.90731e-02
-1.84514e-02
-1.75697e-02
-1.64040e-02
-1.50330e-02
-1.34195e-02
-1.15641e-02
-9.66688e-03
-7.84762e-03
-6.05945e-03
-4.29240e-03
-2.56439e-03
-9.47102e-04
5.11932e-04
1.82477e-03
2.93709e-03
3.78515e-03
4.44364e-03
4.95142e-03
5.21347e-03
5.26508e-03
5.25219e-03
5.23442e-03
5.24266e-03
5.29241e-03
5.42679e-03
5.72618e-03
6.28807e-03
7.13222e-03
8.08917e-03
9.10324e-03
1.02768e-02
1.15865e-02
1.29816e-02
1.44809e-02
1.60756e-02
1.77004e-02
1.92710e-02
2.07000e-02
2.19532e-02
2.30798e-02
2.42182e-02
2.54067e-02
2.65687e-02
2.75030e-02
2.81090e-02
2.85526e-02
2.88288e-02
2.88166e-02
2.86075e-02
2.83515e-02
2.81369e-02
2.79251e-02
2.75512e-02
2.69622e-02
2.62073e-02
2.54792e-02
2.48214e-02
2.40782e-02
2.32527e-02
2.24036e-02
2.15672e-02
2.08000e-02
2.01669e-02
1.96289e-02
1.91150e-02
1.86967e-02
1.84111e-02
1.81877e-02
1.79866e-02
1.77983e-02
1.76615e-02
1.76589e-02
1.78898e-02
1.83016e-02
1.87200e-02
1.91599e-02
1.96324e-02
2.00342e-02
2.03350e-02
2.05914e-02
2.08131e-02
2.09737e-02
2.09889e-02
2.08001e-02
2.04018e-02
1.97764e-02
1.88999e-02
1.77291e-02
1.63128e-02
1.48244e-02
1.33636e-02
1.19682e-02
1.06023e-02
9.28421e-03
8.14406e-03
7.15683e-03
6.21438e-03
5.37715e-03
4.68221e-03
4.04586e-03
3.47335e-03
3.03808e-03
2.70490e-03
2.42046e-03
2.17939e-03
1.98919e-03
1.85993e-03
1.74616e-03
1.60542e-03
1.47209e-03
1.40175e-03
1.44033e-03
1.52356e-03
1.52374e-03
1.37133e-03
1.04237e-03
5.76151e-04
3.47627e-05
-5.06435e-04
-1.04894e-03
-1.66017e-03
-2.45965e-03
-3.41265e-03
-4.31062e-03
-4.97931e-03
-5.31943e-03
-5.43176e-03
-5.40102e-03
-5.25259e-03
-5.01911e-03
-4.73824e-03
-4.45571e-03
-4.18191e-03
-3.88279e-03
-3.53027e-03
-3.14008e-03
-2.86048e-03
-2.78591e-03
-2.82770e-03
-2.87632e-03
-2.85544e-03
-2.97676e-03
-3.41660e-03
-4.03276e-03
-4.68610e-03
-5.28819e-03
-5.89269e-03
-6.58219e-03
-7.32475e-03
-8.08694e-03
-8.84985e-03
-9.58286e-03
-1.02535e-02
-1.08572e-02
-1.13610e-02
-1.16929e-02
-1.18674e-02
-1.19561e-02
-1.19526e-02
-1.18265e-02
-1.15482e-02
-1.11468e-02
-1.07086e-02
-1.02829e-02
-9.89438e-03
-9.52921e-03
-9.18264e-03
-8.88069e-03
-8.72619e-03
-8.80244e-03
-9.01273e-03
-9.25082e-03
-9.46000e-03
-9.62484e-03
-9.75635e-03
-9.84575e-03
-9.97040e-03
-1.03223e-02
-1.09155e-02
-1.16153e-02
-1.23931e-02
-1.32529e-02
-1.42279e-02
-1.53341e-02
-1.65469e-02
-1.77314e-02
-1.87837e-02
-1.98121e-02
-2.08656e-02
-2.18726e-02
-2.27671e-02
-2.34781e-02
-2.39489e-02
-2.41723e-02
-2.42053e-02
-2.40476e-02
-2.36667e-02
-2.30414e-02
-2.22295e-02
-2.14131e-02
-2.06871e-02
-2.00492e-02
-1.94594e-02
-1.88760e-02
-1.83260e-02
-1.78225e-02
-1.73545e-02
-1.69068e-02
-1.64962e-02
-1.62106e-02
-1.60286e-02
-1.57705e-02
-1.53751e-02
-1.48427e-02
-1.41565e-02
-1.32930e-02
-1.22300e-02
-1.10735e-02
-9.99876e-03
-8.99005e-03
-8.02532e-03
-7.18022e-03
-6.46551e-03
-5.81757e-03
-5.18773e-03
-4.57687e-03
-4.08976e-03
-3.75685e-03
-3.49857e-03
-3.30018e-03
-3.13566e-03
-2.89602e-03
-2.51203e-03
-2.00453e-03
-1.40651e-03
-7.49552e-04
7.39645e-06
8.65001e-04
1.72786e-03
2.59968e-03
3.56159e-03
4.60678e-03
5.67704e-03
6.67194e-03
7.51648e-03
8.19439e-03
8.82266e-03
9.49162e-03
1.00404e-02
1.04604e-02
1.09873e-02
1.17341e-02
1.26870e-02
1.36325e-02
1.44335e-02
1.51702e-02
1.58217e-02
1.62955e-02
1.64809e-02
1.63182e-02
1.58533e-02
1.51158e-02
1.41402e-02
1.30791e-02
1.20848e-02
1.11729e-02
1.03363e-02
9.57113e-03
8.95726e-03
8.57756e-03
8.40727e-03
8.42269e-03
8.62743e-03
9.01990e-03
9.56419e-03
1.01422e-02
1.06950e-02
1.13028e-02
1.19685e-02
1.26319e-02
1.32640e-02
1.38331e-02
1.43003e-02
1.46579e-02
1.49300e-02
1.50999e-02
1.51938e-02
1.53461e-02
1.54845e-02
1.52923e-02
1.47785e-02
1.41034e-02
1.33301e-02
1.25245e-02
1.17537e-02
1.10405e-02
1.03902e-02
9.90927e-03
9.65164e-03
9.52545e-03
9.44207e-03
9.33921e-03
9.26946e-03
9.32168e-03
9.52747e-03
9.76052e-03
9.75241e-03
9.56376e-03
9.37618e-03
9.26574e-03
9.20623e-03
9.05170e-03
8.74387e-03
8.31153e-03
7.92682e-03
7.73424e-03
7.73399e-03
7.85460e-03
7.94519e-03
7.85198e-03
7.48137e-03
6.89017e-03
6.18609e-03
5.50632e-03
4.84344e-03
4.14935e-03
3.42230e-03
2.66446e-03
1.87915e-03
1.03860e-03
1.24216e-04
-8.28418e-04
-1.81151e-03
-2.86156e-03
-3.89322e-03
-4.78170e-03
-5.57733e-03
-6.29931e-03
-6.83676e-03
-7.19766e-03
-7.48949e-03
-7.71891e-03
-7.84432e-03
-7.79886e-03
-7.63427e-03
-7.52797e-03
-7.49230e-03
-7.51026e-03
-7.64282e-03
-7.91993e-03
-8.30843e-03
-8.71487e-03
-9.04169e-03
-9.32764e-03
-9.62990e-03
-9.96069e-03
-1.02163e-02
-1.02596e-02
-1.02228e-02
-1.02489e-02
-1.03245e-02
-1.03758e-02
-1.03155e-02
-1.03226e-02
-1.05389e-02
-1.07856e-02
-1.09952e-02
-1.12643e-02
-1.15522e-02
-1.18229e-02
-1.21978e-02
-1.26073e-02
-1.27152e-02
-1.25551e-02
-1.23367e-02
-1.20113e-02
-1.15469e-02
-1.10143e-02
-1.04022e-02
-9.63442e-03
-8.69610e-03
-7.60996e-03
-6.43855e-03
-5.24814e-03
-4.10986e-03
-3.10862e-03
-2.28126e-03
-1.54331e-03
-9.18841e-04
-5.76833e-04
-5.19387e-04
-6.88632e-04
-1.11154e-03
-1.72182e-03
-2.31139e-03
-2.78775e-03
-3.14783e-03
-3.39519e-03
-3.55037e-03
-3.63073e-03
-3.67000e-03
-3.69073e-03
-3.58703e-03
-3.25108e-03
-2.70786e-03
-1.99416e-03
-1.16297e-03
-3.25159e-04
4.36868e-04
1.21353e-03
1.99498e-03
2.60104e-03
2.95610e-03
3.08209e-03
3.10679e-03
3.06182e-03
2.76920e-03
2.12825e-03
1.14645e-03
-1.74947e-06
-1.17737e-03
-2.45117e-03
-3.77196e-03
-4.96532e-03
-5.98005e-03
-6.76574e-03
-7.19049e-03
-7.27684e-03
-7.23133e-03
-7.05244e-03
-6.67947e-03
-6.15972e-03
-5.59258e-03
-5.11316e-03
-4.72301e-03
-4.34051e-03
-3.93653e-03
-3.48544e-03
-2.96349e-03
-2.36856e-03
-1.72013e-03
-1.01847e-03
-2.82992e-04
4.31628e-04
1.16040e-03
2.01279e-03
2.84276e-03
3.49474e-03
4.08317e-03
4.69008e-03
5.28277e-03
5.73255e-03
5.91274e-03
5.92758e-03
5.93005e-03
6.02113e-03
6.09297e-03
5.93498e-03
5.63725e-03
5.36806e-03
5.24191e-03
5.19136e-03
5.01637e-03
4.84090e-03
4.81572e-03
4.88291e-03
5.01416e-03
5.24372e-03
5.62502e-03
6.14732e-03
6.61445e-03
6.92812e-03
7.18908e-03
7.43589e-03
7.68852e-03
7.97541e-03
8.21552e-03
8.17925e-03
7.87260e-03
7.50070e-03
7.15885e-03
6.83614e-03
6.35636e-03
5.68774e-03
4.95688e-03
4.13202e-03
3.18654e-03
2.21416e-03
1.25222e-03
2.52986e-04
-7.38697e-04
-1.60902e-03
-2.20020e-03
-2.45932e-03
-2.50707e-03
-2.35402e-03
-1.96304e-03
-1.37627e-03
-7.12838e-04
-1.74387e-04
1.30435e-04
1.98891e-04
5.69958e-05
-2.18859e-04
-5.29710e-04
-8.27914e-04
-1.13080e-03
-1.40954e-03
-1.64278e-03
-1.85776e-03
-2.06272e-03
-2.21947e-03
-2.24817e-03
-2.08593e-03
-1.83340e-03
-1.59084e-03
-1.37846e-03
-1.21758e-03
-1.11797e-03
-1.06425e-03
-1.11610e-03
-1.47671e-03
-2.13811e-03
-2.88131e-03
-3.68671e-03
-4.52257e-03
-5.21799e-03
-5.76514e-03
-6.35433e-03
-6.93042e-03
-7.34706e-03
-7.54982e-03
-7.53105e-03
-7.33732e-03
-6.96347e-03
-6.37729e-03
-5.54614e-03
-4.51354e-03
-3.44270e-03
-2.41926e-03
-1.45294e-03
-5.34588e-04
3.14459e-04
9.82783e-04
1.45099e-03
1.80757e-03
2.07392e-03
2.25535e-03
2.35545e-03
2.36548e-03
2.26579e-03
2.02641e-03
1.64418e-03
1.20497e-03
7.89160e-04
4.26847e-04
1.95240e-04
1.75663e-04
3.33191e-04
5.82912e-04
8.43524e-04
1.10108e-03
1.40898e-03
1.77114e-03
2.12005e-03
2.27580e-03
2.25530e-03
2.30773e-03
2.45278e-03
2.58233e-03
2.52705e-03
2.27316e-03
2.04545e-03
1.87819e-03
1.71506e-03
1.57400e-03
1.48416e-03
1.47396e-03
1.57260e-03
1.80718e-03
2.19792e-03
2.75031e-03
3.44562e-03
4.22635e-03
4.99650e-03
5.69438e-03
6.25688e-03
6.61007e-03
6.81505e-03
7.08569e-03
7.44437e-03
7.80260e-03
8.07208e-03
8.30953e-03
8.77822e-03
9.47846e-03
1.02335e-02
1.09564e-02
1.16098e-02
1.22228e-02
1.27401e-02
1.30511e-02
1.31711e-02
1.31574e-02
1.30408e-02
1.27636e-02
1.22090e-02
1.15641e-02
1.10593e-02
1.06296e-02
1.02343e-02
9.94156e-03
9.85683e-03
1.00599e-02
1.04593e-02
1.09537e-02
1.15128e-02
1.20876e-02
1.26163e-02
1.30392e-02
1.33302e-02
1.35171e-02
1.36253e-02
1.36760e-02
1.36956e-02
1.36498e-02
1.33918e-02
1.29748e-02
1.26888e-02
1.24924e-02
1.22048e-02
1.17386e-02
1.10859e-02
1.03400e-02
9.49647e-03
8.53199e-03
7.55760e-03
6.63003e-03
5.65604e-03
4.65954e-03
3.74841e-03
2.88319e-03
2.03259e-03
1.27417e-03
5.62838e-04
-2.78329e-04
-1.24869e-03
-2.25805e-03
-3.19535e-03
-4.04855e-03
-4.94434e-03
-5.91456e-03
-6.93692e-03
-7.95642e-03
-8.89292e-03
-9.66995e-03
-1.03123e-02
-1.09167e-02
-1.15069e-02
-1.20859e-02
-1.26406e-02
-1.31175e-02
-1.34619e-02
-1.38418e-02
-1.43905e-02
-1.49453e-02
-1.53855e-02
-1.57062e-02
-1.60397e-02
-1.65362e-02
-1.71324e-02
-1.76838e-02
-1.80245e-02
-1.82165e-02
-1.84166e-02
-1.85334e-02
-1.84280e-02
-1.80134e-02
-1.74295e-02
-1.69424e-02
-1.64186e-02
-1.56974e-02
-1.48404e-02
-1.39331e-02
-1.30725e-02
-1.23252e-02
-1.17099e-02
-1.11561e-02
-1.07006e-02
-1.04974e-02
-1.03986e-02
-1.01521e-02
-9.73124e-03
-9.13753e-03
-8.35952e-03
-7.44047e-03
-6.46554e-03
-5.46603e-03
-4.43973e-03
-3.35517e-03
-2.23220e-03
-1.13644e-03
-9.80593e-05
8.60157e-04
1.72456e-03
2.56858e-03
3.52766e-03
4.44127e-03
5.13459e-03
5.77749e-03
6.42168e-03
6.89351e-03
7.18150e-03
7.35427e-03
7.41657e-03
7.36961e-03
7.22194e-03
6.98967e-03
6.68365e-03
6.26199e-03
5.70777e-03
5.09339e-03
4.53157e-03
4.13870e-03
3.81198e-03
3.44045e-03
3.12860e-03
2.97808e-03
3.02501e-03
3.14478e-03
3.19916e-03
3.29422e-03
3.45538e-03
3.52964e-03
3.50405e-03
3.47002e-03
3.52862e-03
3.70915e-03
3.90337e-03
4.10691e-03
4.40652e-03
4.87118e-03
5.47672e-03
6.02553e-03
6.46910e-03
6.92103e-03
7.26196e-03
7.37015e-03
7.34476e-03
7.25197e-03
7.07261e-03
6.82623e-03
6.53507e-03
6.17178e-03
5.74518e-03
5.33762e-03
4.97083e-03
4.63591e-03
4.39090e-03
4.26267e-03
4.19223e-03
4.15878e-03
4.18730e-03
4.32827e-03
4.60891e-03
4.96951e-03
5.35899e-03
5.74841e-03
6.10807e-03
6.40489e-03
6.59619e-03
6.67201e-03
6.65996e-03
6.49813e-03
6.09791e-03
5.48409e-03
4.72850e-03
3.91658e-03
3.08006e-03
2.21192e-03
1.34112e-03
4.85878e-04
-3.67265e-04
-1.18485e-03
-1.91020e-03
-2.70852e-03
-3.70849e-03
-4.71527e-03
-5.58204e-03
-6.28617e-03
-6.74914e-03
-6.91718e-03
-6.86786e-03
-6.69664e-03
-6.45694e-03
-6.12502e-03
-5.66934e-03
-5.26779e-03
-5.04128e-03
-4.89349e-03
-4.79543e-03
-4.78333e-03
-4.85917e-03
-5.01497e-03
-5.23838e-03
-5.50953e-03
-5.79769e-03
-6.05737e-03
-6.22380e-03
-6.22235e-03
-6.09275e-03
-5.99572e-03
-5.80105e-03
-5.33262e-03
-4.86772e-03
-4.56875e-03
-4.24546e-03
-3.95870e-03
-3.92430e-03
-4.13135e-03
-4.48391e-03
-4.87049e-03
-5.23467e-03
-5.58882e-03
-5.96724e-03
-6.34667e-03
-6.53111e-03
-6.44593e-03
-6.19803e-03
-5.81137e-03
-5.27529e-03
-4.55220e-03
-3.62422e-03
-2.52663e-03
-1.34602e-03
-1.90453e-04
9.22097e-04
1.91694e-03
2.60465e-03
3.00070e-03
3.27339e-03
3.33508e-03
3.09538e-03
2.63357e-03
2.08451e-03
1.61595e-03
1.25311e-03
9.41495e-04
6.02645e-04
2.96297e-04
2.41334e-04
3.44303e-04
3.95498e-04
4.17980e-04
4.56780e-04
5.18202e-04
6.21388e-04
7.77688e-04
9.18796e-04
9.85634e-04
9.97760e-04
9.61790e-04
8.72541e-04
7.32180e-04
5.51445e-04
3.51636e-04
1.66338e-04
4.34819e-05
4.41130e-05
1.75564e-04
2.85097e-04
2.86906e-04
2.27101e-04
-1.02654e-05
-5.40020e-04
-1.13802e-03
-1.62718e-03
-2.07845e-03
-2.44867e-03
-2.63971e-03
-2.73453e-03
-2.84077e-03
-2.96925e-03
-3.10989e-03
-3.22293e-03
-3.21534e-03
-3.04945e-03
-2.89002e-03
-2.79913e-03
-2.66861e-03
-2.44630e-03
-2.10880e-03
-1.66904e-03
-1.13708e-03
-5.04198e-04
2.35765e-04
1.04645e-03
1.75409e-03
2.26446e-03
2.71016e-03
3.15589e-03
3.58454e-03
3.90756e-03
4.06572e-03
4.14461e-03
4.19328e-03
4.19626e-03
4.11020e-03
3.94138e-03
3.85635e-03
3.88117e-03
3.82571e-03
3.69909e-03
3.60106e-03
3.53750e-03
3.48532e-03
3.40785e-03
3.31608e-03
3.22643e-03
3.02189e-03
2.61039e-03
2.04462e-03
1.36322e-03
6.06312e-04
-7.01633e-05
-5.18444e-04
-7.48212e-04
-8.29043e-04
-8.59192e-04
-7.79449e-04
-5.07349e-04
-1.34772e-04
2.35410e-04
5.44853e-04
7.82546e-04
9.67830e-04
1.09740e-03
1.16879e-03
1.18516e-03
1.15039e-03
1.06846e-03
9.42450e-04
7.76165e-04
5.75803e-04
3.53764e-04
1.33475e-04
-4.96381e-05
-1.71406e-04
-2.57115e-04
-3.49809e-04
-5.09860e-04
-8.44959e-04
-1.41914e-03
-2.07317e-03
-2.68605e-03
-3.29776e-03
-3.90721e-03
-4.50157e-03
-5.12181e-03
-5.81499e-03
-6.59165e-03
-7.42826e-03
-8.26616e-03
-9.05460e-03
-9.75413e-03
-1.03503e-02
-1.07525e-02
-1.08178e-02
-1.06915e-02
-1.05617e-02
-1.02985e-02
-9.88083e-03
-9.49848e-03
-9.10515e-03
-8.56549e-03
-7.98039e-03
-7.44124e-03
-6.92190e-03
-6.40660e-03
-5.89189e-03
-5.38724e-03
-4.89234e-03
-4.37994e-03
-3.84891e-03
-3.33692e-03
-2.91429e-03
-2.63610e-03
-2.47118e-03
-2.42331e-03
-2.54999e-03
-2.85314e-03
-3.28105e-03
-3.73419e-03
-4.17907e-03
-4.69020e-03
-5.17691e-03
-5.50855e-03
-5.85851e-03
-6.30661e-03
-6.62206e-03
-6.81872e-03
-7.10834e-03
-7.42663e-03
-7.61998e-03
-7.56690e-03
-7.31884e-03
-7.11034e-03
-6.99895e-03
-6.96457e-03
-6.92709e-03
-6.78089e-03
-6.42702e-03
-5.87278e-03
-5.18581e-03
-4.40104e-03
-3.60051e-03
-2.91116e-03
-2.34774e-03
-1.84512e-03
-1.36935e-03
-9.94050e-04
-9.37725e-04
-1.20234e-03
-1.61767e-03
-2.06597e-03
-2.45093e-03
-2.74230e-03
-2.98862e-03
-3.29043e-03
-3.59947e-03
-3.84031e-03
-3.99807e-03
-4.05238e-03
-3.98193e-03
-3.81770e-03
-3.56712e-03
-3.12024e-03
-2.45955e-03
-1.71623e-03
-1.03643e-03
-5.29328e-04
-1.18154e-04
2.93409e-04
7.46777e-04
1.17010e-03
1.46727e-03
1.75607e-03
2.13131e-03
2.55821e-03
2.98967e-03
3.38712e-03
3.80219e-03
4.27203e-03
4.75173e-03
5.20956e-03
5.63117e-03
6.00491e-03
6.31767e-03
6.55129e-03
6.72093e-03
6.88219e-03
7.07204e-03
7.32504e-03
7.66695e-03
8.00693e-03
8.14557e-03
8.16485e-03
8.22818e-03
8.26967e-03
8.26739e-03
8.30769e-03
8.38886e-03
8.44765e-03
8.43750e-03
8.37508e-03
8.37717e-03
8.52300e-03
8.84561e-03
9.31003e-03
9.86684e-03
1.05001e-02
1.11589e-02
1.17566e-02
1.21994e-02
1.24308e-02
1.24790e-02
1.23800e-02
1.21570e-02
1.17288e-02
1.10689e-02
1.03923e-02
9.79623e-03
9.18510e-03
8.59613e-03
8.11436e-03
7.78469e-03
7.61433e-03
7.55242e-03
7.47918e-03
7.27842e-03
7.04907e-03
6.87976e-03
6.73777e-03
6.63756e-03
6.59360e-03
6.49930e-03
6.32802e-03
6.24640e-03
6.23389e-03
6.11388e-03
5.81519e-03
5.39606e-03
5.08851e-03
4.91948e-03
4.71499e-03
4.44585e-03
4.12546e-03
3.78348e-03
3.43563e-03
3.07738e-03
2.69886e-03
2.31941e-03
2.02705e-03
1.84464e-03
1.70366e-03
1.57296e-03
1.45810e-03
1.43531e-03
1.53882e-03
1.72476e-03
1.96613e-03
2.22608e-03
2.44414e-03
2.53451e-03
2.40182e-03
2.06215e-03
1.60739e-03
1.09017e-03
5.48515e-04
6.18610e-06
-4.66159e-04
-7.94441e-04
-1.01211e-03
-1.15283e-03
-1.19007e-03
-1.08317e-03
-8.08955e-04
-4.55036e-04
-6.19778e-05
4.72830e-04
1.11442e-03
1.72918e-03
2.40312e-03
3.22309e-03
4.11944e-03
4.97255e-03
5.65049e-03
6.22236e-03
6.81487e-03
7.47183e-03
8.11961e-03
8.57668e-03
8.86700e-03
9.08975e-03
9.30611e-03
9.48327e-03
9.48913e-03
9.33573e-03
9.07593e-03
8.69350e-03
8.21756e-03
7.73981e-03
7.25502e-03
6.71913e-03
6.14315e-03
5.51820e-03
4.80840e-03
4.07985e-03
3.43391e-03
2.83754e-03
2.29132e-03
1.88903e-03
1.63345e-03
1.46089e-03
1.34843e-03
1.27356e-03
1.20729e-03
1.12151e-03
9.93649e-04
8.08281e-04
5.61064e-04
2.62509e-04
-5.75509e-05
-3.43614e-04
-5.20644e-04
-6.20553e-04
-8.91578e-04
-1.40002e-03
-2.00307e-03
-2.74687e-03
-3.66894e-03
-4.67860e-03
-5.74332e-03
-6.90683e-03
-8.10382e-03
-9.22471e-03
-1.01840e-02
-1.09605e-02
-1.16087e-02
-1.21148e-02
-1.24330e-02
-1.25088e-02
-1.23562e-02
-1.20881e-02
-1.17704e-02
-1.14372e-02
-1.10784e-02
-1.06790e-02
-1.02504e-02
-9.87381e-03
-9.67539e-03
-9.72594e-03
-9.99811e-03
-1.03271e-02
-1.05592e-02
-1.06063e-02
-1.06262e-02
-1.06985e-02
-1.06209e-02
-1.04400e-02
-1.04105e-02
-1.05977e-02
-1.09436e-02
-1.12672e-02
-1.14727e-02
-1.15687e-02
-1.15430e-02
-1.13653e-02
-1.09589e-02
-1.04111e-02
-9.96712e-03
-9.56675e-03
-9.07280e-03
-8.48354e-03
-7.87177e-03
-7.37135e-03
-6.96080e-03
-6.58687e-03
-6.30115e-03
-6.15129e-03
-6.14729e-03
-6.23205e-03
-6.29865e-03
-6.25210e-03
-6.15919e-03
-6.27338e-03
-6.47126e-03
-6.48754e-03
-6.43381e-03
-6.42293e-03
-6.43653e-03
-6.52128e-03
-6.71070e-03
-6.81285e-03
-6.67521e-03
-6.34092e-03
-5.79214e-03
-5.00067e-03
-4.08601e-03
-3.17532e-03
-2.29298e-03
-1.42718e-03
-5.31982e-04
4.20051e-04
1.39512e-03
2.24508e-03
2.89125e-03
3.35274e-03
3.68834e-03
4.00467e-03
4.41547e-03
4.90528e-03
5.30797e-03
5.54703e-03
5.60888e-03
5.57654e-03
5.50768e-03
5.39499e-03
5.20686e-03
4.91502e-03
4.54996e-03
4.09784e-03
3.49868e-03
2.89598e-03
2.49101e-03
2.24029e-03
2.08255e-03
2.01017e-03
2.00165e-03
2.01909e-03
2.01391e-03
1.93194e-03
1.72370e-03
1.40626e-03
1.06851e-03
8.35619e-04
7.57471e-04
7.29139e-04
7.65772e-04
9.53983e-04
1.19347e-03
1.38019e-03
1.53242e-03
1.70851e-03
1.96518e-03
2.15396e-03
2.16889e-03
2.16191e-03
2.19420e-03
2.20151e-03
2.16915e-03
2.08775e-03
1.94151e-03
1.76196e-03
1.64563e-03
1.71258e-03
2.02596e-03
2.45572e-03
2.90336e-03
3.37379e-03
3.92178e-03
4.58190e-03
5.22064e-03
5.76349e-03
6.26183e-03
6.66292e-03
6.92046e-03
7.18793e-03
7.49548e-03
7.62265e-03
7.51291e-03
7.25119e-03
6.98800e-03
6.75384e-03
6.34065e-03
5.72690e-03
5.03029e-03
4.27786e-03
3.51165e-03
2.81392e-03
2.17400e-03
1.52631e-03
1.00672e-03
6.80301e-04
3.44437e-04
-5.39506e-05
-4.05053e-04
-7.01324e-04
-9.44974e-04
-1.10895e-03
-1.17757e-03
-1.15860e-03
-1.08969e-03
-9.58299e-04
-6.02419e-04
-3.94267e-05
4.74932e-04
8.73435e-04
1.21933e-03
1.68939e-03
2.27944e-03
2.71377e-03
2.90698e-03
2.88598e-03
2.72748e-03
2.51635e-03
2.30745e-03
2.11715e-03
1.93572e-03
1.78138e-03
1.66991e-03
1.61035e-03
1.60958e-03
1.67595e-03
1.81235e-03
1.93795e-03
1.86652e-03
1.66607e-03
1.56154e-03
1.42270e-03
1.15510e-03
9.29346e-04
7.84672e-04
6.14561e-04
3.25978e-04
-8.34220e-05
-4.24183e-04
-6.38991e-04
-8.23917e-04
-9.44656e-04
-1.01380e-03
-1.21228e-03
-1.53427e-03
-1.76060e-03
-1.89950e-03
-1.98192e-03
-1.93413e-03
-1.78186e-03
-1.65142e-03
-1.47550e-03
-1.14857e-03
-6.60875e-04
-4.80689e-05
6.02957e-04
1.22159e-03
1.80425e-03
2.48201e-03
3.16281e-03
3.52178e-03
3.58005e-03
3.43866e-03
3.08467e-03
2.57103e-03
2.02335e-03
1.46722e-03
9.46285e-04
6.15103e-04
4.63674e-04
3.06928e-04
1.93006e-04
1.76144e-04
1.43145e-04
1.11881e-05
-2.46710e-04
-6.36557e-04
-1.10348e-03
-1.50287e-03
-1.77189e-03
-1.94665e-03
-1.95220e-03
-1.74590e-03
-1.43188e-03
-1.08464e-03
-7.28865e-04
-4.03926e-04
-1.42237e-04
4.43351e-05
1.56773e-04
2.17667e-04
3.17130e-04
5.02152e-04
6.49660e-04
6.37007e-04
3.83059e-04
-9.57034e-05
-7.24038e-04
-1.42159e-03
-2.14331e-03
-2.89852e-03
-3.74659e-03
-4.67735e-03
-5.47388e-03
-6.09218e-03
-6.68851e-03
-7.16296e-03
-7.44505e-03
-7.71425e-03
-8.02093e-03
-8.24187e-03
-8.33364e-03
-8.26944e-03
-8.02792e-03
-7.65959e-03
-7.28263e-03
-6.89286e-03
-6.46755e-03
-6.04030e-03
-5.62983e-03
-5.24551e-03
-4.96985e-03
-4.82826e-03
-4.66256e-03
-4.47249e-03
-4.44376e-03
-4.57678e-03
-4.82311e-03
-5.16789e-03
-5.56990e-03
-5.97092e-03
-6.41486e-03
-6.95500e-03
-7.55362e-03
-8.07103e-03
-8.29373e-03
-8.25671e-03
-8.08215e-03
-7.83976e-03
-7.53726e-03
-7.12221e-03
-6.64410e-03
-6.17216e-03
-5.73739e-03
-5.35813e-03
-5.04198e-03
-4.79916e-03
-4.61137e-03
-4.41114e-03
-4.13419e-03
-3.72550e-03
-3.14040e-03
-2.43778e-03
-1.81920e-03
-1.28663e-03
-6.87934e-04
-2.86916e-05
6.24140e-04
1.16275e-03
1.47810e-03
1.50813e-03
1.36597e-03
1.17066e-03
9.61368e-04
8.27943e-04
8.55476e-04
1.01037e-03
1.24568e-03
1.54172e-03
1.85148e-03
2.17448e-03
2.66128e-03
3.26452e-03
3.66645e-03
3.87762e-03
4.01663e-03
4.06970e-03
4.06552e-03
4.08066e-03
4.05901e-03
3.92397e-03
3.70525e-03
3.47162e-03
3.30775e-03
3.17338e-03
2.98968e-03
2.71834e-03
2.42962e-03
2.28123e-03
2.29075e-03
2.45270e-03
2.79304e-03
3.26004e-03
3.76236e-03
4.37645e-03
5.12650e-03
5.85426e-03
6.48463e-03
6.97950e-03
7.18594e-03
7.09115e-03
6.93888e-03
6.79072e-03
6.58568e-03
6.28258e-03
5.85869e-03
5.33586e-03
4.75909e-03
4.17051e-03
3.54034e-03
2.89243e-03
2.33224e-03
1.86921e-03
1.47981e-03
1.19905e-03
1.08352e-03
1.18699e-03
1.43740e-03
1.68813e-03
1.80425e-03
1.82187e-03
1.95367e-03
2.15252e-03
2.29047e-03
2.28259e-03
2.20129e-03
2.25367e-03
2.39724e-03
2.48584e-03
2.36784e-03
2.11945e-03
2.00260e-03
2.04627e-03
2.20246e-03
2.40607e-03
2.64598e-03
2.96763e-03
3.44906e-03
4.12264e-03
4.90982e-03
5.70077e-03
6.36866e-03
6.85198e-03
7.14901e-03
7.32245e-03
7.43055e-03
7.50477e-03
7.46688e-03
7.27049e-03
6.99937e-03
6.73485e-03
6.53424e-03
6.35029e-03
6.12575e-03
5.86503e-03
5.53276e-03
5.08049e-03
4.61917e-03
4.28517e-03
4.10544e-03
4.03567e-03
3.95522e-03
3.76253e-03
3.39432e-03
2.89160e-03
2.30046e-03
1.65262e-03
9.62493e-04
2.27702e-04
-5.68264e-04
-1.34688e-03
-1.92886e-03
-2.35910e-03
-2.73842e-03
-2.97076e-03
-3.01398e-03
-2.95361e-03
-2.85447e-03
-2.78586e-03
-2.83109e-03
-2.97177e-03
-3.04679e-03
-3.04340e-03
-3.04355e-03
-3.07004e-03
-3.09679e-03
-3.05018e-03
-3.05924e-03
-3.34671e-03
-3.79272e-03
-4.26248e-03
-4.79941e-03
-5.39122e-03
-5.95862e-03
-6.38700e-03
-6.58538e-03
-6.55904e-03
-6.42291e-03
-6.36402e-03
-6.31037e-03
-6.16636e-03
-6.01217e-03
-5.89041e-03
-5.78998e-03
-5.75794e-03
-5.81030e-03
-5.83640e-03
-5.79947e-03
-5.77001e-03
-5.72432e-03
-5.61365e-03
-5.43932e-03
-5.24772e-03
-5.12107e-03
-5.02941e-03
-4.88207e-03
-4.62311e-03
-4.27857e-03
-3.97763e-03
-3.73896e-03
-3.52814e-03
-3.36856e-03
-3.29843e-03
-3.34877e-03
-3.43047e-03
-3.40868e-03
-3.35275e-03
-3.34577e-03
-3.38405e-03
-3.48819e-03
-3.66503e-03
-3.78861e-03
-3.77220e-03
-3.70081e-03
-3.59836e-03
-3.42897e-03
-3.19368e-03
-2.84722e-03
-2.24736e-03
-1.41463e-03
-5.63060e-04
1.58247e-04
6.95805e-04
1.20219e-03
1.70542e-03
2.03994e-03
2.19478e-03
2.22711e-03
2.14986e-03
1.97575e-03
1.73478e-03
1.54842e-03
1.58161e-03
1.78038e-03
2.02290e-03
2.24822e-03
2.41499e-03
2.52193e-03
2.66669e-03
2.95338e-03
3.29135e-03
3.58413e-03
3.81005e-03
4.02495e-03
4.31728e-03
4.60947e-03
4.83091e-03
5.03329e-03
5.22152e-03
5.34154e-03
5.38646e-03
5.38929e-03
5.42986e-03
5.53615e-03
5.64514e-03
5.74086e-03
5.82522e-03
5.87427e-03
5.92605e-03
6.11868e-03
6.38151e-03
6.46247e-03
6.48946e-03
6.64584e-03
6.85767e-03
6.99379e-03
6.93225e-03
6.81711e-03
6.89972e-03
7.12827e-03
7.36622e-03
7.48819e-03
7.46775e-03
7.38756e-03
7.36505e-03
7.47639e-03
7.61421e-03
7.67588e-03
7.61167e-03
7.41864e-03
7.12915e-03
6.76589e-03
6.30233e-03
5.64190e-03
4.83801e-03
4.06068e-03
3.36859e-03
2.76929e-03
2.22945e-03
1.73310e-03
1.28525e-03
8.34899e-04
3.60792e-04
-6.65800e-06
-1.91673e-04
-2.70577e-04
-3.19983e-04
-4.21881e-04
-6.23019e-04
-9.31095e-04
-1.30032e-03
-1.66531e-03
-1.96254e-03
-2.25967e-03
-2.65087e-03
-3.10331e-03
-3.52565e-03
-3.80759e-03
-4.08936e-03
-4.60608e-03
-5.22302e-03
-5.79739e-03
-6.37805e-03
-6.97469e-03
-7.54918e-03
-8.06965e-03
-8.50639e-03
-8.83140e-03
-9.00639e-03
-9.00518e-03
-8.97563e-03
-9.10373e-03
-9.25651e-03
-9.24105e-03
-8.94407e-03
-8.38011e-03
-7.68113e-03
-6.90260e-03
-6.08154e-03
-5.22485e-03
-4.35428e-03
-3.52677e-03
-2.89500e-03
-2.57225e-03
-2.41590e-03
-2.26598e-03
-2.04400e-03
-1.82218e-03
-1.73784e-03
-1.72618e-03
-1.76802e-03
-2.00229e-03
-2.43290e-03
-2.94706e-03
-3.59849e-03
-4.40074e-03
-5.16858e-03
-5.73917e-03
-6.02063e-03
-5.97231e-03
-5.64699e-03
-5.20832e-03
-4.68844e-03
-3.90235e-03
-2.91307e-03
-1.93597e-03
-1.04909e-03
-2.58930e-04
4.97835e-04
1.21963e-03
1.83124e-03
2.24392e-03
2.41422e-03
2.44659e-03
2.47970e-03
2.63801e-03
2.85318e-03
3.00004e-03
3.15796e-03
3.37587e-03
3.59852e-03
3.88223e-03
4.33669e-03
4.90113e-03
5.44786e-03
5.84497e-03
6.00733e-03
5.92546e-03
5.67734e-03
5.36474e-03
4.99088e-03
4.61905e-03
4.38745e-03
4.28383e-03
4.24290e-03
4.35097e-03
4.63093e-03
4.95917e-03
5.30974e-03
5.72024e-03
6.12739e-03
6.45073e-03
6.64709e-03
6.76338e-03
6.92639e-03
7.10701e-03
7.21505e-03
7.18725e-03
7.02650e-03
6.83012e-03
6.68746e-03
6.62860e-03
6.46255e-03
6.11443e-03
5.81446e-03
5.62644e-03
5.46595e-03
5.28600e-03
5.05541e-03
4.78204e-03
4.44804e-03
4.01486e-03
3.51992e-03
3.00539e-03
2.42142e-03
1.82057e-03
1.40514e-03
1.22408e-03
1.21517e-03
1.31221e-03
1.43326e-03
1.50958e-03
1.45697e-03
1.22044e-03
9.41969e-04
7.31121e-04
4.32851e-04
-6.82767e-05
-7.88984e-04
-1.61911e-03
-2.39909e-03
-3.06370e-03
-3.58982e-03
-3.99574e-03
-4.25938e-03
-4.38867e-03
-4.51701e-03
-4.65725e-03
-4.60388e-03
-4.41995e-03
-4.37283e-03
-4.60965e-03
-5.14362e-03
-5.77892e-03
-6.36090e-03
-6.81951e-03
-7.24094e-03
-7.70594e-03
-8.08000e-03
-8.23281e-03
-8.09945e-03
-7.78215e-03
-7.42218e-03
-6.96965e-03
-6.40468e-03
-5.80305e-03
-5.21940e-03
-4.67250e-03
-4.09766e-03
-3.49432e-03
-3.00570e-03
-2.62012e-03
-2.20952e-03
-1.81112e-03
-1.45180e-03
-1.04420e-03
-6.21614e-04
-3.50950e-04
-2.64611e-04
-3.09315e-04
-3.57340e-04
-3.28010e-04
-2.51844e-04
-2.49084e-04
-4.14003e-04
-5.27154e-04
-4.09468e-04
-9.42545e-05
2.97603e-04
6.15318e-04
9.42953e-04
1.33719e-03
1.67489e-03
1.92720e-03
2.16346e-03
2.40749e-03
2.61390e-03
2.62725e-03
2.45668e-03
2.31569e-03
2.24245e-03
2.20208e-03
2.15317e-03
2.08183e-03
2.02633e-03
2.00962e-03
2.01191e-03
1.89458e-03
1.63299e-03
1.44157e-03
1.43576e-03
1.59767e-03
1.71006e-03
1.64352e-03
1.61450e-03
1.62729e-03
1.46433e-03
1.19354e-03
9.35292e-04
6.61464e-04
3.11551e-04
-1.84282e-04
-8.30213e-04
-1.57630e-03
-2.33023e-03
-2.97809e-03
-3.41334e-03
-3.58680e-03
-3.49492e-03
-3.10620e-03
-2.48665e-03
-1.85285e-03
-1.30324e-03
-8.20920e-04
-4.40563e-04
-1.79623e-04
-1.73558e-05
4.06996e-05
-2.98155e-05
-1.08655e-04
-1.06207e-04
-1.90415e-04
-3.97347e-04
-5.37646e-04
-6.28328e-04
-7.80719e-04
-1.00966e-03
-1.29105e-03
-1.56771e-03
-1.79948e-03
-1.97983e-03
-2.19650e-03
-2.50169e-03
-2.81396e-03
-3.14911e-03
-3.59140e-03
-3.96650e-03
-4.12313e-03
-4.21127e-03
-4.30211e-03
-4.32344e-03
-4.24656e-03
-4.08156e-03
-3.89295e-03
-3.63456e-03
-3.12193e-03
-2.48141e-03
-1.98366e-03
-1.57600e-03
-1.16713e-03
-7.56693e-04
-3.85348e-04
-1.25867e-04
-1.26482e-05
-2.10040e-05
-3.34627e-05
-1.78638e-05
-4.39726e-05
-1.00721e-04
-1.76618e-04
-3.17741e-04
-4.84063e-04
-5.27753e-04
-4.30246e-04
-2.84037e-04
-2.69730e-04
-4.22061e-04
-5.16298e-04
-5.20433e-04
-5.39858e-04
-6.48509e-04
-8.38211e-04
-9.61164e-04
-1.07841e-03
-1.41474e-03
-1.85872e-03
-2.23359e-03
-2.51518e-03
-2.74753e-03
-3.02276e-03
-3.27200e-03
-3.40209e-03
-3.46549e-03
-3.52948e-03
-3.62827e-03
-3.67921e-03
-3.57405e-03
-3.40729e-03
-3.24678e-03
-3.02955e-03
-2.77934e-03
-2.56983e-03
-2.34288e-03
-2.01701e-03
-1.57366e-03
-1.09062e-03
-7.29880e-04
-4.90115e-04
-3.48428e-04
-3.77193e-04
-5.58380e-04
-7.58068e-04
-9.64976e-04
-1.20100e-03
-1.39638e-03
-1.48669e-03
-1.45093e-03
-1.30273e-03
-1.08136e-03
-7.93809e-04
-4.21278e-04
7.87736e-05
6.74544e-04
1.26417e-03
1.77317e-03
2.13946e-03
2.33760e-03
2.43035e-03
2.55391e-03
2.63360e-03
2.58176e-03
2.53059e-03
2.54715e-03
2.56050e-03
2.51469e-03
2.39116e-03
2.28119e-03
2.23564e-03
2.18598e-03
2.08517e-03
1.89795e-03
1.58460e-03
1.15769e-03
7.20845e-04
3.47552e-04
6.55029e-05
-1.26470e-04
-2.06956e-04
-6.34755e-05
2.96029e-04
6.97087e-04
1.00780e-03
1.16927e-03
1.31353e-03
1.53919e-03
1.80927e-03
2.06049e-03
2.20747e-03
2.21750e-03
2.12773e-03
2.05942e-03
2.03493e-03
1.99001e-03
1.90453e-03
1.75567e-03
1.51371e-03
1.22080e-03
9.93971e-04
8.66562e-04
8.01813e-04
6.86843e-04
5.69536e-04
6.95410e-04
9.82445e-04
1.22093e-03
1.42642e-03
1.67821e-03
2.06052e-03
2.45126e-03
2.63858e-03
2.73455e-03
2.83445e-03
2.82372e-03
2.66725e-03
2.42626e-03
2.18853e-03
2.01927e-03
1.88322e-03
1.74416e-03
1.57980e-03
1.35853e-03
1.07862e-03
8.24656e-04
6.64583e-04
6.03601e-04
5.98963e-04
5.69452e-04
4.67734e-04
3.57398e-04
4.45840e-04
6.86037e-04
8.47879e-04
9.41621e-04
1.05994e-03
1.30618e-03
1.61573e-03
1.76300e-03
1.76068e-03
1.69907e-03
1.63368e-03
1.58345e-03
1.51652e-03
1.42840e-03
1.31633e-03
1.17666e-03
1.09292e-03
1.25248e-03
1.67091e-03
2.22441e-03
2.79386e-03
3.31748e-03
3.86069e-03
4.41063e-03
4.88332e-03
5.23766e-03
5.49170e-03
5.75142e-03
6.02861e-03
6.21410e-03
6.25908e-03
6.20101e-03
6.24234e-03
6.41867e-03
6.50763e-03
6.48586e-03
6.42464e-03
6.33100e-03
6.22002e-03
6.11559e-03
5.93923e-03
5.55973e-03
5.01084e-03
4.38713e-03
3.78338e-03
3.24842e-03
2.77926e-03
2.40047e-03
2.13462e-03
1.99589e-03
1.94923e-03
1.91800e-03
1.95886e-03
2.15015e-03
2.41822e-03
2.65824e-03
2.77846e-03
2.78058e-03
2.71762e-03
2.57522e-03
2.36960e-03
2.17798e-03
1.98747e-03
1.70029e-03
1.25776e-03
6.70782e-04
7.09043e-05
-4.57213e-04
-9.07804e-04
-1.32720e-03
-1.77278e-03
-2.22509e-03
-2.62931e-03
-2.90575e-03
-3.00683e-03
-2.90746e-03
-2.59988e-03
-2.14838e-03
-1.70743e-03
-1.35689e-03
-1.11802e-03
-1.01087e-03
-1.00491e-03
-1.01495e-03
-1.04036e-03
-1.15643e-03
-1.35497e-03
-1.63011e-03
-2.02158e-03
-2.45884e-03
-2.76454e-03
-3.01369e-03
-3.33100e-03
-3.62533e-03
-3.78693e-03
-3.74978e-03
-3.54370e-03
-3.27290e-03
-3.02929e-03
-2.86250e-03
-2.74516e-03
-2.70697e-03
-2.80810e-03
-3.04113e-03
-3.33234e-03
-3.54348e-03
-3.65604e-03
-3.78984e-03
-4.01156e-03
-4.34157e-03
-4.69806e-03
-4.99031e-03
-5.16816e-03
-5.34709e-03
-5.67499e-03
-6.06893e-03
-6.43965e-03
-6.76093e-03
-6.95802e-03
-6.94823e-03
-6.75780e-03
-6.48084e-03
-6.24375e-03
-6.06934e-03
-5.88528e-03
-5.67512e-03
-5.41866e-03
-5.08839e-03
-4.77007e-03
-4.63673e-03
-4.54543e-03
-4.36377e-03
-4.29908e-03
-4.40427e-03
-4.48647e-03
-4.44845e-03
-4.24220e-03
-3.87009e-03
-3.36291e-03
-2.77365e-03
-2.21082e-03
-1.79139e-03
-1.51429e-03
-1.35007e-03
-1.28765e-03
-1.35967e-03
-1.61740e-03
-2.03972e-03
-2.56212e-03
-3.08751e-03
-3.53038e-03
-3.83423e-03
-4.02728e-03
-4.17649e-03
-4.32536e-03
-4.42313e-03
-4.33306e-03
-4.07212e-03
-3.70955e-03
-3.28498e-03
-2.76972e-03
-2.07270e-03
-1.28547e-03
-5.39788e-04
1.97529e-04
8.94647e-04
1.41417e-03
1.87667e-03
2.47445e-03
3.03113e-03
3.42276e-03
3.77353e-03
4.18927e-03
4.71945e-03
5.22725e-03
5.63049e-03
6.05883e-03
6.49338e-03
6.78933e-03
6.94828e-03
7.00112e-03
6.94676e-03
6.90466e-03
7.07670e-03
7.25209e-03
7.16631e-03
6.91277e-03
6.65158e-03
6.53493e-03
6.49286e-03
6.39345e-03
6.29200e-03
6.26237e-03
6.34079e-03
6.44787e-03
6.45950e-03
6.39379e-03
6.29363e-03
6.17656e-03
6.02131e-03
5.79501e-03
5.55614e-03
5.32733e-03
5.02301e-03
4.68133e-03
4.43480e-03
4.22236e-03
3.95057e-03
3.61264e-03
3.20856e-03
2.74159e-03
2.19894e-03
1.54549e-03
7.14002e-04
-2.70015e-04
-1.25720e-03
-2.13095e-03
-2.78936e-03
-3.17022e-03
-3.27834e-03
-3.19892e-03
-3.02464e-03
-2.83890e-03
-2.63645e-03
-2.42116e-03
-2.25527e-03
-2.15307e-03
-2.08847e-03
-2.03956e-03
-1.97710e-03
-1.86801e-03
-1.71799e-03
-1.56489e-03
-1.41015e-03
-1.23609e-03
-1.01562e-03
-7.69083e-04
-5.44064e-04
-2.61006e-04
6.85079e-05
1.71919e-04
4.93462e-05
-1.44089e-06
-4.81985e-05
-2.38282e-04
-5.94187e-04
-1.12372e-03
-1.80725e-03
-2.53544e-03
-3.16404e-03
-3.63034e-03
-3.92771e-03
-4.10975e-03
-4.20667e-03
-4.25770e-03
-4.31727e-03
-4.35689e-03
-4.25045e-03
-4.05509e-03
-3.91931e-03
-3.88329e-03
-3.90576e-03
-3.86551e-03
-3.76081e-03
-3.66873e-03
-3.63008e-03
-3.62044e-03
-3.52517e-03
-3.34898e-03
-3.19685e-03
-3.14662e-03
-3.22434e-03
-3.36071e-03
-3.51516e-03
-3.68792e-03
-3.92842e-03
-4.21050e-03
-4.33716e-03
-4.33586e-03
-4.44504e-03
-4.60704e-03
-4.72208e-03
-4.82155e-03
-4.92503e-03
-5.02608e-03
-5.10910e-03
-5.15049e-03
-5.11778e-03
-4.96863e-03
-4.67172e-03
-4.33129e-03
-4.05905e-03
-3.76906e-03
-3.42893e-03
-3.11156e-03
-2.75619e-03
-2.27905e-03
-1.76067e-03
-1.23172e-03
-6.02976e-04
1.30919e-04
8.94971e-04
1.54551e-03
2.05819e-03
2.61359e-03
3.16505e-03
3.54807e-03
3.82340e-03
4.05852e-03
4.23288e-03
4.36124e-03
4.47941e-03
4.56017e-03
4.57381e-03
4.53006e-03
4.46919e-03
4.45309e-03
4.49872e-03
4.59258e-03
4.69300e-03
4.77491e-03
4.84661e-03
4.96054e-03
5.14628e-03
5.32297e-03
5.42092e-03
5.41757e-03
5.39637e-03
5.45459e-03
5.55577e-03
5.67955e-03
5.85345e-03
6.04033e-03
6.19652e-03
6.39142e-03
6.62786e-03
6.77412e-03
6.81361e-03
6.81180e-03
6.79390e-03
6.71746e-03
6.44483e-03
5.95140e-03
5.32483e-03
4.64249e-03
3.96746e-03
3.30316e-03
2.66408e-03
2.08136e-03
1.59876e-03
1.19057e-03
6.84958e-04
1.31824e-04
-1.56595e-04
-1.93419e-04
-1.14226e-04
3.62236e-05
2.20737e-04
4.06108e-04
5.49068e-04
6.23775e-04
6.60013e-04
7.11940e-04
8.27440e-04
9.48639e-04
9.61998e-04
9.00723e-04
9.01605e-04
1.16923e-03
1.58736e-03
1.79949e-03
1.83792e-03
1.84804e-03
1.93659e-03
2.08424e-03
2.14008e-03
2.07220e-03
1.86432e-03
1.47615e-03
9.77295e-04
5.55050e-04
2.24279e-04
-6.62516e-05
-3.18346e-04
-5.64986e-04
-8.67847e-04
-1.16162e-03
-1.32824e-03
-1.38309e-03
-1.37578e-03
-1.35789e-03
-1.34994e-03
-1.33683e-03
-1.25791e-03
-1.08929e-03
-9.06131e-04
-7.52938e-04
-6.39238e-04
-5.62947e-04
-5.40685e-04
-6.32927e-04
-7.96573e-04
-8.83798e-04
-8.97589e-04
-9.02433e-04
-9.66248e-04
-1.14713e-03
-1.47138e-03
-1.91109e-03
-2.39096e-03
-2.83487e-03
-3.24079e-03
-3.70204e-03
-4.18472e-03
-4.56166e-03
-4.67402e-03
-4.50790e-03
-4.28896e-03
-4.09005e-03
-3.86864e-03
-3.57963e-03
-3.21144e-03
-2.84171e-03
-2.55960e-03
-2.44475e-03
-2.46901e-03
-2.58437e-03
-2.79646e-03
-3.05620e-03
-3.26145e-03
-3.42832e-03
-3.62474e-03
-3.88416e-03
-4.15523e-03
-4.28763e-03
-4.25430e-03
-4.08805e-03
-3.78656e-03
-3.44547e-03
-3.28831e-03
-3.34388e-03
-3.49062e-03
-3.71142e-03
-4.02052e-03
-4.44902e-03
-4.88854e-03
-5.12475e-03
-5.21041e-03
-5.27607e-03
-5.36021e-03
-5.46045e-03
-5.52700e-03
-5.52358e-03
-5.44807e-03
-5.40255e-03
-5.43063e-03
-5.45201e-03
-5.40233e-03
-5.25302e-03
-5.08810e-03
-4.96371e-03
-4.81921e-03
-4.61197e-03
-4.34526e-03
-4.15411e-03
-4.08757e-03
-3.92823e-03
-3.68677e-03
-3.62092e-03
-3.65158e-03
-3.59688e-03
-3.38549e-03
-3.09323e-03
-2.94432e-03
-2.86914e-03
-2.65870e-03
-2.23195e-03
-1.63493e-03
-1.06304e-03
-5.69332e-04
-1.11831e-04
2.96884e-04
6.40180e-04
9.09235e-04
1.14019e-03
1.41110e-03
1.77968e-03
2.23432e-03
2.63368e-03
2.94561e-03
3.27673e-03
3.56816e-03
3.75657e-03
3.95158e-03
4.17080e-03
4.26798e-03
4.20711e-03
4.01811e-03
3.72655e-03
3.40852e-03
3.19250e-03
3.08944e-03
3.00884e-03
2.90592e-03
2.81119e-03
2.88666e-03
3.17315e-03
3.55471e-03
3.88540e-03
4.03794e-03
4.03362e-03
3.93169e-03
3.80911e-03
3.72894e-03
3.69887e-03
3.57449e-03
3.28559e-03
2.94722e-03
2.69906e-03
2.64349e-03
2.61675e-03
2.51756e-03
2.50641e-03
2.62209e-03
2.78237e-03
2.94408e-03
3.09675e-03
3.28669e-03
3.48799e-03
3.60684e-03
3.73630e-03
3.98136e-03
4.24812e-03
4.49705e-03
4.79882e-03
5.13701e-03
5.45286e-03
5.72059e-03
5.92692e-03
6.06603e-03
6.07868e-03
5.89507e-03
5.58404e-03
5.20642e-03
4.71105e-03
4.11343e-03
3.50323e-03
2.94664e-03
2.51275e-03
2.26767e-03
2.13110e-03
1.87990e-03
1.57146e-03
1.35424e-03
1.19988e-03
9.97877e-04
5.91547e-04
8.61599e-05
-3.05001e-04
-6.87944e-04
-1.19320e-03
-1.82439e-03
-2.46061e-03
-2.90823e-03
-3.21909e-03
-3.50378e-03
-3.79791e-03
-4.03415e-03
-4.06136e-03
-3.94208e-03
-3.79319e-03
-3.63120e-03
-3.48951e-03
-3.41998e-03
-3.35871e-03
-3.17757e-03
-2.81192e-03
-2.33820e-03
-2.00342e-03
-1.81553e-03
-1.62595e-03
-1.42896e-03
-1.25710e-03
-1.15886e-03
-1.15915e-03
-1.23475e-03
-1.24800e-03
-1.11730e-03
-1.00504e-03
-9.74231e-04
-9.39536e-04
-9.19440e-04
-9.66117e-04
-1.11556e-03
-1.37097e-03
-1.68631e-03
-1.97787e-03
-2.17704e-03
-2.37482e-03
-2.59714e-03
-2.69619e-03
-2.68284e-03
-2.67564e-03
-2.62176e-03
-2.44808e-03
-2.15932e-03
-1.83556e-03
-1.62257e-03
-1.53829e-03
-1.53651e-03
-1.55167e-03
-1.63866e-03
-1.97933e-03
-2.46059e-03
-2.84537e-03
-3.05039e-03
-3.05735e-03
-2.91036e-03
-2.65671e-03
-2.33587e-03
-1.90723e-03
-1.39839e-03
-9.88685e-04
-7.20243e-04
-5.28185e-04
-5.15226e-04
-6.75173e-04
-7.06412e-04
-5.71389e-04
-5.41774e-04
-6.55442e-04
-8.26929e-04
-8.61625e-04
-7.67777e-04
-8.03512e-04
-9.07466e-04
-9.29791e-04
-9.07047e-04
-8.59362e-04
-7.44497e-04
-5.70815e-04
-3.97846e-04
-3.26775e-04
-3.84473e-04
-4.64225e-04
-5.81970e-04
-8.05460e-04
-1.02137e-03
-1.14890e-03
-1.26466e-03
-1.39847e-03
-1.52549e-03
-1.59746e-03
-1.56825e-03
-1.43359e-03
-1.22512e-03
-1.00795e-03
-8.11350e-04
-6.50513e-04
-5.28647e-04
-4.84913e-04
-5.88412e-04
-7.71378e-04
-9.30778e-04
-1.09507e-03
-1.26737e-03
-1.38436e-03
-1.42356e-03
-1.40359e-03
-1.37727e-03
-1.39367e-03
-1.46634e-03
-1.55942e-03
-1.60366e-03
-1.59236e-03
-1.54866e-03
-1.51192e-03
-1.49562e-03
-1.47857e-03
-1.39204e-03
-1.19329e-03
-9.47165e-04
-7.01951e-04
-4.76029e-04
-2.80920e-04
-9.11784e-05
1.74632e-04
4.78605e-04
6.38245e-04
6.52557e-04
5.97780e-04
5.00037e-04
4.04113e-04
3.67167e-04
3.39415e-04
2.33156e-04
1.07804e-04
5.41841e-05
1.34888e-04
3.09669e-04
4.81695e-04
6.95673e-04
9.46463e-04
1.07868e-03
1.09965e-03
1.16691e-03
1.29572e-03
1.41230e-03
1.36332e-03
1.17726e-03
1.07249e-03
9.88323e-04
7.83746e-04
4.08402e-04
-4.28455e-05
-3.33463e-04
-5.19650e-04
-7.31449e-04
-8.49942e-04
-7.75157e-04
-5.23431e-04
-2.65600e-04
-2.24675e-04
-3.67013e-04
-5.54600e-04
-6.19645e-04
-5.39858e-04
-4.13409e-04
-3.16250e-04
-2.62876e-04
-1.47335e-04
4.31746e-05
2.42441e-04
4.26891e-04
6.00587e-04
8.06598e-04
1.08489e-03
1.44259e-03
1.74725e-03
1.91298e-03
2.08134e-03
2.29047e-03
2.44152e-03
2.47330e-03
2.37353e-03
2.23496e-03
2.12354e-03
2.05623e-03
2.10836e-03
2.28925e-03
2.40177e-03
2.37373e-03
2.34539e-03
2.35468e-03
2.38492e-03
2.37443e-03
2.33815e-03
2.40436e-03
2.56458e-03
2.72566e-03
2.82041e-03
2.83988e-03
2.86283e-03
2.91385e-03
3.00220e-03
3.19934e-03
3.51455e-03
3.83444e-03
4.14012e-03
4.46904e-03
4.75184e-03
4.90369e-03
4.87929e-03
4.73326e-03
4.59385e-03
4.45165e-03
4.29745e-03
4.20227e-03
4.20792e-03
4.31162e-03
4.46913e-03
4.62184e-03
4.73858e-03
4.80546e-03
4.82179e-03
4.73412e-03
4.53135e-03
4.34201e-03
4.23958e-03
4.19523e-03
4.17858e-03
4.15595e-03
4.12786e-03
4.11989e-03
4.17830e-03
4.30710e-03
4.47161e-03
4.60431e-03
4.63780e-03
4.54075e-03
4.38918e-03
4.30578e-03
4.28134e-03
4.26949e-03
4.21721e-03
4.09955e-03
3.92032e-03
3.71203e-03
3.50692e-03
3.30866e-03
3.10701e-03
2.89089e-03
2.71102e-03
2.57577e-03
2.38474e-03
2.14843e-03
1.98639e-03
1.95060e-03
2.05283e-03
2.25148e-03
2.48714e-03
2.70221e-03
2.94243e-03
3.19921e-03
3.25653e-03
3.11580e-03
3.05162e-03
3.14888e-03
3.37348e-03
3.56923e-03
3.66230e-03
3.73015e-03
3.82401e-03
3.98798e-03
4.22394e-03
4.49704e-03
4.73291e-03
4.87889e-03
4.92313e-03
4.94885e-03
4.99078e-03
4.95999e-03
4.74535e-03
4.26271e-03
3.60126e-03
2.87245e-03
2.13142e-03
1.47020e-03
9.75520e-04
5.93273e-04
2.65152e-04
2.36156e-05
-1.01563e-04
-1.11632e-04
-1.32286e-04
-2.68815e-04
-4.90256e-04
-7.55013e-04
-1.03272e-03
-1.38966e-03
-1.88632e-03
-2.47722e-03
-3.10442e-03
-3.70434e-03
-4.20910e-03
-4.61013e-03
-5.03424e-03
-5.46600e-03
-5.72981e-03
-5.98115e-03
-6.39826e-03
-6.79954e-03
-7.07083e-03
-7.27713e-03
-7.47538e-03
-7.71339e-03
-7.98924e-03
-8.31839e-03
-8.73974e-03
-9.13946e-03
-9.36910e-03
-9.52297e-03
-9.69581e-03
-9.87788e-03
-1.00591e-02
-1.02112e-02
-1.02577e-02
-1.01662e-02
-1.00125e-02
-9.87118e-03
-9.79827e-03
-9.74410e-03
-9.64569e-03
-9.50401e-03
-9.38540e-03
-9.39459e-03
-9.49574e-03
-9.60936e-03
-9.67789e-03
-9.65301e-03
-9.51529e-03
-9.32009e-03
-9.11519e-03
-8.83986e-03
-8.48023e-03
-8.08961e-03
-7.68124e-03
-7.26915e-03
-6.89942e-03
-6.61098e-03
-6.42559e-03
-6.36647e-03
-6.43296e-03
-6.56416e-03
-6.67614e-03
-6.67314e-03
-6.43765e-03
-5.89743e-03
-5.15921e-03
-4.39486e-03
-3.76586e-03
-3.28464e-03
-2.85407e-03
-2.41525e-03
-2.00014e-03
-1.76858e-03
-1.65503e-03
-1.45794e-03
-1.22146e-03
-1.03390e-03
-9.11536e-04
-7.33066e-04
-3.03617e-04
1.89497e-04
5.24986e-04
7.47216e-04
9.40537e-04
1.20021e-03
1.52530e-03
1.82470e-03
1.90546e-03
1.70868e-03
1.37938e-03
9.79052e-04
5.41818e-04
8.27116e-05
-3.62690e-04
-7.16751e-04
-8.79203e-04
-7.79484e-04
-5.09616e-04
-2.02543e-04
4.91635e-05
2.76829e-04
5.85368e-04
9.02061e-04
1.14471e-03
1.31218e-03
1.38355e-03
1.34031e-03
1.29332e-03
1.32450e-03
1.32696e-03
1.23128e-03
1.03328e-03
6.99228e-04
2.48801e-04
-1.60975e-04
-4.51061e-04
-6.80733e-04
-8.66386e-04
-9.87043e-04
-9.48653e-04
-7.49441e-04
-5.50616e-04
-4.74898e-04
-5.76036e-04
-7.30439e-04
-7.89615e-04
-6.90545e-04
-4.79209e-04
-2.96926e-04
-2.23156e-04
-2.20554e-04
-7.43904e-05
1.89915e-04
3.24415e-04
3.31814e-04
3.10651e-04
3.78477e-04
5.05083e-04
5.08164e-04
4.48041e-04
4.20846e-04
3.53023e-04
2.05766e-04
2.08410e-05
-1.64008e-04
-3.47541e-04
-6.28165e-04
-9.49785e-04
-1.02545e-03
-8.46916e-04
-5.79869e-04
-2.78631e-04
1.29193e-05
2.57145e-04
5.02525e-04
8.29181e-04
1.09874e-03
1.21091e-03
1.28043e-03
1.34448e-03
1.35178e-03
1.28291e-03
1.18192e-03
1.20208e-03
1.36738e-03
1.54803e-03
1.78093e-03
2.12013e-03
2.50191e-03
2.82381e-03
2.98057e-03
3.00431e-03
2.99836e-03
2.99695e-03
3.02328e-03
3.08562e-03
3.11688e-03
3.02328e-03
2.88339e-03
2.80278e-03
2.82175e-03
2.96819e-03
3.23861e-03
3.54336e-03
3.80738e-03
4.09356e-03
4.42285e-03
4.73916e-03
4.94454e-03
4.96741e-03
4.88713e-03
4.72583e-03
4.39566e-03
3.97094e-03
3.58882e-03
3.21565e-03
2.82748e-03
2.48483e-03
2.22162e-03
2.03051e-03
1.84204e-03
1.62715e-03
1.48573e-03
1.43087e-03
1.37134e-03
1.26232e-03
1.12012e-03
1.07108e-03
1.13494e-03
1.17432e-03
1.15025e-03
1.05300e-03
8.45894e-04
5.81444e-04
4.28197e-04
3.98748e-04
3.92209e-04
3.44595e-04
2.95153e-04
4.44533e-04
7.75419e-04
1.08293e-03
1.34362e-03
1.55211e-03
1.64736e-03
1.66034e-03
1.71897e-03
1.80614e-03
1.84992e-03
1.81601e-03
1.74828e-03
1.77844e-03
1.90170e-03
2.03514e-03
2.12470e-03
2.17625e-03
2.28043e-03
2.39988e-03
2.42837e-03
2.41873e-03
2.44455e-03
2.51377e-03
2.56725e-03
2.50553e-03
2.41493e-03
2.37691e-03
2.28882e-03
2.13581e-03
2.02592e-03
1.91709e-03
1.73137e-03
1.51156e-03
1.35818e-03
1.38855e-03
1.49680e-03
1.47709e-03
1.37502e-03
1.22977e-03
9.67315e-04
6.50224e-04
4.35822e-04
2.88479e-04
1.91229e-04
2.87651e-04
5.71704e-04
8.66388e-04
1.14643e-03
1.41084e-03
1.60008e-03
1.73517e-03
1.93212e-03
2.17224e-03
2.36297e-03
2.44067e-03
2.40184e-03
2.33203e-03
2.26626e-03
2.19315e-03
2.04598e-03
1.83911e-03
1.74305e-03
1.78406e-03
1.86608e-03
1.93920e-03
1.98139e-03
2.02393e-03
2.07626e-03
2.11479e-03
2.06246e-03
1.87673e-03
1.64207e-03
1.36707e-03
9.75768e-04
5.76999e-04
2.98096e-04
8.44693e-05
-8.05489e-05
-1.24673e-04
1.20965e-05
3.40885e-04
7.44025e-04
1.13010e-03
1.50125e-03
1.80845e-03
2.00442e-03
2.16068e-03
2.36478e-03
2.64924e-03
2.97936e-03
3.26718e-03
3.50038e-03
3.68415e-03
3.81815e-03
3.92757e-03
4.05940e-03
4.20923e-03
4.33338e-03
4.35249e-03
4.19119e-03
3.82158e-03
3.40467e-03
3.09989e-03
2.76982e-03
2.35102e-03
1.94762e-03
1.60628e-03
1.35445e-03
1.22929e-03
1.15056e-03
8.97605e-04
5.31918e-04
2.79904e-04
1.47328e-04
7.95377e-05
8.53400e-06
-1.18939e-04
-3.07094e-04
-3.81801e-04
-2.39042e-04
-5.51465e-05
1.26057e-04
3.99397e-04
7.18995e-04
1.01370e-03
1.27064e-03
1.45669e-03
1.52861e-03
1.56676e-03
1.64292e-03
1.63208e-03
1.51521e-03
1.45149e-03
1.44736e-03
1.43252e-03
1.37291e-03
1.22269e-03
9.35505e-04
5.84807e-04
2.98724e-04
1.88839e-05
-3.03453e-04
-6.03280e-04
-8.03479e-04
-8.42704e-04
-7.74499e-04
-6.76897e-04
-5.74723e-04
-4.38734e-04
-2.13652e-04
-4.44319e-05
-2.74864e-05
3.94855e-05
2.52289e-04
5.19696e-04
7.75821e-04
9.62692e-04
1.07465e-03
1.15890e-03
1.30648e-03
1.52633e-03
1.77278e-03
2.01783e-03
2.28750e-03
2.68790e-03
3.19245e-03
3.67391e-03
4.13706e-03
4.57530e-03
4.88314e-03
4.95135e-03
4.71824e-03
4.37240e-03
4.12610e-03
3.90710e-03
3.67033e-03
3.46476e-03
3.32122e-03
3.24774e-03
3.20970e-03
3.18657e-03
3.19394e-03
3.20349e-03
3.16594e-03
3.08815e-03
2.99611e-03
2.91483e-03
2.84913e-03
2.77832e-03
2.67510e-03
2.53452e-03
2.41281e-03
2.34974e-03
2.34246e-03
2.32110e-03
2.23749e-03
2.21095e-03
2.27780e-03
2.32004e-03
2.36698e-03
2.49361e-03
2.61212e-03
2.66783e-03
2.72810e-03
2.80863e-03
2.89174e-03
3.01644e-03
3.16994e-03
3.21339e-03
3.11160e-03
2.95029e-03
2.74701e-03
2.50284e-03
2.21540e-03
1.93111e-03
1.74518e-03
1.63681e-03
1.52183e-03
1.34723e-03
1.13494e-03
1.00322e-03
9.58654e-04
9.36912e-04
9.16496e-04
8.33574e-04
5.66078e-04
1.51948e-04
-2.32800e-04
-5.58976e-04
-8.46130e-04
-1.12929e-03
-1.47599e-03
-1.96616e-03
-2.54044e-03
-3.10531e-03
-3.67805e-03
-4.20934e-03
-4.57429e-03
-4.90581e-03
-5.41769e-03
-6.00367e-03
-6.50187e-03
-6.81488e-03
-6.97781e-03
-7.10121e-03
-7.11032e-03
-6.95867e-03
-6.75167e-03
-6.57880e-03
-6.49236e-03
-6.48886e-03
-6.53299e-03
-6.60032e-03
-6.74509e-03
-7.08712e-03
-7.46924e-03
-7.65108e-03
-7.71156e-03
-7.75760e-03
-7.80407e-03
-7.83575e-03
-7.81674e-03
-7.75151e-03
-7.67244e-03
-7.63869e-03
-7.61945e-03
-7.48659e-03
-7.25848e-03
-7.02681e-03
-6.85936e-03
-6.77079e-03
-6.69517e-03
-6.66028e-03
-6.74227e-03
-6.90293e-03
-7.06366e-03
-7.15452e-03
-7.18753e-03
-7.25233e-03
-7.28042e-03
-7.19139e-03
-7.05892e-03
-6.96056e-03
-6.92417e-03
-6.92051e-03
-6.87279e-03
-6.71740e-03
-6.45119e-03
-6.17337e-03
-5.90257e-03
-5.57197e-03
-5.17769e-03
-4.79646e-03
-4.63386e-03
-4.74215e-03
-4.93111e-03
-5.08123e-03
-5.13053e-03
-5.14607e-03
-5.20324e-03
-5.29940e-03
-5.45958e-03
-5.70771e-03
-5.93410e-03
-6.03773e-03
-6.09007e-03
-6.12118e-03
-6.08009e-03
-5.93469e-03
-5.66380e-03
-5.25567e-03
-4.79830e-03
-4.50190e-03
-4.35427e-03
-4.15607e-03
-3.83279e-03
-3.40750e-03
-3.04868e-03
-2.82919e-03
-2.68008e-03
-2.56296e-03
-2.42495e-03
-2.19542e-03
-1.92365e-03
-1.81092e-03
-1.78159e-03
-1.59291e-03
-1.28084e-03
-9.70409e-04
-7.86786e-04
-7.65922e-04
-8.23483e-04
-8.34890e-04
-7.00468e-04
-5.08951e-04
-3.58340e-04
-2.91286e-04
-3.11474e-04
-3.91836e-04
-5.27596e-04
-7.00395e-04
-8.70332e-04
-9.73432e-04
-9.43323e-04
-8.35562e-04
-7.15712e-04
-5.23202e-04
-2.46814e-04
3.96541e-05
3.18334e-04
5.93809e-04
8.37628e-04
1.00554e-03
1.05117e-03
1.03261e-03
1.07826e-03
1.16660e-03
1.23189e-03
1.23677e-03
1.19089e-03
1.15802e-03
1.15986e-03
1.18508e-03
1.17859e-03
1.15745e-03
1.24271e-03
1.42229e-03
1.59428e-03
1.68176e-03
1.65756e-03
1.58543e-03
1.49395e-03
1.38000e-03
1.24989e-03
1.08552e-03
8.24524e-04
5.00594e-04
2.56928e-04
1.02647e-04
-2.67898e-07
-4.65665e-05
-7.78251e-05
-1.86753e-04
-2.90928e-04
-2.49725e-04
-2.50141e-04
-4.04629e-04
-5.15172e-04
-5.40837e-04
-5.97961e-04
-6.68762e-04
-7.02211e-04
-6.70655e-04
-6.08593e-04
-6.16053e-04
-7.04470e-04
-8.12919e-04
-8.22980e-04
-7.41624e-04
-7.83002e-04
-9.98080e-04
-1.29708e-03
-1.55617e-03
-1.70521e-03
-1.84078e-03
-2.01708e-03
-2.22160e-03
-2.37472e-03
-2.40604e-03
-2.36715e-03
-2.32079e-03
-2.31799e-03
-2.42680e-03
-2.68597e-03
-3.01029e-03
-3.33588e-03
-3.69150e-03
-4.02077e-03
-4.23079e-03
-4.39273e-03
-4.56796e-03
-4.67361e-03
-4.65530e-03
-4.50686e-03
-4.22670e-03
-3.85304e-03
-3.49671e-03
-3.22451e-03
-3.01593e-03
-2.84820e-03
-2.67922e-03
-2.44712e-03
-2.14110e-03
-1.84740e-03
-1.63831e-03
-1.55786e-03
-1.56179e-03
-1.56478e-03
-1.50194e-03
-1.38867e-03
-1.33028e-03
-1.36933e-03
-1.51083e-03
-1.70124e-03
-1.85970e-03
-1.90602e-03
-1.85281e-03
-1.74459e-03
-1.48069e-03
-1.08806e-03
-8.46828e-04
-7.38960e-04
-5.19316e-04
-3.55346e-04
-3.89703e-04
-4.26479e-04
-3.95262e-04
-3.99611e-04
-4.18773e-04
-3.95218e-04
-3.01098e-04
-1.75749e-04
-1.21500e-04
-3.80149e-05
2.35957e-04
6.25295e-04
1.04001e-03
1.45848e-03
1.81069e-03
2.01054e-03
2.07492e-03
2.02960e-03
1.84694e-03
1.55134e-03
1.23651e-03
1.05446e-03
1.07254e-03
1.09822e-03
1.04897e-03
1.03219e-03
1.12748e-03
1.35054e-03
1.52219e-03
1.54904e-03
1.53224e-03
1.49815e-03
1.41613e-03
1.20630e-03
8.74818e-04
5.92732e-04
4.05272e-04
2.33153e-04
-5.01431e-06
-3.17133e-04
-5.39758e-04
-6.53829e-04
-8.04499e-04
-9.78475e-04
-1.11278e-03
-1.16818e-03
-1.18533e-03
-1.28503e-03
-1.38076e-03
-1.34636e-03
-1.31775e-03
-1.37556e-03
-1.41532e-03
-1.34975e-03
-1.13835e-03
-8.96252e-04
-7.14534e-04
-5.29421e-04
-3.61508e-04
-2.83758e-04
-1.56827e-04
1.49339e-04
5.32531e-04
8.24314e-04
8.45025e-04
6.76316e-04
5.19736e-04
4.84165e-04
5.86937e-04
7.28148e-04
8.88535e-04
1.06899e-03
1.22147e-03
1.34880e-03
1.55225e-03
1.89674e-03
2.36349e-03
2.72718e-03
2.84445e-03
2.91166e-03
3.02051e-03
3.12271e-03
3.18725e-03
3.19123e-03
3.14781e-03
3.03830e-03
2.80403e-03
2.43805e-03
1.98563e-03
1.54657e-03
1.24640e-03
1.19580e-03
1.36567e-03
1.62531e-03
1.92604e-03
2.26899e-03
2.70738e-03
3.16233e-03
3.45001e-03
3.53277e-03
3.43612e-03
3.21632e-03
2.94545e-03
2.70414e-03
2.57252e-03
2.55954e-03
2.51279e-03
2.35913e-03
2.19032e-03
2.09959e-03
2.15556e-03
2.28146e-03
2.44554e-03
2.74093e-03
3.12100e-03
3.41704e-03
3.46862e-03
3.21609e-03
2.80681e-03
2.31462e-03
1.74851e-03
1.26150e-03
9.49459e-04
6.62502e-04
3.70807e-04
2.19565e-04
1.76837e-04
1.59928e-04
1.82280e-04
2.68921e-04
4.34374e-04
7.01273e-04
1.05732e-03
1.35659e-03
1.49881e-03
1.54814e-03
1.56638e-03
1.60452e-03
1.64542e-03
1.69678e-03
1.85737e-03
2.08502e-03
2.19705e-03
2.25018e-03
2.36877e-03
2.57656e-03
2.83646e-03
3.06450e-03
3.34009e-03
3.76835e-03
4.23611e-03
4.64701e-03
5.01434e-03
5.34347e-03
5.62313e-03
5.77963e-03
5.78313e-03
5.72081e-03
5.68806e-03
5.76626e-03
5.92394e-03
6.09605e-03
6.26323e-03
6.39389e-03
6.44709e-03
6.42804e-03
6.37489e-03
6.31811e-03
6.21648e-03
5.94374e-03
5.51363e-03
5.03488e-03
4.60492e-03
4.28809e-03
4.07690e-03
3.95337e-03
3.89391e-03
3.91535e-03
3.97220e-03
3.89193e-03
3.64332e-03
3.34982e-03
2.99125e-03
2.55368e-03
2.12881e-03
1.75739e-03
1.39886e-03
1.05645e-03
7.52998e-04
5.15429e-04
3.88132e-04
4.17659e-04
5.43222e-04
6.49528e-04
7.63339e-04
9.38948e-04
1.19000e-03
1.41893e-03
1.45673e-03
1.34623e-03
1.16835e-03
9.15129e-04
6.06128e-04
2.92798e-04
-1.40993e-05
-3.23911e-04
-6.36034e-04
-8.81764e-04
-9.19649e-04
-7.68187e-04
-5.31331e-04
-2.43326e-04
7.00324e-05
3.74612e-04
5.70544e-04
5.34761e-04
2.74618e-04
-1.51217e-04
-6.83757e-04
-1.26419e-03
-1.83845e-03
-2.35888e-03
-2.78559e-03
-3.08799e-03
-3.28883e-03
-3.47489e-03
-3.72232e-03
-4.06159e-03
-4.40024e-03
-4.67495e-03
-4.91062e-03
-5.07697e-03
-5.14552e-03
-5.20610e-03
-5.31583e-03
-5.40646e-03
-5.41582e-03
-5.30819e-03
-5.16037e-03
-5.03599e-03
-4.87502e-03
-4.73295e-03
-4.77497e-03
-4.92115e-03
-5.02079e-03
-5.03700e-03
-5.00923e-03
-5.04638e-03
-5.12263e-03
-5.14639e-03
-5.06632e-03
-4.90585e-03
-4.78696e-03
-4.72032e-03
-4.63717e-03
-4.51418e-03
-4.39795e-03
-4.43489e-03
-4.60296e-03
-4.71830e-03
-4.72922e-03
-4.65867e-03
-4.60480e-03
-4.59358e-03
-4.54923e-03
-4.43908e-03
-4.28668e-03
-4.22678e-03
-4.25069e-03
-4.14704e-03
-4.01689e-03
-4.06737e-03
-4.14394e-03
-4.12997e-03
-4.12204e-03
-4.13715e-03
-4.12746e-03
-4.07098e-03
-4.01859e-03
-4.12710e-03
-4.36078e-03
-4.47825e-03
-4.41906e-03
-4.26621e-03
-4.28160e-03
-4.50728e-03
-4.67080e-03
-4.69306e-03
-4.59476e-03
-4.45081e-03
-4.28698e-03
-4.02001e-03
-3.59947e-03
-3.03565e-03
-2.48112e-03
-2.04955e-03
-1.68565e-03
-1.33385e-03
-9.62509e-04
-6.76867e-04
-5.48124e-04
-4.64201e-04
-3.62481e-04
-2.57508e-04
-1.84982e-04
2.93517e-05
-4.67173e-05
-1.84931e-04
-3.35129e-04
-4.21607e-04
-3.61917e-04
-1.23289e-04
2.91533e-04
8.28978e-04
1.31784e-03
1.55608e-03
1.56021e-03
1.44176e-03
1.34278e-03
1.25444e-03
1.09177e-03
9.70113e-04
9.81203e-04
1.07528e-03
1.23341e-03
1.45497e-03
1.65934e-03
1.78505e-03
1.87762e-03
1.98948e-03
2.14844e-03
2.26315e-03
2.26491e-03
2.27825e-03
2.35089e-03
2.40665e-03
2.46244e-03
2.57069e-03
2.75501e-03
2.94229e-03
2.95783e-03
2.86184e-03
2.82604e-03
2.84652e-03
2.90831e-03
3.03117e-03
3.16901e-03
3.24668e-03
3.30986e-03
3.39828e-03
3.46613e-03
3.46710e-03
3.38247e-03
3.31885e-03
3.34740e-03
3.36307e-03
3.41186e-03
3.68082e-03
3.99202e-03
4.13059e-03
4.19635e-03
4.30054e-03
4.49805e-03
4.73752e-03
4.93747e-03
5.11381e-03
5.30767e-03
5.55396e-03
5.75224e-03
5.78266e-03
5.78142e-03
5.86860e-03
6.01907e-03
6.23143e-03
6.50312e-03
6.76777e-03
6.93387e-03
6.93252e-03
6.77506e-03
6.56068e-03
6.37803e-03
6.29005e-03
6.27776e-03
6.28950e-03
6.24818e-03
6.10523e-03
5.89575e-03
5.80746e-03
5.84754e-03
5.78484e-03
5.69943e-03
5.76990e-03
5.98838e-03
6.29997e-03
6.62814e-03
6.90640e-03
7.09357e-03
7.23240e-03
7.39044e-03
7.60920e-03
7.82580e-03
7.92628e-03
7.93181e-03
7.87660e-03
7.77296e-03
7.75730e-03
7.97549e-03
8.19204e-03
8.25562e-03
8.36991e-03
8.58451e-03
8.82109e-03
9.03864e-03
9.18153e-03
9.18192e-03
9.09928e-03
9.07612e-03
9.06229e-03
8.96008e-03
8.71795e-03
8.41270e-03
8.21597e-03
8.11123e-03
8.04220e-03
7.99636e-03
7.94890e-03
7.86043e-03
7.68218e-03
7.40315e-03
7.09196e-03
6.77753e-03
6.44637e-03
6.13429e-03
5.90247e-03
5.81938e-03
5.83439e-03
5.77988e-03
5.68095e-03
5.61996e-03
5.63386e-03
5.67867e-03
5.63451e-03
5.53064e-03
5.44842e-03
5.43892e-03
5.47411e-03
5.44602e-03
5.38405e-03
5.31761e-03
5.13437e-03
4.79078e-03
4.36513e-03
3.92837e-03
3.53603e-03
3.17136e-03
2.79788e-03
2.38132e-03
1.93769e-03
1.50258e-03
1.08106e-03
6.43071e-04
1.34153e-04
-3.51241e-04
-6.79997e-04
-8.82369e-04
-1.00684e-03
-1.08598e-03
-1.19799e-03
-1.42114e-03
-1.72031e-03
-2.02286e-03
-2.25624e-03
-2.41548e-03
-2.57222e-03
-2.86859e-03
-3.33778e-03
-3.80906e-03
-4.21392e-03
-4.56134e-03
-4.89986e-03
-5.28698e-03
-5.74559e-03
-6.18411e-03
-6.48351e-03
-6.77881e-03
-7.16564e-03
-7.55117e-03
-7.90798e-03
-8.24494e-03
-8.50375e-03
-8.64405e-03
-8.69260e-03
-8.62734e-03
-8.41596e-03
-8.15898e-03
-7.98728e-03
-7.97572e-03
-8.08044e-03
-8.16543e-03
-8.22423e-03
-8.27865e-03
-8.33506e-03
-8.36556e-03
-8.33398e-03
-8.33008e-03
-8.42056e-03
-8.52867e-03
-8.60218e-03
-8.62602e-03
-8.59207e-03
-8.47684e-03
-8.22132e-03
-7.86024e-03
-7.52285e-03
-7.22707e-03
-6.99504e-03
-6.92520e-03
-7.01424e-03
-7.14762e-03
-7.33872e-03
-7.57495e-03
-7.70055e-03
-7.69410e-03
-7.69983e-03
-7.70997e-03
-7.66254e-03
-7.51071e-03
-7.31004e-03
-7.21864e-03
-7.16332e-03
-7.02882e-03
-6.87569e-03
-6.75248e-03
-6.65457e-03
-6.56221e-03
-6.46137e-03
-6.37801e-03
-6.27020e-03
-6.02565e-03
-5.75294e-03
-5.61499e-03
-5.55171e-03
-5.48430e-03
-5.37831e-03
-5.28319e-03
-5.26349e-03
-5.26454e-03
-5.21158e-03
-5.05426e-03
-4.83086e-03
-4.61181e-03
-4.36420e-03
-4.05466e-03
-3.68512e-03
-3.27114e-03
-2.84640e-03
-2.46590e-03
-2.15112e-03
-1.86566e-03
-1.62788e-03
-1.48599e-03
-1.45246e-03
-1.50927e-03
-1.60409e-03
-1.69246e-03
-1.73862e-03
-1.72375e-03
-1.65371e-03
-1.56096e-03
-1.46284e-03
-1.36051e-03
-1.24442e-03
-1.12023e-03
-1.02374e-03
-9.08268e-04
-6.97499e-04
-5.28267e-04
-4.86156e-04
-4.32868e-04
-3.63079e-04
-3.80776e-04
-4.50635e-04
-4.98409e-04
-4.71753e-04
-3.81849e-04
-3.00373e-04
-2.52403e-04
-2.60868e-04
-3.49393e-04
-4.26523e-04
-3.12471e-04
-6.36486e-05
1.95736e-04
4.09695e-04
6.34243e-04
1.01211e-03
1.40827e-03
1.67330e-03
1.87493e-03
2.05160e-03
2.18298e-03
2.28782e-03
2.39008e-03
2.47735e-03
2.54654e-03
2.61712e-03
2.72124e-03
2.88978e-03
3.11059e-03
3.33006e-03
3.47244e-03
3.62489e-03
3.92625e-03
4.21084e-03
4.31906e-03
4.27327e-03
4.13922e-03
3.99782e-03
3.79151e-03
3.50299e-03
3.28015e-03
3.19147e-03
3.19710e-03
3.22535e-03
3.21317e-03
3.18776e-03
3.17405e-03
3.18199e-03
3.23153e-03
3.31918e-03
3.37071e-03
3.37319e-03
3.41350e-03
3.51590e-03
3.64812e-03
3.71483e-03
3.70591e-03
3.75468e-03
3.80520e-03
3.70831e-03
3.51717e-03
3.31677e-03
3.14266e-03
3.00994e-03
2.91842e-03
2.88573e-03
2.88852e-03
2.83095e-03
2.72827e-03
2.70262e-03
2.70655e-03
2.66562e-03
2.58696e-03
2.47540e-03
2.33594e-03
2.25530e-03
2.28575e-03
2.26770e-03
2.15443e-03
2.09178e-03
2.02014e-03
1.82526e-03
1.60720e-03
1.44852e-03
1.32277e-03
1.22238e-03
1.14357e-03
1.05874e-03
9.71282e-04
9.42872e-04
9.56997e-04
9.28868e-04
8.23031e-04
6.44406e-04
4.52099e-04
2.66346e-04
6.67947e-05
-1.04831e-04
-2.22515e-04
-3.41143e-04
-4.70112e-04
-5.58863e-04
-6.37812e-04
-7.45235e-04
-8.35153e-04
-8.89209e-04
-9.48636e-04
-1.03832e-03
-1.15468e-03
-1.23229e-03
-1.24198e-03
-1.23871e-03
-1.23528e-03
-1.21897e-03
-1.19338e-03
-1.16612e-03
-1.14506e-03
-1.13861e-03
-1.15558e-03
-1.20338e-03
-1.27089e-03
-1.31641e-03
-1.33969e-03
-1.38426e-03
-1.44266e-03
-1.49311e-03
-1.52201e-03
-1.50935e-03
-1.43729e-03
-1.34685e-03
-1.27789e-03
-1.17345e-03
-1.03531e-03
-9.62217e-04
-9.60346e-04
-9.81339e-04
-9.93747e-04
-1.01712e-03
-1.13749e-03
-1.30868e-03
-1.41648e-03
-1.50552e-03
-1.64131e-03
-1.83378e-03
-2.01197e-03
-2.05969e-03
-2.03936e-03
-2.03874e-03
-2.06026e-03
-2.10277e-03
-2.15928e-03
-2.18529e-03
-2.15533e-03
-2.13766e-03
-2.15720e-03
-2.17072e-03
-2.17119e-03
-2.16767e-03
-2.17512e-03
-2.19911e-03
-2.22707e-03
-2.24622e-03
-2.25533e-03
-2.29610e-03
-2.38026e-03
-2.45304e-03
-2.47264e-03
-2.41953e-03
-2.33277e-03
-2.26233e-03
-2.22833e-03
-2.20804e-03
-2.14900e-03
-2.07415e-03
-2.01002e-03
-1.94026e-03
-1.87658e-03
-1.85649e-03
-1.84927e-03
-1.80273e-03
-1.69162e-03
-1.51849e-03
-1.32104e-03
-1.13957e-03
-1.01559e-03
-9.64911e-04
-9.56728e-04
-9.13476e-04
-8.34808e-04
-7.60706e-04
-6.93458e-04
-6.30873e-04
-5.72008e-04
-5.17793e-04
-4.64900e-04
-3.94182e-04
-3.10188e-04
-2.65858e-04
-2.75568e-04
-3.11037e-04
-3.33398e-04
-3.18585e-04
-2.94418e-04
-2.79467e-04
-2.76810e-04
-2.92411e-04
-3.25746e-04
-3.59926e-04
-3.70529e-04
-3.33022e-04
-2.51788e-04
-1.44414e-04
-1.48608e-05
1.28703e-04
2.71340e-04
4.03142e-04
5.15303e-04
5.89486e-04
6.22050e-04
6.34493e-04
6.36982e-04
6.35641e-04
6.52614e-04
6.96566e-04
7.46859e-04
7.95222e-04
8.45111e-04
8.96768e-04
9.48689e-04
9.95510e-04
1.03659e-03
1.07741e-03
1.12342e-03
1.16872e-03
1.18431e-03
1.16177e-03
1.12107e-03
1.07275e-03
1.01882e-03
9.43019e-04
8.46658e-04
7.57089e-04
6.84402e-04
6.30629e-04
5.98506e-04
5.85442e-04
5.83214e-04
5.89922e-04
6.09010e-04
6.46864e-04
6.92261e-04
7.07938e-04
6.95210e-04
6.79789e-04
6.53551e-04
6.15954e-04
5.92342e-04
5.86444e-04
5.81587e-04
5.75288e-04
5.68756e-04
5.63642e-04
5.55229e-04
5.34462e-04
5.14696e-04
5.07722e-04
4.99678e-04
4.80005e-04
4.47097e-04
4.05551e-04
3.63745e-04
3.27199e-04
3.00515e-04
2.86156e-04
2.83432e-04
2.90616e-04
3.10588e-04
3.34628e-04
3.39709e-04
3.30650e-04
3.26933e-04
3.25111e-04
3.22576e-04
3.25692e-04
3.36009e-04
3.49334e-04
3.56441e-04
3.46304e-04
3.11662e-04
2.63349e-04
2.26391e-04
2.01043e-04
1.81181e-04
1.64626e-04
1.51779e-04
1.43743e-04
1.26811e-04
9.14133e-05
5.21541e-05
1.96349e-05
-5.93032e-06
-2.85802e-05
-5.50610e-05
-8.87528e-05
-1.25496e-04
-1.52439e-04
-1.65650e-04
-1.68018e-04
-1.67199e-04
-1.66994e-04
-1.62451e-04
-1.50342e-04
-1.29813e-04
-1.05515e-04
-8.36265e-05
-6.82240e-05
-5.36160e-05
-3.01730e-05
-1.11736e-05
-7.93438e-06
-1.18154e-05
-1.66129e-05
-2.06690e-05
-2.52893e-05
-3.30268e-05
-4.48719e-05
-5.68803e-05
-6.01012e-05
-5.57164e-05
-4.95168e-05
-4.13933e-05
-3.13544e-05
-2.11837e-05
-1.33474e-05
-9.70166e-06
-6.47393e-06
-5.75126e-07
5.04379e-06
7.30361e-06
3.95749e-06
-4.24673e-06
-1.44637e-05
-2.29332e-05
-2.81184e-05
-3.18230e-05
-3.45853e-05
-3.65925e-05
-3.84187e-05
-4.07672e-05
-4.43246e-05
-4.96066e-05
-5.61802e-05
-6.04188e-05
-6.02405e-05
-5.91776e-05
-5.98638e-05
-6.25814e-05
-6.22765e-05
-5.51952e-05
-4.79557e-05
-4.39871e-05
-4.00794e-05
-3.47208e-05
-2.78674e-05
-2.20129e-05
-1.87208e-05
-1.67613e-05
-1.53137e-05
-1.40746e-05
-1.37935e-05
-1.42704e-05
-1.29045e-05
-9.75595e-06
-7.69086e-06
-6.34605e-06
-4.42215e-06
-1.48894e-06
1.46417e-06
2.13630e-06
1.59079e-06
2.48570e-06
5.36944e-06
9.62335e-06
1.36176e-05
1.70429e-05
2.05442e-05
2.39405e-05
2.68710e-05
2.89673e-05
2.97231e-05
2.87781e-05
2.75844e-05
2.78083e-05
2.91812e-05
3.08761e-05
3.19618e-05
3.29463e-05
3.47757e-05
3.67352e-05
3.80912e-05
3.87335e-05
3.85252e-05
3.73680e-05
3.54601e-05
3.31680e-05
3.08992e-05
2.90172e-05
2.77589e-05
2.70176e-05
2.64954e-05
2.60146e-05
2.58035e-05
2.64890e-05
2.77592e-05
2.89297e-05
3.00952e-05
3.12412e-05
3.19683e-05
3.22751e-05
3.24523e-05
3.24798e-05
3.23512e-05
3.22285e-05
3.21617e-05
3.20799e-05
3.20392e-05
3.19820e-05
3.15154e-05
3.06955e-05
3.01637e-05
3.00508e-05
3.01701e-05
3.02576e-05
3.01022e-05
2.96962e-05
2.91500e-05
2.86422e-05
2.81176e-05
2.75241e-05
2.69360e-05
2.63989e-05
2.59173e-05
2.54757e-05
2.50702e-05
2.47538e-05
2.45689e-05
2.45234e-05
2.45804e-05
2.46740e-05
2.47619e-05
2.48452e-05
2.49746e-05
2.50973e-05
2.51037e-05
2.50221e-05
2.49164e-05
2.48333e-05
2.47755e-05
2.47052e-05
2.46079e-05
2.44899e-05
2.43940e-05
2.43361e-05
2.42913e-05
2.42350e-05
2.41514e-05
2.40591e-05
2.39687e-05
2.38677e-05
2.37490e-05
2.36124e-05
2.34708e-05
2.33306e-05
2.31811e-05
2.30175e-05
2.28410e-05
2.26506e-05
2.24472e-05
2.22364e-05
2.20183e-05
2.17878e-05
2.15442e-05
2.12882e-05
2.10208e-05
2.07415e-05
2.04485e-05
2.01428e-05
1.98263e-05
1.94994e-05
1.91614e-05
1.88115e-05
1.84498e-05
1.80770e-05
1.76930e-05
1.72976e-05
1.68910e-05
1.64732e-05
1.60440e-05
1.56037e-05
1.51521e-05
1.46894e-05
1.42157e-05
1.37309e-05
1.32352e-05
1.27287e-05
1.22114e-05
1.16834e-05
