-2.77887e-04
-2.80468e-04
-2.87456e-04
-2.93271e-04
-2.99275e-04
-3.01432e-04
-3.01178e-04
-2.99615e-04
-2.97654e-04
-2.93691e-04
-2.91614e-04
-2.89990e-04
-2.88937e-04
-2.85288e-04
-2.69451e-04
-2.53934e-04
-2.24484e-04
-1.89422e-04
-1.49805e-04
-9.67249e-05
-6.67429e-05
-5.04450e-05
-3.68109e-05
-4.85511e-05
-8.48868e-05
-9.60778e-05
-7.65127e-05
-7.10563e-05
-1.62336e-04
-2.25999e-04
-2.49569e-04
-1.59322e-04
8.91871e-06
2.85571e-04
5.43732e-04
6.64274e-04
6.40384e-04
5.24500e-04
4.39899e-04
4.49162e-04
4.62923e-04
5.38539e-04
6.64652e-04
7.10020e-04
7.31579e-04
7.29130e-04
6.35109e-04
5.72986e-04
4.65254e-04
4.36727e-04
4.79497e-04
8.59734e-04
1.50807e-03
2.33382e-03
2.79096e-03
2.74932e-03
2.54074e-03
2.26700e-03
2.04925e-03
1.24927e-03
-2.81321e-04
-1.66767e-03
-2.56044e-03
-2.75042e-03
-2.32850e-03
-1.52124e-03
-2.54992e-04
1.31099e-03
2.76472e-03
4.14030e-03
4.08082e-03
3.88014e-03
4.20965e-03
4.68056e-03
5.64989e-03
6.47358e-03
6.43019e-03
4.94427e-03
2.33322e-03
-7.26321e-04
-2.58990e-03
-2.89193e-03
-2.07863e-03
-7.26568e-04
7.11748e-04
2.32171e-03
3.17188e-03
3.06828e-03
1.66275e-03
-1.14994e-04
-1.68521e-03
-2.61982e-03
-2.77059e-03
-2.72114e-03
-3.32938e-03
-4.05084e-03
-4.03481e-03
-2.64617e-03
7.45825e-04
3.22899e-03
6.16247e-03
8.82624e-03
1.01902e-02
9.83239e-03
7.20385e-03
2.84129e-03
-7.06323e-04
-2.76740e-03
-5.23099e-03
-7.29621e-03
-9.58295e-03
-1.11510e-02
-1.15339e-02
-1.03779e-02
-8.64930e-03
-6.11441e-03
-2.61294e-03
1.80117e-03
6.77724e-03
1.19562e-02
1.54722e-02
1.63051e-02
1.62999e-02
1.56662e-02
1.47047e-02
1.38230e-02
1.26060e-02
1.19256e-02
1.21534e-02
1.32178e-02
1.45152e-02
1.42331e-02
1.02131e-02
2.69325e-03
-4.76926e-03
-9.45546e-03
-1.07616e-02
-8.19727e-03
-2.92067e-03
2.86040e-03
7.33427e-03
1.09666e-02
1.25709e-02
1.11190e-02
7.37916e-03
4.80612e-04
-6.40473e-03
-1.11374e-02
-1.31908e-02
-1.10214e-02
-6.92762e-03
-6.67976e-04
4.87406e-03
6.62542e-03
5.91414e-03
2.33781e-03
-2.92946e-03
-8.86084e-03
-1.07993e-02
-8.86612e-03
-4.43337e-03
1.91056e-03
7.26693e-03
1.02265e-02
1.15242e-02
1.18126e-02
9.05169e-03
2.57672e-03
-4.97702e-03
-1.12841e-02
-1.54460e-02
-1.51547e-02
-1.24985e-02
-8.11768e-03
-3.30704e-03
2.69144e-03
8.04289e-03
1.03302e-02
9.33075e-03
4.62732e-03
-1.95329e-03
-4.73903e-03
-5.03054e-03
-4.20801e-03
-2.74974e-03
-4.71017e-04
1.15866e-03
8.25814e-04
-1.70584e-04
-1.91116e-03
-2.60891e-03
-2.12505e-03
-4.37879e-04
-3.36222e-04
-1.37346e-03
-2.43740e-03
-3.83269e-03
-4.30221e-03
-6.58044e-03
-8.74023e-03
-9.32384e-03
-9.08517e-03
-5.97965e-03
-1.29631e-03
2.10391e-03
3.06879e-03
3.30004e-03
5.52041e-03
9.37482e-03
1.19558e-02
1.26896e-02
1.22677e-02
1.06838e-02
9.40494e-03
8.81896e-03
7.81108e-03
5.33967e-03
1.89678e-03
-1.96151e-03
-5.97213e-03
-9.57637e-03
-1.21364e-02
-1.37679e-02
-1.51804e-02
-1.71197e-02
-1.83559e-02
-1.66834e-02
-1.10713e-02
-3.83648e-03
3.61049e-03
8.14884e-03
1.00797e-02
8.08857e-03
1.82202e-03
-5.58167e-03
-1.07904e-02
-1.25975e-02
-1.02832e-02
-6.57886e-03
-5.11974e-03
-7.71593e-03
-1.34674e-02
-2.05115e-02
-2.57841e-02
-2.85189e-02
-2.95030e-02
-2.79089e-02
-2.39320e-02
-1.62316e-02
-7.19489e-03
7.30206e-04
6.75617e-03
1.09683e-02
1.70258e-02
2.04185e-02
1.70583e-02
1.00698e-02
1.76811e-03
-6.12440e-03
-1.25550e-02
-1.75865e-02
-1.98025e-02
-1.95922e-02
-1.73325e-02
-1.40542e-02
-1.10510e-02
-7.90648e-03
-3.56447e-03
-4.46367e-04
-5.38873e-03
-1.22166e-02
-1.76524e-02
-1.99193e-02
-2.08042e-02
-1.82288e-02
-1.04998e-02
9.77083e-04
1.25495e-02
2.03194e-02
1.73962e-02
8.15448e-03
-3.23914e-03
-1.02835e-02
-9.40526e-03
-3.14843e-03
6.86208e-03
1.80346e-02
2.98613e-02
4.16094e-02
5.05600e-02
5.68922e-02
5.73355e-02
5.07488e-02
3.99204e-02
2.65349e-02
1.17596e-02
-1.12004e-03
-9.58521e-03
-1.33216e-02
-1.32517e-02
-1.19612e-02
-1.11017e-02
-1.23459e-02
-1.69672e-02
-2.28466e-02
-2.63165e-02
-2.51839e-02
-1.74888e-02
-5.50092e-03
5.75893e-03
1.80379e-02
2.53958e-02
2.53622e-02
1.89039e-02
7.59077e-03
-4.43148e-03
-1.46321e-02
-1.86817e-02
-1.87567e-02
-1.60906e-02
-1.23690e-02
-6.87891e-03
-1.77331e-03
6.81620e-04
6.37213e-05
-4.10805e-03
-1.16501e-02
-2.19309e-02
-3.78056e-02
-5.41193e-02
-6.29349e-02
-5.96836e-02
-5.17308e-02
-4.11424e-02
-2.80503e-02
-1.68027e-02
-1.01224e-02
-1.76794e-03
6.19862e-03
1.28379e-02
1.78631e-02
2.27761e-02
2.53628e-02
2.38042e-02
1.97296e-02
1.61177e-02
1.56562e-02
1.72365e-02
1.89650e-02
1.70971e-02
1.00985e-02
4.78513e-04
-6.60514e-03
-8.18515e-03
-3.77938e-03
6.79412e-03
2.04075e-02
2.90669e-02
3.55776e-02
3.84144e-02
3.52061e-02
2.69517e-02
1.81129e-02
9.50769e-03
1.60363e-03
-5.90883e-03
-1.49665e-02
-2.53396e-02
-3.10880e-02
-2.91532e-02
-1.93020e-02
-5.87009e-03
7.99913e-03
2.01344e-02
2.86209e-02
2.73270e-02
2.45441e-02
2.08184e-02
1.53115e-02
8.66384e-03
-7.69471e-04
-1.11933e-02
-1.89606e-02
-2.32878e-02
-2.55027e-02
-2.35748e-02
-1.56563e-02
-5.51190e-03
5.77706e-03
1.60775e-02
2.06424e-02
2.03915e-02
1.60876e-02
1.16109e-02
9.81316e-03
6.38280e-03
3.49695e-03
1.46209e-03
-1.55735e-04
-1.12370e-03
-2.43036e-03
-4.71404e-03
-6.41503e-03
-6.72092e-03
-7.26950e-03
-8.66212e-03
-1.00375e-02
-1.16774e-02
-9.08412e-03
-2.47264e-03
4.75578e-03
1.01224e-02
1.21830e-02
1.19340e-02
7.79393e-03
1.55780e-03
-3.78397e-03
-8.24379e-03
-1.05598e-02
-1.01224e-02
-7.33386e-03
-9.64262e-04
7.10392e-03
1.54085e-02
2.34008e-02
3.31589e-02
4.43341e-02
5.19601e-02
5.94402e-02
6.28294e-02
6.26199e-02
5.82210e-02
4.90502e-02
3.53615e-02
1.54727e-02
-2.76303e-03
-1.41825e-02
-2.01207e-02
-2.20088e-02
-1.96467e-02
-1.44875e-02
-7.57186e-03
-1.01053e-03
3.25918e-03
1.88753e-03
-4.97882e-03
-1.39183e-02
-1.81051e-02
-1.53142e-02
-7.24432e-03
2.45241e-03
8.04164e-03
6.84664e-03
7.03382e-04
-9.11053e-03
-1.76351e-02
-2.25654e-02
-2.21376e-02
-1.82760e-02
-1.30879e-02
-8.10329e-03
-4.22165e-03
-3.05791e-03
-5.01521e-03
-1.21746e-02
-2.18490e-02
-3.03309e-02
-3.17991e-02
-2.66013e-02
-1.70901e-02
-5.45640e-03
4.63553e-03
8.39892e-03
9.57811e-03
9.61137e-03
6.01123e-03
8.94221e-04
-6.05539e-03
-1.58432e-02
-2.60567e-02
-3.35739e-02
-3.22205e-02
-2.01344e-02
-9.05866e-04
2.16268e-02
3.84014e-02
4.54600e-02
4.35106e-02
3.43334e-02
2.03897e-02
3.56822e-03
-1.03214e-02
-1.82603e-02
-2.04359e-02
-2.07275e-02
-2.19451e-02
-2.13963e-02
-1.61374e-02
-8.54909e-03
-3.31994e-03
-4.25558e-04
-5.23627e-04
-3.67347e-03
-9.63638e-03
-1.52447e-02
-2.18174e-02
-2.85935e-02
-3.01505e-02
-2.62010e-02
-2.03613e-02
-1.75888e-02
-1.98029e-02
-2.26724e-02
-2.26559e-02
-1.70004e-02
-1.10469e-02
-5.50840e-03
-7.70316e-04
1.99031e-03
2.64072e-03
-8.01835e-05
-3.73933e-03
-5.95389e-03
-4.72083e-03
1.01198e-03
8.41689e-03
1.39983e-02
1.66482e-02
1.77622e-02
1.78193e-02
1.61552e-02
1.25541e-02
6.09604e-03
-2.67898e-04
-4.37351e-03
-4.45879e-03
-2.12529e-03
2.24816e-03
9.46176e-03
1.80484e-02
2.57189e-02
3.15195e-02
3.42358e-02
3.29344e-02
2.85660e-02
2.42464e-02
2.01290e-02
1.60680e-02
1.61540e-02
2.04254e-02
2.56609e-02
3.19668e-02
3.51954e-02
3.42310e-02
3.28077e-02
3.16285e-02
2.70317e-02
1.71155e-02
4.37652e-03
-6.98802e-03
-1.28077e-02
-1.61964e-02
-1.54409e-02
-1.48815e-02
-1.75644e-02
-2.52292e-02
-3.79579e-02
-5.29911e-02
-6.53066e-02
-7.01033e-02
-6.73599e-02
-6.04836e-02
-4.95902e-02
-3.69659e-02
-2.67199e-02
-1.79980e-02
-1.16673e-02
-7.65248e-03
-4.16181e-03
-1.93660e-03
-6.28858e-05
2.32881e-03
7.44294e-03
1.58933e-02
2.69027e-02
3.96129e-02
5.08851e-02
5.75717e-02
5.86256e-02
5.45469e-02
4.37825e-02
2.58049e-02
7.87766e-03
-6.82067e-03
-1.73260e-02
-2.32425e-02
-2.22049e-02
-1.67106e-02
-9.53081e-03
-3.41054e-03
-1.46643e-04
-2.47063e-03
-1.04238e-02
-2.06634e-02
-2.90440e-02
-3.40280e-02
-3.30735e-02
-2.34638e-02
-7.01737e-03
1.15610e-02
2.75216e-02
3.71874e-02
3.91871e-02
3.46186e-02
2.32158e-02
9.67332e-03
-8.61660e-04
-6.11252e-03
-7.10448e-03
-6.38418e-03
-4.13834e-03
-4.21491e-04
3.91239e-03
7.38373e-03
8.19413e-03
5.52523e-03
-4.86878e-04
-1.03006e-02
-2.18054e-02
-3.19350e-02
-3.37115e-02
-2.87919e-02
-1.92608e-02
-7.98824e-03
1.75522e-03
8.51517e-03
8.52371e-03
-6.75004e-04
-1.77077e-02
-3.49363e-02
-4.59346e-02
-5.33779e-02
-5.29727e-02
-4.60406e-02
-3.44325e-02
-2.06653e-02
-7.95810e-03
-2.38463e-04
-2.94553e-04
-2.89108e-03
-4.75572e-03
-4.13725e-03
-1.57618e-03
1.53495e-04
-1.50553e-05
-3.90420e-03
-1.13540e-02
-1.87425e-02
-2.53459e-02
-2.91548e-02
-3.07548e-02
-3.11629e-02
-2.64930e-02
-1.69720e-02
-5.71894e-03
2.28342e-03
9.63885e-03
1.42690e-02
1.38769e-02
8.29216e-03
-5.56200e-04
-9.64723e-03
-2.04917e-02
-3.16462e-02
-3.84734e-02
-4.14726e-02
-4.04504e-02
-3.50013e-02
-2.54320e-02
-1.09800e-02
4.88585e-03
1.84291e-02
2.37323e-02
2.33650e-02
1.93593e-02
1.49951e-02
1.41578e-02
1.67009e-02
2.25142e-02
2.77956e-02
3.08045e-02
3.11932e-02
2.88553e-02
2.49608e-02
2.16555e-02
1.95005e-02
1.81220e-02
1.74271e-02
1.87923e-02
2.04087e-02
2.07112e-02
2.01549e-02
1.84246e-02
1.60104e-02
1.16817e-02
5.37784e-03
-5.56161e-03
-1.89964e-02
-2.69656e-02
-3.16013e-02
-3.50225e-02
-3.70056e-02
-3.58193e-02
-3.09246e-02
-2.03785e-02
1.62016e-03
3.29475e-02
6.54424e-02
8.68733e-02
1.02822e-01
1.11455e-01
1.12486e-01
1.07301e-01
9.60900e-02
8.00249e-02
6.09349e-02
4.35046e-02
3.28786e-02
2.52865e-02
1.65207e-02
5.46661e-03
-4.92867e-03
-1.04845e-02
-1.31386e-02
-1.20214e-02
-9.94518e-03
-9.54265e-03
-1.36493e-02
-2.12901e-02
-3.01731e-02
-3.87628e-02
-4.56328e-02
-4.65182e-02
-4.10016e-02
-3.18689e-02
-2.13595e-02
-1.28881e-02
-6.47646e-03
-4.79350e-03
-8.28207e-03
-1.51583e-02
-2.43607e-02
-3.12149e-02
-3.10089e-02
-2.33833e-02
-1.16009e-02
2.63364e-03
1.44803e-02
2.29236e-02
2.81854e-02
2.91255e-02
2.71874e-02
2.43063e-02
2.11678e-02
1.64387e-02
9.98609e-03
3.34575e-03
-8.86390e-04
-7.48834e-04
6.16680e-03
1.41968e-02
2.28844e-02
3.16160e-02
3.71181e-02
3.99732e-02
3.91161e-02
3.37189e-02
2.48120e-02
1.80462e-02
1.48350e-02
8.38550e-03
-1.33225e-03
-1.50450e-02
-3.09026e-02
-4.25360e-02
-4.91439e-02
-4.63378e-02
-3.48227e-02
-1.62978e-02
4.08293e-03
1.91752e-02
2.62790e-02
2.71047e-02
2.40200e-02
1.78900e-02
9.63850e-03
-4.98708e-04
-1.25023e-02
-2.15413e-02
-2.54970e-02
-2.58987e-02
-2.33848e-02
-2.05158e-02
-1.73614e-02
-1.64887e-02
-1.89267e-02
-2.13487e-02
-2.31403e-02
-2.45442e-02
-2.45525e-02
-2.17410e-02
-1.47354e-02
-4.54878e-03
5.30110e-03
1.02207e-02
6.40109e-03
-2.41890e-03
-1.20282e-02
-1.80807e-02
-1.76057e-02
-1.42750e-02
-1.20552e-02
-1.22488e-02
-1.72755e-02
-2.86714e-02
-4.57434e-02
-6.23287e-02
-7.32017e-02
-7.51782e-02
-6.96768e-02
-6.27910e-02
-5.16215e-02
-3.56112e-02
-1.44862e-02
7.82675e-03
2.50985e-02
3.19219e-02
2.90281e-02
2.34228e-02
2.16013e-02
2.24002e-02
2.34974e-02
2.36778e-02
2.61650e-02
3.14998e-02
3.78026e-02
4.16829e-02
3.91939e-02
2.71431e-02
1.05515e-02
-6.84591e-03
-1.90017e-02
-2.29314e-02
-1.45375e-02
2.65993e-03
2.44929e-02
4.95665e-02
6.88002e-02
7.75873e-02
7.55454e-02
6.72841e-02
5.56961e-02
3.95855e-02
2.75428e-02
1.98260e-02
1.26029e-02
7.75115e-03
3.73931e-03
-1.53739e-03
-7.65402e-03
-1.35707e-02
-1.73757e-02
-2.04304e-02
-1.99617e-02
-1.69384e-02
-1.18993e-02
-4.90097e-03
8.86741e-04
5.55244e-04
-7.44245e-03
-1.89623e-02
-3.07274e-02
-3.70812e-02
-3.35206e-02
-2.04890e-02
-6.31084e-05
2.21281e-02
4.18509e-02
5.27851e-02
5.51124e-02
5.63819e-02
5.71790e-02
5.76542e-02
5.62754e-02
5.10689e-02
4.35725e-02
3.50892e-02
2.72133e-02
1.89344e-02
1.12162e-02
4.12913e-03
-4.87475e-03
-1.41850e-02
-2.20605e-02
-2.66464e-02
-3.16199e-02
-3.70196e-02
-3.84170e-02
-3.82311e-02
-3.65890e-02
-3.33589e-02
-2.81627e-02
-2.05983e-02
-1.18308e-02
-4.35011e-03
4.41562e-03
1.08013e-02
1.45245e-02
1.85751e-02
2.20985e-02
2.27447e-02
2.02915e-02
1.31941e-02
6.03757e-04
-1.31609e-02
-2.38551e-02
-2.84224e-02
-2.74888e-02
-2.29918e-02
-1.54389e-02
-3.77809e-03
1.10108e-02
2.17349e-02
2.60254e-02
2.38367e-02
1.86005e-02
1.08307e-02
4.46056e-03
2.09736e-03
-1.14906e-03
-6.04662e-03
-1.18383e-02
-1.60072e-02
-1.80074e-02
-1.87570e-02
-1.58255e-02
-9.62329e-03
-3.18030e-03
3.58585e-03
1.11024e-02
1.83216e-02
2.37420e-02
2.47907e-02
2.16853e-02
1.47415e-02
5.21243e-03
-7.32827e-03
-1.99058e-02
-2.93542e-02
-3.60675e-02
-4.17249e-02
-4.71504e-02
-4.74112e-02
-4.56509e-02
-3.95544e-02
-2.68313e-02
-8.87749e-03
1.03717e-02
2.37696e-02
2.94154e-02
2.61026e-02
1.81951e-02
6.70110e-03
-9.47790e-03
-2.44582e-02
-3.20920e-02
-3.57096e-02
-4.03653e-02
-4.36897e-02
-3.94709e-02
-2.70779e-02
-9.07458e-03
1.31314e-02
3.41646e-02
4.98642e-02
5.97924e-02
6.17956e-02
5.82707e-02
4.97714e-02
4.01833e-02
3.14223e-02
2.27934e-02
1.48454e-02
6.83136e-03
-5.09879e-03
-1.52917e-02
-2.25706e-02
-2.26235e-02
-1.81190e-02
-8.24258e-03
8.93357e-03
2.89667e-02
4.43901e-02
5.08593e-02
4.67341e-02
3.26263e-02
1.45089e-02
1.81718e-03
-4.12277e-03
-5.60813e-03
1.36994e-03
1.29035e-02
2.42280e-02
3.05562e-02
2.48092e-02
6.83540e-03
-1.40202e-02
-3.08311e-02
-3.89811e-02
-4.08954e-02
-3.51193e-02
-2.23986e-02
-3.79454e-03
1.92177e-02
4.05447e-02
5.05498e-02
4.89008e-02
3.81949e-02
2.21580e-02
6.79120e-03
-4.62015e-03
-1.04516e-02
-1.22553e-02
-1.30734e-02
-1.25938e-02
-1.10206e-02
-9.65117e-03
-1.06112e-02
-1.20541e-02
-1.37319e-02
-1.55658e-02
-1.84662e-02
-2.12452e-02
-2.30504e-02
-2.41696e-02
-2.60628e-02
-2.97887e-02
-3.42856e-02
-4.08446e-02
-4.74190e-02
-5.00583e-02
-4.83795e-02
-4.44839e-02
-3.64695e-02
-2.33172e-02
-5.04408e-03
1.46608e-02
3.03973e-02
3.77502e-02
3.38649e-02
2.01895e-02
-9.29202e-04
-2.23998e-02
-3.77935e-02
-4.50400e-02
-4.58367e-02
-3.69622e-02
-2.29416e-02
-9.84027e-03
-9.20292e-04
6.71582e-03
1.52841e-02
2.29062e-02
2.86091e-02
3.41239e-02
3.78763e-02
3.87675e-02
3.93724e-02
4.23616e-02
4.65816e-02
4.99932e-02
5.15289e-02
5.04489e-02
4.74784e-02
4.42100e-02
3.94290e-02
3.39873e-02
2.55962e-02
1.29858e-02
-4.55634e-03
-2.76160e-02
-4.54334e-02
-5.27471e-02
-5.11831e-02
-4.50950e-02
-3.88028e-02
-3.62561e-02
-3.73928e-02
-4.12182e-02
-4.39772e-02
-4.38489e-02
-3.86531e-02
-3.13147e-02
-2.58180e-02
-2.30708e-02
-2.04748e-02
-1.50666e-02
-5.18428e-03
7.83406e-03
1.61945e-02
1.57678e-02
8.93708e-03
-3.08157e-03
-1.65278e-02
-2.72110e-02
-3.12550e-02
-3.10636e-02
-2.27887e-02
-1.01798e-02
1.13304e-03
7.57548e-03
1.03238e-02
1.23579e-02
1.48122e-02
1.59643e-02
1.67366e-02
1.85417e-02
2.21546e-02
2.66347e-02
3.20877e-02
3.61417e-02
3.73936e-02
3.12868e-02
1.78109e-02
3.54472e-03
-6.14458e-03
-1.59719e-02
-2.33080e-02
-2.59458e-02
-2.55303e-02
-2.43820e-02
-2.41458e-02
-2.54158e-02
-3.08796e-02
-3.87324e-02
-4.54851e-02
-4.74939e-02
-4.29081e-02
-3.09274e-02
-1.57764e-02
-1.96852e-03
3.99364e-03
2.08560e-03
-6.24819e-03
-1.60421e-02
-2.39458e-02
-2.98709e-02
-3.02130e-02
-2.30583e-02
-1.08752e-02
3.04270e-03
1.66876e-02
3.04534e-02
3.93557e-02
4.87821e-02
5.80296e-02
6.13081e-02
5.65515e-02
4.78612e-02
3.85800e-02
3.22197e-02
2.67524e-02
1.97265e-02
1.37079e-02
2.10479e-03
-1.40943e-02
-2.68235e-02
-3.13616e-02
-2.77118e-02
-1.61727e-02
9.13836e-04
1.17610e-02
1.33335e-02
9.97558e-03
1.54843e-03
-1.02590e-02
-2.02303e-02
-2.46505e-02
-2.43662e-02
-2.32740e-02
-2.21545e-02
-2.10733e-02
-1.86976e-02
-1.75831e-02
-1.86821e-02
-1.99931e-02
-2.11812e-02
-2.20360e-02
-2.51159e-02
-3.03149e-02
-3.88653e-02
-4.65524e-02
-4.54155e-02
-3.51020e-02
-1.75493e-02
2.96495e-03
2.40109e-02
4.14019e-02
4.70582e-02
3.95644e-02
2.08796e-02
-3.98538e-03
-2.91102e-02
-4.84345e-02
-5.47668e-02
-5.04077e-02
-3.60217e-02
-1.43308e-02
7.79208e-03
2.26715e-02
2.66009e-02
2.14912e-02
1.26147e-02
1.91618e-03
-5.50066e-03
-1.13229e-02
-1.38101e-02
-1.09594e-02
-3.20575e-03
9.98876e-03
2.82438e-02
4.66466e-02
5.75518e-02
6.09171e-02
6.03234e-02
5.55351e-02
5.00068e-02
4.37145e-02
3.50190e-02
2.30728e-02
7.50011e-03
-9.47227e-03
-3.07938e-02
-4.93484e-02
-6.27950e-02
-6.92966e-02
-6.40791e-02
-4.89655e-02
-2.61087e-02
-2.16573e-03
1.61749e-02
2.60948e-02
2.59039e-02
1.87323e-02
7.65188e-03
-1.95483e-03
-6.07374e-03
-4.26958e-03
2.77690e-03
1.32643e-02
2.47447e-02
3.16360e-02
3.13616e-02
2.33984e-02
7.86857e-03
-8.39505e-03
-1.99242e-02
-2.61845e-02
-2.34547e-02
-1.65742e-02
-9.61052e-03
-7.25838e-03
-8.47853e-03
-1.17202e-02
-1.69204e-02
-2.05296e-02
-2.24684e-02
-2.49672e-02
-2.66815e-02
-2.97097e-02
-3.49973e-02
-4.36172e-02
-5.28721e-02
-5.93133e-02
-5.78062e-02
-4.95948e-02
-3.60289e-02
-1.84851e-02
-1.84223e-03
9.81075e-03
1.19293e-02
1.00284e-02
5.89037e-03
1.32568e-03
-3.41422e-03
-1.02717e-02
-1.74050e-02
-2.29006e-02
-2.52478e-02
-2.48859e-02
-2.34372e-02
-2.01044e-02
-1.20499e-02
4.72375e-03
2.91945e-02
5.51891e-02
7.58652e-02
9.43873e-02
1.04344e-01
1.01846e-01
8.93162e-02
7.09452e-02
4.88741e-02
2.60025e-02
6.29593e-03
-8.12550e-03
-1.40104e-02
-9.43711e-03
-1.30167e-03
1.17036e-02
3.06704e-02
5.02093e-02
6.53589e-02
7.30926e-02
7.48581e-02
7.32109e-02
6.59606e-02
5.08507e-02
2.75583e-02
-5.03864e-03
-3.92090e-02
-6.87732e-02
-9.59438e-02
-1.20535e-01
-1.39833e-01
-1.48895e-01
-1.49365e-01
-1.42447e-01
-1.26245e-01
-9.91567e-02
-6.59586e-02
-3.13984e-02
-1.74693e-03
1.75638e-02
3.13872e-02
4.34621e-02
5.11308e-02
5.60381e-02
5.93639e-02
5.94948e-02
5.31581e-02
3.79588e-02
1.83806e-02
2.63211e-03
-9.69359e-03
-1.75107e-02
-2.07867e-02
-1.87652e-02
-1.11277e-02
1.50531e-03
1.64174e-02
2.95953e-02
3.79681e-02
4.43191e-02
4.70600e-02
4.80210e-02
5.00897e-02
5.23319e-02
5.50024e-02
5.72345e-02
5.81242e-02
5.99176e-02
6.55989e-02
7.63599e-02
9.15653e-02
1.08882e-01
1.27793e-01
1.45123e-01
1.57209e-01
1.63335e-01
1.60758e-01
1.54142e-01
1.46476e-01
1.38463e-01
1.32092e-01
1.26899e-01
1.23012e-01
1.17759e-01
1.12704e-01
1.10081e-01
1.07856e-01
1.07684e-01
1.09200e-01
1.07808e-01
9.79995e-02
7.65741e-02
4.55252e-02
1.01035e-02
-2.46927e-02
-4.85151e-02
-5.78692e-02
-5.48036e-02
-4.18715e-02
-2.57407e-02
-1.27143e-02
-7.39812e-03
-8.97266e-03
-1.23017e-02
-1.79052e-02
-2.79425e-02
-4.20699e-02
-5.89596e-02
-7.78711e-02
-9.59020e-02
-1.14698e-01
-1.34039e-01
-1.52447e-01
-1.67980e-01
-1.80145e-01
-1.86023e-01
-1.81889e-01
-1.65340e-01
-1.36407e-01
-9.91835e-02
-6.10235e-02
-2.52674e-02
7.38902e-03
3.18312e-02
4.46303e-02
4.06475e-02
1.77607e-02
-2.37641e-02
-7.21609e-02
-1.14573e-01
-1.46364e-01
-1.61139e-01
-1.64199e-01
-1.57675e-01
-1.48939e-01
-1.43366e-01
-1.40633e-01
-1.35468e-01
-1.26088e-01
-1.15769e-01
-9.96745e-02
-7.86086e-02
-5.84433e-02
-4.09968e-02
-2.69240e-02
-1.71785e-02
-9.83643e-03
-5.71012e-03
-4.55887e-03
-2.58722e-03
-1.26668e-03
1.47739e-03
1.10035e-02
2.75999e-02
5.09229e-02
7.98924e-02
1.07180e-01
1.31596e-01
1.43165e-01
1.47854e-01
1.50402e-01
1.51992e-01
1.56125e-01
1.61123e-01
1.66565e-01
1.74236e-01
1.84994e-01
1.96308e-01
2.03239e-01
2.01470e-01
1.90154e-01
1.69541e-01
1.40769e-01
1.08857e-01
7.75364e-02
5.35103e-02
3.44714e-02
1.85225e-02
7.11119e-03
2.55110e-03
-8.28492e-04
-8.04614e-03
-2.11568e-02
-4.06698e-02
-7.01948e-02
-1.11107e-01
-1.61439e-01
-2.14334e-01
-2.66153e-01
-3.20872e-01
-3.56350e-01
-3.74549e-01
-3.81665e-01
-3.66486e-01
-3.12744e-01
-2.16086e-01
-8.93940e-02
2.58119e-02
1.22599e-01
1.91094e-01
2.02804e-01
1.72024e-01
1.07290e-01
2.97659e-02
-4.82568e-02
-1.26179e-01
-2.00736e-01
-2.50538e-01
-2.83782e-01
-3.04557e-01
-3.10989e-01
-3.04138e-01
-2.79032e-01
-2.36207e-01
-1.80372e-01
-1.22149e-01
-5.71168e-02
-4.45907e-03
3.20058e-02
5.31599e-02
6.22834e-02
6.15910e-02
5.90719e-02
5.95600e-02
7.09363e-02
9.28920e-02
1.16906e-01
1.35214e-01
1.43488e-01
1.52803e-01
1.61810e-01
1.70644e-01
1.81791e-01
1.94091e-01
2.07289e-01
2.12965e-01
2.06831e-01
1.92000e-01
1.66400e-01
1.25927e-01
6.70378e-02
-5.75042e-04
-7.23483e-02
-1.40236e-01
-1.88136e-01
-2.26753e-01
-2.42412e-01
-2.34265e-01
-2.05221e-01
-1.52883e-01
-8.50547e-02
-1.09120e-02
6.41803e-02
1.28582e-01
1.69943e-01
1.89084e-01
1.92601e-01
1.85484e-01
1.65369e-01
1.28819e-01
8.19164e-02
2.11027e-02
-5.10343e-02
-1.28725e-01
-2.09103e-01
-2.68113e-01
-2.99202e-01
-3.14970e-01
-3.02107e-01
-2.63429e-01
-2.05092e-01
-1.30937e-01
-5.26338e-02
1.11129e-02
5.99211e-02
9.93357e-02
1.19386e-01
1.25563e-01
1.27976e-01
1.31617e-01
1.36396e-01
1.40479e-01
1.41793e-01
1.37251e-01
1.26597e-01
1.14555e-01
1.06097e-01
1.03686e-01
1.05868e-01
1.16673e-01
1.38413e-01
1.68059e-01
1.96941e-01
2.16860e-01
2.27589e-01
2.22888e-01
2.07293e-01
1.84893e-01
1.55140e-01
1.16822e-01
7.41845e-02
3.47268e-02
1.48920e-03
-9.76266e-03
-1.07608e-02
-6.66319e-03
3.86226e-03
1.60621e-02
2.97745e-02
4.54494e-02
6.12684e-02
7.78315e-02
9.32624e-02
1.06072e-01
1.11129e-01
1.03487e-01
8.13179e-02
4.41815e-02
-7.33046e-03
-6.81996e-02
-1.23102e-01
-1.73179e-01
-2.20934e-01
-2.57012e-01
-2.69979e-01
-2.64876e-01
-2.46084e-01
-2.11881e-01
-1.72697e-01
-1.35370e-01
-9.07369e-02
-4.78497e-02
-4.72220e-03
3.85605e-02
7.44626e-02
1.13932e-01
1.47368e-01
1.76165e-01
1.91195e-01
1.99987e-01
2.02711e-01
1.97859e-01
1.86800e-01
1.69494e-01
1.43862e-01
1.09464e-01
7.87590e-02
4.85142e-02
1.99598e-02
-1.41361e-02
-5.00137e-02
-8.39386e-02
-1.19300e-01
-1.58157e-01
-1.89222e-01
-2.19357e-01
-2.43134e-01
-2.49055e-01
-2.41872e-01
-2.21736e-01
-1.90865e-01
-1.57314e-01
-1.22864e-01
-8.57369e-02
-5.80923e-02
-4.56095e-02
-4.29815e-02
-4.38993e-02
-4.61311e-02
-4.77571e-02
-4.59365e-02
-4.02157e-02
-3.09713e-02
-1.78503e-02
-1.70722e-03
1.67225e-02
3.70142e-02
6.18065e-02
9.07373e-02
1.17540e-01
1.45914e-01
1.73242e-01
1.92752e-01
1.99307e-01
1.89115e-01
1.57955e-01
1.06886e-01
4.39274e-02
-2.24872e-02
-9.01226e-02
-1.47614e-01
-1.93767e-01
-2.12752e-01
-2.04418e-01
-1.74764e-01
-1.19915e-01
-4.96719e-02
1.33485e-02
6.46089e-02
9.72378e-02
1.11205e-01
1.15248e-01
1.12106e-01
1.06986e-01
1.00950e-01
8.94108e-02
7.10856e-02
4.70724e-02
1.56111e-02
-2.69189e-02
-7.60594e-02
-1.29891e-01
-1.79401e-01
-2.15013e-01
-2.32238e-01
-2.35235e-01
-2.26779e-01
-2.06593e-01
-1.75797e-01
-1.35080e-01
-8.85645e-02
-3.66338e-02
9.10381e-03
3.30498e-02
5.10876e-02
5.81654e-02
5.73854e-02
5.80801e-02
6.48677e-02
8.21087e-02
1.08436e-01
1.37226e-01
1.61151e-01
1.85011e-01
2.00904e-01
2.16117e-01
2.30352e-01
2.42980e-01
2.52234e-01
2.51991e-01
2.35758e-01
2.02256e-01
1.58832e-01
9.79089e-02
3.99552e-02
-7.73100e-03
-5.46391e-02
-9.66068e-02
-1.26921e-01
-1.48658e-01
-1.68518e-01
-1.80887e-01
-1.86095e-01
-1.83438e-01
-1.72415e-01
-1.53436e-01
-1.29167e-01
-1.00979e-01
-7.29978e-02
-5.21530e-02
-4.25410e-02
-4.25719e-02
-4.85624e-02
-5.89460e-02
-7.40597e-02
-9.30510e-02
-1.12284e-01
-1.28211e-01
-1.38655e-01
-1.43424e-01
-1.46310e-01
-1.48397e-01
-1.50448e-01
-1.56513e-01
-1.66475e-01
-1.74691e-01
-1.78944e-01
-1.77808e-01
-1.70861e-01
-1.57892e-01
-1.40405e-01
-1.17694e-01
-8.73358e-02
-5.08646e-02
-1.08098e-02
3.31081e-02
8.10108e-02
1.31826e-01
1.80722e-01
2.14015e-01
2.26177e-01
2.24376e-01
2.15901e-01
2.00028e-01
1.81773e-01
1.66916e-01
1.56752e-01
1.49871e-01
1.43559e-01
1.37279e-01
1.31319e-01
1.23716e-01
1.17777e-01
1.14697e-01
1.10160e-01
1.03906e-01
9.53480e-02
8.56590e-02
7.75217e-02
7.02112e-02
5.91453e-02
4.29665e-02
2.08390e-02
-3.81943e-03
-2.83153e-02
-4.96282e-02
-6.49596e-02
-7.33327e-02
-7.32115e-02
-6.74731e-02
-5.39489e-02
-3.26196e-02
-9.87869e-03
1.11421e-02
3.08051e-02
4.39332e-02
4.99869e-02
4.47595e-02
2.64896e-02
1.64106e-03
-1.60332e-02
-3.07054e-02
-4.07519e-02
-4.29859e-02
-3.64033e-02
-2.31977e-02
-6.04319e-03
1.15801e-02
2.55966e-02
3.21737e-02
3.04233e-02
2.32284e-02
1.27584e-02
3.16337e-03
-3.32674e-03
-7.24175e-03
-8.49220e-03
-7.68154e-03
-1.71679e-03
1.20160e-02
2.88168e-02
4.54304e-02
5.81408e-02
6.77086e-02
7.40920e-02
8.14737e-02
9.26696e-02
1.11134e-01
1.33471e-01
1.52517e-01
1.61995e-01
1.57306e-01
1.42234e-01
1.18438e-01
8.81335e-02
5.73131e-02
3.05458e-02
1.14168e-02
5.83723e-04
-3.07588e-03
-4.51476e-03
-7.35526e-03
-1.17635e-02
-2.00771e-02
-2.94439e-02
-3.65943e-02
-3.76787e-02
-3.30184e-02
-2.37961e-02
-1.28282e-02
-2.45857e-03
6.81944e-03
1.29877e-02
1.84264e-02
2.57479e-02
3.60305e-02
4.59863e-02
5.12534e-02
5.11839e-02
4.62287e-02
3.66880e-02
2.56169e-02
1.20940e-02
-3.36271e-03
-2.23542e-02
-4.97378e-02
-8.22896e-02
-1.18189e-01
-1.48423e-01
-1.70429e-01
-1.89242e-01
-2.00758e-01
-2.02669e-01
-1.90549e-01
-1.62399e-01
-1.20639e-01
-7.51205e-02
-3.81277e-02
-1.40354e-02
-2.17086e-03
6.30727e-03
1.42801e-02
2.55037e-02
4.02878e-02
5.69834e-02
7.30367e-02
8.53460e-02
9.41095e-02
1.02719e-01
1.11766e-01
1.21288e-01
1.30398e-01
1.37354e-01
1.41040e-01
1.39032e-01
1.31557e-01
1.19869e-01
1.04591e-01
8.71686e-02
7.25315e-02
6.14574e-02
5.13064e-02
4.38623e-02
3.76283e-02
3.44643e-02
3.74416e-02
5.31268e-02
8.18667e-02
1.19750e-01
1.57539e-01
1.82529e-01
1.89924e-01
1.81405e-01
1.54951e-01
1.14315e-01
6.64482e-02
1.60067e-02
-2.78351e-02
-6.60509e-02
-1.02897e-01
-1.33111e-01
-1.62330e-01
-1.82835e-01
-1.95641e-01
-2.03079e-01
-2.05067e-01
-2.00802e-01
-1.90082e-01
-1.72113e-01
-1.48422e-01
-1.23797e-01
-1.04981e-01
-9.11050e-02
-8.06868e-02
-7.28451e-02
-6.68065e-02
-6.08606e-02
-5.54277e-02
-4.98250e-02
-4.24335e-02
-3.37095e-02
-2.32040e-02
-8.95584e-03
9.71850e-03
3.04018e-02
4.98253e-02
6.56921e-02
7.58508e-02
7.96916e-02
7.85831e-02
7.39329e-02
6.59969e-02
5.36148e-02
3.59419e-02
1.69747e-02
-1.74104e-03
-1.58115e-02
-2.82947e-02
-3.97844e-02
-5.00697e-02
-5.84895e-02
-6.53522e-02
-6.93705e-02
-6.80314e-02
-6.42274e-02
-5.91755e-02
-5.14097e-02
-4.13922e-02
-3.04424e-02
-2.19380e-02
-1.84059e-02
-2.03271e-02
-2.62839e-02
-3.16945e-02
-3.99107e-02
-5.19251e-02
-6.64662e-02
-8.24162e-02
-9.57893e-02
-1.05295e-01
-1.09807e-01
-1.08671e-01
-1.00214e-01
-8.09061e-02
-4.91514e-02
-7.70110e-03
3.05469e-02
5.86524e-02
7.21797e-02
7.60044e-02
7.13403e-02
5.84231e-02
3.84319e-02
1.46436e-02
-1.17831e-02
-3.72182e-02
-5.31836e-02
-6.27761e-02
-6.95960e-02
-7.16255e-02
-6.48065e-02
-4.95813e-02
-2.91853e-02
-8.37319e-03
7.71518e-03
1.82338e-02
2.74709e-02
3.70745e-02
4.95330e-02
6.59462e-02
8.23941e-02
9.70706e-02
1.06808e-01
1.09954e-01
1.07141e-01
9.90819e-02
8.70043e-02
7.22563e-02
5.77264e-02
4.45111e-02
3.55748e-02
2.77466e-02
1.54259e-02
-3.82581e-03
-2.27410e-02
-4.52373e-02
-7.01539e-02
-8.97401e-02
-1.05732e-01
-1.18239e-01
-1.26545e-01
-1.31253e-01
-1.31943e-01
-1.25764e-01
-1.16229e-01
-1.08951e-01
-1.06202e-01
-1.04172e-01
-1.01031e-01
-9.54182e-02
-8.62888e-02
-7.40762e-02
-6.16098e-02
-5.29791e-02
-4.85998e-02
-4.77675e-02
-5.33055e-02
-6.20896e-02
-6.97458e-02
-7.24816e-02
-7.04685e-02
-6.31240e-02
-5.19831e-02
-3.80195e-02
-2.10100e-02
-4.38617e-03
8.06881e-03
1.78357e-02
2.02598e-02
2.03317e-02
2.26263e-02
2.95806e-02
4.20533e-02
5.69596e-02
7.21667e-02
8.40372e-02
9.23501e-02
9.74497e-02
9.92303e-02
9.86631e-02
9.43253e-02
8.77544e-02
8.12885e-02
7.66749e-02
7.17389e-02
6.16781e-02
4.36627e-02
1.78757e-02
-1.32918e-02
-4.55835e-02
-7.27732e-02
-9.27406e-02
-9.99652e-02
-9.60203e-02
-8.35070e-02
-6.15215e-02
-3.31750e-02
-2.39520e-04
3.46387e-02
7.76963e-02
1.17683e-01
1.51527e-01
1.72692e-01
1.85002e-01
1.85020e-01
1.78886e-01
1.70007e-01
1.56593e-01
1.43215e-01
1.29036e-01
1.17207e-01
1.08439e-01
1.02244e-01
9.77926e-02
9.23446e-02
8.62773e-02
7.64141e-02
6.35517e-02
5.13708e-02
3.71369e-02
1.99937e-02
2.61666e-04
-1.88902e-02
-3.47582e-02
-4.17624e-02
-4.07119e-02
-3.70983e-02
-3.33029e-02
-2.97071e-02
-2.65901e-02
-2.50810e-02
-2.52929e-02
-2.43876e-02
-2.01784e-02
-1.20637e-02
1.44173e-03
1.79618e-02
3.48137e-02
4.78838e-02
5.50404e-02
5.62091e-02
5.42170e-02
5.01412e-02
4.40787e-02
3.57355e-02
2.37133e-02
8.45606e-03
-1.10707e-02
-3.47778e-02
-5.65674e-02
-7.28143e-02
-8.05352e-02
-8.30191e-02
-7.83272e-02
-6.60807e-02
-4.83977e-02
-2.84957e-02
-9.61288e-03
3.95957e-03
1.10916e-02
1.54833e-02
1.87735e-02
1.89584e-02
1.55057e-02
9.97501e-03
3.59758e-03
1.24816e-03
2.79089e-03
5.29291e-03
6.48015e-03
7.04786e-03
5.06415e-03
2.51599e-03
8.39019e-04
1.27720e-03
6.00068e-03
1.70540e-02
3.56499e-02
5.70227e-02
7.29255e-02
8.08579e-02
7.95692e-02
7.04650e-02
5.80316e-02
4.18533e-02
1.86273e-02
-1.26977e-02
-4.39699e-02
-6.96115e-02
-8.65350e-02
-9.31658e-02
-9.31209e-02
-9.14073e-02
-8.99885e-02
-9.01115e-02
-9.12060e-02
-9.35147e-02
-9.47826e-02
-9.55987e-02
-9.51317e-02
-9.36932e-02
-9.05413e-02
-8.45558e-02
-7.58145e-02
-6.49086e-02
-5.62530e-02
-5.11573e-02
-4.73009e-02
-4.19708e-02
-3.42659e-02
-2.25395e-02
-3.08432e-03
2.52883e-02
6.02816e-02
8.69042e-02
1.03768e-01
1.08774e-01
1.01762e-01
8.61472e-02
6.60231e-02
4.75651e-02
3.60962e-02
3.42964e-02
4.16158e-02
5.74019e-02
7.92472e-02
1.02496e-01
1.21261e-01
1.35138e-01
1.41295e-01
1.37285e-01
1.24836e-01
1.05286e-01
8.15138e-02
5.72843e-02
3.68871e-02
2.37118e-02
1.23980e-02
5.45408e-03
-9.55374e-04
-8.18093e-03
-1.56475e-02
-2.18235e-02
-2.24440e-02
-2.00835e-02
-1.67235e-02
-1.52920e-02
-1.88824e-02
-2.60057e-02
-3.37281e-02
-4.18685e-02
-5.12771e-02
-5.98422e-02
-7.09570e-02
-8.44725e-02
-9.73701e-02
-1.07434e-01
-1.13486e-01
-1.17749e-01
-1.20620e-01
-1.21434e-01
-1.20186e-01
-1.16788e-01
-1.13350e-01
-1.15833e-01
-1.19820e-01
-1.21096e-01
-1.21456e-01
-1.19007e-01
-1.12106e-01
-1.02464e-01
-8.89179e-02
-6.96668e-02
-4.88769e-02
-3.12644e-02
-1.55029e-02
-6.15548e-03
7.22036e-04
5.53812e-03
7.86396e-03
6.99113e-03
2.53003e-03
-2.83742e-03
-6.59866e-03
-8.26424e-03
-5.15435e-03
2.59652e-03
1.56434e-02
3.37865e-02
5.33270e-02
7.09133e-02
8.39237e-02
8.74296e-02
8.08160e-02
6.44260e-02
4.30645e-02
2.28709e-02
1.79336e-03
-1.83222e-02
-2.89095e-02
-3.46237e-02
-3.78803e-02
-3.97411e-02
-4.21532e-02
-4.59534e-02
-5.06901e-02
-5.26824e-02
-5.30661e-02
-5.81192e-02
-6.60771e-02
-7.40285e-02
-7.96312e-02
-8.20571e-02
-8.53564e-02
-8.84568e-02
-9.04441e-02
-9.00773e-02
-8.82070e-02
-8.52055e-02
-8.00771e-02
-7.21831e-02
-6.13795e-02
-4.63470e-02
-3.08730e-02
-1.68925e-02
1.68066e-03
2.08168e-02
3.28847e-02
3.74125e-02
3.91369e-02
4.03216e-02
4.35180e-02
4.91561e-02
5.79788e-02
7.01777e-02
8.48166e-02
9.97261e-02
1.10577e-01
1.15807e-01
1.15419e-01
1.12471e-01
1.08374e-01
1.02276e-01
9.73357e-02
9.52611e-02
9.48749e-02
8.77959e-02
7.51284e-02
5.60134e-02
3.53241e-02
1.79709e-02
-4.06276e-04
-1.20021e-02
-1.93180e-02
-2.71551e-02
-3.27563e-02
-3.57188e-02
-3.65997e-02
-3.58602e-02
-3.49375e-02
-3.49588e-02
-3.64619e-02
-4.04339e-02
-4.70792e-02
-5.68340e-02
-6.66566e-02
-7.31447e-02
-7.59884e-02
-7.80963e-02
-8.05724e-02
-8.16048e-02
-8.16655e-02
-8.16701e-02
-7.99122e-02
-7.90972e-02
-7.78649e-02
-7.51767e-02
-6.83939e-02
-5.76283e-02
-4.47670e-02
-3.55380e-02
-3.36732e-02
-3.46006e-02
-3.41396e-02
-3.13049e-02
-2.55844e-02
-1.47682e-02
2.90054e-03
2.28070e-02
4.14498e-02
6.15624e-02
7.83829e-02
8.76897e-02
9.79023e-02
1.12940e-01
1.32663e-01
1.52335e-01
1.68274e-01
1.81255e-01
1.91364e-01
1.97036e-01
1.97610e-01
1.93599e-01
1.87464e-01
1.77194e-01
1.60883e-01
1.38462e-01
1.10295e-01
7.67657e-02
3.93399e-02
7.33291e-03
-2.44856e-02
-5.09471e-02
-6.95257e-02
-8.13774e-02
-8.79024e-02
-8.90724e-02
-8.42477e-02
-7.53989e-02
-6.25034e-02
-4.81395e-02
-3.56772e-02
-2.85074e-02
-2.65110e-02
-2.95819e-02
-3.75678e-02
-4.67582e-02
-5.72754e-02
-6.58609e-02
-6.43319e-02
-6.45532e-02
-6.46657e-02
-6.21603e-02
-5.73069e-02
-4.87108e-02
-3.59138e-02
-1.68307e-02
5.48651e-03
2.45671e-02
3.80389e-02
4.82153e-02
5.37206e-02
5.19742e-02
4.30695e-02
3.56156e-02
3.40570e-02
3.19395e-02
2.66012e-02
1.93489e-02
1.14385e-02
5.41081e-03
5.70528e-04
-5.99407e-03
-1.53175e-02
-2.50381e-02
-3.34208e-02
-4.03379e-02
-4.79558e-02
-5.37536e-02
-6.17985e-02
-7.49244e-02
-9.06393e-02
-1.08937e-01
-1.28113e-01
-1.47378e-01
-1.60340e-01
-1.68692e-01
-1.64563e-01
-1.50300e-01
-1.23835e-01
-8.77703e-02
-5.34726e-02
-2.00518e-02
1.47454e-02
3.70948e-02
4.73056e-02
5.19782e-02
5.29026e-02
5.54621e-02
5.79245e-02
5.82275e-02
5.73719e-02
5.85622e-02
6.26717e-02
6.79934e-02
7.06048e-02
6.71978e-02
5.89689e-02
4.90872e-02
4.40901e-02
4.49442e-02
4.81739e-02
5.31598e-02
5.59379e-02
5.27560e-02
3.96489e-02
1.73380e-02
-7.04221e-03
-3.20595e-02
-4.69129e-02
-5.23332e-02
-5.19004e-02
-4.22127e-02
-2.47711e-02
-4.59838e-03
1.21709e-02
2.49908e-02
3.56102e-02
3.97359e-02
3.93650e-02
3.63874e-02
3.40782e-02
3.39868e-02
3.79090e-02
4.60840e-02
5.80402e-02
7.44303e-02
9.26333e-02
1.11506e-01
1.28042e-01
1.40156e-01
1.45268e-01
1.43440e-01
1.34189e-01
1.16758e-01
9.32762e-02
6.87315e-02
4.68553e-02
3.13421e-02
2.05713e-02
1.54064e-02
1.51153e-02
1.57871e-02
1.65539e-02
1.60714e-02
1.51535e-02
1.61215e-02
2.00749e-02
2.61925e-02
3.12253e-02
3.44446e-02
3.69479e-02
3.85993e-02
4.12799e-02
4.43693e-02
4.70373e-02
5.02232e-02
5.10552e-02
4.92285e-02
4.48898e-02
3.77680e-02
2.72915e-02
1.29307e-02
-3.28827e-03
-2.23319e-02
-4.29290e-02
-6.15021e-02
-7.80967e-02
-9.05953e-02
-1.02654e-01
-1.15473e-01
-1.31121e-01
-1.47621e-01
-1.63542e-01
-1.78197e-01
-1.86692e-01
-1.88670e-01
-1.81643e-01
-1.68542e-01
-1.52757e-01
-1.34481e-01
-1.16794e-01
-1.01439e-01
-8.94641e-02
-7.93756e-02
-7.06665e-02
-6.32952e-02
-5.36641e-02
-4.33469e-02
-3.18666e-02
-1.93056e-02
-7.60943e-03
5.17480e-03
2.14787e-02
3.97326e-02
5.69531e-02
7.30594e-02
8.75308e-02
1.02605e-01
1.16318e-01
1.31265e-01
1.44581e-01
1.51985e-01
1.51528e-01
1.40589e-01
1.20968e-01
9.46008e-02
6.50655e-02
3.63647e-02
1.27428e-02
-8.33357e-04
-9.82557e-03
-1.51569e-02
-1.71758e-02
-1.75984e-02
-1.58144e-02
-1.37740e-02
-1.19183e-02
-1.09766e-02
-7.85772e-03
2.07898e-03
1.88351e-02
3.98977e-02
6.06094e-02
7.59330e-02
8.20690e-02
8.05200e-02
7.40545e-02
6.44362e-02
5.42976e-02
4.70790e-02
4.32062e-02
4.21098e-02
4.12567e-02
3.98055e-02
3.70281e-02
3.35400e-02
3.01622e-02
2.61767e-02
2.30954e-02
1.99124e-02
1.67851e-02
1.22611e-02
5.70299e-03
-1.46196e-03
-8.67215e-03
-1.66429e-02
-2.36384e-02
-2.74678e-02
-2.59947e-02
-2.05563e-02
-1.22849e-02
-2.18718e-03
6.81018e-03
1.28725e-02
1.44664e-02
1.01425e-02
8.86700e-04
-1.10071e-02
-2.31432e-02
-3.57065e-02
-4.65841e-02
-5.47451e-02
-5.94358e-02
-5.73156e-02
-4.84371e-02
-3.29538e-02
-1.49382e-02
-2.83536e-03
2.02398e-03
-1.91321e-03
-1.09260e-02
-2.16359e-02
-3.17797e-02
-3.93739e-02
-4.62198e-02
-5.28652e-02
-5.61000e-02
-5.52465e-02
-5.07984e-02
-4.37382e-02
-3.55494e-02
-2.79613e-02
-2.11565e-02
-1.32602e-02
-3.08273e-03
6.90564e-03
1.61135e-02
2.32540e-02
2.61152e-02
2.15829e-02
8.95064e-03
-9.76846e-03
-3.07804e-02
-5.10569e-02
-6.71066e-02
-7.66798e-02
-7.96450e-02
-7.10361e-02
-5.15208e-02
-2.44210e-02
7.51238e-04
1.83759e-02
2.82406e-02
3.23860e-02
3.23372e-02
2.95033e-02
2.40863e-02
1.96913e-02
1.59581e-02
1.35414e-02
1.26269e-02
1.39906e-02
1.51986e-02
1.61833e-02
1.76116e-02
1.63743e-02
1.07997e-02
4.97284e-03
2.61810e-03
6.95393e-03
1.73064e-02
2.95985e-02
4.10949e-02
4.74081e-02
4.93582e-02
4.89088e-02
4.75959e-02
4.55549e-02
4.36037e-02
4.19459e-02
4.15925e-02
4.16122e-02
3.71330e-02
2.66719e-02
1.36004e-02
3.58506e-04
-1.13989e-02
-2.11903e-02
-2.86329e-02
-3.47811e-02
-3.86319e-02
-4.18633e-02
-5.16104e-02
-6.34191e-02
-6.69184e-02
-6.82863e-02
-6.92039e-02
-6.87788e-02
-6.64236e-02
-6.34837e-02
-6.08451e-02
-5.92387e-02
-6.01768e-02
-6.22190e-02
-6.22268e-02
-5.68988e-02
-4.65760e-02
-3.49023e-02
-2.19043e-02
-1.02781e-02
-5.81320e-03
-7.94805e-03
-1.62189e-02
-3.20912e-02
-5.27878e-02
-6.95400e-02
-8.17911e-02
-8.90653e-02
-9.09291e-02
-9.07805e-02
-8.51990e-02
-7.82470e-02
-7.14926e-02
-6.87418e-02
-7.03922e-02
-7.41428e-02
-7.90005e-02
-8.00684e-02
-7.81425e-02
-7.42626e-02
-6.93622e-02
-6.47083e-02
-6.10711e-02
-5.80448e-02
-5.52827e-02
-5.16347e-02
-4.40708e-02
-3.37621e-02
-2.24263e-02
-1.09560e-02
-7.00679e-03
-1.90543e-03
6.09142e-03
1.45389e-02
2.07005e-02
2.24286e-02
2.15025e-02
1.58301e-02
4.34171e-03
-9.47011e-03
-2.15765e-02
-3.08225e-02
-3.75805e-02
-4.12898e-02
-3.94022e-02
-3.43942e-02
-2.74589e-02
-1.87362e-02
-9.00696e-03
2.92289e-04
9.98098e-03
2.06587e-02
3.33247e-02
5.13290e-02
7.22174e-02
9.18827e-02
1.06906e-01
1.14354e-01
1.15363e-01
1.10847e-01
1.03305e-01
9.22432e-02
7.58648e-02
5.40559e-02
3.10344e-02
1.07451e-02
-7.99825e-03
-1.88410e-02
-2.43171e-02
-2.33700e-02
-1.63663e-02
-4.39712e-03
1.18674e-02
2.72496e-02
4.07675e-02
5.15656e-02
5.56689e-02
5.50023e-02
4.91776e-02
3.92776e-02
2.85313e-02
1.81652e-02
8.96363e-03
-1.56205e-04
-6.06107e-03
-1.09834e-02
-1.42977e-02
-1.32622e-02
-5.76431e-03
6.00016e-03
2.13993e-02
3.83168e-02
5.42877e-02
6.86112e-02
7.81525e-02
8.28888e-02
8.20906e-02
7.50815e-02
6.19232e-02
4.65157e-02
3.40653e-02
2.70381e-02
2.59006e-02
2.83629e-02
3.52961e-02
4.48165e-02
5.27239e-02
5.60859e-02
5.48756e-02
4.88749e-02
3.76290e-02
2.50045e-02
1.13728e-02
-6.03922e-03
-2.51567e-02
-4.01557e-02
-5.22362e-02
-6.53081e-02
-7.52336e-02
-8.09037e-02
-8.27249e-02
-8.12388e-02
-7.45320e-02
-6.36600e-02
-5.06184e-02
-3.78876e-02
-2.55552e-02
-1.90427e-02
-1.77596e-02
-1.79462e-02
-2.02370e-02
-2.21109e-02
-2.18592e-02
-1.83194e-02
-1.47142e-02
-1.13880e-02
-7.67181e-03
-5.00163e-03
2.78733e-03
1.21964e-02
2.02784e-02
2.66664e-02
3.20284e-02
3.47262e-02
3.67983e-02
4.04628e-02
4.64597e-02
5.41856e-02
6.17458e-02
6.73766e-02
6.88380e-02
6.50441e-02
5.66303e-02
4.61851e-02
3.42371e-02
2.45899e-02
1.78691e-02
1.24104e-02
9.26570e-03
8.38845e-03
9.15614e-03
9.48210e-03
6.87480e-03
9.21020e-04
-6.61781e-03
-1.18212e-02
-1.11619e-02
-5.57766e-03
5.19042e-03
1.97469e-02
3.54409e-02
4.80173e-02
5.55447e-02
5.75284e-02
5.50503e-02
4.98894e-02
4.36642e-02
3.65890e-02
3.19136e-02
3.03733e-02
3.33111e-02
4.05104e-02
5.11332e-02
6.28197e-02
7.27133e-02
7.91196e-02
8.19129e-02
8.02080e-02
7.40016e-02
6.44199e-02
5.22266e-02
3.81241e-02
2.30379e-02
1.27181e-02
5.99630e-03
1.29638e-03
-3.57986e-03
-7.73410e-03
-9.65987e-03
-1.02811e-02
-1.15279e-02
-1.46504e-02
-1.75199e-02
-2.08973e-02
-2.25513e-02
-2.07348e-02
-1.69332e-02
-1.05086e-02
-2.27691e-03
6.26491e-03
1.36389e-02
2.17575e-02
2.78555e-02
3.26370e-02
3.56456e-02
3.44336e-02
3.16105e-02
2.96238e-02
2.93106e-02
2.81549e-02
2.53299e-02
2.10312e-02
1.68884e-02
1.07219e-02
2.90764e-04
-1.11751e-02
-1.89733e-02
-1.68264e-02
-1.72663e-02
-1.57369e-02
-8.04745e-03
4.62371e-03
2.10403e-02
3.47091e-02
4.08237e-02
4.32749e-02
4.68442e-02
5.09280e-02
5.38871e-02
5.80307e-02
6.47353e-02
7.24856e-02
8.28375e-02
9.12978e-02
9.69561e-02
9.78782e-02
9.62019e-02
9.25027e-02
8.66359e-02
8.25644e-02
7.96127e-02
7.71198e-02
7.42662e-02
7.09785e-02
6.72375e-02
5.94190e-02
4.65330e-02
2.78284e-02
6.83050e-03
-1.37051e-02
-3.07439e-02
-4.14864e-02
-5.06713e-02
-5.29890e-02
-4.99911e-02
-4.56763e-02
-3.92447e-02
-3.24395e-02
-2.78573e-02
-2.66082e-02
-2.75280e-02
-3.31147e-02
-4.41941e-02
-5.72919e-02
-7.26879e-02
-8.86854e-02
-1.02043e-01
-1.11960e-01
-1.17734e-01
-1.19990e-01
-1.16647e-01
-1.09893e-01
-1.02707e-01
-9.56280e-02
-8.96435e-02
-8.44797e-02
-7.95507e-02
-7.39445e-02
-6.85964e-02
-6.32135e-02
-5.38973e-02
-4.10160e-02
-2.82001e-02
-1.64494e-02
-7.16011e-03
-1.76684e-03
-9.39593e-04
-2.72292e-03
-4.25185e-03
-4.79957e-03
-3.49839e-03
-1.66337e-03
1.52641e-03
3.44853e-03
2.50731e-03
-4.09231e-03
-1.73259e-02
-3.32289e-02
-4.84212e-02
-6.29724e-02
-7.72181e-02
-8.78436e-02
-9.75422e-02
-1.07435e-01
-1.13917e-01
-1.17780e-01
-1.18280e-01
-1.12013e-01
-9.65082e-02
-7.29133e-02
-4.30447e-02
-1.26108e-02
1.48915e-02
3.71029e-02
5.09698e-02
5.77029e-02
5.87901e-02
5.63946e-02
5.43007e-02
5.19766e-02
4.97527e-02
5.07950e-02
5.59495e-02
6.24805e-02
6.83964e-02
7.15147e-02
6.95956e-02
6.04194e-02
4.69151e-02
2.99995e-02
1.10382e-02
-4.84401e-03
-1.85188e-02
-2.92411e-02
-3.59619e-02
-3.41566e-02
-2.46724e-02
-9.85683e-03
6.49578e-03
2.00484e-02
3.43502e-02
4.41426e-02
5.07099e-02
5.81616e-02
6.23297e-02
6.51076e-02
6.55190e-02
6.00702e-02
4.78017e-02
2.84131e-02
8.14625e-03
-1.34548e-02
-2.88368e-02
-3.86533e-02
-4.52482e-02
-4.85581e-02
-4.69732e-02
-4.08893e-02
-3.40298e-02
-2.88197e-02
-2.68699e-02
-2.79861e-02
-3.22816e-02
-3.78732e-02
-4.09743e-02
-4.08035e-02
-3.60987e-02
-2.52498e-02
-9.96650e-03
8.82303e-03
2.83546e-02
4.12428e-02
4.64367e-02
4.76663e-02
4.80218e-02
4.68888e-02
4.52596e-02
4.22378e-02
3.67176e-02
2.88942e-02
1.86185e-02
7.03647e-03
-1.46597e-03
-5.86042e-03
-5.75464e-03
-2.28052e-03
3.35320e-03
9.09153e-03
1.60033e-02
2.39618e-02
3.18033e-02
3.64037e-02
3.32919e-02
2.49538e-02
1.41200e-02
2.31965e-03
-7.75819e-03
-1.52769e-02
-1.92982e-02
-2.08317e-02
-2.20330e-02
-2.27411e-02
-2.32165e-02
-2.27610e-02
-2.29230e-02
-2.49598e-02
-2.61732e-02
-2.51301e-02
-2.14560e-02
-1.76628e-02
-1.45413e-02
-1.21826e-02
-1.37915e-02
-1.66813e-02
-1.87726e-02
-1.92605e-02
-1.77200e-02
-1.49772e-02
-1.06560e-02
-6.15110e-03
-1.07329e-03
4.83226e-03
1.29201e-02
2.23633e-02
2.76375e-02
2.66153e-02
2.29489e-02
1.67122e-02
8.79241e-03
7.12799e-04
-8.45566e-03
-1.78841e-02
-2.48937e-02
-3.16523e-02
-3.68290e-02
-3.91527e-02
-3.98148e-02
-3.70350e-02
-3.16081e-02
-2.76802e-02
-2.53447e-02
-2.53048e-02
-2.74340e-02
-2.71948e-02
-2.44900e-02
-2.16977e-02
-2.23562e-02
-2.79445e-02
-3.44806e-02
-3.98779e-02
-3.98274e-02
-3.48713e-02
-2.97004e-02
-2.71927e-02
-2.44966e-02
-1.90881e-02
-1.26940e-02
-5.61624e-03
5.33743e-04
3.89893e-03
3.73414e-03
7.85712e-04
-3.78699e-03
-8.20873e-03
-9.49636e-03
-6.74463e-03
-1.56697e-03
5.60976e-03
1.25735e-02
1.59495e-02
1.45508e-02
8.29541e-03
-3.82711e-03
-1.95978e-02
-3.47627e-02
-4.69267e-02
-5.58746e-02
-5.86962e-02
-5.81578e-02
-5.52561e-02
-5.10009e-02
-4.64934e-02
-4.29599e-02
-4.35560e-02
-4.74115e-02
-5.14318e-02
-5.40224e-02
-5.26923e-02
-4.85349e-02
-4.33228e-02
-4.13438e-02
-4.13952e-02
-4.13215e-02
-4.30852e-02
-4.60225e-02
-5.15257e-02
-5.77640e-02
-6.21688e-02
-6.39528e-02
-6.44688e-02
-6.22567e-02
-5.66985e-02
-4.77414e-02
-3.78429e-02
-2.87473e-02
-2.10665e-02
-1.53191e-02
-9.96881e-03
-4.11236e-03
1.52281e-03
7.32445e-03
1.52239e-02
2.45690e-02
3.38764e-02
4.31738e-02
5.11972e-02
5.82599e-02
6.34386e-02
6.61702e-02
6.73089e-02
6.71793e-02
6.78060e-02
6.88014e-02
6.69899e-02
6.12669e-02
5.12001e-02
3.82600e-02
2.33676e-02
1.26629e-02
5.72905e-03
1.36675e-03
-2.50761e-04
-2.15411e-03
-5.11160e-03
-8.56961e-03
-1.15170e-02
-1.23482e-02
-1.09789e-02
-7.23247e-03
-1.42245e-03
4.83216e-03
1.15980e-02
2.03595e-02
2.96893e-02
3.67771e-02
4.06666e-02
3.67809e-02
2.34819e-02
6.11341e-03
-1.06890e-02
-2.22321e-02
-2.88561e-02
-3.00085e-02
-2.75910e-02
-2.32257e-02
-1.57980e-02
-6.30332e-03
1.51936e-03
8.64819e-03
1.46062e-02
1.87232e-02
2.22654e-02
2.64017e-02
3.15735e-02
3.71533e-02
4.36238e-02
5.07373e-02
5.51490e-02
5.61437e-02
5.51133e-02
5.20270e-02
4.72096e-02
4.20244e-02
3.59070e-02
2.91273e-02
2.32222e-02
2.01283e-02
2.15691e-02
2.36176e-02
2.64239e-02
3.03741e-02
3.36958e-02
3.63541e-02
3.87731e-02
4.13263e-02
4.36617e-02
4.42844e-02
4.19284e-02
3.59085e-02
2.95221e-02
2.18054e-02
1.17624e-02
-2.26497e-04
-1.23274e-02
-2.43789e-02
-3.44284e-02
-3.76256e-02
-3.72427e-02
-3.32761e-02
-2.48412e-02
-1.42045e-02
-4.07562e-03
2.77078e-03
5.73920e-03
5.19367e-03
3.69570e-03
2.38408e-03
1.88899e-03
2.75535e-03
5.61285e-03
8.99810e-03
1.27202e-02
1.60024e-02
1.82339e-02
1.87859e-02
1.91592e-02
2.17358e-02
2.70251e-02
3.28815e-02
3.52476e-02
3.48636e-02
3.15371e-02
2.68145e-02
2.19670e-02
1.70255e-02
8.52569e-03
-2.28458e-03
-1.12265e-02
-1.59651e-02
-1.73542e-02
-1.47227e-02
-1.05791e-02
-6.10685e-03
-1.68243e-03
1.68069e-03
2.85498e-03
1.02957e-03
-3.26315e-03
-9.01296e-03
-1.28481e-02
-1.26506e-02
-1.00873e-02
-3.45673e-03
7.61792e-03
2.16981e-02
3.52683e-02
4.51141e-02
4.88376e-02
4.81601e-02
4.56012e-02
4.29511e-02
4.26009e-02
4.33031e-02
4.08664e-02
3.59190e-02
3.28946e-02
2.95780e-02
2.46135e-02
1.97603e-02
1.48214e-02
9.38466e-03
4.02759e-03
-1.16785e-03
-5.97195e-03
-1.23633e-02
-2.03196e-02
-3.02304e-02
-3.98651e-02
-4.56803e-02
-4.86606e-02
-4.89244e-02
-4.81385e-02
-4.66953e-02
-4.26228e-02
-3.68589e-02
-2.95512e-02
-2.14601e-02
-1.15436e-02
-2.35179e-03
6.61740e-03
1.55324e-02
2.38142e-02
3.01773e-02
3.46603e-02
3.73675e-02
3.78407e-02
3.49283e-02
2.73827e-02
1.75245e-02
7.89793e-03
5.48775e-04
-3.89386e-03
-4.67366e-03
-4.03954e-03
-3.34436e-03
-2.92946e-03
-2.38216e-03
-3.41762e-03
-7.68033e-03
-1.79634e-02
-3.09256e-02
-4.26553e-02
-5.18730e-02
-5.55980e-02
-5.71670e-02
-5.82126e-02
-5.73189e-02
-5.37219e-02
-4.64731e-02
-3.77962e-02
-3.19344e-02
-2.89485e-02
-2.67392e-02
-2.67976e-02
-2.95780e-02
-3.29373e-02
-3.61758e-02
-4.01526e-02
-4.30149e-02
-4.29912e-02
-4.20668e-02
-4.01840e-02
-3.53766e-02
-2.91827e-02
-2.47496e-02
-2.12306e-02
-1.63002e-02
-9.52079e-03
-2.82224e-03
5.62846e-03
1.54725e-02
2.54725e-02
3.45513e-02
4.22030e-02
4.88591e-02
5.14701e-02
4.95537e-02
4.40744e-02
3.55962e-02
2.56556e-02
1.48883e-02
5.86216e-03
9.41128e-05
-4.11850e-03
-6.28735e-03
-5.54807e-03
-3.72610e-03
-3.60635e-03
-6.57965e-03
-1.03381e-02
-1.50086e-02
-1.72804e-02
-1.70724e-02
-1.57082e-02
-1.49083e-02
-1.51519e-02
-1.53973e-02
-1.55066e-02
-1.49471e-02
-1.36502e-02
-1.26991e-02
-1.23598e-02
-1.31731e-02
-1.48121e-02
-1.74002e-02
-2.06809e-02
-2.25863e-02
-2.37479e-02
-2.48772e-02
-2.81851e-02
-3.40352e-02
-4.25015e-02
-5.16031e-02
-5.95995e-02
-6.95261e-02
-8.18116e-02
-9.01295e-02
-9.43699e-02
-9.54285e-02
-9.33729e-02
-8.73301e-02
-7.70242e-02
-6.17460e-02
-4.42066e-02
-2.90517e-02
-1.81926e-02
-1.00309e-02
-1.54905e-03
5.70692e-03
1.10994e-02
1.52297e-02
1.98325e-02
2.46111e-02
2.83536e-02
2.76909e-02
2.33044e-02
1.63900e-02
5.40875e-03
-7.63565e-03
-1.90067e-02
-2.52355e-02
-2.65018e-02
-2.42221e-02
-1.82477e-02
-1.05961e-02
-9.37523e-04
8.95463e-03
1.69944e-02
2.33035e-02
2.96808e-02
3.64908e-02
4.26328e-02
4.76496e-02
5.38274e-02
5.93933e-02
6.28072e-02
6.39887e-02
6.26893e-02
5.76428e-02
4.84112e-02
3.78917e-02
3.03760e-02
2.83523e-02
2.90456e-02
3.03874e-02
3.18995e-02
3.30913e-02
3.40580e-02
3.47843e-02
3.39971e-02
3.42575e-02
3.60257e-02
3.74020e-02
3.79244e-02
3.77585e-02
3.58738e-02
3.32502e-02
3.19493e-02
3.17443e-02
3.14250e-02
3.23871e-02
3.37296e-02
3.65051e-02
4.38753e-02
5.53955e-02
6.59782e-02
7.30415e-02
7.48329e-02
7.24789e-02
6.58828e-02
5.67906e-02
4.53711e-02
3.40546e-02
2.02255e-02
1.02161e-02
3.11863e-03
1.82169e-03
5.47213e-03
9.26929e-03
1.19308e-02
1.31845e-02
1.34982e-02
1.10129e-02
4.36316e-03
-3.60617e-03
-1.07585e-02
-1.88469e-02
-2.77303e-02
-3.70345e-02
-4.79316e-02
-5.73016e-02
-6.48348e-02
-6.99821e-02
-7.24617e-02
-7.33478e-02
-7.42226e-02
-7.45066e-02
-7.41102e-02
-7.27231e-02
-7.01744e-02
-6.64728e-02
-6.08277e-02
-5.33150e-02
-4.35497e-02
-3.46598e-02
-2.90947e-02
-2.73427e-02
-3.09762e-02
-3.84343e-02
-4.61819e-02
-5.46876e-02
-6.12091e-02
-6.47687e-02
-6.58217e-02
-6.64498e-02
-6.52201e-02
-6.27327e-02
-6.04196e-02
-5.81252e-02
-5.60941e-02
-5.51904e-02
-5.46242e-02
-5.18996e-02
-4.56717e-02
-3.59199e-02
-2.42787e-02
-1.35794e-02
-8.22627e-03
-6.51729e-03
-7.01926e-03
-9.11994e-03
-1.19662e-02
-1.40585e-02
-1.35856e-02
-1.18199e-02
-8.58481e-03
-3.49290e-03
1.25502e-03
4.41316e-03
6.36787e-03
7.51528e-03
7.10127e-03
8.39776e-03
1.15765e-02
1.28842e-02
1.68408e-02
2.24547e-02
2.88699e-02
3.68232e-02
4.47193e-02
4.90145e-02
4.90130e-02
4.82179e-02
4.68139e-02
4.52699e-02
4.44159e-02
4.39812e-02
4.37200e-02
4.25646e-02
4.00854e-02
3.58986e-02
2.97405e-02
2.21468e-02
1.65307e-02
1.44647e-02
1.70105e-02
2.22601e-02
2.62135e-02
2.90401e-02
3.22821e-02
3.63678e-02
3.98519e-02
4.22388e-02
4.25538e-02
4.22182e-02
4.11887e-02
4.18159e-02
4.19343e-02
4.03079e-02
4.35938e-02
4.81553e-02
5.28863e-02
5.63057e-02
5.79534e-02
5.82490e-02
5.66187e-02
5.32594e-02
4.80738e-02
4.30455e-02
3.85297e-02
3.58257e-02
3.45436e-02
3.46962e-02
3.63513e-02
3.82157e-02
3.86975e-02
3.91193e-02
3.73904e-02
3.28347e-02
2.58370e-02
1.96077e-02
1.37836e-02
7.01870e-03
3.91535e-04
-6.50687e-03
-1.16964e-02
-1.46870e-02
-1.42350e-02
-1.13134e-02
-6.67735e-03
-7.61621e-04
4.45680e-03
8.79749e-03
1.10553e-02
1.11301e-02
9.76560e-03
1.00823e-02
9.73155e-03
4.66030e-03
-2.25964e-03
-9.06687e-03
-1.56267e-02
-2.14963e-02
-2.69191e-02
-3.11180e-02
-3.38067e-02
-3.43979e-02
-3.32502e-02
-3.32066e-02
-3.30926e-02
-3.21868e-02
-3.05841e-02
-2.94798e-02
-2.88723e-02
-2.66525e-02
-2.37313e-02
-2.04800e-02
-1.37045e-02
-7.11830e-03
-2.33962e-03
1.20136e-04
2.42639e-03
4.26931e-03
4.33875e-03
8.43675e-04
-5.68711e-03
-1.28652e-02
-1.78433e-02
-2.26816e-02
-2.64461e-02
-2.85705e-02
-3.08678e-02
-3.30503e-02
-3.51033e-02
-3.72844e-02
-3.95580e-02
-4.13193e-02
-4.00212e-02
-3.71284e-02
-3.46022e-02
-3.25509e-02
-3.19784e-02
-3.00917e-02
-2.61030e-02
-2.24575e-02
-2.00334e-02
-2.02702e-02
-2.06162e-02
-1.92144e-02
-1.57553e-02
-9.59041e-03
-1.62005e-03
7.52699e-03
1.72130e-02
2.68866e-02
3.54731e-02
4.21099e-02
4.77596e-02
5.11809e-02
5.30083e-02
5.41961e-02
5.44605e-02
5.44651e-02
5.41233e-02
5.42454e-02
5.46530e-02
5.48265e-02
5.50134e-02
5.46079e-02
5.34494e-02
5.13050e-02
4.82175e-02
4.47942e-02
4.16803e-02
3.98526e-02
3.79544e-02
3.45381e-02
2.81611e-02
2.33570e-02
1.97454e-02
1.70580e-02
1.57831e-02
1.70639e-02
2.01674e-02
2.44186e-02
2.81521e-02
3.09243e-02
3.34676e-02
3.52893e-02
3.62623e-02
3.78674e-02
3.95380e-02
3.94112e-02
3.77822e-02
3.59767e-02
3.25506e-02
2.70025e-02
2.09885e-02
1.48376e-02
9.68216e-03
6.74170e-03
3.83502e-03
1.56738e-03
3.72421e-04
1.71570e-04
-1.77416e-04
-1.80801e-03
-5.14120e-03
-1.03457e-02
-1.54086e-02
-1.88592e-02
-2.02933e-02
-2.05528e-02
-2.02695e-02
-1.93347e-02
-1.80911e-02
-1.71310e-02
-1.64007e-02
-1.66940e-02
-1.71163e-02
-1.69479e-02
-1.70292e-02
-1.80339e-02
-1.94659e-02
-1.98147e-02
-1.92753e-02
-1.78977e-02
-1.60961e-02
-1.47105e-02
-1.42660e-02
-1.41805e-02
-1.43963e-02
-1.58974e-02
-1.83283e-02
-1.97516e-02
-2.04942e-02
-2.11542e-02
-2.14709e-02
-2.19006e-02
-2.28485e-02
-2.31303e-02
-2.22145e-02
-2.00688e-02
-1.76456e-02
-1.54587e-02
-1.43798e-02
-1.43341e-02
-1.45871e-02
-1.50465e-02
-1.55935e-02
-1.70747e-02
-1.85760e-02
-2.06188e-02
-2.33539e-02
-2.55291e-02
-2.70149e-02
-2.71699e-02
-2.64694e-02
-2.51640e-02
-2.29891e-02
-2.03553e-02
-1.74132e-02
-1.41611e-02
-1.15022e-02
-9.06986e-03
-7.34985e-03
-6.31518e-03
-5.70322e-03
-5.81991e-03
-6.26857e-03
-6.92565e-03
-7.86805e-03
-9.24550e-03
-1.07963e-02
-1.22872e-02
-1.38172e-02
-1.45556e-02
-1.41454e-02
-1.22320e-02
-9.43336e-03
-6.32293e-03
-3.12723e-03
-7.48705e-04
6.72642e-04
1.23468e-03
1.31157e-03
8.38458e-04
-4.86711e-05
-9.53722e-04
-1.72260e-03
-2.51880e-03
-2.73318e-03
-2.42775e-03
-1.84805e-03
-1.33780e-03
-8.27302e-04
-4.15368e-04
-1.45635e-04
1.26478e-04
3.88582e-04
6.77789e-04
9.73339e-04
1.33131e-03
1.65803e-03
1.85827e-03
2.11832e-03
2.39153e-03
2.72887e-03
3.37312e-03
4.00402e-03
4.23702e-03
4.17363e-03
3.89697e-03
3.33233e-03
2.28821e-03
9.64611e-04
-5.63770e-04
-2.24095e-03
-3.45672e-03
-3.99964e-03
-3.95640e-03
-3.76090e-03
-3.60856e-03
-3.51491e-03
-3.54713e-03
-3.72581e-03
-4.05647e-03
-4.43386e-03
-4.65755e-03
-4.81200e-03
-4.85528e-03
-4.90134e-03
-4.72574e-03
-4.43586e-03
-4.11569e-03
-3.71253e-03
-3.32211e-03
-3.00672e-03
-2.69284e-03
-2.33641e-03
-2.04370e-03
-1.74314e-03
-1.42235e-03
-1.13765e-03
-9.32696e-04
-8.86940e-04
-9.46292e-04
-1.07008e-03
-1.20619e-03
-1.28815e-03
-1.34995e-03
-1.35834e-03
-1.32246e-03
-1.29290e-03
-1.32338e-03
-1.37993e-03
-1.38629e-03
-1.36494e-03
-1.33559e-03
-1.23369e-03
-1.11768e-03
-9.88341e-04
-8.39543e-04
-6.65191e-04
-4.82851e-04
-2.92402e-04
-1.03993e-04
5.58832e-05
1.83793e-04
2.85712e-04
3.76297e-04
4.46702e-04
5.18295e-04
6.07167e-04
6.93339e-04
7.84525e-04
8.83583e-04
9.72422e-04
1.05091e-03
1.12904e-03
1.20008e-03
1.25695e-03
1.29978e-03
1.34367e-03
1.38330e-03
1.41205e-03
1.43643e-03
1.45107e-03
1.45752e-03
1.46004e-03
1.45573e-03
1.44758e-03
1.43586e-03
1.42220e-03
1.40853e-03
1.39346e-03
1.37718e-03
1.36178e-03
1.34519e-03
1.32749e-03
1.30907e-03
1.29124e-03
1.27430e-03
1.25800e-03
1.24246e-03
1.22730e-03
1.21255e-03
1.19836e-03
1.18488e-03
1.17212e-03
1.15943e-03
1.14722e-03
1.13555e-03
1.12499e-03
1.11484e-03
1.10487e-03
1.09525e-03
1.08580e-03
1.07636e-03
1.06693e-03
1.05738e-03
1.04766e-03
1.03781e-03
1.02793e-03
1.01803e-03
1.00810e-03
9.98130e-04
9.88109e-04
9.78027e-04
9.67886e-04
9.57684e-04
9.47417e-04
9.37083e-04
9.26682e-04
