-7.44582e-05
-7.41045e-05
-7.37514e-05
-7.34077e-05
-7.30666e-05
-7.27067e-05
-7.23628e-05
-7.20090e-05
-7.16443e-05
-7.12824e-05
-7.09412e-05
-7.06094e-05
-7.02627e-05
-6.99234e-05
-6.95539e-05
-6.91865e-05
-6.88743e-05
-6.85592e-05
-6.82514e-05
-6.79312e-05
-6.74986e-05
-6.71086e-05
-6.67751e-05
-6.65711e-05
-6.62034e-05
-6.56876e-05
-6.54990e-05
-6.52766e-05
-6.49940e-05
-6.48240e-05
-6.43956e-05
-6.40780e-05
-6.36714e-05
-6.30483e-05
-6.30044e-05
-6.25866e-05
-6.19258e-05
-6.16071e-05
-6.13936e-05
-6.14416e-05
-6.09236e-05
-6.05170e-05
-6.05385e-05
-5.99601e-05
-5.96707e-05
-5.95653e-05
-5.94766e-05
-5.93416e-05
-5.83422e-05
-5.77329e-05
-5.76279e-05
-5.62786e-05
-5.57663e-05
-5.60386e-05
-5.57840e-05
-5.55078e-05
-5.49397e-05
-5.50062e-05
-5.53363e-05
-5.43478e-05
-5.39265e-05
-5.45997e-05
-5.49963e-05
-5.50991e-05
-5.37202e-05
-5.25927e-05
-5.30092e-05
-5.26120e-05
-5.19697e-05
-5.19944e-05
-5.25726e-05
-5.29882e-05
-5.12563e-05
-5.05409e-05
-4.99712e-05
-4.91335e-05
-4.89123e-05
-4.76216e-05
-4.69624e-05
-4.66172e-05
-4.72043e-05
-4.85941e-05
-4.80049e-05
-4.70356e-05
-4.72400e-05
-4.76313e-05
-4.68213e-05
-4.54380e-05
-4.49330e-05
-4.57591e-05
-4.56217e-05
-4.42025e-05
-4.48364e-05
-4.43679e-05
-4.30296e-05
-4.24773e-05
-4.26269e-05
-4.33751e-05
-4.13049e-05
-4.12506e-05
-4.36297e-05
-4.27678e-05
-4.31009e-05
-4.24056e-05
-4.38775e-05
-4.53388e-05
-4.16133e-05
-4.04709e-05
-4.04916e-05
-4.12988e-05
-4.40356e-05
-4.41272e-05
-4.16248e-05
-3.96661e-05
-3.90872e-05
-3.70277e-05
-3.52355e-05
-3.64272e-05
-3.67467e-05
-3.58406e-05
-3.61748e-05
-3.45593e-05
-3.26602e-05
-3.52739e-05
-3.53576e-05
-3.23231e-05
-3.19932e-05
-3.48631e-05
-3.63445e-05
-3.32168e-05
-3.10981e-05
-3.22366e-05
-3.31067e-05
-3.39499e-05
-3.25036e-05
-3.22987e-05
-3.62634e-05
-3.45057e-05
-3.14230e-05
-3.19113e-05
-3.29694e-05
-3.38734e-05
-3.03139e-05
-2.91721e-05
-3.01186e-05
-2.86481e-05
-2.91049e-05
-2.80709e-05
-2.67708e-05
-2.33238e-05
-2.62889e-05
-3.13909e-05
-2.95546e-05
-3.23453e-05
-2.89231e-05
-2.96492e-05
-3.31474e-05
-2.57672e-05
-2.52716e-05
-2.81440e-05
-3.04057e-05
-3.06678e-05
-2.68611e-05
-2.49934e-05
-2.47426e-05
-2.44700e-05
-2.36669e-05
-2.17630e-05
-2.09454e-05
-2.17342e-05
-2.08961e-05
-2.12144e-05
-2.14165e-05
-1.55058e-05
-1.40372e-05
-1.65156e-05
-1.57554e-05
-1.82768e-05
-1.74223e-05
-1.59958e-05
-1.86009e-05
-1.47471e-05
-1.32346e-05
-1.83722e-05
-2.06881e-05
-2.34824e-05
-2.32468e-05
-2.11945e-05
-2.20986e-05
-2.06833e-05
-2.16885e-05
-1.94359e-05
-1.53906e-05
-2.15760e-05
-2.27156e-05
-1.85299e-05
-2.01983e-05
-2.00218e-05
-1.90883e-05
-1.95127e-05
-1.51189e-05
-1.21671e-05
-1.52319e-05
-1.44112e-05
-1.26401e-05
-8.11980e-06
-6.48750e-06
-9.61618e-06
-5.14221e-06
-4.76663e-06
-1.24976e-05
-1.66029e-05
-1.64261e-05
-1.60862e-05
-1.37093e-05
-1.48938e-05
-1.46411e-05
-1.06436e-05
-1.34102e-05
-1.84625e-05
-1.44233e-05
-9.58610e-06
-1.08161e-05
-9.02849e-06
-5.67317e-06
-6.10648e-06
-8.26984e-06
-1.27124e-05
-8.42999e-06
1.23618e-06
8.67148e-08
1.94193e-06
4.57575e-06
-6.26611e-07
1.99365e-06
5.52945e-06
5.99934e-06
3.58531e-06
-9.03796e-06
-7.26920e-06
4.39025e-07
-6.68117e-06
-1.40037e-05
-1.03613e-05
-3.46185e-06
-4.82885e-06
-8.79724e-06
-1.02770e-05
-9.97029e-06
-7.23265e-06
-6.94545e-06
-4.94878e-06
-4.62044e-07
-1.84675e-06
-3.36279e-06
2.15115e-06
9.32644e-06
4.37771e-06
-2.21296e-06
3.99624e-06
1.06186e-05
7.14239e-06
-3.73756e-06
-1.03101e-06
-1.63526e-06
-6.49810e-06
-3.24020e-07
1.99320e-06
5.64951e-06
5.04551e-06
5.48777e-06
9.04812e-06
-2.01499e-06
-7.33796e-06
-2.50948e-06
6.75842e-06
1.59689e-05
1.72430e-05
1.56475e-05
1.32807e-05
1.17044e-05
1.20088e-05
1.68391e-05
1.79598e-05
8.34287e-06
2.20158e-06
5.22407e-06
1.00262e-05
1.12388e-05
8.73425e-06
8.18025e-06
1.20039e-05
1.14322e-05
1.07923e-05
1.19441e-05
7.68410e-06
6.15450e-06
1.27520e-05
2.13717e-05
2.42268e-05
1.55261e-05
1.11260e-05
1.32849e-05
1.26325e-05
5.55620e-06
3.21337e-06
1.15630e-05
1.09836e-05
9.52772e-06
1.32194e-05
1.01256e-05
1.29056e-05
1.42155e-05
1.35703e-05
1.46621e-05
1.51085e-05
1.69707e-05
1.74713e-05
2.95292e-05
2.96022e-05
2.21752e-05
3.08504e-05
2.54317e-05
2.79829e-05
2.10289e-05
1.15368e-05
2.04340e-05
1.66293e-05
2.02821e-05
2.04986e-05
1.47066e-05
1.90430e-05
1.34422e-05
1.23391e-05
1.29294e-05
2.12781e-05
2.51053e-05
2.38761e-05
2.64057e-05
1.06712e-05
7.02888e-06
1.46137e-05
1.96236e-05
2.41554e-05
2.38739e-05
3.02042e-05
2.69944e-05
2.54473e-05
3.28369e-05
3.51778e-05
3.88769e-05
3.19242e-05
2.31169e-05
2.31761e-05
2.46352e-05
2.82263e-05
2.60392e-05
3.15961e-05
3.46130e-05
3.13461e-05
3.23125e-05
3.00330e-05
3.01505e-05
2.68055e-05
2.34211e-05
3.18640e-05
4.40422e-05
4.23584e-05
3.18502e-05
2.91320e-05
2.31670e-05
1.97076e-05
1.99082e-05
1.84666e-05
1.94653e-05
1.98664e-05
2.82733e-05
3.58064e-05
3.34295e-05
2.98845e-05
3.02663e-05
4.14249e-05
4.52800e-05
3.37396e-05
3.39737e-05
4.41883e-05
4.36352e-05
4.01818e-05
3.66990e-05
3.53052e-05
3.71600e-05
2.38261e-05
1.77382e-05
2.96391e-05
3.37855e-05
3.66030e-05
3.87297e-05
4.27025e-05
4.82673e-05
4.77932e-05
5.24578e-05
5.46120e-05
4.75017e-05
4.04907e-05
3.88563e-05
3.54676e-05
3.20856e-05
3.31802e-05
3.43885e-05
3.73908e-05
3.38463e-05
2.61117e-05
2.97115e-05
3.20352e-05
3.39455e-05
3.14547e-05
3.36781e-05
4.37059e-05
3.96102e-05
4.15909e-05
5.26879e-05
5.95854e-05
5.76115e-05
4.36281e-05
5.09208e-05
6.12418e-05
5.51950e-05
5.16494e-05
4.92062e-05
4.76319e-05
4.68824e-05
4.26261e-05
4.37449e-05
4.76098e-05
4.51416e-05
4.26231e-05
4.37333e-05
4.67860e-05
4.68902e-05
3.90414e-05
3.45927e-05
3.39639e-05
3.69382e-05
4.25665e-05
4.84711e-05
4.74400e-05
4.08131e-05
5.34271e-05
5.56480e-05
5.42240e-05
5.76309e-05
4.84113e-05
5.36355e-05
4.76272e-05
4.53682e-05
5.96704e-05
5.04054e-05
4.84652e-05
5.14570e-05
5.19119e-05
5.81599e-05
5.32544e-05
5.69117e-05
6.44978e-05
6.20474e-05
5.29867e-05
4.60822e-05
5.44119e-05
5.36713e-05
4.03927e-05
4.03457e-05
4.62721e-05
5.46131e-05
5.20230e-05
4.79238e-05
6.15199e-05
6.93203e-05
7.12455e-05
6.31817e-05
5.35356e-05
6.36386e-05
6.47412e-05
5.60570e-05
5.87026e-05
4.99732e-05
4.65557e-05
6.12356e-05
6.52439e-05
5.81020e-05
5.00467e-05
5.22559e-05
6.22768e-05
5.53988e-05
4.63636e-05
4.83780e-05
5.97105e-05
6.60105e-05
5.83891e-05
6.28258e-05
6.32078e-05
5.97878e-05
6.25498e-05
6.76191e-05
7.38777e-05
6.52572e-05
5.88521e-05
5.91654e-05
6.21173e-05
5.94559e-05
5.34739e-05
6.26160e-05
7.11500e-05
7.13372e-05
6.69516e-05
5.89674e-05
5.55184e-05
5.75191e-05
5.86628e-05
6.07068e-05
6.17690e-05
5.92824e-05
6.40358e-05
7.33484e-05
7.35624e-05
7.01251e-05
7.30607e-05
7.31938e-05
6.80584e-05
6.62666e-05
6.01742e-05
6.04100e-05
6.58986e-05
6.54505e-05
7.17889e-05
7.58072e-05
7.59677e-05
6.78181e-05
5.91569e-05
6.53968e-05
6.67928e-05
7.14178e-05
7.52192e-05
7.37813e-05
7.37121e-05
6.31574e-05
5.87011e-05
5.97385e-05
5.64150e-05
5.92152e-05
6.22204e-05
6.32792e-05
6.81289e-05
6.81035e-05
6.58670e-05
8.03685e-05
8.43438e-05
8.00519e-05
7.99605e-05
7.50188e-05
7.67190e-05
7.15718e-05
7.27395e-05
8.36405e-05
7.95443e-05
7.49422e-05
7.43093e-05
7.91087e-05
8.09172e-05
7.50382e-05
7.57730e-05
6.89144e-05
6.72055e-05
6.63156e-05
6.04029e-05
7.21627e-05
8.16540e-05
8.17586e-05
8.28868e-05
8.30474e-05
7.58686e-05
7.43932e-05
8.15936e-05
7.83938e-05
8.11858e-05
8.12343e-05
7.81053e-05
8.79038e-05
8.19866e-05
7.93616e-05
8.75926e-05
8.52916e-05
7.87871e-05
6.82395e-05
6.64233e-05
6.93933e-05
7.14302e-05
7.14693e-05
7.18420e-05
7.91031e-05
7.75854e-05
7.77374e-05
8.70165e-05
8.44195e-05
7.28276e-05
7.37509e-05
8.41362e-05
9.14894e-05
8.06866e-05
7.46484e-05
8.82085e-05
8.86554e-05
8.04108e-05
7.61197e-05
7.89746e-05
8.18713e-05
8.11566e-05
8.58740e-05
9.15080e-05
8.71221e-05
7.71995e-05
7.74674e-05
8.47548e-05
8.23683e-05
8.05505e-05
8.16911e-05
8.55135e-05
8.83419e-05
8.58439e-05
8.95993e-05
9.70860e-05
9.62937e-05
9.19500e-05
9.47817e-05
9.49474e-05
8.87584e-05
8.51522e-05
8.81994e-05
9.36606e-05
8.84430e-05
8.86360e-05
9.22448e-05
8.35011e-05
8.34987e-05
8.54808e-05
7.84280e-05
7.29597e-05
7.13807e-05
8.25078e-05
9.16268e-05
8.47165e-05
8.09660e-05
8.03493e-05
8.77795e-05
9.51580e-05
8.71688e-05
8.27320e-05
9.01099e-05
9.67885e-05
9.58185e-05
9.07338e-05
9.33697e-05
8.90899e-05
8.55724e-05
9.11036e-05
9.31865e-05
9.32668e-05
8.97418e-05
8.72230e-05
9.00195e-05
8.47231e-05
7.57211e-05
7.95665e-05
8.40984e-05
7.99381e-05
8.43971e-05
8.64726e-05
9.12555e-05
9.93984e-05
9.42623e-05
9.89018e-05
1.07115e-04
1.02055e-04
9.81835e-05
9.59232e-05
1.01238e-04
1.00635e-04
1.00758e-04
9.97862e-05
9.29500e-05
9.44995e-05
9.31754e-05
9.85580e-05
9.50466e-05
8.43972e-05
8.60607e-05
8.64711e-05
8.82158e-05
8.56780e-05
8.58576e-05
9.31316e-05
9.43447e-05
9.52499e-05
9.45133e-05
9.46409e-05
9.93133e-05
9.84921e-05
9.41567e-05
9.32133e-05
8.98275e-05
9.16938e-05
9.73082e-05
1.01097e-04
1.05816e-04
1.03060e-04
9.61146e-05
1.00525e-04
1.00858e-04
9.81470e-05
9.17878e-05
8.85050e-05
9.37088e-05
9.15083e-05
9.67811e-05
9.42622e-05
9.17822e-05
9.88496e-05
9.75655e-05
1.00954e-04
9.94853e-05
1.02292e-04
1.07724e-04
1.09103e-04
1.10602e-04
9.46453e-05
9.09449e-05
9.64219e-05
9.59282e-05
1.00237e-04
9.33275e-05
8.96413e-05
9.06484e-05
8.80971e-05
9.27080e-05
9.83269e-05
9.38007e-05
8.95058e-05
9.11428e-05
9.15991e-05
1.01475e-04
9.79657e-05
9.46611e-05
1.07096e-04
1.04922e-04
1.04709e-04
1.02146e-04
1.02397e-04
1.13152e-04
1.13600e-04
1.10668e-04
1.00884e-04
9.54877e-05
9.54321e-05
9.48998e-05
9.92276e-05
9.50407e-05
9.77163e-05
1.03310e-04
9.88996e-05
9.15786e-05
8.81355e-05
9.45138e-05
1.01076e-04
1.02059e-04
9.65996e-05
9.68876e-05
1.04891e-04
1.03477e-04
1.07920e-04
1.09870e-04
1.08259e-04
1.12726e-04
1.09273e-04
1.11213e-04
1.19375e-04
1.12288e-04
1.05955e-04
1.06872e-04
1.00643e-04
9.79808e-05
1.03462e-04
1.06414e-04
1.04530e-04
9.65041e-05
9.56102e-05
1.03912e-04
1.08604e-04
1.01260e-04
9.33231e-05
9.77205e-05
9.70530e-05
9.98595e-05
1.06178e-04
1.04662e-04
1.06340e-04
1.05636e-04
1.11205e-04
1.19350e-04
1.15993e-04
1.12199e-04
1.06938e-04
1.05138e-04
1.02401e-04
9.71291e-05
1.01634e-04
1.05431e-04
1.05517e-04
1.04588e-04
1.02950e-04
1.07467e-04
1.11280e-04
1.11284e-04
1.10463e-04
1.13315e-04
1.10502e-04
1.00674e-04
1.09859e-04
1.16091e-04
1.03776e-04
1.06163e-04
1.08326e-04
1.07401e-04
1.01837e-04
9.76665e-05
1.06449e-04
1.00430e-04
9.85830e-05
1.04876e-04
1.05261e-04
1.08601e-04
1.03464e-04
1.07092e-04
1.11548e-04
1.08333e-04
1.13400e-04
1.10209e-04
1.13696e-04
1.14653e-04
1.09451e-04
1.10976e-04
1.09582e-04
1.14847e-04
1.07627e-04
9.96816e-05
1.07584e-04
1.02499e-04
9.96116e-05
1.04293e-04
1.06186e-04
1.05279e-04
1.03565e-04
1.03525e-04
1.05521e-04
1.08175e-04
1.03765e-04
1.02844e-04
1.08379e-04
1.10239e-04
1.09408e-04
1.10301e-04
1.10415e-04
1.10390e-04
1.10459e-04
1.16033e-04
1.19592e-04
1.11570e-04
1.10607e-04
1.13334e-04
1.13567e-04
1.13294e-04
1.08207e-04
1.12496e-04
1.09969e-04
1.04496e-04
1.06286e-04
1.07357e-04
1.07230e-04
1.06552e-04
1.07268e-04
1.03832e-04
1.11166e-04
1.13689e-04
1.05981e-04
1.12758e-04
1.11446e-04
1.14861e-04
1.15768e-04
1.15215e-04
1.19280e-04
1.04301e-04
1.03989e-04
1.09572e-04
1.06062e-04
1.05861e-04
1.07985e-04
1.12295e-04
1.06123e-04
1.05184e-04
1.07821e-04
1.03519e-04
1.04193e-04
1.02616e-04
1.03406e-04
1.05336e-04
1.06266e-04
1.04397e-04
1.02711e-04
1.08093e-04
1.07262e-04
1.02722e-04
1.07287e-04
1.15519e-04
1.19266e-04
1.14546e-04
1.09345e-04
1.15481e-04
1.10130e-04
1.08449e-04
1.18151e-04
1.17724e-04
1.20030e-04
1.14865e-04
1.15719e-04
1.15555e-04
1.05845e-04
1.10100e-04
1.08448e-04
1.03921e-04
1.05606e-04
1.00289e-04
1.00219e-04
1.06621e-04
1.07546e-04
1.07592e-04
1.10244e-04
1.10365e-04
1.11166e-04
1.13105e-04
1.17596e-04
1.17593e-04
1.17721e-04
1.19282e-04
1.18745e-04
1.27495e-04
1.25017e-04
1.20381e-04
1.14742e-04
1.05001e-04
1.07378e-04
1.07667e-04
1.12114e-04
1.09249e-04
1.00430e-04
1.06440e-04
1.04913e-04
1.02949e-04
1.01984e-04
1.00352e-04
1.04634e-04
1.03978e-04
1.10203e-04
1.14752e-04
1.14886e-04
1.20149e-04
1.18482e-04
1.16560e-04
1.14706e-04
1.09282e-04
1.08286e-04
1.10148e-04
1.11935e-04
1.11014e-04
1.08250e-04
1.09167e-04
1.11873e-04
1.04535e-04
9.27050e-05
9.44883e-05
1.02659e-04
1.05451e-04
1.09973e-04
1.12656e-04
1.10909e-04
1.10771e-04
1.08083e-04
1.09852e-04
1.19003e-04
1.18848e-04
1.11768e-04
1.14214e-04
1.09796e-04
1.07045e-04
1.09565e-04
1.09858e-04
1.16856e-04
1.07782e-04
1.01573e-04
1.09298e-04
1.04351e-04
1.06581e-04
1.05917e-04
1.09536e-04
1.10162e-04
9.86638e-05
1.07416e-04
1.13939e-04
1.11203e-04
1.12859e-04
1.11120e-04
1.11025e-04
1.13750e-04
1.11856e-04
1.09154e-04
1.10820e-04
1.13681e-04
1.16231e-04
1.10814e-04
1.07078e-04
1.10722e-04
1.08757e-04
1.06199e-04
1.10439e-04
1.03333e-04
1.00434e-04
1.08629e-04
1.13164e-04
1.11332e-04
1.03842e-04
1.03149e-04
1.13732e-04
1.08479e-04
1.03753e-04
1.08233e-04
1.10148e-04
1.09915e-04
1.07346e-04
1.08000e-04
1.02608e-04
1.01656e-04
1.05094e-04
1.05322e-04
1.09531e-04
1.06079e-04
1.07726e-04
1.14084e-04
1.13170e-04
1.08465e-04
1.07615e-04
1.13826e-04
1.14799e-04
1.10997e-04
1.09210e-04
1.10888e-04
1.08164e-04
1.04442e-04
1.00641e-04
1.00804e-04
1.04074e-04
9.70455e-05
1.00412e-04
1.04985e-04
1.02257e-04
1.03888e-04
1.08556e-04
1.12898e-04
1.09301e-04
1.11057e-04
1.15415e-04
1.13790e-04
1.13408e-04
1.07229e-04
1.09745e-04
1.12430e-04
1.06972e-04
1.06800e-04
1.08637e-04
1.07613e-04
1.02981e-04
1.01126e-04
1.03719e-04
1.03727e-04
1.04542e-04
1.05356e-04
1.05366e-04
1.07041e-04
1.03349e-04
1.02407e-04
1.08639e-04
1.07725e-04
1.03053e-04
1.04824e-04
1.09291e-04
1.08313e-04
1.05528e-04
1.03519e-04
1.04545e-04
1.08788e-04
1.03434e-04
1.06021e-04
1.13166e-04
1.09605e-04
1.05691e-04
1.03001e-04
1.06540e-04
1.06380e-04
9.82241e-05
9.98421e-05
1.03462e-04
1.03425e-04
1.03203e-04
1.05148e-04
1.10302e-04
1.04930e-04
1.02921e-04
1.07400e-04
1.05525e-04
9.89792e-05
9.80592e-05
1.06112e-04
1.07873e-04
1.04183e-04
1.04028e-04
9.93391e-05
9.85108e-05
1.03629e-04
9.46093e-05
9.72664e-05
1.08782e-04
1.07252e-04
1.14109e-04
1.15140e-04
1.08589e-04
1.04794e-04
1.05749e-04
1.08154e-04
1.07478e-04
1.10669e-04
1.05362e-04
1.10736e-04
1.10298e-04
9.52765e-05
1.02768e-04
1.00322e-04
1.00215e-04
1.02482e-04
9.19881e-05
1.03264e-04
1.04284e-04
9.69836e-05
1.00233e-04
9.31310e-05
9.00623e-05
9.46525e-05
9.81194e-05
9.71673e-05
9.60870e-05
9.69350e-05
9.95600e-05
1.00323e-04
1.00326e-04
1.00053e-04
9.45980e-05
1.00896e-04
1.05131e-04
9.53318e-05
9.94467e-05
1.02281e-04
9.93754e-05
9.82838e-05
1.01977e-04
1.10806e-04
1.08130e-04
1.01469e-04
1.04260e-04
1.12203e-04
1.03923e-04
9.75461e-05
1.03522e-04
1.01023e-04
9.96883e-05
9.42599e-05
9.32261e-05
9.56985e-05
9.03076e-05
9.09290e-05
9.08698e-05
9.07959e-05
9.51332e-05
9.41901e-05
9.58396e-05
1.04907e-04
1.05571e-04
9.46725e-05
9.07193e-05
8.70087e-05
8.51360e-05
8.56945e-05
8.49516e-05
9.64682e-05
9.63527e-05
9.28463e-05
9.86468e-05
8.52414e-05
8.21987e-05
8.46295e-05
8.31350e-05
9.42986e-05
9.00604e-05
9.43167e-05
1.01361e-04
9.42485e-05
9.65077e-05
9.66434e-05
9.36086e-05
8.89735e-05
8.79458e-05
9.22913e-05
9.50100e-05
9.66020e-05
9.28469e-05
9.54949e-05
1.08983e-04
1.08841e-04
9.78483e-05
9.75606e-05
1.02119e-04
1.04632e-04
9.99510e-05
9.43720e-05
9.13819e-05
8.49867e-05
8.19495e-05
8.74782e-05
9.62843e-05
8.70974e-05
7.79064e-05
8.39257e-05
8.86428e-05
9.27756e-05
9.19524e-05
9.53339e-05
9.23953e-05
8.51806e-05
8.73918e-05
9.04230e-05
1.00871e-04
9.26746e-05
7.88936e-05
8.12565e-05
8.41315e-05
8.64462e-05
8.37708e-05
8.62502e-05
8.51314e-05
7.96998e-05
8.19996e-05
8.03178e-05
7.99150e-05
7.80749e-05
8.34280e-05
8.66862e-05
8.14601e-05
8.72335e-05
8.74353e-05
9.17261e-05
8.49952e-05
6.69702e-05
7.27809e-05
7.56108e-05
7.91054e-05
8.97545e-05
8.42535e-05
7.76836e-05
7.83459e-05
7.46009e-05
7.99817e-05
8.69336e-05
7.14728e-05
5.28642e-05
4.09173e-05
3.07117e-05
1.30391e-05
4.96918e-06
2.72680e-05
4.83618e-05
7.46749e-05
1.01712e-04
1.00006e-04
7.76602e-05
3.92589e-05
1.62633e-05
2.88154e-05
4.87839e-05
5.95241e-05
6.86999e-05
4.34449e-05
-5.12269e-05
-1.60446e-04
-2.55604e-04
-3.01084e-04
-2.87258e-04
-2.64970e-04
-2.10458e-04
-1.85376e-04
-2.71832e-04
-3.82074e-04
-4.10162e-04
-3.39428e-04
-2.45428e-04
-1.43037e-04
-3.76817e-05
-1.37763e-05
-7.80427e-05
-1.84107e-04
-2.97674e-04
-3.70778e-04
-3.50005e-04
-2.63535e-04
-1.90302e-04
-2.04684e-04
-3.43226e-04
-5.33549e-04
-7.38795e-04
-8.72405e-04
-8.32083e-04
-8.10466e-04
-9.14315e-04
-9.41057e-04
-8.50420e-04
-7.76879e-04
-7.17075e-04
-6.80013e-04
-6.85042e-04
-7.11678e-04
-7.53174e-04
-7.07729e-04
-6.12896e-04
-5.08384e-04
-3.14273e-04
-2.34763e-04
-3.70360e-04
-5.77189e-04
-7.27131e-04
-6.44577e-04
-3.93002e-04
-2.03207e-04
-2.49125e-04
-5.93341e-04
-8.58864e-04
-6.75186e-04
-2.79736e-04
-9.40170e-05
-2.80430e-04
-6.24538e-04
-5.84781e-04
-7.41562e-05
4.43892e-04
7.81072e-04
7.02839e-04
3.54800e-05
-4.33503e-04
4.83047e-05
7.74032e-04
7.86656e-04
5.22237e-04
5.28869e-04
8.23204e-05
-1.12579e-03
-1.74674e-03
-1.23011e-03
-7.79911e-04
-6.29231e-04
1.90980e-05
6.03889e-04
-2.60997e-05
-8.33505e-04
-3.13220e-05
1.34465e-03
1.47865e-03
1.20696e-03
1.51412e-03
1.30996e-03
4.87321e-04
2.34014e-04
5.41459e-04
9.55929e-04
1.35548e-03
1.58866e-03
1.43414e-03
8.71624e-04
1.56759e-04
-5.02087e-04
-7.80834e-04
-3.71608e-04
4.54439e-04
6.94619e-04
6.35803e-05
-6.12769e-04
-1.13203e-03
-1.52040e-03
-1.26866e-03
-4.11538e-04
4.13925e-05
-7.75698e-04
-2.60965e-03
-4.08000e-03
-4.29424e-03
-4.34100e-03
-4.40162e-03
-3.57149e-03
-2.83343e-03
-2.03320e-03
-2.64637e-05
1.88280e-03
2.66674e-03
2.50758e-03
1.45129e-03
5.64292e-04
4.72665e-04
2.66088e-04
3.36955e-04
1.31293e-03
1.75592e-03
9.98093e-04
-3.69574e-04
-1.52181e-03
-9.29694e-04
8.38287e-04
1.47892e-03
5.66879e-04
-9.05090e-04
-2.05673e-03
-2.64036e-03
-2.90618e-03
-3.18488e-03
-3.34314e-03
-3.21660e-03
-3.20609e-03
-2.71925e-03
-1.39104e-03
-5.51053e-04
-4.36582e-04
-5.73715e-04
-1.55665e-03
-2.99207e-03
-3.96504e-03
-4.72788e-03
-5.25447e-03
-5.50450e-03
-5.38029e-03
-4.87533e-03
-5.17429e-03
-5.77801e-03
-5.52261e-03
-4.56273e-03
-2.23410e-03
7.37422e-04
2.90671e-03
4.53138e-03
5.19094e-03
4.73114e-03
3.71941e-03
2.34650e-03
1.11064e-03
1.10833e-04
-1.79446e-04
2.40962e-04
-3.79665e-04
-2.09234e-03
-3.53117e-03
-4.30692e-03
-4.20807e-03
-3.90538e-03
-4.18701e-03
-4.06798e-03
-3.23542e-03
-2.88319e-03
-3.37633e-03
-4.65656e-03
-6.45180e-03
-7.70995e-03
-7.86215e-03
-7.30660e-03
-6.45698e-03
-4.56888e-03
-1.37252e-03
1.30222e-03
1.99324e-03
6.35246e-04
-1.73602e-03
-3.68400e-03
-4.06466e-03
-1.63058e-03
1.67364e-03
2.29911e-03
1.25517e-03
1.26549e-04
-1.82866e-03
-3.58375e-03
-3.07290e-03
2.94522e-04
4.82306e-03
8.11237e-03
1.01961e-02
1.07204e-02
8.17328e-03
4.11338e-03
4.90627e-04
-2.02909e-03
-2.84667e-03
-3.06442e-03
-2.79331e-03
-1.06839e-03
1.08522e-03
2.62068e-03
3.17951e-03
2.74698e-03
1.64857e-03
1.78092e-04
-5.44639e-04
7.03486e-04
3.36006e-03
3.59910e-03
-8.00404e-04
-5.46486e-03
-7.27376e-03
-7.07124e-03
-5.08124e-03
-2.21498e-03
6.83839e-04
2.84354e-03
3.38720e-03
2.71156e-03
1.33479e-03
-8.75005e-04
-3.81253e-03
-5.03079e-03
-3.91441e-03
-2.59927e-03
-2.50891e-03
-4.71365e-03
-5.98864e-03
-4.53602e-03
-2.97885e-03
-9.63634e-04
4.37033e-05
-1.35129e-03
-2.84718e-03
-4.53045e-03
-6.29932e-03
-6.47105e-03
-5.34491e-03
-4.94796e-03
-5.32702e-03
-3.99498e-03
-1.46209e-03
-4.07788e-04
-8.18586e-04
-2.05008e-04
2.58145e-03
4.86101e-03
3.93216e-03
6.54270e-04
-2.16502e-03
-2.88634e-03
-1.37285e-03
1.18325e-03
2.43770e-03
2.15151e-03
1.76832e-03
3.17895e-03
7.16720e-03
1.13306e-02
1.37101e-02
1.27160e-02
8.21877e-03
3.46149e-03
-7.45739e-04
-4.84218e-03
-7.94868e-03
-1.07233e-02
-1.39450e-02
-1.64627e-02
-1.63232e-02
-1.38092e-02
-1.02860e-02
-5.91447e-03
-2.65255e-03
-1.18805e-03
1.33193e-03
4.39404e-03
6.25924e-03
8.42100e-03
1.01096e-02
9.43189e-03
7.50020e-03
5.16357e-03
2.54226e-03
-1.02736e-04
-2.25015e-03
-2.46294e-03
-1.87229e-03
-3.49972e-03
-6.32187e-03
-6.90135e-03
-4.64036e-03
-1.12869e-03
1.68580e-03
3.49620e-03
5.62997e-03
5.84451e-03
2.94089e-03
1.65975e-03
2.91088e-03
3.17205e-03
2.43222e-03
1.37272e-03
-1.58116e-03
-6.16978e-03
-9.26030e-03
-8.52763e-03
-4.52910e-03
-4.53196e-04
1.49936e-03
2.96581e-03
4.78878e-03
4.91620e-03
3.33212e-03
2.17672e-03
1.48768e-03
9.97539e-04
1.95960e-03
3.31183e-03
3.86091e-03
4.56048e-03
4.95056e-03
4.34316e-03
2.85753e-03
1.54930e-03
2.06655e-03
4.13900e-03
6.77802e-03
8.11579e-03
5.82221e-03
3.07830e-04
-5.31072e-03
-9.53129e-03
-1.43013e-02
-1.73005e-02
-1.52472e-02
-1.20656e-02
-9.36641e-03
-5.35735e-03
-1.62102e-03
-4.55200e-05
1.69024e-04
1.29897e-03
2.53922e-03
1.66099e-03
-1.26841e-04
1.19857e-04
2.55102e-03
3.28250e-03
1.39825e-03
-1.86665e-04
-1.06669e-03
-1.99003e-03
-2.11314e-03
-2.20413e-05
4.06768e-03
7.65281e-03
9.16795e-03
9.08694e-03
7.19711e-03
5.07298e-03
6.13476e-03
7.68886e-03
4.90468e-03
-1.16197e-03
-8.45184e-03
-1.45922e-02
-1.65422e-02
-1.64498e-02
-1.62908e-02
-1.39792e-02
-1.06669e-02
-9.78406e-03
-1.13058e-02
-1.21720e-02
-9.95564e-03
-4.99853e-03
8.42636e-04
5.63943e-03
7.88161e-03
7.20853e-03
5.05637e-03
3.75623e-03
4.24887e-03
3.99367e-03
1.61262e-03
1.35664e-03
3.34707e-03
3.42506e-03
2.58543e-03
1.37802e-03
-1.74545e-04
-8.58744e-04
-2.16365e-03
-2.62202e-03
-9.75255e-04
1.03521e-04
9.80137e-04
1.83958e-03
1.33382e-03
1.19194e-03
2.53038e-03
4.37029e-03
4.95861e-03
2.26014e-03
-1.71531e-03
-2.99284e-03
-2.07727e-03
-8.65026e-04
9.25169e-04
2.52308e-03
3.68248e-03
6.52132e-03
9.99706e-03
1.11012e-02
1.00062e-02
8.58920e-03
7.99525e-03
7.37989e-03
4.98625e-03
8.47294e-04
-3.15395e-03
-6.12967e-03
-9.28119e-03
-1.26248e-02
-1.46715e-02
-1.53474e-02
-1.49150e-02
-1.34473e-02
-1.15191e-02
-8.60679e-03
-5.00698e-03
-1.84895e-03
1.33085e-03
4.67557e-03
7.99948e-03
1.07488e-02
1.22757e-02
1.30935e-02
1.29765e-02
1.19323e-02
1.10776e-02
1.08135e-02
1.07855e-02
1.02804e-02
9.41786e-03
9.34641e-03
1.00385e-02
1.03051e-02
1.13810e-02
1.53384e-02
1.92843e-02
2.06209e-02
2.07844e-02
1.80156e-02
1.17997e-02
7.27655e-03
5.23484e-03
2.63502e-03
1.60794e-04
-1.85531e-03
-5.41523e-03
-1.04394e-02
-1.52000e-02
-1.76178e-02
-1.70604e-02
-1.50308e-02
-1.19849e-02
-8.37759e-03
-5.64632e-03
-5.36110e-03
-7.48331e-03
-8.79898e-03
-8.59598e-03
-8.39589e-03
-6.90665e-03
-3.83694e-03
-7.14231e-04
2.48117e-03
5.97809e-03
9.42762e-03
1.26632e-02
1.43334e-02
1.41380e-02
1.54809e-02
1.89922e-02
2.08112e-02
2.07480e-02
1.97752e-02
1.54803e-02
9.75638e-03
6.35909e-03
3.53841e-03
8.13353e-04
-2.19643e-03
-7.67848e-03
-1.07281e-02
-8.36474e-03
-6.42459e-03
-7.49413e-03
-9.11147e-03
-8.08017e-03
-4.46999e-03
-3.24667e-03
-5.99269e-03
-9.34181e-03
-1.12078e-02
-1.14754e-02
-1.05112e-02
-8.55414e-03
-5.66866e-03
-3.98603e-03
-3.65961e-03
-1.05176e-03
1.96072e-03
2.82396e-03
4.40378e-03
6.48530e-03
7.10114e-03
8.12472e-03
1.15157e-02
1.55641e-02
1.79357e-02
1.75860e-02
1.53073e-02
1.28483e-02
9.26898e-03
4.87667e-03
2.31955e-03
1.42227e-03
-2.25170e-04
-8.26882e-04
3.18568e-03
7.47940e-03
8.60282e-03
9.62736e-03
1.18543e-02
1.47212e-02
1.56781e-02
1.38632e-02
1.15574e-02
7.97438e-03
4.38837e-03
3.38265e-03
1.51468e-03
-2.16944e-03
-3.54833e-03
-1.10895e-03
4.83995e-03
1.15359e-02
1.43764e-02
1.36424e-02
1.18294e-02
9.60133e-03
8.19900e-03
7.44472e-03
6.74991e-03
7.85833e-03
1.01417e-02
1.06823e-02
7.57628e-03
7.14270e-04
-6.69221e-03
-1.10845e-02
-1.08615e-02
-7.07452e-03
-4.26177e-03
-3.80860e-03
-2.99194e-03
-1.65395e-03
-1.21631e-03
-1.92258e-03
-2.86993e-03
-3.14105e-03
-1.42310e-03
4.29499e-03
1.16906e-02
1.57773e-02
1.58297e-02
1.34395e-02
9.50770e-03
4.82427e-03
3.09507e-04
-2.16848e-03
-2.38075e-03
-3.94344e-03
-9.29963e-03
-1.68088e-02
-2.38771e-02
-3.00205e-02
-3.59417e-02
-4.07933e-02
-4.28304e-02
-3.93362e-02
-2.89004e-02
-1.62400e-02
-6.03126e-03
2.02960e-03
7.66508e-03
9.29265e-03
7.39354e-03
5.49795e-03
6.65924e-03
9.03334e-03
1.01627e-02
1.12060e-02
1.25692e-02
1.16184e-02
6.96535e-03
6.31036e-04
-4.67701e-03
-8.52987e-03
-1.07318e-02
-8.75578e-03
-3.85421e-03
-1.48516e-03
-3.73488e-03
-1.05965e-02
-1.92534e-02
-2.31936e-02
-2.01261e-02
-1.22538e-02
-1.26791e-03
9.82630e-03
1.49077e-02
1.02923e-02
-2.42196e-03
-1.84372e-02
-2.94604e-02
-3.04936e-02
-2.57711e-02
-2.19179e-02
-1.99562e-02
-1.81697e-02
-1.98506e-02
-2.56302e-02
-3.03129e-02
-3.12800e-02
-2.61409e-02
-1.63908e-02
-6.75239e-03
2.79973e-03
1.04943e-02
1.26168e-02
1.13155e-02
1.24521e-02
1.80045e-02
2.62537e-02
3.57565e-02
4.38263e-02
4.83515e-02
4.90794e-02
4.64615e-02
4.28132e-02
4.00621e-02
3.54778e-02
2.53683e-02
1.41876e-02
7.67103e-03
3.02317e-03
-3.79420e-03
-1.19348e-02
-1.62803e-02
-1.48302e-02
-1.15771e-02
-5.03534e-03
7.22253e-03
1.86694e-02
2.64280e-02
3.48700e-02
4.29266e-02
4.57937e-02
4.51498e-02
4.59962e-02
4.64250e-02
4.03396e-02
3.04115e-02
2.44142e-02
2.00152e-02
1.19352e-02
5.78704e-03
6.06292e-03
4.55279e-03
-4.23031e-03
-1.32870e-02
-1.80839e-02
-2.29579e-02
-3.10845e-02
-3.99295e-02
-4.59888e-02
-5.04198e-02
-5.22831e-02
-4.59550e-02
-3.36895e-02
-2.52483e-02
-2.71892e-02
-3.50089e-02
-4.01454e-02
-4.23654e-02
-4.25593e-02
-4.13717e-02
-4.03650e-02
-3.86407e-02
-3.69441e-02
-3.43015e-02
-3.05426e-02
-2.93475e-02
-3.20379e-02
-3.72274e-02
-4.21183e-02
-4.69236e-02
-5.29368e-02
-5.58744e-02
-5.29853e-02
-4.52989e-02
-3.23045e-02
-1.72921e-02
-7.41183e-03
-2.03560e-03
5.83190e-03
1.58013e-02
2.22252e-02
2.45702e-02
2.36181e-02
1.80289e-02
8.94304e-03
-8.36350e-04
-9.45172e-03
-1.13697e-02
-4.03197e-03
2.91226e-03
4.80151e-03
6.64834e-03
7.83721e-03
8.78104e-03
1.45844e-02
2.17871e-02
2.32999e-02
1.96429e-02
1.28834e-02
4.37896e-03
-2.15389e-03
-3.83428e-03
-1.01239e-03
2.55816e-03
2.43558e-03
-2.27670e-03
-9.07062e-03
-1.66366e-02
-2.39156e-02
-2.89750e-02
-3.19589e-02
-3.38114e-02
-3.66222e-02
-3.99937e-02
-4.12048e-02
-4.15262e-02
-4.33389e-02
-4.80631e-02
-5.31740e-02
-5.25265e-02
-4.32888e-02
-2.85709e-02
-1.42724e-02
-3.30368e-03
2.98060e-03
5.74578e-03
7.98801e-03
1.13072e-02
1.89111e-02
2.80479e-02
3.33493e-02
3.76464e-02
4.31644e-02
4.88763e-02
5.34490e-02
5.48496e-02
5.37304e-02
5.07210e-02
4.24931e-02
2.84808e-02
1.57458e-02
7.95433e-03
1.78948e-03
-3.94539e-03
-8.76041e-03
-1.20000e-02
-1.45545e-02
-1.70445e-02
-1.44078e-02
-4.69081e-03
6.92698e-03
1.38721e-02
1.18827e-02
3.56082e-03
-5.61202e-03
-1.50976e-02
-2.52633e-02
-3.25235e-02
-3.72926e-02
-4.26460e-02
-4.72089e-02
-4.96762e-02
-4.90602e-02
-4.56241e-02
-3.97839e-02
-3.14049e-02
-2.42717e-02
-2.04891e-02
-2.16316e-02
-2.87831e-02
-3.77802e-02
-4.44283e-02
-4.18057e-02
-2.71488e-02
-1.07679e-02
1.66656e-03
1.09687e-02
1.82201e-02
2.89677e-02
3.88913e-02
4.16178e-02
4.32273e-02
4.27599e-02
3.38649e-02
1.92471e-02
6.46460e-03
1.00451e-03
2.56256e-03
9.46776e-03
1.96772e-02
2.60877e-02
2.21316e-02
9.36841e-03
-5.36664e-03
-1.71920e-02
-2.57621e-02
-3.00299e-02
-2.73739e-02
-1.92776e-02
-8.09080e-03
2.58553e-03
8.03813e-03
9.30843e-03
5.71988e-03
-8.74521e-04
-2.32050e-03
-1.92817e-03
-5.10343e-03
-8.62958e-03
-1.20261e-02
-1.61321e-02
-1.96204e-02
-1.98479e-02
-1.61068e-02
-1.09220e-02
-3.30246e-03
7.98236e-03
1.87401e-02
2.81002e-02
3.87766e-02
4.68389e-02
4.99999e-02
5.18333e-02
5.21269e-02
5.07777e-02
5.02720e-02
5.03005e-02
4.71602e-02
3.87053e-02
2.69790e-02
1.49807e-02
6.42251e-03
2.78554e-03
2.32660e-03
4.67327e-03
9.66860e-03
1.62571e-02
2.29113e-02
2.65663e-02
2.57173e-02
2.44007e-02
2.47049e-02
2.22892e-02
1.64530e-02
1.14545e-02
1.01939e-02
1.30432e-02
1.96693e-02
2.84639e-02
3.37856e-02
3.31233e-02
2.85648e-02
2.05559e-02
1.38215e-02
1.27002e-02
1.26638e-02
1.13874e-02
9.70010e-03
5.19817e-03
-1.00319e-03
-5.29264e-03
-8.93406e-03
-1.32121e-02
-1.56034e-02
-1.49001e-02
-1.12327e-02
-3.78283e-03
8.14701e-03
2.28240e-02
3.60526e-02
4.70204e-02
5.78140e-02
6.64715e-02
6.79232e-02
6.25098e-02
5.51487e-02
4.68392e-02
3.76701e-02
2.84029e-02
1.82767e-02
8.69379e-03
4.97180e-04
-8.49642e-03
-1.74081e-02
-2.16198e-02
-2.08147e-02
-1.87596e-02
-1.58854e-02
-1.16097e-02
-8.48109e-03
-9.59257e-03
-1.58000e-02
-2.36111e-02
-2.84044e-02
-3.12999e-02
-3.55331e-02
-4.15943e-02
-5.06547e-02
-6.24053e-02
-7.25966e-02
-7.71683e-02
-7.46733e-02
-6.78499e-02
-5.94947e-02
-4.92234e-02
-3.83844e-02
-2.75440e-02
-1.50076e-02
-1.01482e-03
1.23364e-02
2.05857e-02
2.22638e-02
2.16817e-02
2.17976e-02
2.15929e-02
1.92412e-02
1.69190e-02
1.69711e-02
1.70178e-02
1.54086e-02
1.32190e-02
1.17102e-02
1.03626e-02
1.00652e-02
1.38728e-02
2.10118e-02
2.91814e-02
3.54106e-02
3.74908e-02
3.63085e-02
3.15412e-02
2.60542e-02
2.10789e-02
1.27129e-02
2.73884e-03
-6.52532e-03
-1.31633e-02
-1.20763e-02
-3.03640e-03
8.74423e-03
1.98095e-02
3.10426e-02
4.07308e-02
4.85614e-02
5.79707e-02
6.64117e-02
7.03599e-02
6.70952e-02
5.68583e-02
4.60833e-02
3.65881e-02
2.67507e-02
1.71325e-02
7.87817e-03
-1.88003e-03
-1.20596e-02
-2.15287e-02
-2.77354e-02
-2.81773e-02
-2.51433e-02
-2.01230e-02
-1.29241e-02
-3.09810e-03
1.29398e-02
3.30205e-02
5.20293e-02
6.92136e-02
8.26498e-02
8.91591e-02
8.85695e-02
8.48374e-02
8.15406e-02
7.81999e-02
7.26047e-02
6.36482e-02
5.08291e-02
3.40220e-02
1.59400e-02
8.69519e-04
-9.32289e-03
-1.56916e-02
-1.83972e-02
-1.82347e-02
-1.85703e-02
-1.88012e-02
-1.50512e-02
-7.22530e-03
4.83924e-04
4.18905e-03
1.71194e-03
-6.25604e-03
-1.55698e-02
-2.45804e-02
-3.18562e-02
-3.47478e-02
-3.39632e-02
-2.93434e-02
-2.15197e-02
-1.38353e-02
-6.91848e-03
-1.16602e-03
2.58960e-03
5.65192e-03
6.24760e-03
1.96301e-03
-2.80935e-03
-3.93397e-03
-3.77262e-03
-7.12172e-03
-1.40746e-02
-2.06884e-02
-2.90121e-02
-4.01691e-02
-4.74672e-02
-4.80937e-02
-4.73729e-02
-5.11801e-02
-5.79353e-02
-6.56928e-02
-7.48100e-02
-7.88216e-02
-7.45551e-02
-6.60870e-02
-5.73106e-02
-5.43476e-02
-5.94516e-02
-6.70387e-02
-7.11844e-02
-6.68137e-02
-5.37576e-02
-3.91504e-02
-2.75336e-02
-2.01623e-02
-1.67017e-02
-1.35495e-02
-9.57713e-03
-4.89254e-03
1.19741e-03
6.92258e-03
1.06115e-02
1.34380e-02
1.63043e-02
1.60330e-02
1.09490e-02
4.49390e-03
-1.42650e-03
-5.51368e-03
-6.15944e-03
-5.33605e-03
-4.35079e-03
-4.09531e-03
-6.66569e-03
-1.24175e-02
-2.15403e-02
-3.30451e-02
-4.45036e-02
-5.40280e-02
-6.20979e-02
-6.92476e-02
-7.21000e-02
-7.03191e-02
-6.40962e-02
-5.03606e-02
-3.07328e-02
-8.77161e-03
1.14176e-02
2.82939e-02
4.45768e-02
5.97181e-02
7.69770e-02
9.68059e-02
1.11212e-01
1.22688e-01
1.34405e-01
1.39332e-01
1.33783e-01
1.20934e-01
1.05890e-01
8.93898e-02
7.07850e-02
5.24663e-02
3.84142e-02
3.20437e-02
3.14521e-02
3.26706e-02
3.44821e-02
3.80392e-02
4.33326e-02
4.66554e-02
4.52377e-02
4.00369e-02
3.39285e-02
2.99009e-02
2.93675e-02
3.18138e-02
3.75159e-02
4.30529e-02
4.15576e-02
3.53007e-02
2.89584e-02
2.24773e-02
1.73609e-02
1.27043e-02
6.14603e-03
-1.95553e-03
-1.19458e-02
-2.49957e-02
-3.83542e-02
-4.66493e-02
-5.10876e-02
-5.46319e-02
-5.50070e-02
-5.19662e-02
-4.93387e-02
-4.75714e-02
-4.01211e-02
-2.49384e-02
-7.35807e-03
7.84133e-03
1.68565e-02
2.15859e-02
2.39967e-02
2.41000e-02
2.59923e-02
2.99423e-02
3.37363e-02
3.34424e-02
2.51557e-02
1.35165e-02
1.64237e-03
-1.07327e-02
-1.84339e-02
-2.06862e-02
-2.50807e-02
-3.51652e-02
-4.74704e-02
-5.74436e-02
-6.26959e-02
-6.23681e-02
-5.62874e-02
-4.70800e-02
-3.95620e-02
-3.66396e-02
-3.78308e-02
-4.14113e-02
-4.64680e-02
-5.29490e-02
-6.02478e-02
-6.69326e-02
-7.05845e-02
-6.97651e-02
-6.62161e-02
-5.91104e-02
-4.92844e-02
-4.25400e-02
-3.74658e-02
-3.10688e-02
-2.43627e-02
-1.64491e-02
-8.11998e-03
1.41655e-03
1.35710e-02
2.45411e-02
3.04669e-02
2.91904e-02
2.10097e-02
6.71586e-03
-1.37938e-02
-3.66328e-02
-5.76399e-02
-7.70724e-02
-9.33813e-02
-9.96053e-02
-9.26280e-02
-7.54958e-02
-5.20935e-02
-2.77505e-02
-4.66275e-03
1.65721e-02
3.33357e-02
4.59593e-02
5.32016e-02
5.30394e-02
4.98483e-02
4.92740e-02
5.29351e-02
5.68681e-02
5.36686e-02
4.06165e-02
2.26291e-02
5.07250e-03
-1.20933e-02
-2.78800e-02
-3.83800e-02
-4.48811e-02
-5.09532e-02
-5.64948e-02
-5.95583e-02
-5.80563e-02
-5.21113e-02
-4.50269e-02
-3.82494e-02
-2.98436e-02
-2.00115e-02
-1.17796e-02
-7.54449e-03
-7.25419e-03
-9.48608e-03
-1.29136e-02
-1.66985e-02
-2.15719e-02
-2.59690e-02
-2.63251e-02
-2.14375e-02
-1.36460e-02
-8.32180e-03
-7.52595e-03
-9.91327e-03
-1.09760e-02
-6.32495e-03
8.86184e-04
7.09182e-03
1.03693e-02
1.23845e-02
1.79427e-02
2.71043e-02
3.71566e-02
4.36211e-02
4.73673e-02
5.13442e-02
5.54034e-02
6.32806e-02
7.56157e-02
9.02207e-02
1.03336e-01
1.10931e-01
1.11417e-01
1.05496e-01
1.01131e-01
1.00371e-01
9.99704e-02
9.85986e-02
9.36708e-02
8.69943e-02
8.04378e-02
7.19809e-02
5.92917e-02
4.66032e-02
3.43400e-02
1.86118e-02
3.74886e-03
-1.09721e-02
-2.39970e-02
-3.23149e-02
-3.98526e-02
-4.34742e-02
-4.10394e-02
-3.58971e-02
-3.17345e-02
-2.81079e-02
-2.07395e-02
-1.25023e-02
-6.23692e-03
1.50269e-03
1.20945e-02
2.24838e-02
2.85447e-02
3.10568e-02
3.35997e-02
3.55023e-02
3.63191e-02
3.90331e-02
4.37437e-02
4.55483e-02
4.13864e-02
3.34590e-02
2.68465e-02
2.36694e-02
1.93048e-02
1.29207e-02
6.58598e-03
-4.17655e-03
-2.19104e-02
-4.19674e-02
-5.90664e-02
-7.32173e-02
-8.49373e-02
-9.25347e-02
-9.65757e-02
-9.65083e-02
-9.23650e-02
-8.80706e-02
-8.67144e-02
-8.93896e-02
-9.66943e-02
-1.05929e-01
-1.11728e-01
-1.13397e-01
-1.13371e-01
-1.12789e-01
-1.09581e-01
-1.02055e-01
-9.23079e-02
-7.66113e-02
-5.45995e-02
-3.56907e-02
-2.32364e-02
-1.65171e-02
-1.35759e-02
-1.03837e-02
-6.98311e-03
-3.52694e-03
2.20092e-03
1.06596e-02
2.13068e-02
3.27020e-02
4.14160e-02
4.48687e-02
4.40000e-02
4.12992e-02
3.75479e-02
3.41381e-02
3.15302e-02
2.74494e-02
2.03470e-02
9.29745e-03
-3.08385e-03
-1.23508e-02
-1.64593e-02
-1.44306e-02
-7.82041e-03
1.35238e-03
1.17218e-02
1.94220e-02
2.40806e-02
3.09703e-02
3.88512e-02
4.22590e-02
4.16853e-02
3.79851e-02
3.20435e-02
2.78737e-02
2.58020e-02
2.15375e-02
1.12045e-02
-6.20485e-03
-2.71090e-02
-4.77325e-02
-6.62017e-02
-7.92740e-02
-8.56942e-02
-8.51198e-02
-7.88137e-02
-7.18365e-02
-6.51995e-02
-5.84382e-02
-5.28030e-02
-4.67173e-02
-3.81533e-02
-2.60804e-02
-1.08629e-02
6.50073e-03
2.57674e-02
4.41057e-02
5.78503e-02
6.70845e-02
7.32125e-02
7.49451e-02
7.20764e-02
6.68447e-02
5.91644e-02
5.09107e-02
4.54509e-02
4.39652e-02
4.85614e-02
5.77725e-02
6.88934e-02
8.09383e-02
9.12107e-02
9.91560e-02
1.03105e-01
1.01272e-01
9.64335e-02
8.91308e-02
7.83328e-02
6.60136e-02
5.49127e-02
4.51881e-02
3.44165e-02
2.13780e-02
8.83805e-03
3.37721e-04
-5.01976e-03
-8.85372e-03
-1.06428e-02
-1.06330e-02
-9.67905e-03
-8.81188e-03
-7.41512e-03
-3.85735e-03
1.53117e-03
5.71239e-03
5.99733e-03
6.17308e-03
9.51170e-03
1.27433e-02
1.40566e-02
1.42544e-02
1.26602e-02
6.28134e-03
-6.16242e-03
-2.11115e-02
-3.51591e-02
-4.72465e-02
-5.55070e-02
-5.77628e-02
-5.49706e-02
-4.99050e-02
-4.52305e-02
-4.32148e-02
-4.29038e-02
-4.27201e-02
-4.23367e-02
-4.01938e-02
-3.61273e-02
-3.07010e-02
-2.38994e-02
-1.80736e-02
-1.41545e-02
-1.04910e-02
-8.55256e-03
-1.04930e-02
-1.47823e-02
-1.91897e-02
-2.45704e-02
-3.26592e-02
-4.16587e-02
-5.01377e-02
-5.93081e-02
-6.83889e-02
-7.52866e-02
-7.70680e-02
-7.14442e-02
-6.11422e-02
-4.89831e-02
-3.58530e-02
-2.45294e-02
-1.53297e-02
-6.77257e-03
-1.08207e-03
-3.42615e-04
-3.40521e-03
-8.37827e-03
-1.36270e-02
-1.78373e-02
-2.12457e-02
-2.39498e-02
-2.52973e-02
-2.56780e-02
-2.45491e-02
-2.20792e-02
-1.92688e-02
-1.47038e-02
-7.15610e-03
3.30956e-03
1.43290e-02
2.23877e-02
2.66397e-02
2.79731e-02
2.91612e-02
3.23907e-02
3.69490e-02
4.21998e-02
4.59478e-02
4.58768e-02
4.39859e-02
4.18967e-02
3.91582e-02
3.59921e-02
3.29503e-02
3.17446e-02
3.27471e-02
3.40073e-02
3.45567e-02
3.50736e-02
3.70338e-02
4.01167e-02
4.31829e-02
4.66997e-02
5.11418e-02
5.42837e-02
5.31884e-02
5.00241e-02
4.64644e-02
3.89390e-02
2.65717e-02
1.34446e-02
2.06328e-03
-8.94940e-03
-1.83533e-02
-2.26078e-02
-2.19504e-02
-1.81878e-02
-1.26564e-02
-7.94847e-03
-6.55367e-03
-7.22060e-03
-7.87026e-03
-8.32729e-03
-7.43769e-03
-4.91502e-03
-1.50304e-03
1.51267e-03
1.48782e-03
-4.80471e-04
-1.75000e-03
-4.06643e-03
-9.66362e-03
-1.76327e-02
-2.48457e-02
-2.94998e-02
-3.27168e-02
-3.44735e-02
-3.37773e-02
-3.19495e-02
-3.21443e-02
-3.54119e-02
-3.92783e-02
-4.30155e-02
-4.84894e-02
-5.56138e-02
-6.12581e-02
-6.39266e-02
-6.65956e-02
-7.05654e-02
-7.31913e-02
-7.35238e-02
-7.30161e-02
-7.04753e-02
-6.49404e-02
-5.94232e-02
-5.47313e-02
-5.15215e-02
-5.04597e-02
-4.70335e-02
-3.94605e-02
-2.93177e-02
-1.81585e-02
-7.82635e-03
2.93048e-03
1.33561e-02
2.16931e-02
2.95029e-02
3.71567e-02
4.49198e-02
5.15205e-02
5.49384e-02
5.78410e-02
6.11121e-02
6.22620e-02
6.25749e-02
6.48730e-02
6.86432e-02
7.21109e-02
7.60230e-02
8.14527e-02
8.80701e-02
9.51534e-02
1.00220e-01
1.02607e-01
1.03223e-01
1.01489e-01
9.94855e-02
9.86352e-02
9.74220e-02
9.61238e-02
9.46004e-02
9.01500e-02
8.20610e-02
7.37863e-02
6.76335e-02
6.29435e-02
5.83056e-02
5.22748e-02
4.54353e-02
3.87368e-02
3.13237e-02
2.22945e-02
1.18244e-02
-2.72566e-04
-1.51806e-02
-3.16186e-02
-4.66587e-02
-5.92819e-02
-6.93497e-02
-7.68295e-02
-8.19472e-02
-8.50743e-02
-8.57903e-02
-8.34807e-02
-7.89366e-02
-7.17726e-02
-6.19262e-02
-5.24775e-02
-4.44409e-02
-3.64211e-02
-2.84571e-02
-1.94532e-02
-7.41664e-03
6.31535e-03
1.79329e-02
2.47879e-02
2.63584e-02
2.33315e-02
1.84112e-02
1.44651e-02
1.14050e-02
9.30449e-03
8.05480e-03
5.51388e-03
1.90008e-03
-1.07281e-03
-2.98655e-03
-3.75432e-03
-3.74879e-03
-3.69678e-03
-4.47075e-03
-5.79469e-03
-7.16335e-03
-9.82305e-03
-1.41046e-02
-1.82878e-02
-2.13054e-02
-2.38436e-02
-2.59644e-02
-2.70865e-02
-2.70479e-02
-2.58187e-02
-2.41462e-02
-2.20134e-02
-1.95408e-02
-1.74867e-02
-1.58596e-02
-1.52378e-02
-1.63171e-02
-1.85628e-02
-2.00554e-02
-2.04345e-02
-2.01973e-02
-1.79867e-02
-1.43182e-02
-1.08417e-02
-7.72095e-03
-5.42921e-03
-4.21628e-03
-3.37579e-03
-1.66454e-03
2.67163e-03
9.37762e-03
1.62547e-02
2.26781e-02
2.81384e-02
3.08233e-02
2.97762e-02
2.57234e-02
2.03161e-02
1.49185e-02
9.79076e-03
5.60658e-03
4.04134e-03
3.91987e-03
3.36491e-03
4.78939e-03
1.00076e-02
1.65519e-02
2.24324e-02
2.80565e-02
3.25576e-02
3.42504e-02
3.35092e-02
3.17709e-02
3.06159e-02
3.10653e-02
3.28422e-02
3.51162e-02
3.62156e-02
3.46131e-02
3.11966e-02
2.76453e-02
2.49189e-02
2.43942e-02
2.63164e-02
2.85163e-02
2.94372e-02
2.99543e-02
3.10350e-02
3.29940e-02
3.65925e-02
4.10364e-02
4.41203e-02
4.52723e-02
4.48579e-02
4.38768e-02
4.37562e-02
4.34998e-02
4.19981e-02
3.98268e-02
3.57328e-02
2.94362e-02
2.25131e-02
1.40285e-02
4.31877e-03
-3.68327e-03
-8.56917e-03
-1.04790e-02
-1.03059e-02
-8.82521e-03
-7.18178e-03
-7.05659e-03
-8.41174e-03
-1.00627e-02
-1.16076e-02
-1.28067e-02
-1.37854e-02
-1.56012e-02
-1.77134e-02
-1.91822e-02
-2.08914e-02
-2.30072e-02
-2.50402e-02
-2.66604e-02
-2.77248e-02
-2.83928e-02
-2.82704e-02
-2.76996e-02
-2.81521e-02
-3.07211e-02
-3.44758e-02
-3.78668e-02
-4.15043e-02
-4.53431e-02
-4.84542e-02
-5.18138e-02
-5.56074e-02
-5.81569e-02
-5.88681e-02
-5.87490e-02
-5.90725e-02
-6.01302e-02
-6.09074e-02
-6.08360e-02
-6.01774e-02
-5.83471e-02
-5.41549e-02
-4.82017e-02
-4.24111e-02
-3.70743e-02
-3.23012e-02
-2.91838e-02
-2.78943e-02
-2.85484e-02
-3.09841e-02
-3.43855e-02
-3.86958e-02
-4.27731e-02
-4.50086e-02
-4.61106e-02
-4.68643e-02
-4.77506e-02
-4.97814e-02
-5.23942e-02
-5.51397e-02
-5.83991e-02
-6.07893e-02
-6.09045e-02
-5.93821e-02
-5.68391e-02
-5.31433e-02
-4.89900e-02
-4.46680e-02
-3.89990e-02
-3.17699e-02
-2.37096e-02
-1.48908e-02
-6.30623e-03
1.51623e-03
9.82478e-03
1.76798e-02
2.36086e-02
2.78326e-02
2.99198e-02
3.02366e-02
3.08293e-02
3.31448e-02
3.64558e-02
3.99360e-02
4.43356e-02
4.96707e-02
5.52007e-02
6.03402e-02
6.52902e-02
7.05603e-02
7.45170e-02
7.58492e-02
7.57769e-02
7.53628e-02
7.39934e-02
7.08801e-02
6.77964e-02
6.60341e-02
6.42401e-02
6.20914e-02
5.86869e-02
5.33658e-02
4.83275e-02
4.46213e-02
4.20464e-02
4.16478e-02
4.39034e-02
4.58256e-02
4.42983e-02
3.99997e-02
3.32937e-02
2.47732e-02
1.72379e-02
1.11250e-02
5.64171e-03
7.99830e-04
-4.02228e-03
-9.03740e-03
-1.44947e-02
-1.98316e-02
-2.30627e-02
-2.46641e-02
-2.61229e-02
-2.70083e-02
-2.70270e-02
-2.61947e-02
-2.49648e-02
-2.38528e-02
-2.26071e-02
-2.14395e-02
-1.99687e-02
-1.85264e-02
-1.83211e-02
-1.87479e-02
-1.98212e-02
-2.20331e-02
-2.38841e-02
-2.41783e-02
-2.35285e-02
-2.20760e-02
-1.97807e-02
-1.82603e-02
-1.85761e-02
-2.04091e-02
-2.31838e-02
-2.59617e-02
-2.76452e-02
-2.80217e-02
-2.78505e-02
-2.74298e-02
-2.72932e-02
-2.77663e-02
-2.74786e-02
-2.53057e-02
-2.19906e-02
-1.91533e-02
-1.72894e-02
-1.59593e-02
-1.45500e-02
-1.21664e-02
-8.45122e-03
-3.52197e-03
1.81251e-03
6.24685e-03
9.25456e-03
1.10544e-02
1.20528e-02
1.24710e-02
1.29737e-02
1.47014e-02
1.75884e-02
2.03616e-02
2.21095e-02
2.27704e-02
2.28289e-02
2.29087e-02
2.26506e-02
2.08845e-02
1.81675e-02
1.64940e-02
1.66785e-02
1.83600e-02
2.11136e-02
2.45190e-02
2.73731e-02
2.80715e-02
2.62259e-02
2.26231e-02
1.78088e-02
1.16429e-02
4.83442e-03
-8.82932e-04
-4.05929e-03
-4.03799e-03
-1.86113e-03
3.86275e-04
1.28943e-03
9.46760e-04
1.08052e-03
3.07894e-03
6.59129e-03
1.01936e-02
1.20137e-02
1.08940e-02
8.10689e-03
6.08973e-03
4.96644e-03
3.32847e-03
1.25350e-03
-7.84782e-04
-3.56182e-03
-7.89906e-03
-1.29096e-02
-1.62183e-02
-1.72579e-02
-1.74990e-02
-1.69878e-02
-1.59375e-02
-1.60387e-02
-1.76637e-02
-2.03662e-02
-2.37450e-02
-2.68974e-02
-2.86430e-02
-2.78384e-02
-2.45905e-02
-2.04972e-02
-1.70996e-02
-1.36451e-02
-9.73916e-03
-7.69672e-03
-7.06556e-03
-6.10390e-03
-5.32848e-03
-4.97193e-03
-4.98231e-03
-3.78141e-03
-7.33776e-04
1.78001e-03
2.97432e-03
3.49589e-03
3.83579e-03
4.20304e-03
4.18146e-03
3.61150e-03
3.04810e-03
2.85926e-03
1.52635e-03
-1.43454e-03
-3.77812e-03
-4.87053e-03
-5.82498e-03
-6.71148e-03
-7.06878e-03
-7.26617e-03
-7.94721e-03
-8.62870e-03
-8.49424e-03
-7.76071e-03
-6.77881e-03
-5.80450e-03
-5.33975e-03
-5.00420e-03
-4.42554e-03
-3.87097e-03
-3.04621e-03
-2.33461e-03
-2.72530e-03
-4.26918e-03
-6.70306e-03
-9.25311e-03
-1.10290e-02
-1.21861e-02
-1.28407e-02
-1.29954e-02
-1.32043e-02
-1.36402e-02
-1.39909e-02
-1.46375e-02
-1.59657e-02
-1.69915e-02
-1.70049e-02
-1.63309e-02
-1.49555e-02
-1.24198e-02
-8.75446e-03
-4.92678e-03
-1.69492e-03
7.85178e-04
2.65511e-03
4.43804e-03
6.03336e-03
7.37657e-03
8.73995e-03
9.03468e-03
8.33463e-03
8.30333e-03
8.75719e-03
9.88727e-03
1.25316e-02
1.59680e-02
1.91259e-02
2.06210e-02
2.00350e-02
1.90759e-02
1.92222e-02
2.02705e-02
2.15506e-02
2.21582e-02
2.06609e-02
1.66003e-02
1.04215e-02
3.38815e-03
-2.52222e-03
-6.93395e-03
-1.06199e-02
-1.34414e-02
-1.47561e-02
-1.42236e-02
-1.25151e-02
-1.05394e-02
-8.24571e-03
-6.06107e-03
-4.20569e-03
-2.45515e-03
-1.08512e-03
3.73384e-04
1.53295e-03
1.29590e-03
2.49265e-04
-3.68083e-04
-2.15709e-04
4.44783e-04
2.36609e-03
5.76330e-03
8.78798e-03
1.06042e-02
1.25326e-02
1.54785e-02
1.88019e-02
2.15894e-02
2.36383e-02
2.54003e-02
2.68018e-02
2.68842e-02
2.55909e-02
2.36803e-02
2.09020e-02
1.69693e-02
1.30115e-02
1.01263e-02
8.38190e-03
7.22664e-03
5.96808e-03
4.58567e-03
3.70361e-03
3.57302e-03
3.86007e-03
4.08858e-03
3.36939e-03
7.77691e-04
-3.44894e-03
-8.18228e-03
-1.25862e-02
-1.54974e-02
-1.59200e-02
-1.50595e-02
-1.44994e-02
-1.45874e-02
-1.52142e-02
-1.58471e-02
-1.60318e-02
-1.53275e-02
-1.36962e-02
-1.24734e-02
-1.22259e-02
-1.15191e-02
-9.90121e-03
-8.15092e-03
-6.46659e-03
-5.57888e-03
-6.23240e-03
-8.07108e-03
-1.03271e-02
-1.18065e-02
-1.18904e-02
-1.11902e-02
-1.00131e-02
-8.22386e-03
-6.26314e-03
-4.51554e-03
-3.19679e-03
-2.77604e-03
-2.70210e-03
-1.87658e-03
3.76258e-04
4.20488e-03
8.12236e-03
1.07731e-02
1.21330e-02
1.21094e-02
1.10979e-02
9.75408e-03
8.15407e-03
6.24759e-03
4.35537e-03
3.14427e-03
2.96134e-03
3.78095e-03
5.57435e-03
8.24795e-03
1.12325e-02
1.42037e-02
1.72468e-02
1.97198e-02
2.12444e-02
2.21484e-02
2.23061e-02
2.14170e-02
1.97752e-02
1.79425e-02
1.61061e-02
1.44543e-02
1.31146e-02
1.17398e-02
9.87743e-03
7.51367e-03
5.20563e-03
3.57626e-03
3.09214e-03
3.82396e-03
5.56518e-03
8.23564e-03
1.13383e-02
1.43994e-02
1.73023e-02
1.95255e-02
2.10136e-02
2.21710e-02
2.29506e-02
2.39785e-02
2.59140e-02
2.80471e-02
3.01045e-02
3.23434e-02
3.37703e-02
3.38087e-02
3.38280e-02
3.50560e-02
3.71885e-02
3.97516e-02
4.27418e-02
4.55064e-02
4.70193e-02
4.70195e-02
4.58947e-02
4.39063e-02
4.07716e-02
3.65525e-02
3.16449e-02
2.60921e-02
2.08718e-02
1.73122e-02
1.50827e-02
1.33258e-02
1.15501e-02
9.28304e-03
6.73864e-03
4.35091e-03
1.91950e-03
-1.37494e-03
-5.91692e-03
-1.09820e-02
-1.59392e-02
-2.00610e-02
-2.27303e-02
-2.44076e-02
-2.55550e-02
-2.65165e-02
-2.74433e-02
-2.80373e-02
-2.84661e-02
-2.91207e-02
-2.98105e-02
-3.00961e-02
-2.99505e-02
-2.91743e-02
-2.77779e-02
-2.67898e-02
-2.72931e-02
-2.91604e-02
-3.09091e-02
-3.20291e-02
-3.30281e-02
-3.34153e-02
-3.24461e-02
-2.99166e-02
-2.70272e-02
-2.53143e-02
-2.45954e-02
-2.43976e-02
-2.46040e-02
-2.47044e-02
-2.45848e-02
-2.45142e-02
-2.45304e-02
-2.49198e-02
-2.54628e-02
-2.58646e-02
-2.69970e-02
-2.89822e-02
-3.11740e-02
-3.35602e-02
-3.61673e-02
-3.90040e-02
-4.24326e-02
-4.65433e-02
-5.05940e-02
-5.37462e-02
-5.52751e-02
-5.48042e-02
-5.28586e-02
-5.01123e-02
-4.70101e-02
-4.35351e-02
-3.95113e-02
-3.52419e-02
-3.09207e-02
-2.69984e-02
-2.43964e-02
-2.30321e-02
-2.21481e-02
-2.13420e-02
-1.98370e-02
-1.73788e-02
-1.44185e-02
-1.03437e-02
-5.11953e-03
-5.80863e-05
4.09704e-03
6.95094e-03
8.49804e-03
9.41115e-03
9.94195e-03
9.82882e-03
9.45557e-03
9.69275e-03
1.05278e-02
1.15667e-02
1.24427e-02
1.24395e-02
1.17836e-02
1.10511e-02
9.76166e-03
8.03368e-03
6.86302e-03
6.32564e-03
5.94213e-03
5.54345e-03
5.25628e-03
5.59909e-03
6.27951e-03
6.36046e-03
6.23437e-03
6.96222e-03
9.06910e-03
1.25394e-02
1.66558e-02
2.02969e-02
2.28348e-02
2.44846e-02
2.51343e-02
2.47768e-02
2.41991e-02
2.34013e-02
2.22468e-02
2.10911e-02
1.95947e-02
1.77410e-02
1.62590e-02
1.56022e-02
1.55245e-02
1.50805e-02
1.41722e-02
1.35868e-02
1.34124e-02
1.32066e-02
1.29393e-02
1.34244e-02
1.42193e-02
1.37015e-02
1.17492e-02
8.83392e-03
5.34324e-03
2.02807e-03
8.98987e-05
-2.17911e-04
1.72630e-04
1.42550e-03
3.11786e-03
4.48083e-03
6.32110e-03
8.69704e-03
1.04922e-02
1.09504e-02
1.06001e-02
1.01270e-02
9.50076e-03
9.33869e-03
9.84739e-03
1.03617e-02
1.08636e-02
1.14553e-02
1.20133e-02
1.24200e-02
1.20184e-02
1.07186e-02
9.93267e-03
1.02460e-02
1.10836e-02
1.25360e-02
1.42047e-02
1.53751e-02
1.67158e-02
1.88663e-02
2.16929e-02
2.53207e-02
2.94486e-02
3.26325e-02
3.38522e-02
3.35558e-02
3.20769e-02
2.95930e-02
2.73306e-02
2.62209e-02
2.61092e-02
2.61723e-02
2.58168e-02
2.51952e-02
2.41291e-02
2.27283e-02
2.16288e-02
2.09832e-02
2.06802e-02
2.05048e-02
2.01203e-02
1.89392e-02
1.69227e-02
1.45370e-02
1.19558e-02
9.98403e-03
9.54828e-03
1.08478e-02
1.34507e-02
1.61040e-02
1.78859e-02
1.87922e-02
1.87101e-02
1.73971e-02
1.50854e-02
1.25247e-02
1.03632e-02
8.55517e-03
7.08764e-03
5.89186e-03
4.21654e-03
2.02802e-03
1.60740e-04
-1.28248e-03
-2.57298e-03
-3.84202e-03
-5.90700e-03
-9.06599e-03
-1.19918e-02
-1.37864e-02
-1.43285e-02
-1.37007e-02
-1.31123e-02
-1.32581e-02
-1.34021e-02
-1.32380e-02
-1.31221e-02
-1.32042e-02
-1.30738e-02
-1.30036e-02
-1.40547e-02
-1.57998e-02
-1.73257e-02
-1.90657e-02
-2.14818e-02
-2.41485e-02
-2.65206e-02
-2.84379e-02
-2.96562e-02
-3.00702e-02
-3.02763e-02
-3.08467e-02
-3.18309e-02
-3.30363e-02
-3.42397e-02
-3.53568e-02
-3.64977e-02
-3.79824e-02
-3.99125e-02
-4.18078e-02
-4.37802e-02
-4.67047e-02
-5.04856e-02
-5.41883e-02
-5.68861e-02
-5.77517e-02
-5.69549e-02
-5.51185e-02
-5.23809e-02
-4.93092e-02
-4.68242e-02
-4.52639e-02
-4.45137e-02
-4.44524e-02
-4.46876e-02
-4.46232e-02
-4.43362e-02
-4.41513e-02
-4.38487e-02
-4.32018e-02
-4.23311e-02
-4.15639e-02
-4.12694e-02
-4.17266e-02
-4.29109e-02
-4.41861e-02
-4.46057e-02
-4.35632e-02
-4.11454e-02
-3.79827e-02
-3.47216e-02
-3.16685e-02
-2.86573e-02
-2.54584e-02
-2.23136e-02
-1.93342e-02
-1.63424e-02
-1.33443e-02
-1.02108e-02
-6.95659e-03
-3.84340e-03
-1.09235e-03
8.87167e-04
2.10695e-03
3.11695e-03
4.26039e-03
5.62092e-03
6.89986e-03
7.69261e-03
8.26141e-03
9.28964e-03
1.10121e-02
1.29729e-02
1.48603e-02
1.68355e-02
1.88819e-02
2.08878e-02
2.30246e-02
2.55157e-02
2.80362e-02
3.00434e-02
3.15192e-02
3.22223e-02
3.18060e-02
3.08585e-02
3.00335e-02
2.95810e-02
2.97792e-02
3.06122e-02
3.17058e-02
3.27226e-02
3.38013e-02
3.48886e-02
3.54107e-02
3.55312e-02
3.57761e-02
3.61279e-02
3.62412e-02
3.55842e-02
3.44718e-02
3.38324e-02
3.34534e-02
3.30537e-02
3.33878e-02
3.46874e-02
3.60080e-02
3.64175e-02
3.59044e-02
3.44340e-02
3.19668e-02
2.91897e-02
2.58939e-02
2.17350e-02
1.77694e-02
1.42322e-02
1.08740e-02
8.53564e-03
7.28480e-03
6.38455e-03
5.66878e-03
5.12494e-03
4.73391e-03
4.55949e-03
4.68088e-03
5.19456e-03
6.14991e-03
7.48674e-03
9.21391e-03
1.11665e-02
1.27942e-02
1.38203e-02
1.40970e-02
1.40475e-02
1.44218e-02
1.43576e-02
1.32814e-02
1.25784e-02
1.26085e-02
1.20905e-02
1.06815e-02
8.70896e-03
6.03145e-03
3.36468e-03
1.51251e-03
3.06551e-04
2.51228e-04
1.59426e-03
3.84798e-03
7.00339e-03
1.06719e-02
1.39542e-02
1.59965e-02
1.65887e-02
1.62686e-02
1.56593e-02
1.53537e-02
1.52711e-02
1.48473e-02
1.39235e-02
1.28023e-02
1.15690e-02
9.74571e-03
7.27702e-03
4.17947e-03
8.83935e-04
-1.35198e-03
-2.85449e-03
-4.34534e-03
-5.40707e-03
-6.40838e-03
-7.79078e-03
-9.18838e-03
-1.00332e-02
-9.48615e-03
-7.02097e-03
-3.09583e-03
1.20051e-03
4.91107e-03
7.70757e-03
9.54751e-03
9.90456e-03
8.99407e-03
8.43842e-03
8.64558e-03
8.77481e-03
8.54253e-03
7.91010e-03
7.08340e-03
6.27004e-03
5.31893e-03
4.22787e-03
2.90267e-03
9.56769e-04
-1.41601e-03
-3.49348e-03
-5.10046e-03
-6.58056e-03
-8.14585e-03
-9.34526e-03
-9.57039e-03
-8.77816e-03
-6.91699e-03
-4.27539e-03
-1.74393e-03
2.80632e-04
2.02179e-03
3.29959e-03
3.93644e-03
4.62095e-03
5.32749e-03
5.77571e-03
6.86741e-03
8.60594e-03
9.96725e-03
9.96831e-03
7.89208e-03
4.14171e-03
-5.37336e-04
-5.35843e-03
-9.23934e-03
-1.16986e-02
-1.30086e-02
-1.37673e-02
-1.42244e-02
-1.40361e-02
-1.31082e-02
-1.19948e-02
-1.10060e-02
-1.00512e-02
-9.49368e-03
-9.28595e-03
-8.79422e-03
-8.17865e-03
-7.85085e-03
-7.62707e-03
-7.39204e-03
-7.37971e-03
-7.64151e-03
-8.04530e-03
-8.27746e-03
-7.64476e-03
-5.78890e-03
-3.41027e-03
-1.68823e-03
-8.44151e-04
-2.72257e-04
2.86237e-04
8.70156e-04
1.95957e-03
4.12312e-03
7.17158e-03
1.05881e-02
1.38171e-02
1.63111e-02
1.79406e-02
1.86346e-02
1.86021e-02
1.82806e-02
1.76245e-02
1.65251e-02
1.50834e-02
1.32448e-02
1.11754e-02
9.18502e-03
7.49746e-03
6.29245e-03
5.06380e-03
3.80042e-03
3.15796e-03
3.02537e-03
3.20984e-03
3.61859e-03
4.14234e-03
4.44146e-03
4.13794e-03
3.85092e-03
3.96758e-03
3.85183e-03
2.94313e-03
1.27566e-03
-7.88276e-04
-3.17755e-03
-5.81447e-03
-7.97129e-03
-9.38494e-03
-1.06003e-02
-1.17662e-02
-1.27683e-02
-1.34640e-02
-1.38309e-02
-1.39496e-02
-1.37638e-02
-1.37665e-02
-1.42299e-02
-1.47446e-02
-1.51987e-02
-1.54577e-02
-1.52786e-02
-1.46878e-02
-1.38685e-02
-1.32032e-02
-1.29149e-02
-1.27635e-02
-1.28300e-02
-1.35690e-02
-1.47511e-02
-1.60340e-02
-1.77563e-02
-2.00779e-02
-2.27077e-02
-2.55360e-02
-2.85269e-02
-3.15703e-02
-3.49894e-02
-3.87702e-02
-4.19151e-02
-4.34134e-02
-4.27679e-02
-4.03154e-02
-3.72257e-02
-3.47229e-02
-3.28526e-02
-3.07243e-02
-2.84866e-02
-2.66174e-02
-2.49429e-02
-2.35751e-02
-2.25872e-02
-2.17046e-02
-2.06286e-02
-1.93517e-02
-1.81691e-02
-1.73150e-02
-1.64190e-02
-1.48354e-02
-1.28825e-02
-1.11274e-02
-9.87944e-03
-9.53553e-03
-9.98915e-03
-1.07523e-02
-1.12245e-02
-1.12796e-02
-1.12018e-02
-1.08364e-02
-1.01328e-02
-9.43490e-03
-8.99830e-03
-8.58472e-03
-8.10792e-03
-8.13572e-03
-8.40391e-03
-8.31868e-03
-8.41784e-03
-9.00109e-03
-9.59160e-03
-1.00927e-02
-1.07746e-02
-1.18481e-02
-1.31888e-02
-1.42853e-02
-1.49082e-02
-1.49838e-02
-1.42127e-02
-1.26484e-02
-1.07672e-02
-8.77777e-03
-6.14792e-03
-2.48648e-03
1.39157e-03
4.39112e-03
6.36724e-03
7.71442e-03
8.85805e-03
1.03442e-02
1.22873e-02
1.41976e-02
1.54460e-02
1.55819e-02
1.47520e-02
1.33586e-02
1.18524e-02
1.09829e-02
1.10861e-02
1.19233e-02
1.34108e-02
1.53859e-02
1.72341e-02
1.85221e-02
1.93818e-02
2.01926e-02
2.12688e-02
2.26515e-02
2.36662e-02
2.33057e-02
2.15782e-02
1.94017e-02
1.74684e-02
1.61909e-02
1.58409e-02
1.63574e-02
1.78558e-02
2.03003e-02
2.29612e-02
2.55487e-02
2.79192e-02
2.94797e-02
3.02105e-02
3.04489e-02
3.03215e-02
2.97341e-02
2.86929e-02
2.75068e-02
2.62047e-02
2.45833e-02
2.26579e-02
2.07450e-02
1.95632e-02
1.95051e-02
2.00452e-02
2.06759e-02
2.11132e-02
2.10289e-02
2.05885e-02
2.00926e-02
1.99336e-02
2.05699e-02
2.16520e-02
2.26478e-02
2.31777e-02
2.28331e-02
2.16913e-02
2.01548e-02
1.87025e-02
1.74677e-02
1.62321e-02
1.52114e-02
1.48079e-02
1.51080e-02
1.55435e-02
1.49419e-02
1.31054e-02
1.12380e-02
1.01365e-02
9.67885e-03
9.95121e-03
1.11671e-02
1.28007e-02
1.41872e-02
1.50019e-02
1.49070e-02
1.39956e-02
1.26789e-02
1.14476e-02
1.08028e-02
1.07899e-02
1.13254e-02
1.21501e-02
1.27864e-02
1.29183e-02
1.24514e-02
1.16801e-02
1.06894e-02
9.26250e-03
7.64716e-03
5.94316e-03
3.70899e-03
1.07306e-03
-1.36722e-03
-3.46450e-03
-5.02732e-03
-5.69344e-03
-5.47767e-03
-4.37854e-03
-2.29408e-03
3.81286e-04
2.87342e-03
4.94016e-03
6.87764e-03
8.55589e-03
9.70496e-03
1.01657e-02
9.41317e-03
7.33666e-03
4.60747e-03
1.94137e-03
-2.25438e-04
-1.70720e-03
-2.38698e-03
-2.08402e-03
-8.93677e-04
6.11788e-04
1.95438e-03
2.85575e-03
3.03652e-03
2.52126e-03
1.54020e-03
5.05602e-04
-2.15574e-04
-1.08805e-03
-2.79192e-03
-5.27927e-03
-8.19810e-03
-1.09821e-02
-1.30314e-02
-1.42355e-02
-1.47137e-02
-1.46934e-02
-1.45236e-02
-1.45423e-02
-1.48418e-02
-1.54141e-02
-1.63406e-02
-1.72719e-02
-1.76524e-02
-1.71459e-02
-1.57240e-02
-1.41458e-02
-1.32392e-02
-1.30684e-02
-1.37669e-02
-1.54900e-02
-1.76067e-02
-1.95061e-02
-2.10510e-02
-2.22042e-02
-2.31295e-02
-2.38439e-02
-2.42835e-02
-2.44257e-02
-2.36933e-02
-2.15776e-02
-1.86877e-02
-1.61247e-02
-1.45029e-02
-1.39287e-02
-1.40828e-02
-1.45959e-02
-1.52987e-02
-1.57277e-02
-1.57120e-02
-1.56481e-02
-1.54261e-02
-1.49144e-02
-1.43426e-02
-1.37536e-02
-1.32145e-02
-1.26434e-02
-1.17240e-02
-1.03113e-02
-8.58639e-03
-6.83793e-03
-5.02425e-03
-3.03364e-03
-1.17427e-03
3.66759e-05
2.10146e-04
-6.57888e-04
-2.27226e-03
-4.11383e-03
-5.35075e-03
-5.60441e-03
-5.32779e-03
-5.26134e-03
-5.86457e-03
-7.03813e-03
-8.26803e-03
-8.59101e-03
-7.52263e-03
-5.29467e-03
-1.98232e-03
1.64535e-03
4.48353e-03
6.36688e-03
7.50464e-03
7.95271e-03
7.74835e-03
7.09426e-03
6.12966e-03
4.73284e-03
2.86164e-03
1.00857e-03
-2.16249e-04
-7.29446e-04
-6.09131e-04
-2.26901e-05
9.16953e-04
2.10765e-03
2.95847e-03
2.96590e-03
2.13097e-03
6.74659e-04
-1.01195e-03
-2.27564e-03
-2.81593e-03
-2.96970e-03
-2.81721e-03
-2.36303e-03
-1.67920e-03
-8.39893e-04
-4.31369e-04
-7.20456e-04
-1.44226e-03
-2.32735e-03
-2.80634e-03
-2.68361e-03
-2.49843e-03
-2.49507e-03
-2.58527e-03
-2.68532e-03
-2.56044e-03
-2.34506e-03
-2.26364e-03
-1.99766e-03
-1.47109e-03
-1.04982e-03
-7.92955e-04
-7.83565e-04
-1.16358e-03
-1.68725e-03
-2.22637e-03
-2.69554e-03
-3.01271e-03
-3.22298e-03
-3.12883e-03
-2.78440e-03
-2.58439e-03
-2.77905e-03
-3.31297e-03
-4.02954e-03
-4.68093e-03
-4.96652e-03
-5.00101e-03
-4.82760e-03
-4.32178e-03
-3.57758e-03
-2.57519e-03
-1.15662e-03
5.20098e-04
1.89295e-03
2.64093e-03
2.74988e-03
2.47235e-03
2.30814e-03
2.60690e-03
3.22373e-03
3.33526e-03
2.57457e-03
1.41374e-03
3.94817e-04
-1.34197e-04
-2.19149e-04
6.37929e-05
6.31218e-04
1.11142e-03
1.38913e-03
1.70272e-03
2.07533e-03
2.64317e-03
3.55854e-03
4.42000e-03
5.22292e-03
6.17734e-03
7.04228e-03
7.63110e-03
7.81534e-03
7.53494e-03
6.76833e-03
5.77612e-03
5.02868e-03
4.37530e-03
3.43727e-03
2.10647e-03
3.14677e-04
-1.60767e-03
-3.13071e-03
-4.32955e-03
-5.31270e-03
-5.95587e-03
-6.40242e-03
-6.68197e-03
-6.73609e-03
-6.40858e-03
-5.41765e-03
-4.02080e-03
-2.80290e-03
-2.07584e-03
-1.62783e-03
-1.06613e-03
-5.26590e-04
-1.36539e-04
3.86013e-04
1.09900e-03
1.70312e-03
1.94900e-03
1.98781e-03
1.95125e-03
1.55922e-03
5.09835e-04
-1.24440e-03
-3.43045e-03
-5.64566e-03
-7.25981e-03
-7.65371e-03
-6.82897e-03
-4.94394e-03
-2.41806e-03
5.59283e-05
2.27984e-03
4.28331e-03
6.05901e-03
7.58411e-03
8.53153e-03
8.67804e-03
8.20779e-03
7.26703e-03
6.33148e-03
6.10183e-03
6.37143e-03
6.35255e-03
5.54183e-03
3.85341e-03
1.47003e-03
-1.20262e-03
-3.57823e-03
-5.40756e-03
-6.70142e-03
-7.60660e-03
-8.36985e-03
-8.54145e-03
-7.60025e-03
-6.04881e-03
-4.66843e-03
-3.82453e-03
-3.61114e-03
-3.85668e-03
-4.12675e-03
-4.18164e-03
-3.99831e-03
-3.28866e-03
-1.80290e-03
3.44841e-04
2.89132e-03
5.46943e-03
7.50780e-03
8.48033e-03
8.55175e-03
8.37235e-03
8.32429e-03
8.61370e-03
9.13903e-03
9.59530e-03
1.00693e-02
1.04425e-02
1.03825e-02
1.00997e-02
9.94604e-03
1.00441e-02
1.03660e-02
1.08376e-02
1.14725e-02
1.21499e-02
1.25609e-02
1.25879e-02
1.22993e-02
1.17755e-02
1.11847e-02
1.04110e-02
9.12637e-03
7.48086e-03
6.05693e-03
5.39243e-03
5.64672e-03
6.48678e-03
7.18886e-03
7.22717e-03
6.59373e-03
5.57094e-03
4.51360e-03
3.42618e-03
2.47584e-03
2.12013e-03
2.20467e-03
2.53435e-03
3.11091e-03
3.74538e-03
4.21775e-03
4.17066e-03
3.59530e-03
2.92702e-03
2.18185e-03
1.13061e-03
-1.57146e-04
-1.57721e-03
-2.89021e-03
-3.87956e-03
-4.75359e-03
-5.59225e-03
-6.39158e-03
-7.17314e-03
-7.84055e-03
-8.37381e-03
-8.71972e-03
-8.92577e-03
-8.92193e-03
-8.57420e-03
-8.24918e-03
-8.50583e-03
-9.55471e-03
-1.11504e-02
-1.31097e-02
-1.51481e-02
-1.67489e-02
-1.81361e-02
-1.96279e-02
-2.07069e-02
-2.08621e-02
-2.00723e-02
-1.83540e-02
-1.58888e-02
-1.30959e-02
-1.03943e-02
-8.22100e-03
-6.61131e-03
-5.47145e-03
-4.88552e-03
-4.57952e-03
-4.40529e-03
-4.41828e-03
-4.13156e-03
-2.99158e-03
-1.18366e-03
7.44143e-04
2.63175e-03
4.39896e-03
5.78569e-03
6.72893e-03
7.15860e-03
7.06715e-03
6.74037e-03
6.48551e-03
6.65008e-03
7.52327e-03
8.98629e-03
1.07198e-02
1.27248e-02
1.50768e-02
1.74952e-02
1.97108e-02
2.13408e-02
2.19374e-02
2.16860e-02
2.10577e-02
2.03742e-02
1.98359e-02
1.93157e-02
1.86190e-02
1.79158e-02
1.74627e-02
1.74289e-02
1.79830e-02
1.89450e-02
2.00067e-02
2.09596e-02
2.13312e-02
2.08389e-02
1.98690e-02
1.89216e-02
1.79811e-02
1.68917e-02
1.59124e-02
1.53662e-02
1.51583e-02
1.50360e-02
1.50976e-02
1.55098e-02
1.61009e-02
1.67085e-02
1.73249e-02
1.78401e-02
1.80070e-02
1.75946e-02
1.65227e-02
1.51639e-02
1.42911e-02
1.41080e-02
1.43523e-02
1.48077e-02
1.51163e-02
1.52617e-02
1.51020e-02
1.41909e-02
1.26305e-02
1.05374e-02
8.01425e-03
5.54350e-03
3.58651e-03
2.28746e-03
1.52210e-03
1.05916e-03
5.04888e-04
-1.80216e-04
-8.03284e-04
-1.57299e-03
-2.28483e-03
-2.31013e-03
-1.64267e-03
-7.37237e-04
2.38448e-04
1.41416e-03
2.93160e-03
4.66268e-03
6.04302e-03
6.93206e-03
7.63603e-03
7.94914e-03
7.65183e-03
6.67879e-03
4.84728e-03
2.19862e-03
-9.23905e-04
-3.83343e-03
-5.95865e-03
-7.52047e-03
-8.92736e-03
-1.01512e-02
-1.14252e-02
-1.32151e-02
-1.53496e-02
-1.73487e-02
-1.88236e-02
-1.96798e-02
-2.00347e-02
-1.96189e-02
-1.84379e-02
-1.68603e-02
-1.49449e-02
-1.30003e-02
-1.15929e-02
-1.10880e-02
-1.15145e-02
-1.25572e-02
-1.40687e-02
-1.59187e-02
-1.76437e-02
-1.88633e-02
-1.94963e-02
-1.97037e-02
-1.98959e-02
-2.04237e-02
-2.11782e-02
-2.18380e-02
-2.23296e-02
-2.27707e-02
-2.32575e-02
-2.38946e-02
-2.46804e-02
-2.52415e-02
-2.52350e-02
-2.49003e-02
-2.45217e-02
-2.41657e-02
-2.41475e-02
-2.45971e-02
-2.52186e-02
-2.56031e-02
-2.53189e-02
-2.42931e-02
-2.27553e-02
-2.10126e-02
-1.93072e-02
-1.76810e-02
-1.62332e-02
-1.50288e-02
-1.41145e-02
-1.36774e-02
-1.38179e-02
-1.45663e-02
-1.56882e-02
-1.67059e-02
-1.75710e-02
-1.81761e-02
-1.82963e-02
-1.84001e-02
-1.87349e-02
-1.91050e-02
-1.95496e-02
-1.99539e-02
-2.01349e-02
-2.00508e-02
-1.97240e-02
-1.92298e-02
-1.85690e-02
-1.75001e-02
-1.58354e-02
-1.38517e-02
-1.18218e-02
-9.87098e-03
-8.03948e-03
-6.41279e-03
-5.32063e-03
-4.58967e-03
-3.96139e-03
-3.73999e-03
-3.99983e-03
-4.53174e-03
-5.16810e-03
-5.81171e-03
-6.39344e-03
-6.69206e-03
-6.52432e-03
-5.98824e-03
-5.28460e-03
-4.62738e-03
-4.26831e-03
-4.22996e-03
-4.21224e-03
-3.81472e-03
-3.02797e-03
-2.36949e-03
-2.09717e-03
-2.17039e-03
-2.44972e-03
-2.66257e-03
-2.79749e-03
-2.98034e-03
-3.17696e-03
-3.14006e-03
-2.62577e-03
-1.63640e-03
-4.53638e-04
4.27948e-04
9.21107e-04
1.28040e-03
1.68522e-03
2.38004e-03
3.32827e-03
4.29217e-03
5.15274e-03
5.66588e-03
5.78446e-03
5.76154e-03
5.74838e-03
5.92873e-03
6.62760e-03
8.16066e-03
1.04014e-02
1.27406e-02
1.46567e-02
1.59383e-02
1.68536e-02
1.76920e-02
1.80952e-02
1.78756e-02
1.70703e-02
1.56385e-02
1.41270e-02
1.29276e-02
1.18111e-02
1.06796e-02
9.44404e-03
8.20781e-03
7.57614e-03
7.98951e-03
9.19478e-03
1.07087e-02
1.24357e-02
1.41747e-02
1.56817e-02
1.70193e-02
1.81892e-02
1.92912e-02
2.03622e-02
2.13307e-02
2.23432e-02
2.33094e-02
2.38495e-02
2.37213e-02
2.29477e-02
2.17868e-02
2.05037e-02
1.92709e-02
1.82778e-02
1.76560e-02
1.75959e-02
1.82768e-02
1.95219e-02
2.10006e-02
2.22063e-02
2.27447e-02
2.26501e-02
2.21104e-02
2.14374e-02
2.08123e-02
2.03448e-02
2.00316e-02
1.96712e-02
1.92193e-02
1.84935e-02
1.73681e-02
1.60866e-02
1.48356e-02
1.36187e-02
1.23257e-02
1.09825e-02
9.80186e-03
8.88326e-03
8.45115e-03
8.90238e-03
1.02217e-02
1.19583e-02
1.35184e-02
1.46340e-02
1.54726e-02
1.59885e-02
1.60057e-02
1.54329e-02
1.41135e-02
1.20614e-02
9.56696e-03
7.04216e-03
4.70214e-03
2.61532e-03
9.75657e-04
-1.41532e-04
-7.35200e-04
-6.78425e-04
-6.93560e-05
8.87667e-04
2.01394e-03
3.05104e-03
3.93082e-03
4.62452e-03
4.93345e-03
4.75621e-03
4.16599e-03
3.33710e-03
2.59769e-03
2.22465e-03
2.11161e-03
2.19468e-03
2.67295e-03
3.29632e-03
3.44279e-03
2.86467e-03
1.69666e-03
2.42782e-04
-9.92445e-04
-1.59548e-03
-1.51129e-03
-1.01136e-03
-4.31700e-04
-2.48185e-06
-8.82861e-05
-8.84811e-04
-2.02631e-03
-3.09252e-03
-3.83567e-03
-4.10779e-03
-3.87152e-03
-3.16578e-03
-2.30202e-03
-1.61284e-03
-1.10824e-03
-6.68535e-04
-2.84414e-04
-1.59983e-04
-5.41119e-04
-1.53790e-03
-3.03545e-03
-4.87702e-03
-6.97472e-03
-9.05472e-03
-1.09031e-02
-1.24952e-02
-1.36454e-02
-1.40571e-02
-1.37547e-02
-1.30589e-02
-1.20977e-02
-1.08012e-02
-9.09951e-03
-7.18285e-03
-5.39253e-03
-4.03778e-03
-3.55237e-03
-4.19020e-03
-5.71869e-03
-7.47185e-03
-8.92880e-03
-1.01865e-02
-1.14488e-02
-1.27140e-02
-1.40205e-02
-1.54912e-02
-1.71100e-02
-1.86849e-02
-1.99754e-02
-2.08077e-02
-2.09720e-02
-2.02347e-02
-1.88027e-02
-1.70826e-02
-1.54271e-02
-1.41702e-02
-1.32715e-02
-1.26066e-02
-1.20546e-02
-1.13456e-02
-1.04900e-02
-9.57779e-03
-8.55531e-03
-7.62792e-03
-7.20999e-03
-7.42466e-03
-7.84526e-03
-8.07172e-03
-8.18959e-03
-8.25471e-03
-8.23902e-03
-8.37723e-03
-8.69440e-03
-8.89411e-03
-8.96214e-03
-9.00252e-03
-8.89193e-03
-8.49513e-03
-7.76626e-03
-6.93280e-03
-6.37142e-03
-6.18044e-03
-6.09763e-03
-5.75694e-03
-5.24655e-03
-4.85330e-03
-4.60833e-03
-4.70779e-03
-5.21876e-03
-5.94419e-03
-7.10481e-03
-8.77994e-03
-1.04613e-02
-1.18475e-02
-1.29213e-02
-1.35946e-02
-1.39826e-02
-1.43475e-02
-1.47103e-02
-1.49914e-02
-1.49577e-02
-1.42641e-02
-1.30440e-02
-1.17401e-02
-1.06225e-02
-9.84129e-03
-9.48457e-03
-9.53171e-03
-9.87993e-03
-1.05135e-02
-1.13093e-02
-1.19431e-02
-1.22491e-02
-1.21239e-02
-1.14865e-02
-1.04773e-02
-9.27618e-03
-7.88464e-03
-6.38100e-03
-5.00958e-03
-3.81092e-03
-2.80314e-03
-2.19910e-03
-2.08030e-03
-2.40669e-03
-3.18410e-03
-4.30395e-03
-5.48070e-03
-6.45259e-03
-7.12514e-03
-7.52811e-03
-7.62121e-03
-7.28434e-03
-6.51166e-03
-5.43493e-03
-4.20231e-03
-2.99363e-03
-1.97308e-03
-1.05013e-03
-1.62387e-04
6.12846e-04
1.46959e-03
2.59614e-03
3.91489e-03
5.25060e-03
6.39177e-03
7.30521e-03
8.13868e-03
9.11390e-03
1.04048e-02
1.19432e-02
1.36014e-02
1.52093e-02
1.65672e-02
1.76339e-02
1.83507e-02
1.86766e-02
1.88325e-02
1.90108e-02
1.90564e-02
1.89302e-02
1.87638e-02
1.85213e-02
1.83019e-02
1.83326e-02
1.87020e-02
1.92549e-02
1.96792e-02
1.98021e-02
1.95894e-02
1.90888e-02
1.83248e-02
1.72665e-02
1.58730e-02
1.41036e-02
1.21856e-02
1.05410e-02
9.38440e-03
8.72240e-03
8.44986e-03
8.28961e-03
8.03180e-03
7.63982e-03
7.12600e-03
6.69133e-03
6.41090e-03
6.11673e-03
5.73781e-03
5.27922e-03
4.93347e-03
4.90434e-03
5.10388e-03
5.37761e-03
5.60141e-03
5.68807e-03
5.62587e-03
5.45232e-03
5.16885e-03
4.72701e-03
4.10993e-03
3.41569e-03
2.92669e-03
2.72616e-03
2.60013e-03
2.52327e-03
2.39170e-03
2.04369e-03
1.66112e-03
1.41117e-03
1.22159e-03
9.63091e-04
6.95034e-04
4.10614e-04
-8.61830e-05
-8.10263e-04
-1.70319e-03
-2.52878e-03
-3.00149e-03
-3.19469e-03
-3.17788e-03
-3.05840e-03
-3.04957e-03
-3.04679e-03
-2.92791e-03
-2.78853e-03
-2.66003e-03
-2.61192e-03
-2.81061e-03
-3.44153e-03
-4.62076e-03
-6.07375e-03
-7.32586e-03
-8.12490e-03
-8.38718e-03
-8.19837e-03
-7.79087e-03
-7.34986e-03
-6.94345e-03
-6.52611e-03
-5.98903e-03
-5.24932e-03
-4.28021e-03
-3.07083e-03
-1.65878e-03
-1.41520e-04
1.43383e-03
3.12593e-03
4.86590e-03
6.17234e-03
6.68180e-03
6.66805e-03
6.44262e-03
6.04928e-03
5.64737e-03
5.36658e-03
5.07243e-03
4.63216e-03
4.09579e-03
3.58798e-03
3.20111e-03
3.01435e-03
3.09223e-03
3.40288e-03
3.94947e-03
4.56535e-03
4.80760e-03
4.51987e-03
4.00355e-03
3.60357e-03
3.37486e-03
3.18010e-03
3.06560e-03
3.14143e-03
3.32610e-03
3.68550e-03
4.29408e-03
4.87044e-03
5.14216e-03
5.01726e-03
4.43819e-03
3.55351e-03
2.59789e-03
1.79091e-03
1.53639e-03
1.91417e-03
2.57820e-03
3.43123e-03
4.43079e-03
5.39589e-03
6.27348e-03
7.00585e-03
7.46633e-03
7.57036e-03
7.23122e-03
6.41657e-03
5.25525e-03
3.93008e-03
2.53841e-03
1.13257e-03
-5.72335e-05
-8.38292e-04
-1.28612e-03
-1.48034e-03
-1.49035e-03
-1.34962e-03
-1.08880e-03
-7.82539e-04
-4.82384e-04
-3.01145e-04
-4.12709e-04
-8.16262e-04
-1.28457e-03
-1.82358e-03
-2.31956e-03
-2.47665e-03
-2.54653e-03
-2.78464e-03
-3.10685e-03
-3.40713e-03
-3.55809e-03
-3.48124e-03
-3.25259e-03
-2.97699e-03
-2.67170e-03
-2.39029e-03
-2.05745e-03
-1.53227e-03
-7.39382e-04
4.28858e-04
1.93926e-03
3.63730e-03
5.15854e-03
6.12740e-03
6.55503e-03
6.71843e-03
6.82175e-03
6.78329e-03
6.65896e-03
6.60853e-03
6.52766e-03
6.39954e-03
6.34391e-03
6.30979e-03
6.07851e-03
5.60769e-03
5.04123e-03
4.54508e-03
4.34459e-03
4.40731e-03
4.51633e-03
4.57532e-03
4.52614e-03
4.27457e-03
3.72595e-03
2.86478e-03
1.83570e-03
9.77079e-04
4.44547e-04
2.26120e-04
4.32064e-04
9.65369e-04
1.52804e-03
1.97845e-03
2.31885e-03
2.51525e-03
2.50350e-03
2.17406e-03
1.45569e-03
4.34993e-04
-8.22258e-04
-2.13457e-03
-3.11129e-03
-3.52258e-03
-3.34918e-03
-2.51397e-03
-1.00367e-03
8.67267e-04
2.68672e-03
4.23920e-03
5.59376e-03
6.75555e-03
7.40056e-03
7.45429e-03
7.06947e-03
6.23138e-03
5.11433e-03
4.01760e-03
3.05615e-03
2.22338e-03
1.43275e-03
5.59239e-04
-5.75080e-04
-1.88378e-03
-3.07788e-03
-4.21889e-03
-5.33350e-03
-6.27427e-03
-7.17403e-03
-8.20780e-03
-9.39845e-03
-1.07597e-02
-1.21544e-02
-1.32937e-02
-1.40147e-02
-1.42483e-02
-1.39625e-02
-1.33867e-02
-1.29184e-02
-1.28349e-02
-1.32790e-02
-1.40633e-02
-1.47435e-02
-1.50208e-02
-1.48743e-02
-1.44888e-02
-1.39487e-02
-1.32779e-02
-1.25752e-02
-1.18404e-02
-1.09729e-02
-9.98701e-03
-9.18070e-03
-8.71399e-03
-8.51601e-03
-8.56759e-03
-8.63711e-03
-8.42826e-03
-7.91749e-03
-7.27387e-03
-6.67070e-03
-6.22169e-03
-6.05899e-03
-6.25186e-03
-6.74438e-03
-7.35192e-03
-7.84959e-03
-8.21708e-03
-8.63688e-03
-9.01687e-03
-9.02786e-03
-8.69798e-03
-8.22567e-03
-7.74174e-03
-7.46760e-03
-7.67384e-03
-8.34696e-03
-9.19940e-03
-1.00970e-02
-1.08905e-02
-1.14289e-02
-1.16604e-02
-1.16124e-02
-1.15902e-02
-1.16985e-02
-1.18455e-02
-1.21165e-02
-1.24794e-02
-1.27384e-02
-1.29119e-02
-1.32397e-02
-1.36220e-02
-1.37846e-02
-1.37314e-02
-1.34245e-02
-1.27359e-02
-1.17899e-02
-1.08911e-02
-1.01627e-02
-9.55486e-03
-9.03420e-03
-8.51781e-03
-8.03056e-03
-7.84969e-03
-8.13354e-03
-8.81368e-03
-9.76157e-03
-1.07139e-02
-1.12952e-02
-1.13070e-02
-1.09488e-02
-1.04204e-02
-9.81602e-03
-9.21553e-03
-8.57551e-03
-7.92374e-03
-7.17374e-03
-6.25647e-03
-5.28008e-03
-4.38045e-03
-3.68918e-03
-3.18943e-03
-2.71491e-03
-2.25129e-03
-1.77795e-03
-1.30174e-03
-8.26143e-04
-4.00895e-04
-6.47961e-05
2.31047e-05
-1.09732e-04
-1.69143e-04
-3.69224e-05
2.99610e-04
8.15278e-04
1.36123e-03
1.95410e-03
2.84282e-03
3.99514e-03
5.15640e-03
6.30785e-03
7.51683e-03
8.82278e-03
1.02519e-02
1.17748e-02
1.33648e-02
1.47658e-02
1.56737e-02
1.62841e-02
1.68754e-02
1.73762e-02
1.77201e-02
1.80771e-02
1.86153e-02
1.92208e-02
1.97427e-02
2.01413e-02
2.02043e-02
1.96584e-02
1.85977e-02
1.72867e-02
1.59305e-02
1.48816e-02
1.42586e-02
1.39706e-02
1.40372e-02
1.42870e-02
1.46031e-02
1.49841e-02
1.52433e-02
1.53348e-02
1.54071e-02
1.54196e-02
1.53171e-02
1.51983e-02
1.50582e-02
1.49098e-02
1.48760e-02
1.49265e-02
1.49343e-02
1.48255e-02
1.44300e-02
1.36070e-02
1.24451e-02
1.11916e-02
1.01970e-02
9.63529e-03
9.51542e-03
9.88451e-03
1.07446e-02
1.19424e-02
1.31296e-02
1.41850e-02
1.51973e-02
1.60243e-02
1.64504e-02
1.64981e-02
1.64087e-02
1.62112e-02
1.58685e-02
1.55184e-02
1.50174e-02
1.42033e-02
1.31983e-02
1.20884e-02
1.09071e-02
9.71210e-03
8.43536e-03
7.05340e-03
5.83775e-03
4.93023e-03
4.19337e-03
3.61815e-03
3.27324e-03
3.18717e-03
3.44481e-03
4.13037e-03
5.09929e-03
6.01154e-03
6.66320e-03
7.00071e-03
6.91918e-03
6.40011e-03
5.61714e-03
4.70395e-03
3.97438e-03
3.68420e-03
3.62361e-03
3.68672e-03
3.78832e-03
3.79962e-03
3.85489e-03
3.98975e-03
4.20716e-03
4.37471e-03
4.19954e-03
3.59526e-03
2.56739e-03
1.26675e-03
5.09390e-05
-9.62843e-04
-1.94510e-03
-2.93089e-03
-3.85431e-03
-4.69179e-03
-5.40612e-03
-5.94472e-03
-6.19328e-03
-6.12496e-03
-5.93402e-03
-5.87322e-03
-6.00862e-03
-6.32842e-03
-6.90002e-03
-7.55437e-03
-8.14939e-03
-8.74726e-03
-9.23195e-03
-9.49980e-03
-9.53302e-03
-9.37075e-03
-9.16879e-03
-9.09891e-03
-9.16734e-03
-9.19543e-03
-9.08553e-03
-8.82102e-03
-8.53217e-03
-8.43732e-03
-8.56524e-03
-8.81085e-03
-8.96218e-03
-8.85841e-03
-8.44685e-03
-7.74526e-03
-6.94087e-03
-6.20509e-03
-5.62668e-03
-5.30012e-03
-5.24314e-03
-5.36100e-03
-5.47515e-03
-5.41086e-03
-5.18271e-03
-5.01843e-03
-4.99526e-03
-4.99464e-03
-4.93795e-03
-4.74904e-03
-4.46470e-03
-4.27916e-03
-4.35570e-03
-4.71304e-03
-5.27683e-03
-5.89934e-03
-6.45810e-03
-7.05614e-03
-7.68644e-03
-8.14454e-03
-8.43538e-03
-8.66475e-03
-8.84039e-03
-9.00785e-03
-9.26064e-03
-9.55943e-03
-9.69382e-03
-9.52461e-03
-9.14021e-03
-8.69708e-03
-8.28604e-03
-7.97214e-03
-7.74301e-03
-7.47034e-03
-7.04194e-03
-6.40153e-03
-5.61438e-03
-4.89495e-03
-4.42294e-03
-4.29110e-03
-4.49516e-03
-5.07930e-03
-6.12985e-03
-7.35587e-03
-8.36811e-03
-9.10913e-03
-9.53909e-03
-9.59293e-03
-9.38322e-03
-9.00092e-03
-8.34501e-03
-7.41051e-03
-6.40790e-03
-5.55102e-03
-5.04830e-03
-5.00028e-03
-5.26550e-03
-5.60003e-03
-5.81910e-03
-5.87621e-03
-5.83235e-03
-5.75964e-03
-5.71967e-03
-5.72855e-03
-5.75893e-03
-5.86151e-03
-6.00534e-03
-6.06340e-03
-6.07129e-03
-6.09939e-03
-6.15901e-03
-6.28029e-03
-6.44528e-03
-6.59415e-03
-6.68632e-03
-6.64502e-03
-6.40558e-03
-6.09359e-03
-5.80348e-03
-5.42768e-03
-4.93236e-03
-4.41386e-03
-3.85874e-03
-3.20162e-03
-2.52791e-03
-1.87714e-03
-1.19685e-03
-4.93194e-04
3.38428e-04
1.45047e-03
2.76058e-03
4.00982e-03
5.01474e-03
5.66638e-03
5.90775e-03
5.82243e-03
5.47551e-03
4.97384e-03
4.51490e-03
4.16086e-03
3.90327e-03
3.72819e-03
3.57320e-03
3.43214e-03
3.30000e-03
3.05403e-03
2.64098e-03
2.15209e-03
1.70537e-03
1.40630e-03
1.31764e-03
1.43436e-03
1.70954e-03
2.10876e-03
2.58220e-03
3.07332e-03
3.52194e-03
3.85634e-03
4.03804e-03
4.05973e-03
3.98044e-03
3.91195e-03
3.92192e-03
3.99481e-03
4.07679e-03
4.14617e-03
4.26522e-03
4.46272e-03
4.69345e-03
4.96920e-03
5.22494e-03
5.37489e-03
5.40374e-03
5.28508e-03
5.09387e-03
4.89453e-03
4.66978e-03
4.40581e-03
4.11308e-03
3.77845e-03
3.33564e-03
2.80465e-03
2.26013e-03
1.83813e-03
1.64795e-03
1.66580e-03
1.90219e-03
2.28170e-03
2.62457e-03
2.84845e-03
2.95943e-03
3.01822e-03
3.05327e-03
3.05937e-03
3.02209e-03
2.88655e-03
2.67344e-03
2.47679e-03
2.32507e-03
2.20335e-03
2.12194e-03
2.04158e-03
1.89210e-03
1.71332e-03
1.57435e-03
1.46587e-03
1.39168e-03
1.37877e-03
1.44339e-03
1.57279e-03
1.74046e-03
1.95098e-03
2.19753e-03
2.43816e-03
2.64106e-03
2.79615e-03
2.87141e-03
2.82868e-03
2.68122e-03
2.44360e-03
2.10634e-03
1.74621e-03
1.49723e-03
1.34537e-03
1.21646e-03
1.08961e-03
9.59820e-04
8.55776e-04
8.01731e-04
8.28229e-04
9.12206e-04
1.00253e-03
1.10314e-03
1.18422e-03
1.23577e-03
1.24870e-03
1.18572e-03
1.08830e-03
9.92118e-04
8.99187e-04
8.49668e-04
8.73182e-04
9.75261e-04
1.13905e-03
1.32736e-03
1.49992e-03
1.63596e-03
1.71204e-03
1.68406e-03
1.57527e-03
1.45477e-03
1.33763e-03
1.20215e-03
1.03884e-03
8.65884e-04
6.92637e-04
5.20307e-04
3.64559e-04
2.52262e-04
1.91416e-04
1.42408e-04
7.36755e-05
1.16531e-06
-5.09576e-05
-8.80273e-05
-1.34346e-04
-2.13872e-04
-3.38584e-04
-4.83738e-04
-6.07333e-04
-6.94309e-04
-7.43531e-04
-7.42450e-04
-6.95613e-04
-6.16493e-04
-5.16331e-04
-4.10227e-04
-3.10696e-04
-2.34431e-04
-1.89845e-04
-1.85079e-04
-2.34843e-04
-3.28818e-04
-4.35124e-04
-5.35575e-04
-6.30869e-04
-7.11473e-04
-7.77215e-04
-8.49128e-04
-9.30530e-04
-1.01119e-03
-1.09985e-03
-1.20532e-03
-1.30974e-03
-1.38188e-03
-1.39082e-03
-1.32923e-03
-1.21894e-03
-1.07192e-03
-8.93354e-04
-6.97341e-04
-4.98541e-04
-3.14207e-04
-1.55130e-04
-2.50051e-05
6.75747e-05
1.23557e-04
1.50242e-04
1.53946e-04
1.27551e-04
5.63700e-05
-4.77939e-05
-1.64327e-04
-2.73411e-04
-3.49743e-04
-3.79487e-04
-3.65470e-04
-3.26324e-04
-2.80929e-04
-2.34928e-04
-1.85234e-04
-1.34366e-04
-9.68339e-05
-6.77835e-05
-3.24913e-05
1.17063e-05
6.39480e-05
1.07354e-04
1.22517e-04
1.08669e-04
7.89929e-05
5.11220e-05
2.78779e-05
3.05064e-06
-2.36430e-05
-4.90333e-05
-7.25885e-05
-8.98915e-05
-9.41513e-05
-9.11773e-05
-9.16912e-05
-9.76067e-05
-1.01098e-04
-9.66694e-05
-8.58459e-05
-6.30036e-05
-1.71553e-05
5.36033e-05
1.39151e-04
2.24122e-04
2.93078e-04
3.40897e-04
3.71062e-04
3.84573e-04
3.85192e-04
3.79495e-04
3.68127e-04
3.49905e-04
3.28171e-04
3.03922e-04
2.73636e-04
2.34727e-04
1.87236e-04
1.38244e-04
9.49650e-05
5.97688e-05
3.29346e-05
1.24805e-05
-3.49867e-06
-1.66598e-05
-2.63570e-05
-3.16078e-05
-3.68784e-05
-4.26690e-05
-4.57636e-05
-4.68821e-05
-4.58994e-05
-4.40837e-05
-4.33446e-05
-4.31840e-05
-4.46346e-05
-4.73796e-05
-5.09445e-05
-5.63184e-05
-6.28248e-05
-6.99829e-05
-7.83386e-05
-8.78745e-05
-9.71756e-05
-1.04804e-04
-1.09971e-04
-1.12463e-04
-1.13907e-04
-1.14942e-04
-1.15758e-04
-1.17930e-04
-1.20965e-04
-1.23188e-04
-1.25333e-04
-1.28093e-04
-1.30714e-04
-1.33239e-04
-1.35439e-04
-1.36570e-04
-1.36565e-04
-1.36078e-04
-1.35810e-04
-1.35888e-04
-1.36364e-04
-1.37097e-04
-1.37961e-04
-1.38944e-04
-1.39476e-04
-1.39018e-04
-1.37631e-04
-1.35538e-04
-1.32625e-04
-1.29072e-04
-1.24957e-04
-1.20170e-04
-1.15161e-04
-1.10241e-04
-1.05560e-04
-1.01011e-04
-9.63404e-05
-9.17392e-05
-8.73272e-05
-8.32307e-05
-7.96731e-05
-7.66078e-05
-7.38335e-05
-7.10594e-05
-6.80306e-05
-6.48005e-05
-6.15680e-05
-5.84123e-05
-5.53932e-05
-5.25114e-05
-4.96753e-05
-4.68333e-05
-4.40135e-05
-4.12256e-05
-3.84149e-05
-3.55229e-05
-3.25326e-05
-2.94788e-05
-2.63795e-05
-2.32511e-05
-2.01353e-05
-1.70557e-05
-1.40433e-05
-1.11096e-05
-8.26240e-06
-5.50994e-06
-2.82421e-06
-2.02638e-07
2.34891e-06
4.84435e-06
7.28661e-06
9.67742e-06
1.20173e-05
1.43093e-05
1.65618e-05
1.87799e-05
2.09720e-05
2.31474e-05
2.53095e-05
2.74595e-05
2.95969e-05
3.17218e-05
3.38352e-05
3.59378e-05
3.80299e-05
4.01114e-05
4.21823e-05
4.42424e-05
4.62918e-05
4.83310e-05
5.03597e-05
5.23781e-05
5.43859e-05
5.63829e-05
