-5.86815e-04
-6.11070e-04
-6.35568e-04
-6.60253e-04
-6.85055e-04
-7.09834e-04
-7.34395e-04
-7.58486e-04
-7.81787e-04
-8.04271e-04
-8.25991e-04
-8.46758e-04
-8.66180e-04
-8.84248e-04
-9.00711e-04
-9.15240e-04
-9.26964e-04
-9.35926e-04
-9.44429e-04
-9.57857e-04
-9.77918e-04
-1.00400e-03
-1.03784e-03
-1.08208e-03
-1.13192e-03
-1.17111e-03
-1.18557e-03
-1.18518e-03
-1.17739e-03
-1.16323e-03
-1.14216e-03
-1.11297e-03
-1.07577e-03
-1.02985e-03
-9.72169e-04
-8.97873e-04
-8.10491e-04
-7.33375e-04
-7.00324e-04
-6.93260e-04
-6.93410e-04
-6.99431e-04
-7.10153e-04
-7.28863e-04
-7.54596e-04
-7.88649e-04
-8.31287e-04
-8.89772e-04
-9.64339e-04
-1.03522e-03
-1.05639e-03
-1.01737e-03
-9.51165e-04
-8.77293e-04
-7.98425e-04
-7.12850e-04
-6.21146e-04
-5.26867e-04
-4.23555e-04
-2.90919e-04
-1.13342e-04
8.75570e-05
2.98238e-04
5.24675e-04
7.83280e-04
1.06927e-03
1.30235e-03
1.33919e-03
1.17764e-03
9.30644e-04
6.59038e-04
3.81506e-04
7.69348e-05
-2.94496e-04
-7.42426e-04
-1.12690e-03
-1.10563e-03
-4.83561e-04
4.19120e-04
1.36596e-03
2.35113e-03
3.44126e-03
4.68077e-03
5.78244e-03
6.08716e-03
5.23034e-03
3.84548e-03
2.32363e-03
6.44244e-04
-1.14019e-03
-2.57497e-03
-2.82114e-03
-1.97854e-03
-8.30031e-04
3.20732e-04
1.74519e-03
3.97259e-03
6.69013e-03
8.67905e-03
8.50445e-03
6.80100e-03
4.72178e-03
2.58211e-03
4.83817e-04
-1.66529e-03
-3.78143e-03
-5.92600e-03
-8.18096e-03
-1.07608e-02
-1.31070e-02
-1.36307e-02
-1.05666e-02
-5.84767e-03
-9.10940e-04
4.28157e-03
9.69105e-03
1.42243e-02
1.53384e-02
1.23535e-02
7.77060e-03
3.05417e-03
-1.81259e-03
-6.95279e-03
-1.15129e-02
-1.30571e-02
-1.02682e-02
-5.50160e-03
-2.53753e-04
5.08419e-03
9.15225e-03
9.86685e-03
7.47015e-03
3.97517e-03
2.07744e-04
-3.26361e-03
-5.60333e-03
-6.11306e-03
-5.81652e-03
-5.41225e-03
-5.04313e-03
-4.69074e-03
-4.32778e-03
-3.95121e-03
-3.58586e-03
-3.19711e-03
-2.73385e-03
-2.14434e-03
-1.51142e-03
-8.73983e-04
-2.38266e-04
4.17641e-04
1.09211e-03
1.71653e-03
2.12491e-03
2.26237e-03
2.28563e-03
2.24826e-03
2.05996e-03
1.89961e-03
2.46712e-03
4.65981e-03
7.67785e-03
1.10019e-02
1.47449e-02
1.80055e-02
1.83859e-02
1.38229e-02
6.65434e-03
-9.54171e-04
-7.07496e-03
-8.99484e-03
-7.22337e-03
-4.14728e-03
-7.47140e-04
2.55222e-03
4.63424e-03
4.00116e-03
1.95567e-03
-3.52554e-04
-2.65763e-03
-4.36860e-03
-4.99203e-03
-5.02097e-03
-5.01387e-03
-5.03166e-03
-5.20647e-03
-5.27309e-03
-4.75752e-03
-3.09932e-03
-9.56471e-04
1.29829e-03
3.70160e-03
6.18704e-03
7.99531e-03
7.85027e-03
5.93520e-03
3.47057e-03
9.17904e-04
-1.73731e-03
-4.46226e-03
-6.53319e-03
-6.83492e-03
-5.69453e-03
-4.14646e-03
-2.55962e-03
-1.08571e-03
3.79155e-04
1.97963e-03
4.07555e-03
6.60152e-03
9.32970e-03
1.15305e-02
1.20858e-02
1.09075e-02
9.14120e-03
7.32006e-03
5.51986e-03
3.61137e-03
1.75140e-03
4.38554e-04
2.51635e-04
5.72206e-04
9.56831e-04
1.36430e-03
1.85413e-03
2.23626e-03
1.93394e-03
4.22155e-04
-1.72054e-03
-4.08366e-03
-6.25613e-03
-7.38411e-03
-6.85542e-03
-5.62196e-03
-4.33693e-03
-2.92734e-03
-1.16988e-03
9.29924e-04
3.05579e-03
4.48730e-03
4.31313e-03
3.34106e-03
2.28670e-03
1.23391e-03
2.29026e-04
-7.60920e-04
-1.57654e-03
-2.20848e-03
-2.70387e-03
-3.18420e-03
-3.79302e-03
-4.84394e-03
-6.28499e-03
-7.87843e-03
-9.56544e-03
-1.15176e-02
-1.33636e-02
-1.38961e-02
-1.18887e-02
-8.66935e-03
-5.22866e-03
-1.80855e-03
1.11096e-03
2.90001e-03
3.89275e-03
4.71073e-03
5.61902e-03
6.66578e-03
7.39277e-03
6.94496e-03
5.07230e-03
2.63625e-03
1.78002e-04
-2.22553e-03
-4.63637e-03
-7.18356e-03
-9.77958e-03
-1.18739e-02
-1.27992e-02
-1.28432e-02
-1.26185e-02
-1.21470e-02
-1.08302e-02
-8.38085e-03
-5.43493e-03
-2.46142e-03
4.38142e-04
3.31224e-03
6.35806e-03
9.60074e-03
1.24700e-02
1.36014e-02
1.23471e-02
1.00439e-02
7.57103e-03
4.98477e-03
2.63015e-03
1.26526e-03
1.63241e-03
2.81459e-03
4.22699e-03
5.62586e-03
6.49222e-03
6.10872e-03
4.91095e-03
3.54816e-03
2.16083e-03
5.77949e-04
-1.42721e-03
-3.61717e-03
-5.75926e-03
-7.89680e-03
-1.02305e-02
-1.28200e-02
-1.49260e-02
-1.50188e-02
-1.22306e-02
-8.18448e-03
-4.02521e-03
-2.55780e-04
2.80368e-03
5.54502e-03
7.40391e-03
6.97860e-03
4.74591e-03
1.87402e-03
-1.25310e-03
-4.19780e-03
-5.89049e-03
-5.22051e-03
-3.39811e-03
-1.40047e-03
6.15913e-04
2.42585e-03
3.82952e-03
4.76251e-03
5.54880e-03
6.29635e-03
7.07057e-03
7.83392e-03
8.60231e-03
9.34367e-03
1.01174e-02
1.09326e-02
1.18254e-02
1.27171e-02
1.36069e-02
1.44916e-02
1.54458e-02
1.64318e-02
1.72948e-02
1.77251e-02
1.78855e-02
1.83739e-02
1.98662e-02
2.16513e-02
2.01277e-02
1.45346e-02
7.55055e-03
4.46236e-04
-6.61243e-03
-1.40766e-02
-2.14398e-02
-2.68882e-02
-2.85324e-02
-2.83926e-02
-2.80176e-02
-2.76851e-02
-2.74011e-02
-2.71714e-02
-2.69778e-02
-2.67140e-02
-2.62956e-02
-2.59408e-02
-2.61164e-02
-2.72285e-02
-2.84496e-02
-2.74576e-02
-2.13691e-02
-1.27837e-02
-3.85091e-03
5.30312e-03
1.45238e-02
2.28717e-02
2.81336e-02
3.02243e-02
3.12433e-02
3.22151e-02
3.28339e-02
3.24378e-02
3.11516e-02
2.96508e-02
2.81190e-02
2.66261e-02
2.50684e-02
2.35021e-02
2.20545e-02
2.05496e-02
1.88162e-02
1.66813e-02
1.43156e-02
1.18443e-02
9.42809e-03
7.26779e-03
5.14769e-03
1.36656e-03
-6.77183e-03
-1.85510e-02
-3.20308e-02
-4.65682e-02
-5.92617e-02
-6.41936e-02
-5.82127e-02
-4.75794e-02
-3.65744e-02
-2.58898e-02
-1.52529e-02
-3.93006e-03
7.61087e-03
1.70110e-02
2.09344e-02
2.11138e-02
2.03960e-02
1.96128e-02
1.91332e-02
1.87244e-02
1.83394e-02
1.74295e-02
1.66355e-02
1.79226e-02
2.36238e-02
3.04340e-02
3.21214e-02
2.35140e-02
1.01890e-02
-3.44035e-03
-1.72223e-02
-3.19258e-02
-4.68020e-02
-5.63207e-02
-5.33333e-02
-4.38050e-02
-3.35134e-02
-2.32256e-02
-1.35834e-02
-4.38137e-03
4.17815e-03
1.23448e-02
1.99929e-02
2.80713e-02
3.57260e-02
3.80586e-02
2.83478e-02
1.26202e-02
-4.30208e-03
-2.27126e-02
-4.07325e-02
-5.19138e-02
-4.68835e-02
-3.33937e-02
-1.79369e-02
-2.04832e-03
9.84561e-03
1.12557e-02
2.47330e-03
-1.05150e-02
-2.40939e-02
-3.32993e-02
-3.23889e-02
-2.46718e-02
-1.51479e-02
-4.05651e-03
9.00474e-03
2.42805e-02
3.99478e-02
5.09280e-02
4.95848e-02
4.00826e-02
2.87052e-02
1.74708e-02
6.05326e-03
-6.56774e-03
-1.87719e-02
-2.47023e-02
-1.85439e-02
-6.67009e-03
5.92943e-03
1.94792e-02
3.31110e-02
4.30792e-02
4.18555e-02
3.15135e-02
1.82279e-02
6.36397e-03
-1.22166e-03
-5.56334e-03
-9.37234e-03
-1.34312e-02
-1.71894e-02
-1.85230e-02
-1.65447e-02
-1.31376e-02
-9.82970e-03
-6.15439e-03
-1.34252e-03
5.40758e-03
1.31783e-02
2.25179e-02
3.29265e-02
4.01401e-02
3.73416e-02
2.78829e-02
1.80827e-02
1.19805e-02
8.68311e-03
6.15793e-03
3.55035e-03
3.01457e-04
-4.49297e-03
-1.05541e-02
-1.71690e-02
-2.38201e-02
-3.00540e-02
-3.43207e-02
-3.34462e-02
-2.42881e-02
-1.11479e-02
3.68709e-03
1.88874e-02
2.92082e-02
2.61275e-02
1.17398e-02
-7.53082e-03
-2.73259e-02
-3.99757e-02
-3.58110e-02
-2.03801e-02
-1.92647e-03
1.80094e-02
3.84918e-02
5.44781e-02
5.51582e-02
3.96110e-02
1.75973e-02
-6.08694e-03
-3.03772e-02
-5.05700e-02
-5.81525e-02
-5.21414e-02
-4.10415e-02
-2.94528e-02
-1.80999e-02
-6.61367e-03
4.96616e-03
1.49876e-02
2.15475e-02
2.61728e-02
3.11297e-02
3.81525e-02
4.76659e-02
5.74709e-02
6.24458e-02
5.57031e-02
4.22478e-02
2.76080e-02
1.27004e-02
-2.84371e-03
-1.81593e-02
-2.88438e-02
-2.99175e-02
-2.57404e-02
-2.06359e-02
-1.75577e-02
-2.08194e-02
-3.01408e-02
-4.15678e-02
-5.34939e-02
-6.69378e-02
-8.07770e-02
-8.81245e-02
-7.88111e-02
-5.79296e-02
-3.45712e-02
-1.14960e-02
1.16686e-02
3.72973e-02
6.32252e-02
7.97443e-02
7.30849e-02
5.28914e-02
3.02595e-02
7.02655e-03
-1.73865e-02
-4.12358e-02
-5.55250e-02
-5.07625e-02
-3.67024e-02
-2.16367e-02
-5.96203e-03
9.93754e-03
2.39361e-02
2.88568e-02
2.26882e-02
1.16684e-02
3.27172e-04
-1.07729e-02
-2.13426e-02
-3.22195e-02
-4.37778e-02
-5.65023e-02
-6.72365e-02
-6.92616e-02
-5.85060e-02
-4.22783e-02
-2.53546e-02
-8.76228e-03
7.37020e-03
2.36004e-02
4.07035e-02
5.87581e-02
7.47958e-02
8.22160e-02
7.82689e-02
6.89616e-02
6.06865e-02
5.96392e-02
6.83572e-02
7.81720e-02
7.96601e-02
7.16411e-02
5.92336e-02
4.41833e-02
2.61012e-02
7.35670e-03
-1.11331e-02
-3.15415e-02
-5.82136e-02
-8.94407e-02
-1.13838e-01
-1.17122e-01
-1.05512e-01
-9.02847e-02
-7.49558e-02
-6.03970e-02
-4.58086e-02
-3.11930e-02
-1.60816e-02
-2.51357e-04
1.56466e-02
2.79079e-02
3.23536e-02
3.32374e-02
3.68199e-02
4.38085e-02
5.24545e-02
6.18166e-02
7.25085e-02
8.16227e-02
8.13059e-02
6.49701e-02
4.14489e-02
1.64956e-02
-1.02478e-02
-3.66274e-02
-5.42076e-02
-5.11282e-02
-3.71158e-02
-2.16792e-02
-6.68186e-03
7.25432e-03
2.21156e-02
3.88709e-02
5.61208e-02
6.50597e-02
5.45362e-02
3.17031e-02
6.20677e-03
-1.99629e-02
-4.27536e-02
-5.75311e-02
-5.83197e-02
-5.16956e-02
-4.36421e-02
-3.73150e-02
-3.12280e-02
-1.93849e-02
7.72477e-03
4.41579e-02
8.47915e-02
1.22305e-01
1.39766e-01
1.23283e-01
9.12139e-02
5.76358e-02
2.49640e-02
-6.51247e-03
-3.90583e-02
-7.40476e-02
-1.09718e-01
-1.36340e-01
-1.40312e-01
-1.28507e-01
-1.12761e-01
-9.67042e-02
-8.13214e-02
-6.57297e-02
-5.01222e-02
-3.44805e-02
-1.89207e-02
-2.63461e-03
1.43357e-02
2.93140e-02
3.59942e-02
3.22939e-02
2.40306e-02
1.51756e-02
7.17434e-03
2.09072e-03
1.87687e-04
-3.46313e-04
-8.04423e-04
-1.17165e-03
-1.63021e-03
-2.18941e-03
-3.05185e-03
-3.29781e-03
-1.16880e-03
4.19809e-03
1.09052e-02
1.72435e-02
2.15120e-02
2.34911e-02
2.43073e-02
2.51303e-02
2.72650e-02
3.25558e-02
3.96743e-02
4.70961e-02
5.42172e-02
6.13034e-02
6.91913e-02
7.79492e-02
8.46123e-02
8.24650e-02
6.87355e-02
4.96931e-02
3.07387e-02
1.62168e-02
9.16979e-03
5.72875e-03
2.63509e-03
-2.16100e-03
-1.15384e-02
-2.43310e-02
-3.91275e-02
-5.40681e-02
-6.42185e-02
-6.27530e-02
-5.38598e-02
-4.26998e-02
-3.14590e-02
-2.42748e-02
-2.58570e-02
-3.27863e-02
-4.04143e-02
-4.79820e-02
-5.57746e-02
-6.48569e-02
-7.29796e-02
-7.46777e-02
-6.49792e-02
-5.00980e-02
-3.46800e-02
-1.94798e-02
-4.49145e-03
1.06741e-02
2.60027e-02
4.12235e-02
5.61312e-02
7.10006e-02
8.69193e-02
1.04019e-01
1.18087e-01
1.19947e-01
1.06494e-01
8.65652e-02
6.56757e-02
4.48189e-02
2.56642e-02
1.06162e-02
-2.77162e-04
-9.83553e-03
-1.94048e-02
-2.94499e-02
-3.87318e-02
-4.52787e-02
-4.82507e-02
-4.98613e-02
-5.14646e-02
-5.34481e-02
-5.48802e-02
-5.43720e-02
-5.13939e-02
-4.76542e-02
-4.39984e-02
-3.99951e-02
-3.38360e-02
-2.49685e-02
-1.43205e-02
-5.51265e-03
-4.73093e-03
-1.46433e-02
-2.78294e-02
-3.59002e-02
-3.38646e-02
-2.68671e-02
-2.01170e-02
-1.68771e-02
-1.80456e-02
-1.86847e-02
-1.35905e-02
-3.67901e-03
7.76528e-03
1.95089e-02
3.14384e-02
4.24214e-02
4.98059e-02
5.24642e-02
5.30511e-02
5.32621e-02
5.39826e-02
5.61503e-02
6.02023e-02
6.54501e-02
7.17143e-02
7.71581e-02
7.66562e-02
6.56235e-02
4.96363e-02
3.28010e-02
1.60316e-02
8.07748e-04
-1.08091e-02
-1.92666e-02
-2.66873e-02
-3.43950e-02
-4.35450e-02
-5.43806e-02
-6.68674e-02
-8.01454e-02
-8.91987e-02
-8.55134e-02
-6.95611e-02
-4.96130e-02
-2.98070e-02
-1.03125e-02
1.09360e-02
3.37336e-02
5.10623e-02
4.89610e-02
2.57966e-02
-5.54734e-03
-3.86092e-02
-7.35937e-02
-1.06331e-01
-1.25115e-01
-1.18682e-01
-1.00654e-01
-8.14150e-02
-6.25559e-02
-4.33600e-02
-2.16077e-02
2.21714e-03
2.74247e-02
5.46681e-02
8.18405e-02
1.00084e-01
9.74847e-02
8.36044e-02
6.79962e-02
5.25175e-02
3.78430e-02
2.31714e-02
8.02821e-03
-8.98701e-03
-2.77933e-02
-4.43545e-02
-4.84709e-02
-3.35759e-02
-9.35554e-03
1.71058e-02
4.21167e-02
5.74437e-02
5.69241e-02
4.88527e-02
4.02307e-02
3.16893e-02
2.35990e-02
1.46975e-02
5.63068e-03
-2.29327e-03
-5.76471e-03
-5.19406e-03
-2.64056e-03
3.27957e-04
2.48615e-03
1.53062e-04
-8.25336e-03
-2.04193e-02
-3.23035e-02
-3.80214e-02
-3.04572e-02
-1.67811e-02
-2.33823e-03
1.24999e-02
2.78943e-02
4.15374e-02
4.74785e-02
4.31652e-02
3.45487e-02
2.54971e-02
1.68416e-02
8.36759e-03
-9.31273e-04
-1.22415e-02
-2.48879e-02
-3.81609e-02
-5.15689e-02
-6.34907e-02
-7.10130e-02
-7.44132e-02
-7.59355e-02
-7.30565e-02
-5.92190e-02
-3.61503e-02
-7.04073e-03
2.52666e-02
5.92874e-02
9.06321e-02
1.07962e-01
1.04155e-01
9.10420e-02
7.69604e-02
6.23316e-02
4.74968e-02
3.52269e-02
3.28547e-02
4.11401e-02
5.43661e-02
6.59701e-02
6.77586e-02
5.46540e-02
3.51861e-02
1.52858e-02
-4.10232e-03
-2.33404e-02
-4.35974e-02
-6.46293e-02
-8.31930e-02
-9.28620e-02
-9.26043e-02
-8.85438e-02
-8.34875e-02
-7.61282e-02
-6.59897e-02
-5.37097e-02
-4.09773e-02
-3.21030e-02
-3.36800e-02
-4.32483e-02
-5.60378e-02
-6.96791e-02
-7.88327e-02
-7.52380e-02
-5.92257e-02
-3.90765e-02
-1.85050e-02
2.53982e-03
2.45880e-02
4.45691e-02
5.50622e-02
5.32485e-02
4.82647e-02
4.77621e-02
5.10342e-02
5.54957e-02
6.02244e-02
6.53427e-02
6.95747e-02
6.91125e-02
6.11663e-02
4.98469e-02
3.81844e-02
2.66123e-02
1.52978e-02
3.87007e-03
-7.62208e-03
-1.93607e-02
-3.10290e-02
-4.24217e-02
-5.33891e-02
-6.46228e-02
-7.73677e-02
-9.13054e-02
-9.97804e-02
-9.11806e-02
-6.54710e-02
-3.41548e-02
-2.81595e-03
2.86578e-02
6.26439e-02
9.80832e-02
1.25242e-01
1.28219e-01
1.10380e-01
8.61216e-02
6.14443e-02
3.64754e-02
1.06297e-02
-1.25928e-02
-2.53025e-02
-2.54008e-02
-2.01684e-02
-1.43476e-02
-1.02639e-02
-1.04095e-02
-1.38384e-02
-1.81106e-02
-2.24282e-02
-2.72082e-02
-3.25420e-02
-3.66233e-02
-3.51485e-02
-2.63580e-02
-1.44210e-02
-1.64430e-03
1.19062e-02
2.40530e-02
2.97405e-02
2.51753e-02
1.61585e-02
6.27978e-03
-4.59105e-03
-1.53471e-02
-2.09414e-02
-1.43626e-02
-8.85353e-04
1.38903e-02
2.95379e-02
4.51726e-02
5.77345e-02
6.06730e-02
5.54715e-02
4.73707e-02
3.88430e-02
3.00949e-02
2.24177e-02
1.83446e-02
1.94410e-02
2.27727e-02
2.73313e-02
3.24004e-02
3.45702e-02
2.64859e-02
7.30367e-03
-1.77901e-02
-4.29215e-02
-5.87945e-02
-5.44257e-02
-4.03516e-02
-2.53303e-02
-1.09221e-02
2.86319e-03
1.76082e-02
3.40613e-02
4.96188e-02
5.62072e-02
4.61291e-02
2.79144e-02
8.27484e-03
-1.13380e-02
-2.80793e-02
-3.86042e-02
-4.42166e-02
-4.81776e-02
-5.17143e-02
-5.60027e-02
-6.19313e-02
-6.76408e-02
-6.56159e-02
-4.68200e-02
-2.00974e-02
7.01257e-03
3.46070e-02
6.40094e-02
9.40033e-02
1.14194e-01
1.11165e-01
9.45707e-02
7.58880e-02
5.71648e-02
3.93035e-02
2.09293e-02
2.49347e-03
-1.61711e-02
-3.42198e-02
-5.23347e-02
-7.11087e-02
-9.16776e-02
-1.10190e-01
-1.17824e-01
-1.07933e-01
-9.02999e-02
-7.17288e-02
-5.35755e-02
-3.58131e-02
-1.78862e-02
1.24321e-03
2.23632e-02
4.57670e-02
6.80742e-02
8.02572e-02
7.33960e-02
5.75535e-02
4.07559e-02
2.41076e-02
7.83259e-03
-8.55933e-03
-2.42568e-02
-3.95226e-02
-5.56100e-02
-7.32153e-02
-8.76030e-02
-8.81658e-02
-6.94970e-02
-4.24700e-02
-1.39221e-02
1.47640e-02
4.07155e-02
5.91260e-02
6.90715e-02
7.56133e-02
7.78910e-02
7.00217e-02
5.39447e-02
3.47740e-02
1.53965e-02
-7.29502e-04
-1.04717e-02
-1.71323e-02
-2.37299e-02
-3.03346e-02
-3.65767e-02
-4.10888e-02
-4.48736e-02
-4.86532e-02
-5.30974e-02
-5.75347e-02
-5.95252e-02
-5.57348e-02
-4.91943e-02
-4.21887e-02
-3.49257e-02
-2.73746e-02
-1.93923e-02
-1.04012e-02
-5.28061e-04
6.41277e-03
2.98668e-03
-1.27992e-02
-3.40110e-02
-5.75997e-02
-8.21097e-02
-9.94428e-02
-9.59146e-02
-7.28829e-02
-4.27454e-02
-1.31887e-02
9.20188e-03
2.10095e-02
2.81733e-02
3.50027e-02
4.19044e-02
4.91000e-02
5.59265e-02
6.24226e-02
6.84892e-02
7.49147e-02
8.20672e-02
8.98501e-02
9.42261e-02
8.87263e-02
7.36574e-02
5.48331e-02
3.53734e-02
1.95363e-02
1.13520e-02
8.38668e-03
4.33872e-03
-5.04079e-04
2.75935e-03
2.86567e-02
6.81455e-02
9.53866e-02
9.04502e-02
6.95084e-02
4.61397e-02
2.15425e-02
-1.01627e-03
-1.33606e-02
-5.48773e-03
1.19184e-02
3.09275e-02
5.12596e-02
7.13620e-02
8.56823e-02
8.45461e-02
7.29032e-02
5.88650e-02
4.53867e-02
3.17698e-02
1.49274e-02
-6.05282e-03
-2.54329e-02
-3.33528e-02
-2.61004e-02
-1.31349e-02
-5.36650e-03
-1.16040e-02
-2.59676e-02
-4.15431e-02
-5.70053e-02
-7.25334e-02
-8.84132e-02
-1.02470e-01
-1.11689e-01
-1.17892e-01
-1.23984e-01
-1.31115e-01
-1.38840e-01
-1.40662e-01
-1.28151e-01
-1.05615e-01
-8.08564e-02
-5.63535e-02
-3.19562e-02
-5.86626e-03
2.09236e-02
4.14220e-02
4.48598e-02
3.46071e-02
1.94516e-02
1.83605e-03
-1.44049e-02
-1.85522e-02
1.87457e-03
3.58750e-02
7.35252e-02
1.06710e-01
1.19212e-01
1.03610e-01
7.57282e-02
4.72240e-02
1.93277e-02
-8.34611e-03
-3.85648e-02
-6.92938e-02
-9.21649e-02
-9.38995e-02
-8.10468e-02
-6.34437e-02
-4.51236e-02
-3.06314e-02
-2.71711e-02
-3.52662e-02
-4.77475e-02
-6.05536e-02
-7.30505e-02
-8.54583e-02
-9.84508e-02
-1.11630e-01
-1.23760e-01
-1.32629e-01
-1.39524e-01
-1.46523e-01
-1.54078e-01
-1.60033e-01
-1.61526e-01
-1.57785e-01
-1.49062e-01
-1.28102e-01
-8.88403e-02
-4.15553e-02
5.78215e-04
2.58556e-02
3.70586e-02
4.52908e-02
5.71506e-02
7.58246e-02
9.68624e-02
1.17961e-01
1.39707e-01
1.63206e-01
1.85047e-01
1.96132e-01
1.89350e-01
1.74251e-01
1.57956e-01
1.42305e-01
1.27131e-01
1.11536e-01
9.60355e-02
8.12955e-02
6.75754e-02
5.41453e-02
4.07163e-02
2.74755e-02
1.44982e-02
1.14900e-03
-1.38745e-02
-3.02499e-02
-4.43329e-02
-4.90699e-02
-4.35011e-02
-3.93532e-02
-4.91028e-02
-6.96857e-02
-9.49048e-02
-1.21503e-01
-1.41135e-01
-1.39778e-01
-1.16250e-01
-8.41621e-02
-5.11412e-02
-1.86810e-02
1.34541e-02
4.57738e-02
7.85644e-02
1.12164e-01
1.45599e-01
1.75004e-01
1.95572e-01
2.10237e-01
2.20172e-01
2.22255e-01
2.21139e-01
2.19451e-01
2.16823e-01
2.11554e-01
2.02376e-01
1.91790e-01
1.80647e-01
1.69386e-01
1.58314e-01
1.47399e-01
1.36371e-01
1.25962e-01
1.16041e-01
1.03595e-01
8.37404e-02
5.68676e-02
2.79584e-02
-7.94918e-04
-2.96437e-02
-6.02178e-02
-9.15003e-02
-1.16120e-01
-1.22407e-01
-1.13358e-01
-9.96244e-02
-8.57869e-02
-7.25198e-02
-5.89660e-02
-4.47936e-02
-3.08747e-02
-1.95682e-02
-1.27005e-02
-7.90738e-03
-3.40169e-03
8.88767e-04
5.38434e-03
1.08636e-02
1.72217e-02
2.00444e-02
1.08828e-02
-1.14661e-02
-3.89504e-02
-6.70805e-02
-9.48499e-02
-1.21665e-01
-1.47872e-01
-1.75837e-01
-2.07715e-01
-2.38228e-01
-2.50077e-01
-2.24523e-01
-1.81101e-01
-1.34839e-01
-8.82005e-02
-4.48232e-02
-8.66297e-03
1.64504e-02
3.82838e-02
5.78987e-02
6.87051e-02
6.33027e-02
4.99715e-02
3.42827e-02
1.88898e-02
8.96279e-03
1.11871e-02
1.92384e-02
2.40562e-02
1.94435e-02
9.64622e-03
-5.32238e-04
-1.05019e-02
-2.05519e-02
-3.14011e-02
-4.12330e-02
-4.61446e-02
-4.36605e-02
-3.78136e-02
-3.09811e-02
-2.34921e-02
-1.79984e-02
-1.96246e-02
-3.03771e-02
-4.45474e-02
-5.88433e-02
-7.31676e-02
-8.91702e-02
-1.06025e-01
-1.16299e-01
-1.07670e-01
-8.27413e-02
-5.18384e-02
-2.09959e-02
4.28892e-03
1.90746e-02
2.89304e-02
3.83871e-02
4.82561e-02
5.93119e-02
7.10859e-02
8.05535e-02
8.07710e-02
6.92902e-02
5.29560e-02
3.62260e-02
1.96131e-02
3.13050e-03
-1.33997e-02
-2.96270e-02
-4.59221e-02
-6.33581e-02
-8.21652e-02
-9.75123e-02
-9.88285e-02
-8.21627e-02
-5.81995e-02
-3.30927e-02
-5.86681e-03
2.41673e-02
5.68294e-02
8.71252e-02
1.04623e-01
1.02732e-01
9.25899e-02
8.18479e-02
7.11912e-02
5.95847e-02
4.75568e-02
4.09488e-02
4.73504e-02
6.08831e-02
7.52036e-02
8.91203e-02
1.02707e-01
1.17618e-01
1.33514e-01
1.46160e-01
1.46855e-01
1.34307e-01
1.16530e-01
9.83898e-02
8.04815e-02
6.28061e-02
4.50276e-02
2.73467e-02
9.44767e-03
-9.17412e-03
-2.81509e-02
-4.40518e-02
-5.15714e-02
-5.18364e-02
-4.94982e-02
-4.63328e-02
-4.43847e-02
-4.71060e-02
-5.69439e-02
-7.00108e-02
-8.35318e-02
-9.67961e-02
-1.09743e-01
-1.22729e-01
-1.36932e-01
-1.52050e-01
-1.64455e-01
-1.65987e-01
-1.54313e-01
-1.37563e-01
-1.19595e-01
-1.01096e-01
-8.34992e-02
-6.89921e-02
-5.91900e-02
-5.15240e-02
-4.41261e-02
-3.64793e-02
-2.85575e-02
-2.08315e-02
-1.38392e-02
-7.45313e-03
1.10112e-03
1.69016e-02
4.08174e-02
6.73735e-02
9.36148e-02
1.20290e-01
1.49869e-01
1.80643e-01
2.00261e-01
1.91179e-01
1.61114e-01
1.25827e-01
9.03973e-02
5.57532e-02
2.08380e-02
-1.44117e-02
-4.96084e-02
-8.40738e-02
-1.18616e-01
-1.55011e-01
-1.93573e-01
-2.25622e-01
-2.35870e-01
-2.21330e-01
-1.97715e-01
-1.72827e-01
-1.48344e-01
-1.23885e-01
-9.91393e-02
-7.44920e-02
-4.97674e-02
-2.50270e-02
-2.34584e-04
2.43687e-02
4.85914e-02
7.27322e-02
9.82068e-02
1.25429e-01
1.49105e-01
1.57256e-01
1.45316e-01
1.24968e-01
1.04042e-01
8.36789e-02
6.34467e-02
4.19435e-02
2.02909e-02
2.25884e-03
-6.94933e-03
-1.12334e-02
-1.46327e-02
-1.82848e-02
-2.27472e-02
-2.72199e-02
-2.92852e-02
-2.55111e-02
-1.81236e-02
-9.98068e-03
-1.79425e-03
6.22915e-03
1.43080e-02
2.22368e-02
3.02565e-02
3.88582e-02
4.88822e-02
5.94584e-02
7.00317e-02
8.07737e-02
9.25618e-02
1.04636e-01
1.12721e-01
1.10065e-01
9.94851e-02
8.66164e-02
7.36982e-02
6.10605e-02
4.85999e-02
3.60949e-02
2.32599e-02
9.66418e-03
-3.72229e-03
-1.34596e-02
-1.52640e-02
-1.32744e-02
-1.08040e-02
-7.91147e-03
-4.55910e-03
-2.56765e-03
-6.73356e-03
-1.91868e-02
-3.52214e-02
-5.16319e-02
-6.79463e-02
-8.40736e-02
-9.98822e-02
-1.15378e-01
-1.31634e-01
-1.50156e-01
-1.67387e-01
-1.72793e-01
-1.55405e-01
-1.26623e-01
-9.63845e-02
-6.72244e-02
-4.33565e-02
-2.71173e-02
-2.13359e-02
-2.06693e-02
-1.99778e-02
-1.41631e-02
7.07366e-04
1.93740e-02
3.80419e-02
5.71255e-02
7.78568e-02
9.89975e-02
1.11992e-01
1.05847e-01
8.87044e-02
7.02627e-02
5.20946e-02
3.40218e-02
1.36893e-02
-6.34881e-03
-1.81094e-02
-1.10514e-02
4.86707e-03
2.17680e-02
3.87131e-02
5.63908e-02
7.41951e-02
8.66537e-02
8.69903e-02
8.12355e-02
7.48716e-02
6.86072e-02
6.26718e-02
5.65894e-02
5.05030e-02
4.42640e-02
3.80815e-02
3.18110e-02
2.57810e-02
2.00513e-02
1.45734e-02
9.15406e-03
3.67949e-03
-2.27879e-03
-8.37514e-03
-1.28345e-02
-1.26433e-02
-8.69505e-03
-3.61918e-03
1.91415e-03
8.61784e-03
1.53175e-02
1.64784e-02
4.67450e-03
-1.43555e-02
-3.49849e-02
-5.72411e-02
-7.96735e-02
-9.56895e-02
-9.40918e-02
-7.90310e-02
-6.02518e-02
-4.15031e-02
-2.29991e-02
-3.67526e-03
1.58868e-02
3.24260e-02
4.13765e-02
4.59842e-02
4.97841e-02
5.36263e-02
5.79420e-02
6.25305e-02
6.62978e-02
6.68429e-02
6.29542e-02
5.67247e-02
4.93272e-02
4.22236e-02
3.96168e-02
4.54405e-02
5.37370e-02
5.39620e-02
3.89004e-02
1.63669e-02
-7.26585e-03
-3.26253e-02
-5.75813e-02
-7.48169e-02
-7.29824e-02
-6.04560e-02
-4.58740e-02
-3.12800e-02
-1.69512e-02
-2.98988e-03
9.14743e-03
1.88690e-02
2.79991e-02
3.71212e-02
4.39565e-02
4.50846e-02
4.29458e-02
4.25020e-02
4.63834e-02
5.30699e-02
6.05473e-02
6.61044e-02
6.45722e-02
5.48201e-02
4.17885e-02
2.88290e-02
1.61871e-02
3.28838e-03
-1.10919e-02
-2.53812e-02
-3.38988e-02
-2.92234e-02
-1.78252e-02
-4.97457e-03
8.41578e-03
1.93072e-02
2.27022e-02
1.69205e-02
7.57606e-03
-2.17590e-03
-1.17475e-02
-2.14093e-02
-3.12731e-02
-4.04267e-02
-4.75286e-02
-5.30570e-02
-5.87467e-02
-6.44643e-02
-6.71537e-02
-6.25556e-02
-5.35171e-02
-4.31245e-02
-3.21505e-02
-2.32748e-02
-2.08219e-02
-2.59943e-02
-3.39740e-02
-4.25409e-02
-5.19688e-02
-6.17916e-02
-6.79068e-02
-6.33617e-02
-4.92250e-02
-3.18318e-02
-1.37707e-02
4.34706e-03
2.10670e-02
3.26279e-02
3.71795e-02
3.56957e-02
2.63335e-02
1.19509e-02
-3.27808e-03
-1.87744e-02
-3.46347e-02
-5.14724e-02
-6.66474e-02
-7.45141e-02
-7.20063e-02
-6.54272e-02
-5.83070e-02
-4.98435e-02
-3.77993e-02
-2.39881e-02
-1.00383e-02
4.14037e-03
1.93478e-02
3.47930e-02
4.58103e-02
4.53747e-02
3.72281e-02
2.72678e-02
1.71295e-02
6.90277e-03
-3.15542e-03
-1.10693e-02
-1.48780e-02
-1.67497e-02
-1.85282e-02
-2.01437e-02
-2.06110e-02
-1.88459e-02
-1.60635e-02
-1.31656e-02
-1.04514e-02
-7.89431e-03
-5.23908e-03
-2.04952e-03
1.57829e-03
3.54723e-03
6.60040e-05
-8.78223e-03
-1.84869e-02
-2.30939e-02
-1.84076e-02
-8.97346e-03
4.65734e-04
5.65056e-03
2.66658e-03
-4.00945e-03
-1.10226e-02
-1.78705e-02
-2.44323e-02
-3.10215e-02
-3.78281e-02
-4.55131e-02
-5.33854e-02
-5.80828e-02
-5.40222e-02
-4.33344e-02
-3.07419e-02
-1.76934e-02
-3.63622e-03
1.04026e-02
1.89162e-02
1.46711e-02
3.91852e-03
-7.75973e-03
-2.00786e-02
-3.20612e-02
-4.10273e-02
-4.22053e-02
-3.88123e-02
-3.44237e-02
-3.00703e-02
-2.59634e-02
-2.17909e-02
-1.75610e-02
-1.32525e-02
-8.92825e-03
-4.58527e-03
-2.29438e-04
4.07981e-03
8.40035e-03
1.28448e-02
1.74054e-02
2.15208e-02
2.41893e-02
2.52988e-02
2.58285e-02
2.62968e-02
2.68070e-02
2.73349e-02
2.78756e-02
2.84002e-02
2.88119e-02
2.89367e-02
2.88682e-02
2.87435e-02
2.86152e-02
2.84967e-02
2.83978e-02
2.83015e-02
2.81580e-02
2.79241e-02
2.77771e-02
2.82139e-02
2.96381e-02
3.15262e-02
3.34410e-02
3.52997e-02
3.71292e-02
3.90025e-02
4.10718e-02
4.36908e-02
4.67773e-02
5.04145e-02
5.42386e-02
5.61633e-02
5.29630e-02
4.55900e-02
3.68563e-02
2.77429e-02
1.87283e-02
1.08831e-02
6.07082e-03
3.32738e-03
1.02618e-03
-1.45520e-03
-3.83073e-03
-5.02789e-03
-4.14986e-03
-2.20772e-03
5.80037e-05
2.25288e-03
3.24116e-03
1.52130e-03
-1.73145e-03
-5.49738e-03
-9.12561e-03
-1.09535e-02
-9.34156e-03
-5.93980e-03
-2.24752e-03
1.56433e-03
4.68640e-03
6.18178e-03
6.04557e-03
5.39361e-03
4.66443e-03
4.11960e-03
3.62256e-03
2.82280e-03
8.66920e-04
-2.23852e-03
-5.79093e-03
-9.27196e-03
-1.28009e-02
-1.66503e-02
-2.13391e-02
-2.65984e-02
-3.24991e-02
-3.79263e-02
-4.01216e-02
-3.68284e-02
-3.10432e-02
-2.50508e-02
-1.92682e-02
-1.35395e-02
-7.45315e-03
-1.02892e-03
4.86647e-03
8.25344e-03
8.02611e-03
6.30056e-03
4.49471e-03
2.65674e-03
4.76698e-04
-1.80888e-03
-2.40239e-03
1.17088e-03
7.37840e-03
1.41477e-02
2.08436e-02
2.71016e-02
3.30538e-02
3.90755e-02
4.53566e-02
4.97674e-02
4.85823e-02
4.20048e-02
3.35283e-02
2.48852e-02
1.63934e-02
7.93717e-03
-3.66623e-04
-8.34674e-03
-1.62147e-02
-2.42390e-02
-3.14182e-02
-3.55134e-02
-3.56017e-02
-3.40036e-02
-3.22132e-02
-3.05415e-02
-2.89370e-02
-2.72292e-02
-2.54909e-02
-2.37355e-02
-2.20767e-02
-2.05342e-02
-1.92133e-02
-1.79824e-02
-1.67579e-02
-1.55008e-02
-1.42384e-02
-1.30406e-02
-1.19492e-02
-9.61658e-03
-7.58345e-03
-4.56607e-03
-1.06942e-03
2.45837e-03
5.95388e-03
9.39658e-03
1.28434e-02
1.62897e-02
1.97929e-02
2.32667e-02
2.64177e-02
2.87703e-02
3.04902e-02
3.19232e-02
3.33212e-02
3.46217e-02
3.58345e-02
3.73139e-02
3.98061e-02
4.31762e-02
4.67607e-02
5.04814e-02
5.46145e-02
5.85437e-02
5.97248e-02
5.52952e-02
4.81796e-02
4.08155e-02
3.35644e-02
2.65443e-02
1.95771e-02
1.27957e-02
6.15404e-03
-3.72776e-04
-6.92646e-03
-1.33570e-02
-1.93057e-02
-2.42163e-02
-2.84489e-02
-3.26407e-02
-3.68479e-02
-3.99911e-02
-4.04176e-02
-3.88472e-02
-3.66626e-02
-3.43660e-02
-3.26914e-02
-3.27472e-02
-3.46085e-02
-3.70757e-02
-3.88247e-02
-3.85139e-02
-3.65104e-02
-3.39940e-02
-3.15605e-02
-2.93891e-02
-2.72623e-02
-2.44944e-02
-2.01717e-02
-1.47728e-02
-9.15213e-03
-3.60930e-03
1.56013e-03
6.19867e-03
1.04660e-02
1.46553e-02
1.87368e-02
2.23095e-02
2.47264e-02
2.62781e-02
2.76713e-02
2.85434e-02
2.74446e-02
2.35171e-02
1.83669e-02
1.32361e-02
8.30136e-03
3.64057e-03
-9.37022e-04
-5.59384e-03
-1.06761e-02
-1.59158e-02
-2.12762e-02
-2.64526e-02
-3.03703e-02
-3.13175e-02
-3.01143e-02
-2.83717e-02
-2.66674e-02
-2.51500e-02
-2.36912e-02
-2.19340e-02
-1.92210e-02
-1.56088e-02
-1.17891e-02
-8.15841e-03
-4.72011e-03
-1.30295e-03
2.13291e-03
5.06398e-03
6.36051e-03
5.67189e-03
4.20470e-03
2.68915e-03
1.23436e-03
6.25190e-05
-5.20467e-04
-5.31924e-04
-3.45958e-04
-1.67705e-04
-7.53560e-05
4.48583e-05
4.97208e-04
1.66240e-03
3.06049e-03
4.39668e-03
5.66210e-03
6.85546e-03
7.83153e-03
8.22717e-03
7.92573e-03
7.33160e-03
6.73030e-03
6.22410e-03
5.80988e-03
5.22125e-03
3.97042e-03
1.94795e-03
-2.34872e-04
-2.24688e-03
-4.08549e-03
-5.83283e-03
-7.46987e-03
-8.93307e-03
-1.02282e-02
-1.11238e-02
-1.12304e-02
-1.05709e-02
-9.63649e-03
-8.70966e-03
-7.87596e-03
-7.02725e-03
-5.93299e-03
-4.46920e-03
-2.97073e-03
-1.80991e-03
-1.25834e-03
-1.01665e-03
-8.16855e-04
-5.35669e-04
2.20315e-06
8.45780e-04
1.74351e-03
2.53732e-03
3.20922e-03
3.77467e-03
4.30476e-03
4.84323e-03
5.32415e-03
5.70155e-03
5.99514e-03
6.20442e-03
6.27612e-03
6.10586e-03
5.72878e-03
5.31031e-03
4.93533e-03
4.60881e-03
4.31955e-03
4.04725e-03
3.78742e-03
3.54966e-03
3.34514e-03
3.18546e-03
3.08602e-03
3.01364e-03
2.94136e-03
2.86226e-03
2.77615e-03
2.68355e-03
2.58766e-03
2.49582e-03
2.41573e-03
2.33531e-03
2.24472e-03
2.14303e-03
2.03020e-03
1.90653e-03
1.77775e-03
1.65024e-03
1.52647e-03
1.40611e-03
1.28716e-03
1.16799e-03
1.05237e-03
9.43448e-04
8.41595e-04
7.46563e-04
6.57557e-04
5.71900e-04
4.88353e-04
4.07128e-04
3.28524e-04
2.52838e-04
1.80193e-04
1.10683e-04
4.43650e-05
-1.86828e-05
-7.84175e-05
-1.34813e-04
-1.87871e-04
-2.37602e-04
-2.84026e-04
-3.27173e-04
-3.67080e-04
-4.03786e-04
-4.37334e-04
-4.67770e-04
-4.95141e-04
-5.19495e-04
-5.40883e-04
