-8.52390e-04
-8.68467e-04
-8.88211e-04
-9.06265e-04
-9.15241e-04
-9.07454e-04
-8.79576e-04
-8.31083e-04
-7.61939e-04
-6.79656e-04
-6.07194e-04
-5.60351e-04
-5.04996e-04
-4.48789e-04
-4.12571e-04
-4.12713e-04
-4.51365e-04
-5.09196e-04
-5.95322e-04
-7.07627e-04
-8.16958e-04
-8.88927e-04
-9.15166e-04
-8.95800e-04
-7.95617e-04
-5.75652e-04
-2.48041e-04
1.11952e-04
4.94571e-04
8.61120e-04
1.17464e-03
1.39076e-03
1.49953e-03
1.55301e-03
1.45738e-03
1.12575e-03
5.96060e-04
4.18436e-05
-4.74856e-04
-8.41146e-04
-1.00988e-03
-1.01478e-03
-9.46593e-04
-8.26661e-04
-7.09858e-04
-7.76698e-04
-1.18157e-03
-1.89704e-03
-2.76844e-03
-3.52356e-03
-4.04823e-03
-4.29799e-03
-4.24001e-03
-3.94672e-03
-3.68035e-03
-3.76651e-03
-4.22423e-03
-4.99636e-03
-5.94011e-03
-6.78947e-03
-7.43875e-03
-7.82216e-03
-7.83449e-03
-7.34968e-03
-6.27740e-03
-4.73058e-03
-2.81359e-03
-4.60424e-04
2.00961e-03
3.83564e-03
4.76400e-03
4.89454e-03
4.54678e-03
4.21557e-03
4.41434e-03
4.78931e-03
4.90798e-03
4.51110e-03
3.47848e-03
2.00755e-03
2.93643e-04
-1.72317e-03
-3.88750e-03
-5.68764e-03
-6.24179e-03
-4.97469e-03
-2.83447e-03
-8.69827e-04
3.01479e-04
8.55418e-04
9.28125e-04
4.60077e-04
-6.29887e-04
-2.26865e-03
-3.95145e-03
-5.01680e-03
-5.53304e-03
-5.58943e-03
-5.17496e-03
-4.33240e-03
-3.29584e-03
-2.67086e-03
-2.93971e-03
-4.01573e-03
-5.59695e-03
-7.22108e-03
-8.97643e-03
-1.14251e-02
-1.49170e-02
-1.92578e-02
-2.33659e-02
-2.52885e-02
-2.39723e-02
-1.97693e-02
-1.33816e-02
-6.30591e-03
2.91429e-04
6.80954e-03
1.27408e-02
1.63866e-02
1.71505e-02
1.55116e-02
1.29171e-02
9.84480e-03
6.42339e-03
3.88996e-03
1.85872e-03
-4.81479e-04
-3.30978e-03
-6.11380e-03
-7.98752e-03
-8.31945e-03
-6.93768e-03
-4.27509e-03
-5.18477e-04
3.26643e-03
6.58714e-03
9.52710e-03
1.15703e-02
1.20259e-02
1.13773e-02
1.07254e-02
1.03049e-02
1.03868e-02
1.16375e-02
1.36385e-02
1.56379e-02
1.69142e-02
1.71221e-02
1.60254e-02
1.35003e-02
9.95263e-03
6.26918e-03
2.01863e-03
-3.01291e-03
-8.11665e-03
-1.22438e-02
-1.54438e-02
-1.78636e-02
-1.94867e-02
-2.02947e-02
-2.01542e-02
-1.87767e-02
-1.68295e-02
-1.59415e-02
-1.58183e-02
-1.60448e-02
-1.65024e-02
-1.71157e-02
-1.77305e-02
-1.79675e-02
-1.74038e-02
-1.57834e-02
-1.29513e-02
-9.12118e-03
-5.05372e-03
-1.31613e-03
9.07553e-04
-1.91117e-04
-5.56746e-03
-1.35139e-02
-2.04120e-02
-2.53949e-02
-2.82902e-02
-2.82435e-02
-2.55265e-02
-2.19357e-02
-1.82386e-02
-1.47112e-02
-1.22162e-02
-8.85183e-03
-2.58440e-03
7.48681e-03
2.06237e-02
3.31981e-02
3.94591e-02
3.93019e-02
3.44853e-02
2.47102e-02
9.42362e-03
-8.97672e-03
-2.87291e-02
-4.70192e-02
-5.77773e-02
-6.24936e-02
-6.39920e-02
-6.24319e-02
-5.87163e-02
-5.15978e-02
-3.92487e-02
-2.32931e-02
-4.94596e-03
1.77733e-02
4.35818e-02
6.88888e-02
8.92306e-02
9.77981e-02
9.51501e-02
8.79893e-02
8.05245e-02
7.30584e-02
6.49570e-02
5.85756e-02
5.21294e-02
4.53451e-02
4.05123e-02
3.84358e-02
3.87014e-02
4.00711e-02
4.32003e-02
4.83246e-02
5.34560e-02
5.72374e-02
6.11522e-02
6.63225e-02
7.26050e-02
7.88337e-02
8.45990e-02
8.92147e-02
9.16875e-02
9.18060e-02
9.01713e-02
8.61056e-02
7.95692e-02
7.17951e-02
6.05672e-02
4.44846e-02
2.55034e-02
8.74362e-03
-4.44907e-03
-1.39693e-02
-1.91488e-02
-2.15714e-02
-2.45076e-02
-2.67211e-02
-2.55866e-02
-2.02117e-02
-1.11470e-02
-7.06552e-04
7.66786e-03
1.46224e-02
2.02972e-02
2.33664e-02
2.21254e-02
1.54687e-02
3.96454e-03
-9.96587e-03
-2.33010e-02
-3.75587e-02
-5.28272e-02
-6.85366e-02
-8.53199e-02
-1.01901e-01
-1.15123e-01
-1.23480e-01
-1.27286e-01
-1.28212e-01
-1.26861e-01
-1.25461e-01
-1.22789e-01
-1.17298e-01
-1.10026e-01
-1.02163e-01
-9.34303e-02
-8.49640e-02
-7.82504e-02
-7.34920e-02
-7.07991e-02
-7.02126e-02
-7.11544e-02
-7.14954e-02
-6.98079e-02
-6.71559e-02
-6.45997e-02
-6.25669e-02
-6.06410e-02
-5.76097e-02
-5.18723e-02
-4.18131e-02
-2.70660e-02
-8.63887e-03
1.59422e-02
4.70068e-02
8.00511e-02
1.10565e-01
1.37387e-01
1.57130e-01
1.65494e-01
1.63258e-01
1.53273e-01
1.36570e-01
1.14248e-01
8.80832e-02
6.66084e-02
5.41462e-02
4.94097e-02
5.03170e-02
5.32631e-02
5.46431e-02
5.50968e-02
5.42549e-02
5.39483e-02
5.58910e-02
5.94553e-02
6.40096e-02
7.04618e-02
7.89562e-02
8.78953e-02
9.42466e-02
9.68829e-02
9.73524e-02
9.68575e-02
9.29762e-02
8.34168e-02
6.81748e-02
4.86845e-02
2.44801e-02
-7.29298e-04
-1.84071e-02
-2.68917e-02
-2.81088e-02
-2.37062e-02
-1.65230e-02
-8.59275e-03
1.70054e-04
6.90802e-03
1.10415e-02
1.44830e-02
1.79765e-02
2.08825e-02
2.17981e-02
1.95850e-02
1.39523e-02
3.78146e-03
-1.00146e-02
-2.39752e-02
-4.07796e-02
-6.23219e-02
-8.63317e-02
-1.06912e-01
-1.22477e-01
-1.33540e-01
-1.40397e-01
-1.41606e-01
-1.37106e-01
-1.28757e-01
-1.18841e-01
-1.09234e-01
-1.00810e-01
-9.11397e-02
-7.94403e-02
-6.73366e-02
-5.45832e-02
-4.06085e-02
-2.57373e-02
-1.09302e-02
2.44128e-03
1.26419e-02
1.84357e-02
2.00491e-02
1.93352e-02
1.70061e-02
1.51982e-02
1.31143e-02
1.09704e-02
1.00517e-02
9.71096e-03
9.46501e-03
9.14896e-03
8.66524e-03
8.30554e-03
8.08764e-03
7.47453e-03
5.79164e-03
2.31576e-03
-3.66245e-03
-1.23298e-02
-2.27177e-02
-3.34590e-02
-4.31923e-02
-5.03158e-02
-5.55050e-02
-5.99245e-02
-6.44136e-02
-6.86862e-02
-7.26135e-02
-7.66419e-02
-8.02953e-02
-8.23454e-02
-8.20370e-02
-7.95080e-02
-7.52761e-02
-7.09803e-02
-6.78358e-02
-6.52001e-02
-6.24860e-02
-5.96153e-02
-5.66749e-02
-5.22777e-02
-4.46649e-02
-3.31135e-02
-1.84220e-02
-3.08027e-03
1.20300e-02
2.71356e-02
4.15353e-02
5.59250e-02
7.04673e-02
8.43206e-02
9.62964e-02
1.04949e-01
1.09034e-01
1.07952e-01
1.03040e-01
9.48050e-02
8.37096e-02
7.07257e-02
5.57059e-02
3.88313e-02
2.32990e-02
1.09384e-02
1.72310e-03
-4.29913e-03
-7.27448e-03
-7.32525e-03
-6.19509e-03
-3.68309e-03
1.65819e-03
8.77616e-03
1.54363e-02
2.29379e-02
3.16913e-02
4.02425e-02
4.81275e-02
5.59607e-02
6.38610e-02
7.11060e-02
7.66100e-02
7.84827e-02
7.54332e-02
6.87521e-02
5.80514e-02
4.35801e-02
2.61388e-02
6.56561e-03
-1.09775e-02
-2.40711e-02
-3.25839e-02
-3.59208e-02
-3.27566e-02
-2.34186e-02
-8.86103e-03
9.38550e-03
2.77758e-02
4.64312e-02
6.18792e-02
6.82028e-02
6.41710e-02
5.15093e-02
3.58476e-02
1.91546e-02
4.31476e-03
-7.80546e-03
-1.76540e-02
-2.33880e-02
-2.47895e-02
-2.34084e-02
-2.19344e-02
-2.07918e-02
-2.14178e-02
-2.28621e-02
-2.36395e-02
-2.34709e-02
-2.21774e-02
-1.89968e-02
-1.35894e-02
-6.71605e-03
-6.69420e-07
6.86447e-03
1.39971e-02
2.06314e-02
2.58632e-02
2.87317e-02
2.82863e-02
2.40829e-02
1.56690e-02
4.03604e-03
-7.30028e-03
-1.74561e-02
-2.57331e-02
-3.19357e-02
-3.66490e-02
-4.00194e-02
-4.07555e-02
-3.78540e-02
-3.08200e-02
-1.87083e-02
-3.26005e-03
1.38988e-02
3.32937e-02
5.25967e-02
6.86757e-02
8.02987e-02
8.53363e-02
8.29786e-02
7.73414e-02
6.99301e-02
6.04583e-02
5.07166e-02
4.16101e-02
3.13269e-02
1.99038e-02
1.03170e-02
5.61643e-03
2.45190e-03
-4.66925e-03
-1.58676e-02
-3.00078e-02
-4.54528e-02
-6.07925e-02
-7.55234e-02
-8.83186e-02
-9.69015e-02
-9.98919e-02
-9.81367e-02
-9.40148e-02
-8.56554e-02
-7.29407e-02
-5.94905e-02
-4.64816e-02
-3.32742e-02
-2.17126e-02
-1.47962e-02
-1.16097e-02
-1.02517e-02
-1.15124e-02
-1.52753e-02
-2.08751e-02
-2.67254e-02
-3.12113e-02
-3.63190e-02
-4.34459e-02
-5.20830e-02
-5.98618e-02
-6.44909e-02
-6.58484e-02
-6.46659e-02
-6.05703e-02
-5.29245e-02
-4.36358e-02
-3.73624e-02
-3.50793e-02
-3.61891e-02
-4.00484e-02
-4.57157e-02
-5.13636e-02
-5.32042e-02
-4.78583e-02
-3.49790e-02
-1.61492e-02
4.28662e-03
2.06462e-02
3.17121e-02
3.57395e-02
3.20649e-02
2.21615e-02
8.60827e-03
-6.80833e-03
-1.88696e-02
-2.48159e-02
-2.48791e-02
-2.02962e-02
-1.45706e-02
-1.07351e-02
-1.13862e-02
-1.73027e-02
-2.84814e-02
-4.44631e-02
-6.26286e-02
-7.79712e-02
-8.84362e-02
-9.11842e-02
-8.37272e-02
-6.57600e-02
-3.98017e-02
-9.06589e-03
1.87823e-02
4.57604e-02
7.16142e-02
9.12259e-02
1.03261e-01
1.06968e-01
1.06428e-01
1.06881e-01
1.07183e-01
1.07286e-01
1.06658e-01
1.02067e-01
9.21036e-02
7.54801e-02
5.18144e-02
2.56572e-02
5.78725e-03
-7.85216e-03
-1.66472e-02
-2.28853e-02
-3.00547e-02
-3.72969e-02
-4.38793e-02
-4.89808e-02
-5.09799e-02
-4.98971e-02
-4.59641e-02
-3.86708e-02
-2.96466e-02
-2.04368e-02
-1.04470e-02
-5.66915e-04
6.39700e-03
9.10311e-03
8.72381e-03
7.66379e-03
6.34109e-03
5.05754e-03
4.27819e-03
4.63044e-03
5.62285e-03
6.47474e-03
6.72149e-03
6.21933e-03
5.34066e-03
4.67000e-03
4.78377e-03
5.90172e-03
7.88412e-03
1.03332e-02
1.24907e-02
1.38759e-02
1.49003e-02
1.61307e-02
1.81085e-02
2.13020e-02
2.59064e-02
3.15694e-02
3.69491e-02
3.98551e-02
3.93131e-02
3.48276e-02
2.57816e-02
1.28786e-02
-9.15774e-04
-1.38605e-02
-2.23060e-02
-2.51005e-02
-2.42654e-02
-2.09399e-02
-1.64416e-02
-9.99176e-03
-1.64415e-03
6.18996e-03
1.41471e-02
2.31518e-02
3.22406e-02
3.97466e-02
4.45622e-02
4.52935e-02
4.16098e-02
3.68940e-02
3.16972e-02
2.64224e-02
2.23822e-02
1.88608e-02
1.58716e-02
1.40958e-02
1.32634e-02
1.28252e-02
1.29561e-02
1.40646e-02
1.59991e-02
1.91192e-02
2.34928e-02
2.99081e-02
3.94038e-02
5.15300e-02
6.34137e-02
7.08406e-02
7.16703e-02
6.58371e-02
5.65930e-02
4.64946e-02
3.78680e-02
3.21686e-02
2.78879e-02
2.40236e-02
2.01513e-02
1.56604e-02
1.01738e-02
4.38109e-03
-5.19271e-04
-3.47243e-03
-4.25976e-03
-3.49409e-03
-7.56986e-04
3.26396e-03
6.57936e-03
9.91558e-03
1.38003e-02
1.77781e-02
2.17585e-02
2.59584e-02
3.02201e-02
3.38142e-02
3.56593e-02
3.46702e-02
3.05262e-02
2.41940e-02
1.70951e-02
1.03089e-02
3.57896e-03
-2.28516e-03
-5.23394e-03
-5.89750e-03
-7.77492e-03
-1.24005e-02
-2.03034e-02
-3.19038e-02
-4.72447e-02
-6.46485e-02
-8.03704e-02
-9.26865e-02
-1.00321e-01
-1.03207e-01
-1.02466e-01
-9.78312e-02
-8.67548e-02
-6.94091e-02
-5.04710e-02
-3.24695e-02
-1.65677e-02
-5.44070e-03
4.70490e-04
8.19675e-04
-2.73958e-03
-5.78270e-03
-7.16363e-03
-6.36417e-03
-5.17950e-03
-4.87271e-03
-6.69046e-03
-1.10262e-02
-1.66596e-02
-2.13184e-02
-2.50628e-02
-2.84411e-02
-3.19388e-02
-3.57800e-02
-3.98223e-02
-4.38121e-02
-4.73809e-02
-5.00227e-02
-5.13219e-02
-5.10656e-02
-4.83477e-02
-4.25829e-02
-3.46914e-02
-2.64590e-02
-1.81786e-02
-1.15031e-02
-9.59460e-03
-1.18353e-02
-1.47166e-02
-1.74132e-02
-1.94368e-02
-1.98414e-02
-1.68130e-02
-1.04625e-02
-1.96697e-03
6.74097e-03
1.59153e-02
2.60730e-02
3.60696e-02
4.37629e-02
4.82065e-02
4.84656e-02
4.58150e-02
4.39476e-02
4.26081e-02
4.20804e-02
4.39954e-02
4.76193e-02
5.17226e-02
5.50022e-02
5.72507e-02
5.86604e-02
5.91368e-02
5.83655e-02
5.62790e-02
5.32111e-02
4.93681e-02
4.35989e-02
3.52936e-02
2.53419e-02
1.48154e-02
4.32738e-03
-4.23384e-03
-9.80479e-03
-1.25621e-02
-1.16389e-02
-5.97311e-03
4.44642e-03
1.78591e-02
2.96371e-02
4.02209e-02
4.90462e-02
5.40915e-02
5.54450e-02
5.37682e-02
4.99949e-02
4.60754e-02
4.35210e-02
4.35509e-02
4.59781e-02
4.90126e-02
5.07190e-02
4.94713e-02
4.40809e-02
3.50221e-02
2.34275e-02
9.49874e-03
-4.54881e-03
-1.45342e-02
-2.12240e-02
-2.61903e-02
-2.97210e-02
-3.07293e-02
-2.85555e-02
-2.30207e-02
-1.49669e-02
-7.74018e-03
-1.78339e-03
2.64939e-03
3.95762e-03
2.44092e-03
-1.56240e-03
-8.63809e-03
-1.79752e-02
-2.80117e-02
-3.83219e-02
-4.86196e-02
-5.68437e-02
-6.23790e-02
-6.52013e-02
-6.62947e-02
-6.81736e-02
-7.02585e-02
-7.08848e-02
-6.93543e-02
-6.61053e-02
-6.20869e-02
-5.80380e-02
-5.35613e-02
-4.90377e-02
-4.60269e-02
-4.56565e-02
-4.72374e-02
-4.97322e-02
-5.34152e-02
-5.75465e-02
-6.01937e-02
-6.20277e-02
-6.38115e-02
-6.57239e-02
-6.76724e-02
-6.93186e-02
-7.02309e-02
-6.99212e-02
-6.81705e-02
-6.52571e-02
-6.09024e-02
-5.55168e-02
-4.94276e-02
-4.21989e-02
-3.42006e-02
-2.56325e-02
-1.56561e-02
-4.21770e-03
7.58338e-03
1.93329e-02
3.02970e-02
3.90558e-02
4.55679e-02
4.98370e-02
5.09489e-02
4.89193e-02
4.47157e-02
3.84190e-02
3.01450e-02
2.18789e-02
1.26575e-02
2.61635e-03
-6.68053e-03
-1.45020e-02
-1.95189e-02
-2.15527e-02
-2.10732e-02
-1.81309e-02
-1.32373e-02
-6.27460e-03
1.17841e-03
8.99400e-03
1.83981e-02
2.88491e-02
3.81599e-02
4.70339e-02
5.63515e-02
6.63448e-02
7.67464e-02
8.67518e-02
9.51941e-02
1.00801e-01
1.02639e-01
9.99554e-02
9.24811e-02
8.12956e-02
6.87949e-02
5.58429e-02
4.29100e-02
3.28234e-02
2.68780e-02
2.38319e-02
2.19748e-02
2.22292e-02
2.46673e-02
2.70412e-02
2.83274e-02
2.84753e-02
2.69729e-02
2.44803e-02
2.17399e-02
1.88493e-02
1.63009e-02
1.50685e-02
1.47959e-02
1.49637e-02
1.51095e-02
1.47368e-02
1.38927e-02
1.27161e-02
1.13306e-02
9.86614e-03
8.46590e-03
7.17281e-03
6.03258e-03
5.10630e-03
4.42354e-03
3.78507e-03
2.61851e-03
1.17332e-04
-4.57457e-03
-1.21328e-02
-2.23967e-02
-3.36855e-02
-4.39898e-02
-5.20503e-02
-5.71306e-02
-6.00900e-02
-6.16366e-02
-6.07775e-02
-5.69936e-02
-5.01735e-02
-4.22389e-02
-3.62014e-02
-3.17598e-02
-2.92182e-02
-2.98148e-02
-3.26467e-02
-3.59789e-02
-3.99029e-02
-4.33427e-02
-4.36551e-02
-4.02887e-02
-3.30274e-02
-2.19872e-02
-9.03655e-03
2.19029e-03
1.27331e-02
2.33692e-02
3.30770e-02
4.10864e-02
4.83463e-02
5.61211e-02
6.43348e-02
7.18705e-02
7.75530e-02
7.98814e-02
7.78626e-02
7.29707e-02
6.68485e-02
6.07942e-02
5.55150e-02
4.98123e-02
4.32821e-02
3.68208e-02
3.07059e-02
2.44409e-02
1.76195e-02
1.02480e-02
2.70641e-03
-4.41097e-03
-1.03988e-02
-1.46391e-02
-1.68936e-02
-1.78496e-02
-1.92344e-02
-2.15728e-02
-2.51894e-02
-3.06410e-02
-3.79006e-02
-4.63377e-02
-5.49184e-02
-6.29534e-02
-6.89372e-02
-7.16774e-02
-7.17115e-02
-7.00608e-02
-6.74514e-02
-6.47634e-02
-6.12413e-02
-5.71502e-02
-5.41090e-02
-5.14187e-02
-4.83993e-02
-4.49616e-02
-4.14744e-02
-3.86166e-02
-3.63765e-02
-3.42448e-02
-3.22286e-02
-3.03628e-02
-2.84945e-02
-2.72862e-02
-2.74383e-02
-2.93474e-02
-3.28544e-02
-3.69996e-02
-4.17533e-02
-4.77882e-02
-5.49377e-02
-6.24135e-02
-7.00440e-02
-7.68951e-02
-8.19807e-02
-8.52718e-02
-8.66413e-02
-8.61112e-02
-8.42654e-02
-7.94841e-02
-7.10454e-02
-6.03238e-02
-4.77538e-02
-3.37523e-02
-2.09987e-02
-1.09386e-02
-3.47028e-03
1.35461e-03
3.47194e-03
3.88658e-03
4.96095e-03
6.23759e-03
7.88745e-03
1.02201e-02
1.24097e-02
1.41080e-02
1.56309e-02
1.76062e-02
2.05786e-02
2.49285e-02
3.04896e-02
3.67067e-02
4.33146e-02
4.93711e-02
5.44940e-02
5.89953e-02
6.31267e-02
6.70798e-02
7.07769e-02
7.43353e-02
7.81518e-02
8.21115e-02
8.61871e-02
9.05395e-02
9.49743e-02
9.88674e-02
1.01387e-01
1.01739e-01
9.99052e-02
9.62933e-02
9.20583e-02
8.94205e-02
8.80304e-02
8.73541e-02
8.72867e-02
8.79700e-02
8.95844e-02
9.16932e-02
9.29961e-02
9.26378e-02
9.03665e-02
8.59817e-02
7.95574e-02
7.19310e-02
6.40239e-02
5.63533e-02
5.07091e-02
4.88129e-02
4.87437e-02
4.86087e-02
4.78918e-02
4.62971e-02
4.48432e-02
4.44397e-02
4.56695e-02
4.86718e-02
5.26779e-02
5.73261e-02
6.17560e-02
6.44992e-02
6.47530e-02
6.18189e-02
5.56303e-02
4.74723e-02
3.88316e-02
2.86414e-02
1.70978e-02
6.44764e-03
-2.64116e-03
-9.80196e-03
-1.51920e-02
-2.01046e-02
-2.63996e-02
-3.40086e-02
-4.19805e-02
-4.93844e-02
-5.51686e-02
-5.85907e-02
-5.94135e-02
-5.80002e-02
-5.50833e-02
-5.19212e-02
-5.09764e-02
-5.22357e-02
-5.53866e-02
-5.98003e-02
-6.39797e-02
-6.68581e-02
-6.85663e-02
-6.91554e-02
-6.85367e-02
-6.68737e-02
-6.48036e-02
-6.36297e-02
-6.41177e-02
-6.64194e-02
-7.05194e-02
-7.60087e-02
-8.23887e-02
-8.91661e-02
-9.46148e-02
-9.64959e-02
-9.45693e-02
-8.97595e-02
-8.29274e-02
-7.47007e-02
-6.71848e-02
-6.07057e-02
-5.39463e-02
-4.62994e-02
-3.72723e-02
-2.71663e-02
-1.73131e-02
-8.29300e-03
-4.47416e-04
5.71101e-03
9.82220e-03
1.21637e-02
1.31795e-02
1.31762e-02
1.26109e-02
1.16852e-02
1.04182e-02
9.19159e-03
9.28622e-03
1.11729e-02
1.51673e-02
2.09410e-02
2.67979e-02
3.12196e-02
3.39557e-02
3.46919e-02
3.35977e-02
3.09015e-02
2.65688e-02
2.14496e-02
1.61809e-02
1.02700e-02
4.34221e-03
2.45328e-04
-2.36573e-03
-5.19324e-03
-1.00429e-02
-1.64273e-02
-2.28513e-02
-2.71403e-02
-2.68266e-02
-2.19824e-02
-1.43499e-02
-4.72415e-03
4.40042e-03
1.14627e-02
1.58444e-02
1.67500e-02
1.55413e-02
1.44227e-02
1.31165e-02
1.08034e-02
7.71172e-03
3.81747e-03
-2.05084e-03
-9.90537e-03
-1.81916e-02
-2.67882e-02
-3.55256e-02
-4.32746e-02
-4.94736e-02
-5.38051e-02
-5.62650e-02
-5.76574e-02
-5.82826e-02
-5.71845e-02
-5.35056e-02
-4.72015e-02
-3.98772e-02
-3.16112e-02
-2.11845e-02
-8.98522e-03
2.77740e-03
1.40459e-02
2.52902e-02
3.61613e-02
4.61715e-02
5.53533e-02
6.38181e-02
7.07287e-02
7.51258e-02
7.58495e-02
7.24677e-02
6.56668e-02
5.65982e-02
4.84514e-02
4.01332e-02
3.13668e-02
2.36760e-02
1.60543e-02
7.55584e-03
-2.08380e-03
-1.22379e-02
-2.14630e-02
-2.80569e-02
-3.10750e-02
-3.06092e-02
-2.71616e-02
-1.96905e-02
-9.26138e-03
-6.30875e-05
6.34826e-03
1.10809e-02
1.47730e-02
1.77689e-02
2.05055e-02
2.35585e-02
2.63602e-02
2.81560e-02
2.90863e-02
3.02101e-02
3.13457e-02
3.19674e-02
3.20445e-02
3.17825e-02
3.09978e-02
2.97342e-02
2.84025e-02
2.70236e-02
2.52505e-02
2.28144e-02
1.97422e-02
1.63968e-02
1.27779e-02
8.59490e-03
3.89826e-03
-7.83507e-04
-5.11456e-03
-8.95728e-03
-1.20022e-02
-1.38597e-02
-1.43412e-02
-1.37936e-02
-1.28114e-02
-1.11428e-02
-9.21722e-03
-8.24602e-03
-7.72088e-03
-6.95221e-03
-5.49024e-03
-3.05521e-03
5.66234e-04
5.37707e-03
1.07285e-02
1.51977e-02
1.76798e-02
1.75843e-02
1.45882e-02
8.87599e-03
1.65285e-03
-4.69169e-03
-9.93730e-03
-1.42987e-02
-1.77163e-02
-2.03881e-02
-2.23827e-02
-2.37289e-02
-2.46170e-02
-2.57755e-02
-2.71467e-02
-2.86681e-02
-3.06860e-02
-3.29134e-02
-3.49767e-02
-3.64844e-02
-3.68355e-02
-3.54096e-02
-3.19657e-02
-2.75356e-02
-2.41454e-02
-2.20685e-02
-2.08639e-02
-2.02327e-02
-2.01412e-02
-2.05561e-02
-2.12631e-02
-2.21133e-02
-2.27470e-02
-2.40546e-02
-2.69797e-02
-3.18815e-02
-3.86394e-02
-4.69046e-02
-5.52362e-02
-6.28656e-02
-6.86983e-02
-7.11780e-02
-6.98892e-02
-6.53612e-02
-5.79109e-02
-4.75995e-02
-3.65978e-02
-2.61616e-02
-1.71101e-02
-1.19488e-02
-1.07644e-02
-1.07027e-02
-1.01014e-02
-7.38708e-03
-2.33375e-03
3.88460e-03
1.00060e-02
1.49818e-02
1.78470e-02
1.79819e-02
1.65056e-02
1.39181e-02
1.10807e-02
9.65964e-03
9.07955e-03
8.55762e-03
7.66823e-03
6.28202e-03
4.60361e-03
2.97372e-03
1.91629e-03
2.04049e-03
3.87433e-03
7.73031e-03
1.29197e-02
1.77352e-02
2.22099e-02
2.60083e-02
2.79088e-02
2.73238e-02
2.54446e-02
2.33158e-02
2.10631e-02
1.95231e-02
1.94245e-02
2.04731e-02
2.23064e-02
2.45474e-02
2.69378e-02
2.89402e-02
3.02024e-02
3.10597e-02
3.17544e-02
3.22509e-02
3.18362e-02
2.95189e-02
2.45676e-02
1.73797e-02
9.66803e-03
2.00679e-03
-4.69646e-03
-9.06734e-03
-1.14713e-02
-1.24899e-02
-1.26258e-02
-1.23322e-02
-1.10367e-02
-8.57642e-03
-4.41403e-03
1.18553e-03
8.96805e-03
1.92199e-02
3.03336e-02
4.04242e-02
4.83657e-02
5.26150e-02
5.40583e-02
5.40474e-02
5.31717e-02
5.16820e-02
4.89382e-02
4.46552e-02
3.92936e-02
3.20527e-02
2.24731e-02
1.22680e-02
4.81326e-03
-4.11941e-04
-4.51687e-03
-8.11173e-03
-1.20920e-02
-1.59179e-02
-1.87590e-02
-2.02316e-02
-1.97806e-02
-1.76522e-02
-1.44875e-02
-1.18189e-02
-1.02137e-02
-9.15778e-03
-8.32536e-03
-7.63401e-03
-7.15538e-03
-6.87287e-03
-6.52114e-03
-5.88054e-03
-5.02984e-03
-3.94192e-03
-2.64322e-03
-1.31345e-03
-2.66669e-04
1.27676e-04
-5.40004e-04
-2.72893e-03
-6.70658e-03
-1.21406e-02
-1.88353e-02
-2.71386e-02
-3.61470e-02
-4.34623e-02
-4.83824e-02
-5.09167e-02
-5.17528e-02
-5.23845e-02
-5.29443e-02
-5.32765e-02
-5.27323e-02
-5.04396e-02
-4.67269e-02
-4.29973e-02
-3.83224e-02
-3.19067e-02
-2.42376e-02
-1.68689e-02
-1.01144e-02
-4.59668e-03
-9.88534e-04
8.33344e-04
1.01452e-03
-1.89530e-04
-2.32717e-03
-6.04268e-03
-1.10561e-02
-1.70842e-02
-2.47376e-02
-3.33767e-02
-4.20190e-02
-5.02471e-02
-5.67659e-02
-6.03714e-02
-6.04916e-02
-5.76875e-02
-5.38045e-02
-4.82348e-02
-4.16560e-02
-3.57032e-02
-2.94052e-02
-2.26549e-02
-1.69298e-02
-1.36096e-02
-1.34202e-02
-1.57893e-02
-1.86642e-02
-2.06405e-02
-2.17527e-02
-2.14496e-02
-2.01703e-02
-1.83239e-02
-1.61592e-02
-1.41889e-02
-1.29124e-02
-1.19993e-02
-1.11571e-02
-1.04243e-02
-1.00248e-02
-9.88083e-03
-9.69362e-03
-8.99416e-03
-7.49056e-03
-4.91583e-03
-1.10807e-03
3.87154e-03
9.88909e-03
1.58729e-02
1.99755e-02
2.25112e-02
2.43798e-02
2.65005e-02
2.94906e-02
3.41431e-02
4.13627e-02
5.11487e-02
6.24047e-02
7.25911e-02
7.96463e-02
8.36065e-02
8.46796e-02
8.34830e-02
8.18358e-02
8.08870e-02
8.04691e-02
8.10188e-02
8.20737e-02
8.28898e-02
8.30448e-02
8.23383e-02
8.05295e-02
7.74670e-02
7.33333e-02
6.88987e-02
6.51010e-02
6.18462e-02
5.90327e-02
5.68103e-02
5.53219e-02
5.38589e-02
5.11508e-02
4.63079e-02
3.96035e-02
3.20961e-02
2.48628e-02
1.87262e-02
1.48245e-02
1.24856e-02
1.04225e-02
8.46325e-03
6.61938e-03
4.52266e-03
2.37316e-03
8.44489e-04
3.19143e-04
9.07672e-04
2.43757e-03
3.93837e-03
4.09384e-03
2.65188e-03
-3.99705e-04
-4.65693e-03
-9.09009e-03
-1.35276e-02
-1.76295e-02
-2.04343e-02
-2.20876e-02
-2.29602e-02
-2.34257e-02
-2.30482e-02
-2.12805e-02
-1.83027e-02
-1.53511e-02
-1.32565e-02
-1.12782e-02
-8.69300e-03
-5.22259e-03
-9.84428e-04
4.22473e-03
1.08320e-02
1.86740e-02
2.67855e-02
3.45705e-02
4.17318e-02
4.73705e-02
5.01690e-02
4.95509e-02
4.62382e-02
4.15724e-02
3.61543e-02
3.16191e-02
2.66715e-02
2.03215e-02
1.33332e-02
7.73511e-03
3.68673e-03
1.03316e-03
-6.43705e-04
-2.33574e-03
-4.01997e-03
-6.13830e-03
-9.18690e-03
-1.30737e-02
-1.77590e-02
-2.32025e-02
-2.91166e-02
-3.45998e-02
-3.85126e-02
-4.08337e-02
-4.17414e-02
-4.15659e-02
-4.10033e-02
-3.95894e-02
-3.71882e-02
-3.41244e-02
-3.12399e-02
-2.87716e-02
-2.63858e-02
-2.41243e-02
-2.22466e-02
-2.09471e-02
-2.03893e-02
-2.07914e-02
-2.21068e-02
-2.40706e-02
-2.68450e-02
-3.00222e-02
-3.32702e-02
-3.69835e-02
-4.10944e-02
-4.52335e-02
-4.96723e-02
-5.44265e-02
-5.88797e-02
-6.19431e-02
-6.29448e-02
-6.16427e-02
-5.76834e-02
-5.08673e-02
-4.17264e-02
-3.25147e-02
-2.32930e-02
-1.41523e-02
-6.62395e-03
-1.34997e-03
8.91643e-04
7.05826e-04
-1.06378e-04
-5.48398e-04
4.41129e-04
2.02100e-03
3.54882e-03
4.74281e-03
5.24161e-03
4.98709e-03
3.95268e-03
2.18403e-03
-3.13727e-05
-2.58440e-03
-5.39253e-03
-8.09748e-03
-1.07123e-02
-1.31062e-02
-1.51413e-02
-1.66412e-02
-1.73879e-02
-1.74643e-02
-1.73369e-02
-1.69921e-02
-1.60181e-02
-1.44374e-02
-1.27261e-02
-1.04530e-02
-7.35705e-03
-3.88184e-03
-1.05740e-03
7.58906e-04
1.20814e-03
1.55708e-04
-1.54313e-03
-3.14618e-03
-4.50417e-03
-5.14901e-03
-5.42145e-03
-5.62988e-03
-5.75080e-03
-5.58401e-03
-4.86026e-03
-3.27987e-03
-8.08225e-04
2.17926e-03
6.03808e-03
1.10949e-02
1.68568e-02
2.24575e-02
2.79878e-02
3.33821e-02
3.84519e-02
4.29788e-02
4.75629e-02
5.28067e-02
5.68802e-02
5.73851e-02
5.39632e-02
4.76734e-02
3.98424e-02
3.15603e-02
2.41441e-02
1.87255e-02
1.59961e-02
1.34158e-02
1.02688e-02
6.42266e-03
2.24455e-03
-1.38141e-03
-3.79616e-03
-4.76383e-03
-4.66932e-03
-3.75488e-03
-1.60009e-03
1.48716e-03
4.29758e-03
7.14307e-03
1.07666e-02
1.54989e-02
2.17495e-02
2.97717e-02
3.87243e-02
4.67040e-02
5.37244e-02
6.04673e-02
6.57845e-02
6.81118e-02
6.80005e-02
6.72762e-02
6.75250e-02
6.77885e-02
6.68968e-02
6.42061e-02
5.93016e-02
5.09044e-02
3.88031e-02
2.35731e-02
6.66028e-03
-8.17646e-03
-1.86973e-02
-2.34852e-02
-2.46167e-02
-2.32861e-02
-2.08481e-02
-2.16112e-02
-2.44548e-02
-2.78505e-02
-3.09416e-02
-3.32070e-02
-3.47483e-02
-3.58393e-02
-3.66363e-02
-3.72437e-02
-3.77005e-02
-3.78348e-02
-3.73722e-02
-3.61087e-02
-3.40579e-02
-3.13558e-02
-2.86140e-02
-2.60692e-02
-2.36447e-02
-2.15229e-02
-1.97886e-02
-1.83387e-02
-1.69904e-02
-1.54592e-02
-1.37393e-02
-1.20795e-02
-1.06900e-02
-9.67322e-03
-9.17443e-03
-9.17209e-03
-9.36236e-03
-9.58447e-03
-9.55289e-03
-8.83771e-03
-7.25099e-03
-4.76064e-03
-1.58847e-03
1.79136e-03
4.39302e-03
5.87857e-03
6.64593e-03
6.90085e-03
6.74232e-03
6.43130e-03
5.80087e-03
4.77340e-03
3.64234e-03
2.08331e-03
-2.66288e-04
-3.37864e-03
-7.27287e-03
-1.15482e-02
-1.50813e-02
-1.72198e-02
-1.87025e-02
-1.99236e-02
-2.02707e-02
-1.93785e-02
-1.74103e-02
-1.47068e-02
-1.23330e-02
-1.03008e-02
-8.41146e-03
-6.96802e-03
-6.35097e-03
-6.58806e-03
-7.46017e-03
-8.89205e-03
-1.05569e-02
-1.16042e-02
-1.22212e-02
-1.25289e-02
-1.22994e-02
-1.10571e-02
-8.34964e-03
-4.05434e-03
1.36462e-03
6.60849e-03
1.18471e-02
1.67586e-02
2.02859e-02
2.31912e-02
2.67073e-02
3.05663e-02
3.41598e-02
3.74471e-02
4.04752e-02
4.30392e-02
4.48683e-02
4.57883e-02
4.55932e-02
4.42404e-02
4.16023e-02
3.79726e-02
3.44200e-02
3.05888e-02
2.64628e-02
2.29009e-02
2.06473e-02
1.95196e-02
1.89913e-02
1.85794e-02
1.77207e-02
1.63255e-02
1.43337e-02
1.17942e-02
9.19210e-03
7.24946e-03
6.64016e-03
7.34895e-03
8.95365e-03
1.10996e-02
1.29962e-02
1.36824e-02
1.32877e-02
1.21048e-02
1.01445e-02
7.70827e-03
5.57235e-03
4.03096e-03
2.94504e-03
2.37636e-03
2.62471e-03
4.08296e-03
6.96960e-03
1.08342e-02
1.43808e-02
1.72499e-02
1.99856e-02
2.28604e-02
2.56958e-02
2.82552e-02
3.06134e-02
3.28683e-02
3.47225e-02
3.56018e-02
3.52088e-02
3.38140e-02
3.16158e-02
2.92754e-02
2.72792e-02
2.52414e-02
2.30411e-02
2.10477e-02
1.95607e-02
1.83095e-02
1.68939e-02
1.54095e-02
1.39829e-02
1.25802e-02
1.10534e-02
9.57922e-03
8.37269e-03
7.58265e-03
7.34340e-03
7.71862e-03
8.50594e-03
9.44510e-03
1.03441e-02
1.07058e-02
1.01125e-02
8.36750e-03
5.51009e-03
1.99174e-03
-1.94094e-03
-5.92802e-03
-8.96006e-03
-1.07135e-02
-1.17491e-02
-1.25614e-02
-1.30274e-02
-1.30322e-02
-1.21214e-02
-1.02316e-02
-8.19500e-03
-7.08069e-03
-6.51719e-03
-6.00617e-03
-5.36782e-03
-4.90650e-03
-5.13249e-03
-6.47808e-03
-8.99661e-03
-1.21178e-02
-1.54284e-02
-1.91888e-02
-2.31486e-02
-2.66174e-02
-2.93260e-02
-3.08246e-02
-3.08007e-02
-2.97794e-02
-2.89036e-02
-2.79823e-02
-2.71500e-02
-2.71402e-02
-2.76333e-02
-2.81958e-02
-2.84455e-02
-2.80866e-02
-2.70173e-02
-2.52201e-02
-2.28593e-02
-2.03859e-02
-1.81568e-02
-1.61403e-02
-1.44586e-02
-1.34234e-02
-1.30968e-02
-1.32181e-02
-1.33211e-02
-1.36910e-02
-1.45141e-02
-1.55886e-02
-1.69039e-02
-1.85149e-02
-2.00720e-02
-2.09962e-02
-2.11916e-02
-2.05948e-02
-1.87654e-02
-1.55337e-02
-1.14235e-02
-6.96965e-03
-2.39823e-03
1.41398e-03
3.79357e-03
4.23429e-03
3.46789e-03
2.08788e-03
-9.38002e-05
-2.77699e-03
-4.98683e-03
-7.08857e-03
-9.79396e-03
-1.32208e-02
-1.68486e-02
-2.03803e-02
-2.38053e-02
-2.69304e-02
-2.94067e-02
-3.10251e-02
-3.17943e-02
-3.15891e-02
-3.04253e-02
-2.86049e-02
-2.71544e-02
-2.63719e-02
-2.57674e-02
-2.49471e-02
-2.37397e-02
-2.21336e-02
-1.98825e-02
-1.67152e-02
-1.25544e-02
-7.51796e-03
-2.27287e-03
2.36930e-03
5.98509e-03
8.68629e-03
1.04485e-02
1.07916e-02
9.55358e-03
7.19960e-03
3.84463e-03
8.75767e-05
-3.78761e-03
-7.47539e-03
-9.97637e-03
-1.17932e-02
-1.36122e-02
-1.53264e-02
-1.67715e-02
-1.79963e-02
-1.90079e-02
-1.96360e-02
-2.00440e-02
-2.03997e-02
-2.05765e-02
-2.05892e-02
-2.02734e-02
-1.94881e-02
-1.82566e-02
-1.63326e-02
-1.33043e-02
-9.16742e-03
-4.45080e-03
6.93727e-04
5.57297e-03
9.48305e-03
1.23968e-02
1.42930e-02
1.53130e-02
1.59331e-02
1.63171e-02
1.68520e-02
1.77767e-02
1.86665e-02
1.92755e-02
1.96641e-02
1.97467e-02
1.94704e-02
1.89764e-02
1.84949e-02
1.80780e-02
1.78204e-02
1.78476e-02
1.78833e-02
1.74114e-02
1.61978e-02
1.41608e-02
1.15125e-02
8.81444e-03
6.32023e-03
4.50941e-03
3.67133e-03
3.36147e-03
2.98161e-03
2.24231e-03
7.29689e-04
-1.80776e-03
-5.43159e-03
-1.00037e-02
-1.55341e-02
-2.13791e-02
-2.61953e-02
-2.98883e-02
-3.24685e-02
-3.45654e-02
-3.71384e-02
-4.03127e-02
-4.34233e-02
-4.56779e-02
-4.64936e-02
-4.60375e-02
-4.50970e-02
-4.34177e-02
-4.06475e-02
-3.71569e-02
-3.32109e-02
-2.84565e-02
-2.31192e-02
-1.77670e-02
-1.29381e-02
-9.70900e-03
-8.26832e-03
-6.97537e-03
-5.12025e-03
-2.37112e-03
1.14934e-03
4.80320e-03
7.82896e-03
9.44594e-03
9.23911e-03
7.36573e-03
4.40393e-03
9.50705e-04
-1.63728e-03
-2.92614e-03
-2.73034e-03
-7.17877e-04
3.04829e-03
7.42758e-03
1.03520e-02
1.18956e-02
1.21687e-02
1.10135e-02
9.17580e-03
7.26447e-03
5.10747e-03
2.94518e-03
1.30155e-03
-9.58932e-05
-1.34289e-03
-2.18991e-03
-2.40176e-03
-1.92635e-03
-1.07535e-03
-5.95846e-04
-6.54110e-04
-8.17048e-04
-6.82282e-04
1.06971e-05
1.37123e-03
3.26749e-03
5.14501e-03
6.05295e-03
5.60306e-03
4.12706e-03
1.72839e-03
-1.43253e-03
-4.74613e-03
-8.64467e-03
-1.31712e-02
-1.75495e-02
-2.13962e-02
-2.47141e-02
-2.72883e-02
-2.89562e-02
-2.96935e-02
-2.93921e-02
-2.83451e-02
-2.61957e-02
-2.28753e-02
-1.93896e-02
-1.65271e-02
-1.38706e-02
-1.12195e-02
-8.85727e-03
-7.04586e-03
-5.61365e-03
-4.11085e-03
-2.31136e-03
-5.02635e-04
1.06132e-03
2.37495e-03
3.63704e-03
4.73696e-03
5.46054e-03
5.73846e-03
5.67850e-03
5.43842e-03
5.32028e-03
5.39078e-03
5.46623e-03
5.40533e-03
5.16399e-03
4.80009e-03
4.42017e-03
4.26167e-03
4.66703e-03
6.02597e-03
8.70461e-03
1.29053e-02
1.80484e-02
2.27764e-02
2.70509e-02
3.06347e-02
3.32389e-02
3.51538e-02
3.66853e-02
3.80021e-02
3.94617e-02
4.07161e-02
4.12753e-02
4.10420e-02
4.00306e-02
3.86597e-02
3.79140e-02
3.78410e-02
3.80214e-02
3.81662e-02
3.84142e-02
3.89614e-02
3.98302e-02
4.07380e-02
4.11965e-02
4.08964e-02
3.95177e-02
3.71658e-02
3.44567e-02
3.21516e-02
3.02137e-02
2.85937e-02
2.71742e-02
2.59418e-02
2.50040e-02
2.44798e-02
2.44261e-02
2.45808e-02
2.43050e-02
2.33376e-02
2.18734e-02
2.02202e-02
1.88374e-02
1.81672e-02
1.81455e-02
1.84954e-02
1.87498e-02
1.83686e-02
1.72953e-02
1.56146e-02
1.36109e-02
1.17610e-02
9.94977e-03
8.08664e-03
6.28807e-03
4.57947e-03
2.90949e-03
1.29743e-03
-1.74653e-04
-1.43549e-03
-2.47526e-03
-3.40242e-03
-4.26480e-03
-4.93261e-03
-5.38089e-03
-5.68128e-03
-5.81606e-03
-5.91674e-03
-6.11428e-03
-6.37956e-03
-6.73360e-03
-7.28089e-03
-8.19997e-03
-9.64558e-03
-1.16036e-02
-1.37733e-02
-1.59378e-02
-1.82206e-02
-2.05414e-02
-2.26057e-02
-2.42246e-02
-2.51293e-02
-2.50713e-02
-2.40236e-02
-2.25511e-02
-2.18340e-02
-2.21180e-02
-2.32661e-02
-2.51784e-02
-2.75707e-02
-2.98805e-02
-3.20139e-02
-3.42432e-02
-3.65450e-02
-3.86180e-02
-4.02463e-02
-4.10482e-02
-4.05506e-02
-3.84145e-02
-3.48232e-02
-3.09070e-02
-2.74672e-02
-2.40115e-02
-2.04254e-02
-1.73023e-02
-1.51162e-02
-1.40434e-02
-1.40791e-02
-1.46683e-02
-1.45420e-02
-1.31369e-02
-1.06770e-02
-7.44178e-03
-3.89703e-03
-7.51868e-04
1.89630e-03
3.84833e-03
4.79693e-03
4.84980e-03
4.37887e-03
3.76400e-03
3.53679e-03
4.01154e-03
4.82946e-03
5.56153e-03
5.83066e-03
5.42397e-03
4.30182e-03
2.62167e-03
5.56310e-04
-1.74163e-03
-3.89452e-03
-6.05166e-03
-8.50868e-03
-1.13300e-02
-1.44317e-02
-1.78849e-02
-2.14884e-02
-2.46660e-02
-2.69003e-02
-2.78874e-02
-2.74806e-02
-2.54200e-02
-2.12913e-02
-1.58252e-02
-1.09392e-02
-6.24068e-03
-1.64390e-03
1.91179e-03
3.78173e-03
4.65871e-03
5.42631e-03
6.20093e-03
7.34558e-03
8.58881e-03
9.60977e-03
1.04190e-02
1.06895e-02
1.02985e-02
9.44929e-03
8.11283e-03
6.11128e-03
3.60507e-03
9.29471e-04
-2.04314e-03
-5.13075e-03
-7.67036e-03
-9.29834e-03
-9.73524e-03
-9.08915e-03
-8.15961e-03
-6.31603e-03
-3.03817e-03
1.26389e-03
5.80315e-03
1.08798e-02
1.61636e-02
2.03347e-02
2.30587e-02
2.51615e-02
2.70462e-02
2.81069e-02
2.79780e-02
2.72210e-02
2.59067e-02
2.37951e-02
2.14992e-02
1.99727e-02
1.88713e-02
1.77965e-02
1.65643e-02
1.50908e-02
1.33599e-02
1.13570e-02
9.09988e-03
6.69071e-03
4.34507e-03
2.32070e-03
8.64580e-04
2.36275e-04
6.74977e-04
2.18637e-03
4.66983e-03
7.78100e-03
1.05275e-02
1.28873e-02
1.50629e-02
1.68672e-02
1.80374e-02
1.82333e-02
1.74535e-02
1.64756e-02
1.57414e-02
1.56717e-02
1.59604e-02
1.62631e-02
1.63616e-02
1.58886e-02
1.43641e-02
1.13748e-02
6.77045e-03
1.07989e-03
-4.29235e-03
-8.59972e-03
-1.17877e-02
-1.42188e-02
-1.65325e-02
-1.85295e-02
-1.96389e-02
-1.93188e-02
-1.69544e-02
-1.29088e-02
-8.69569e-03
-4.28950e-03
4.90131e-04
4.72642e-03
7.20194e-03
8.45795e-03
9.52200e-03
1.06221e-02
1.14398e-02
1.16608e-02
1.10981e-02
9.81221e-03
8.36088e-03
7.20916e-03
6.14092e-03
5.12755e-03
4.44228e-03
4.15485e-03
3.99579e-03
3.60703e-03
2.87701e-03
1.60977e-03
-3.80872e-04
-2.83761e-03
-5.23898e-03
-7.52834e-03
-9.73879e-03
-1.17994e-02
-1.35792e-02
-1.48017e-02
-1.51259e-02
-1.43975e-02
-1.29166e-02
-1.13376e-02
-1.00135e-02
-8.92608e-03
-7.87886e-03
-6.92340e-03
-6.15188e-03
-5.44488e-03
-4.64409e-03
-3.69261e-03
-2.88813e-03
-2.59974e-03
-3.08671e-03
-4.36965e-03
-6.16432e-03
-7.97004e-03
-9.76350e-03
-1.15302e-02
-1.28858e-02
-1.34124e-02
-1.35033e-02
-1.38520e-02
-1.45611e-02
-1.55224e-02
-1.66771e-02
-1.79509e-02
-1.92874e-02
-2.06165e-02
-2.18351e-02
-2.29895e-02
-2.41691e-02
-2.54175e-02
-2.67020e-02
-2.79053e-02
-2.88203e-02
-2.91961e-02
-2.88181e-02
-2.77106e-02
-2.62157e-02
-2.45742e-02
-2.29148e-02
-2.08189e-02
-1.80299e-02
-1.48123e-02
-1.19337e-02
-9.63637e-03
-7.51565e-03
-5.09473e-03
-2.27390e-03
6.33905e-04
3.14035e-03
4.92977e-03
5.97859e-03
6.63424e-03
7.59046e-03
8.88004e-03
1.02755e-02
1.16381e-02
1.28879e-02
1.39180e-02
1.46908e-02
1.52667e-02
1.56862e-02
1.61087e-02
1.68563e-02
1.82768e-02
2.05761e-02
2.37196e-02
2.73037e-02
3.10318e-02
3.45492e-02
3.72037e-02
3.83994e-02
3.76492e-02
3.59728e-02
3.43882e-02
3.28045e-02
3.14584e-02
3.04170e-02
2.95784e-02
2.91636e-02
2.94076e-02
2.97469e-02
2.92495e-02
2.75804e-02
2.45283e-02
2.01889e-02
1.52425e-02
1.07710e-02
7.22180e-03
4.71715e-03
3.52924e-03
3.61091e-03
4.80512e-03
6.90563e-03
9.29763e-03
1.10589e-02
1.19202e-02
1.22004e-02
1.20433e-02
1.14250e-02
1.02951e-02
8.65713e-03
6.99139e-03
5.92218e-03
5.13044e-03
4.28726e-03
3.29353e-03
2.19968e-03
1.02256e-03
-2.47284e-04
-1.61160e-03
-3.09111e-03
-4.78019e-03
-6.81653e-03
-9.26587e-03
-1.20049e-02
-1.46266e-02
-1.67127e-02
-1.80764e-02
-1.85536e-02
-1.80572e-02
-1.68373e-02
-1.53202e-02
-1.35166e-02
-1.17904e-02
-1.00862e-02
-7.94966e-03
-5.19559e-03
-2.15322e-03
4.53767e-04
2.74996e-03
5.00847e-03
7.49480e-03
1.03990e-02
1.35509e-02
1.65698e-02
1.89389e-02
2.03578e-02
2.09440e-02
2.11346e-02
2.08762e-02
2.02059e-02
1.95502e-02
1.87587e-02
1.78854e-02
1.69886e-02
1.58113e-02
1.42431e-02
1.24728e-02
1.09491e-02
9.88871e-03
9.37089e-03
9.37599e-03
9.63441e-03
9.80668e-03
1.00175e-02
1.02800e-02
1.03254e-02
9.92121e-03
9.12275e-03
8.13032e-03
7.28192e-03
6.75127e-03
6.53474e-03
6.65683e-03
7.11082e-03
7.66758e-03
7.81826e-03
6.91551e-03
5.00253e-03
2.60036e-03
5.14030e-04
-1.44929e-03
-3.54164e-03
-5.70877e-03
-7.62587e-03
-9.12345e-03
-1.02795e-02
-1.12916e-02
-1.24576e-02
-1.36658e-02
-1.48122e-02
-1.59201e-02
-1.69134e-02
-1.76475e-02
-1.80630e-02
-1.82889e-02
-1.86019e-02
-1.89195e-02
-1.91373e-02
-1.92546e-02
-1.93382e-02
-1.92971e-02
-1.90424e-02
-1.85571e-02
-1.79306e-02
-1.72244e-02
-1.61475e-02
-1.44069e-02
-1.19334e-02
-8.97134e-03
-5.59952e-03
-1.89811e-03
1.61425e-03
4.53666e-03
6.60378e-03
7.49944e-03
7.50070e-03
7.36732e-03
7.25103e-03
6.88232e-03
6.28382e-03
5.52799e-03
5.01935e-03
4.65310e-03
4.10636e-03
3.14670e-03
1.60309e-03
-5.68452e-04
-3.16492e-03
-5.53499e-03
-6.69470e-03
-6.41536e-03
-4.81228e-03
-1.97227e-03
1.86543e-03
5.79299e-03
9.78746e-03
1.37566e-02
1.67816e-02
1.81233e-02
1.80386e-02
1.66202e-02
1.43381e-02
1.20296e-02
9.56426e-03
7.28069e-03
5.12197e-03
2.61004e-03
-2.83612e-04
-3.13418e-03
-5.86371e-03
-8.33258e-03
-1.03097e-02
-1.16423e-02
-1.24601e-02
-1.32337e-02
-1.40254e-02
-1.48811e-02
-1.58241e-02
-1.66518e-02
-1.72601e-02
-1.77269e-02
-1.81871e-02
-1.85763e-02
-1.88220e-02
-1.89181e-02
-1.89104e-02
-1.87664e-02
-1.85073e-02
-1.82944e-02
-1.83972e-02
-1.88910e-02
-1.96706e-02
-2.05175e-02
-2.14070e-02
-2.23133e-02
-2.30536e-02
-2.34269e-02
-2.32400e-02
-2.23524e-02
-2.10230e-02
-1.99674e-02
-1.97151e-02
-2.01224e-02
-2.08675e-02
-2.15244e-02
-2.18756e-02
-2.18958e-02
-2.15745e-02
-2.10078e-02
-2.03725e-02
-1.99036e-02
-1.95985e-02
-1.93381e-02
-1.90054e-02
-1.84771e-02
-1.75250e-02
-1.59488e-02
-1.37306e-02
-1.11145e-02
-8.15500e-03
-4.87770e-03
-1.65505e-03
1.29909e-03
3.65016e-03
4.83758e-03
4.84784e-03
4.34674e-03
3.49532e-03
2.50979e-03
1.91569e-03
1.85558e-03
2.11985e-03
2.61306e-03
3.36044e-03
4.36217e-03
5.49576e-03
6.77075e-03
8.21955e-03
9.78997e-03
1.16883e-02
1.39006e-02
1.61288e-02
1.84476e-02
2.08261e-02
2.30260e-02
2.47127e-02
2.54612e-02
2.51140e-02
2.40720e-02
2.25410e-02
2.08000e-02
1.95905e-02
1.86350e-02
1.76861e-02
1.67661e-02
1.59602e-02
1.54893e-02
1.56167e-02
1.64360e-02
1.76774e-02
1.92366e-02
2.10544e-02
2.30525e-02
2.52252e-02
2.72524e-02
2.89952e-02
3.01362e-02
3.01979e-02
2.91970e-02
2.76128e-02
2.55409e-02
2.35350e-02
2.20270e-02
2.06956e-02
1.93715e-02
1.81005e-02
1.68798e-02
1.57697e-02
1.48419e-02
1.41435e-02
1.37067e-02
1.33961e-02
1.32828e-02
1.35895e-02
1.43086e-02
1.51027e-02
1.56269e-02
1.55497e-02
1.47551e-02
1.32230e-02
1.11786e-02
8.87385e-03
5.93663e-03
2.22894e-03
-1.62165e-03
-4.40711e-03
-6.38687e-03
-8.10790e-03
-9.80515e-03
-1.13415e-02
-1.26070e-02
-1.37259e-02
-1.47175e-02
-1.53105e-02
-1.54426e-02
-1.52424e-02
-1.46167e-02
-1.38077e-02
-1.34053e-02
-1.33443e-02
-1.34869e-02
-1.37162e-02
-1.38842e-02
-1.40698e-02
-1.43201e-02
-1.45402e-02
-1.45069e-02
-1.39658e-02
-1.26363e-02
-1.03579e-02
-7.41468e-03
-4.61204e-03
-2.30872e-03
-4.36313e-04
8.88549e-04
1.35778e-03
6.25520e-04
-1.35253e-03
-4.07544e-03
-6.86549e-03
-8.88014e-03
-1.04024e-02
-1.16302e-02
-1.24072e-02
-1.25794e-02
-1.23265e-02
-1.21228e-02
-1.19657e-02
-1.18871e-02
-1.22066e-02
-1.28645e-02
-1.38077e-02
-1.50069e-02
-1.63650e-02
-1.79737e-02
-1.97101e-02
-2.11888e-02
-2.24650e-02
-2.35602e-02
-2.43599e-02
-2.47125e-02
-2.44959e-02
-2.35865e-02
-2.20612e-02
-2.04680e-02
-1.91807e-02
-1.79133e-02
-1.64849e-02
-1.50335e-02
-1.38176e-02
-1.28137e-02
-1.19287e-02
-1.10855e-02
-1.05623e-02
-1.06594e-02
-1.16138e-02
-1.35220e-02
-1.59405e-02
-1.81848e-02
-2.03218e-02
-2.21578e-02
-2.31377e-02
-2.34226e-02
-2.34030e-02
-2.31887e-02
-2.27879e-02
-2.23044e-02
-2.16116e-02
-2.08786e-02
-2.04506e-02
-2.02225e-02
-2.00810e-02
-1.99662e-02
-1.97824e-02
-1.93939e-02
-1.87992e-02
-1.80224e-02
-1.71062e-02
-1.61634e-02
-1.54063e-02
-1.50745e-02
-1.53393e-02
-1.62767e-02
-1.77345e-02
-1.91492e-02
-1.98261e-02
-1.97481e-02
-1.90121e-02
-1.77817e-02
-1.62133e-02
-1.44676e-02
-1.30136e-02
-1.19742e-02
-1.11127e-02
-1.02455e-02
-9.27933e-03
-8.17844e-03
-6.93427e-03
-5.51919e-03
-3.87837e-03
-1.97066e-03
1.90289e-04
2.43823e-03
4.48475e-03
6.43547e-03
8.45066e-03
1.06326e-02
1.30871e-02
1.59930e-02
1.94479e-02
2.32883e-02
2.70975e-02
3.08755e-02
3.45048e-02
3.77290e-02
4.05081e-02
4.28364e-02
4.46463e-02
4.58888e-02
4.67596e-02
4.71603e-02
4.72065e-02
4.74352e-02
4.76553e-02
4.78005e-02
4.80851e-02
4.84115e-02
4.86775e-02
4.88151e-02
4.87336e-02
4.82888e-02
4.73446e-02
4.58653e-02
4.38920e-02
4.13647e-02
3.85969e-02
3.63553e-02
3.49003e-02
3.42863e-02
3.45286e-02
3.55352e-02
3.67147e-02
3.69994e-02
3.65077e-02
3.54872e-02
3.40613e-02
3.22837e-02
3.02820e-02
2.80830e-02
2.54694e-02
2.25870e-02
2.00249e-02
1.78571e-02
1.59888e-02
1.43947e-02
1.30755e-02
1.21742e-02
1.16763e-02
1.11948e-02
1.02260e-02
8.87525e-03
7.28883e-03
5.56776e-03
3.84078e-03
2.08716e-03
2.10359e-04
-1.76504e-03
-3.59864e-03
-4.96184e-03
-5.78940e-03
-6.13659e-03
-6.25666e-03
-6.45583e-03
-6.59046e-03
-6.62644e-03
-6.77871e-03
-7.14517e-03
-7.68502e-03
-8.37329e-03
-9.16770e-03
-9.95230e-03
-1.06710e-02
-1.14218e-02
-1.22565e-02
-1.31253e-02
-1.39846e-02
-1.48757e-02
-1.58123e-02
-1.67614e-02
-1.77069e-02
-1.86243e-02
-1.94664e-02
-2.01713e-02
-2.06991e-02
-2.10352e-02
-2.10164e-02
-2.05465e-02
-1.97543e-02
-1.90681e-02
-1.88082e-02
-1.88531e-02
-1.90131e-02
-1.91191e-02
-1.92382e-02
-1.94753e-02
-1.98613e-02
-2.03099e-02
-2.07455e-02
-2.12041e-02
-2.16460e-02
-2.19051e-02
-2.17348e-02
-2.10336e-02
-1.99928e-02
-1.90508e-02
-1.82995e-02
-1.74970e-02
-1.64619e-02
-1.51782e-02
-1.38550e-02
-1.28020e-02
-1.20877e-02
-1.17367e-02
-1.16897e-02
-1.17418e-02
-1.18895e-02
-1.22675e-02
-1.28183e-02
-1.32282e-02
-1.33619e-02
-1.32893e-02
-1.30942e-02
-1.28498e-02
-1.24592e-02
-1.18437e-02
-1.10862e-02
-1.04230e-02
-9.77421e-03
-8.95453e-03
-7.87700e-03
-6.61857e-03
-5.43875e-03
-4.53384e-03
-4.10242e-03
-4.33720e-03
-5.30031e-03
-6.70149e-03
-7.81264e-03
-8.22054e-03
-7.86714e-03
-6.68291e-03
-4.66460e-03
-1.92823e-03
8.91676e-04
3.00301e-03
4.61327e-03
5.92918e-03
6.95342e-03
7.64527e-03
7.99143e-03
7.98941e-03
7.42410e-03
6.41172e-03
5.54298e-03
4.95976e-03
4.35704e-03
3.55131e-03
2.59200e-03
1.74348e-03
1.23473e-03
1.26951e-03
1.96602e-03
3.31039e-03
4.95665e-03
6.18242e-03
7.07341e-03
7.71469e-03
8.01391e-03
7.89269e-03
7.30908e-03
6.44396e-03
5.77021e-03
5.45606e-03
5.36472e-03
5.43502e-03
5.69851e-03
6.19283e-03
6.83391e-03
7.39411e-03
7.80945e-03
8.15960e-03
8.44002e-03
8.54950e-03
8.44342e-03
8.10508e-03
7.60234e-03
6.97643e-03
5.93187e-03
4.23803e-03
1.99487e-03
-3.35133e-04
-2.63266e-03
-4.74000e-03
-6.19896e-03
-6.74667e-03
-6.78902e-03
-6.83027e-03
-6.81206e-03
-6.79863e-03
-6.83815e-03
-6.73456e-03
-6.47356e-03
-6.25908e-03
-6.05180e-03
-5.71781e-03
-5.16421e-03
-4.35368e-03
-3.34464e-03
-2.31666e-03
-1.40891e-03
-5.91463e-04
1.62374e-04
8.47772e-04
1.45011e-03
1.96677e-03
2.45282e-03
3.01945e-03
3.64894e-03
4.32145e-03
5.04457e-03
5.83391e-03
6.69492e-03
7.59529e-03
8.43921e-03
9.06175e-03
9.33045e-03
9.25780e-03
9.00922e-03
8.94253e-03
9.31235e-03
1.00198e-02
1.08396e-02
1.14783e-02
1.18684e-02
1.20562e-02
1.21077e-02
1.20575e-02
1.17838e-02
1.11827e-02
1.02734e-02
9.30099e-03
8.55683e-03
7.88842e-03
7.11343e-03
6.13919e-03
4.96726e-03
3.73637e-03
2.61164e-03
1.53846e-03
4.30428e-04
-7.73073e-04
-2.09795e-03
-3.46463e-03
-4.64813e-03
-5.31043e-03
-5.09022e-03
-3.79172e-03
-1.63698e-03
6.20686e-04
2.73014e-03
4.84941e-03
6.77102e-03
7.99977e-03
8.31055e-03
7.51275e-03
5.51339e-03
2.56280e-03
-7.20402e-04
-3.19349e-03
-5.21255e-03
-7.11046e-03
-8.78856e-03
-1.00618e-02
-1.07500e-02
-1.07961e-02
-1.03608e-02
-9.70591e-03
-8.84906e-03
-7.79359e-03
-6.94946e-03
-6.46768e-03
-6.16893e-03
-5.91278e-03
-5.57111e-03
-5.00913e-03
-4.28091e-03
-3.47356e-03
-2.65816e-03
-1.90308e-03
-1.26943e-03
-8.21617e-04
-6.07748e-04
-6.25906e-04
-7.42808e-04
-7.15453e-04
-6.03454e-04
-4.86851e-04
-3.83017e-04
-2.56369e-04
-7.44770e-06
4.96025e-04
1.34432e-03
2.37789e-03
2.98929e-03
2.72108e-03
2.14639e-03
1.35742e-03
4.69500e-04
-2.13586e-04
-8.89288e-04
-1.74473e-03
-2.79273e-03
-3.82700e-03
-4.52923e-03
-4.77739e-03
-4.51282e-03
-3.71427e-03
-2.66135e-03
-1.95061e-03
-1.61982e-03
-1.49170e-03
-1.46016e-03
-1.51495e-03
-1.72938e-03
-2.14433e-03
-2.64561e-03
-2.95721e-03
-3.07146e-03
-2.95387e-03
-2.49317e-03
-1.67671e-03
-6.89171e-04
4.66138e-04
1.89967e-03
3.49171e-03
4.79290e-03
5.41207e-03
5.36911e-03
4.87182e-03
4.18297e-03
3.38256e-03
2.75181e-03
2.37487e-03
2.12622e-03
1.98805e-03
2.04199e-03
2.28506e-03
2.52123e-03
2.42356e-03
1.94768e-03
1.21079e-03
4.14506e-04
-2.26858e-04
-6.97490e-04
-9.79821e-04
-1.00288e-03
-6.78620e-04
3.60418e-05
9.87999e-04
1.84438e-03
2.75086e-03
3.81646e-03
4.90144e-03
5.64317e-03
5.77909e-03
5.26516e-03
4.12934e-03
2.62022e-03
1.31145e-03
1.42070e-04
-1.13146e-03
-2.51125e-03
-3.86283e-03
-5.19690e-03
-6.46556e-03
-7.65998e-03
-8.82688e-03
-1.00316e-02
-1.12186e-02
-1.22211e-02
-1.28898e-02
-1.31009e-02
-1.28914e-02
-1.25036e-02
-1.19295e-02
-1.12157e-02
-1.06165e-02
-9.96465e-03
-8.95059e-03
-7.38187e-03
-5.31216e-03
-3.08980e-03
-9.05117e-04
1.19023e-03
2.93736e-03
3.93863e-03
4.26751e-03
4.32570e-03
4.55319e-03
4.82924e-03
5.11297e-03
5.48572e-03
5.80108e-03
5.99916e-03
6.16027e-03
6.38677e-03
6.77000e-03
7.39804e-03
8.30131e-03
9.44789e-03
1.06394e-02
1.14833e-02
1.18807e-02
1.18942e-02
1.16726e-02
1.13982e-02
1.11210e-02
1.09553e-02
1.07262e-02
1.02692e-02
9.57070e-03
8.76469e-03
7.82157e-03
6.57319e-03
4.95701e-03
3.15914e-03
1.59696e-03
3.87452e-04
-3.36955e-04
-3.63628e-04
5.00059e-04
2.21530e-03
4.37752e-03
6.07006e-03
7.00006e-03
7.54322e-03
8.09347e-03
8.95419e-03
1.00672e-02
1.12096e-02
1.20825e-02
1.23608e-02
1.18147e-02
1.04673e-02
8.81509e-03
7.44766e-03
6.02406e-03
4.22686e-03
2.10211e-03
8.24574e-05
-1.37775e-03
-2.18797e-03
-2.33504e-03
-2.06504e-03
-1.87115e-03
-1.46009e-03
-5.87879e-04
5.16325e-04
1.25547e-03
1.75538e-03
2.18548e-03
2.58403e-03
2.93430e-03
3.11733e-03
3.03939e-03
2.74100e-03
2.42173e-03
2.00060e-03
1.36686e-03
5.41964e-04
-5.76039e-04
-2.02635e-03
-3.59120e-03
-4.94588e-03
-6.07628e-03
-6.95429e-03
-7.49255e-03
-7.64749e-03
-7.46845e-03
-6.89480e-03
-6.03024e-03
-5.29508e-03
-4.77061e-03
-4.20464e-03
-3.43098e-03
-2.44304e-03
-1.23705e-03
1.54416e-04
1.53115e-03
2.49133e-03
2.56932e-03
1.56337e-03
-4.19644e-04
-2.95580e-03
-5.27401e-03
-6.85334e-03
-8.01396e-03
-9.07860e-03
-1.02114e-02
-1.14174e-02
-1.25316e-02
-1.33732e-02
-1.38362e-02
-1.38569e-02
-1.36069e-02
-1.33798e-02
-1.30709e-02
-1.27238e-02
-1.26042e-02
-1.27074e-02
-1.30111e-02
-1.34963e-02
-1.40318e-02
-1.43796e-02
-1.45676e-02
-1.46228e-02
-1.44991e-02
-1.41231e-02
-1.34356e-02
-1.25007e-02
-1.15442e-02
-1.05708e-02
-9.40054e-03
-7.97572e-03
-6.47042e-03
-5.13915e-03
-3.91473e-03
-2.72184e-03
-1.54493e-03
-3.95179e-04
6.48971e-04
1.37181e-03
1.56424e-03
1.17902e-03
3.82985e-04
-8.25891e-04
-2.13140e-03
-3.08597e-03
-3.88878e-03
-4.73141e-03
-5.63040e-03
-6.50185e-03
-7.25537e-03
-7.79622e-03
-8.02698e-03
-7.70090e-03
-6.69320e-03
-5.27358e-03
-4.11180e-03
-3.32140e-03
-2.85192e-03
-2.80063e-03
-3.35752e-03
-4.71388e-03
-6.84991e-03
-9.24472e-03
-1.12369e-02
-1.31090e-02
-1.50534e-02
-1.68907e-02
-1.83444e-02
-1.92688e-02
-1.95467e-02
-1.89796e-02
-1.73438e-02
-1.49710e-02
-1.29002e-02
-1.13911e-02
-9.91330e-03
-8.06018e-03
-5.72318e-03
-3.15532e-03
-7.51543e-04
1.48886e-03
3.60344e-03
5.59848e-03
7.40571e-03
8.84092e-03
9.82211e-03
1.04384e-02
1.06778e-02
1.06700e-02
1.05273e-02
1.01490e-02
9.69602e-03
9.46297e-03
9.34876e-03
9.25931e-03
9.18932e-03
9.16112e-03
9.21010e-03
9.41495e-03
9.82148e-03
1.03194e-02
1.06671e-02
1.09135e-02
1.11300e-02
1.13389e-02
1.15484e-02
1.17596e-02
1.19949e-02
1.23131e-02
1.28241e-02
1.36548e-02
1.49239e-02
1.68107e-02
1.94400e-02
2.25479e-02
2.54351e-02
2.78945e-02
2.98115e-02
3.10121e-02
3.17461e-02
3.24286e-02
3.28792e-02
3.29730e-02
3.26319e-02
3.19976e-02
3.15998e-02
3.14049e-02
3.11857e-02
3.08355e-02
3.03644e-02
2.97851e-02
2.90134e-02
2.79735e-02
2.66413e-02
2.51184e-02
2.36297e-02
2.21198e-02
2.04551e-02
1.86206e-02
1.67712e-02
1.51157e-02
1.38029e-02
1.30071e-02
1.28649e-02
1.33244e-02
1.40206e-02
1.47498e-02
1.53647e-02
1.56129e-02
1.55905e-02
1.53821e-02
1.50064e-02
1.44334e-02
1.36695e-02
1.29245e-02
1.24696e-02
1.22101e-02
1.20269e-02
1.18461e-02
1.15897e-02
1.11690e-02
1.05254e-02
9.65051e-03
8.58279e-03
7.45796e-03
6.41439e-03
5.35282e-03
4.17026e-03
2.86118e-03
1.50566e-03
4.18482e-05
-1.62045e-03
-3.48722e-03
-5.41578e-03
-7.14513e-03
-8.71270e-03
-1.02175e-02
-1.17714e-02
-1.34901e-02
-1.54152e-02
-1.75345e-02
-1.97590e-02
-2.19620e-02
-2.40101e-02
-2.56724e-02
-2.66517e-02
-2.67391e-02
-2.60086e-02
-2.48956e-02
-2.34222e-02
-2.18098e-02
-2.07124e-02
-1.98830e-02
-1.90470e-02
-1.81284e-02
-1.71756e-02
-1.63258e-02
-1.56833e-02
-1.52775e-02
-1.49667e-02
-1.45664e-02
-1.42070e-02
-1.39927e-02
-1.38772e-02
-1.36732e-02
-1.32439e-02
-1.25486e-02
-1.15800e-02
-1.03287e-02
-8.89347e-03
-7.54215e-03
-6.25119e-03
-4.93138e-03
-3.62895e-03
-2.47438e-03
-1.52649e-03
-8.34889e-04
-4.39658e-04
-4.97776e-04
-1.04175e-03
-2.00032e-03
-3.19088e-03
-4.34059e-03
-5.64247e-03
-7.15070e-03
-8.60588e-03
-9.83501e-03
-1.10462e-02
-1.24866e-02
-1.42484e-02
-1.62507e-02
-1.82593e-02
-1.98542e-02
-2.05435e-02
-2.05537e-02
-2.04569e-02
-2.02266e-02
-1.96930e-02
-1.90181e-02
-1.86585e-02
-1.84517e-02
-1.82049e-02
-1.78626e-02
-1.74553e-02
-1.70641e-02
-1.68063e-02
-1.68081e-02
-1.71469e-02
-1.77636e-02
-1.84158e-02
-1.90506e-02
-1.97756e-02
-2.05669e-02
-2.12312e-02
-2.16870e-02
-2.18842e-02
-2.17593e-02
-2.11210e-02
-1.96480e-02
-1.72367e-02
-1.42955e-02
-1.14395e-02
-8.59021e-03
-5.88192e-03
-3.44709e-03
-1.03104e-03
1.57823e-03
4.49048e-03
7.71738e-03
1.11388e-02
1.44911e-02
1.74867e-02
1.98004e-02
2.11145e-02
2.12433e-02
2.04349e-02
1.94889e-02
1.89817e-02
1.86981e-02
1.86096e-02
1.87843e-02
1.91050e-02
1.94825e-02
1.99038e-02
2.05277e-02
2.13955e-02
2.23429e-02
2.34104e-02
2.45837e-02
2.55693e-02
2.57916e-02
2.48660e-02
2.29888e-02
2.03215e-02
1.71243e-02
1.34904e-02
9.02604e-03
3.95450e-03
-6.43851e-04
-4.29155e-03
-7.23646e-03
-9.72771e-03
-1.17299e-02
-1.32510e-02
-1.43316e-02
-1.51250e-02
-1.61981e-02
-1.73146e-02
-1.79846e-02
-1.79925e-02
-1.73475e-02
-1.60702e-02
-1.46007e-02
-1.35338e-02
-1.27278e-02
-1.19981e-02
-1.12653e-02
-1.05003e-02
-9.70860e-03
-8.90347e-03
-8.06498e-03
-7.11793e-03
-6.00271e-03
-4.74959e-03
-3.44910e-03
-2.28739e-03
-1.53011e-03
-1.28838e-03
-1.49297e-03
-1.92094e-03
-2.48827e-03
-3.07122e-03
-3.76968e-03
-4.63890e-03
-5.52676e-03
-6.43482e-03
-7.22206e-03
-7.59417e-03
-7.47155e-03
-6.91598e-03
-6.02057e-03
-4.62891e-03
-2.86932e-03
-1.25013e-03
2.43049e-04
1.75300e-03
3.18489e-03
4.28395e-03
5.17294e-03
6.15683e-03
7.60884e-03
9.48911e-03
1.15997e-02
1.36170e-02
1.52097e-02
1.64039e-02
1.73663e-02
1.83114e-02
1.90839e-02
1.94970e-02
1.94883e-02
1.90111e-02
1.80559e-02
1.68919e-02
1.55454e-02
1.39022e-02
1.20812e-02
9.95329e-03
7.45136e-03
4.87641e-03
2.70819e-03
1.07489e-03
8.34772e-05
-1.10370e-04
4.29161e-04
1.30967e-03
2.64693e-03
4.13456e-03
4.89136e-03
4.88903e-03
4.51533e-03
4.19315e-03
4.00316e-03
3.74464e-03
3.26849e-03
2.62520e-03
1.92616e-03
9.48183e-04
-4.51871e-04
-2.13185e-03
-3.70317e-03
-5.16738e-03
-6.66928e-03
-8.27179e-03
-9.99299e-03
-1.17487e-02
-1.33360e-02
-1.45391e-02
-1.52807e-02
-1.55715e-02
-1.52123e-02
-1.39284e-02
-1.18642e-02
-9.72346e-03
-7.73802e-03
-5.73532e-03
-3.85358e-03
-2.36750e-03
-1.44435e-03
-1.26546e-03
-1.81518e-03
-2.61065e-03
-3.03767e-03
-3.22907e-03
-3.25198e-03
-3.18884e-03
-3.19918e-03
-3.35855e-03
-3.67552e-03
-4.10454e-03
-4.57116e-03
-5.02521e-03
-5.48400e-03
-5.98077e-03
-6.54357e-03
-7.17498e-03
-7.83020e-03
-8.39317e-03
-8.67162e-03
-8.44153e-03
-7.61054e-03
-6.30971e-03
-4.99097e-03
-3.98133e-03
-3.13751e-03
-2.35753e-03
-1.68702e-03
-1.24162e-03
-1.07035e-03
-1.12730e-03
-1.18305e-03
-9.41467e-04
-4.19241e-04
3.47589e-04
1.33926e-03
2.44830e-03
3.46453e-03
4.34846e-03
4.99398e-03
5.16672e-03
4.60695e-03
3.16158e-03
1.02515e-03
-1.19331e-03
-3.42451e-03
-5.55899e-03
-7.11785e-03
-8.07763e-03
-8.67387e-03
-9.18549e-03
-9.49936e-03
-9.61170e-03
-9.72760e-03
-9.57443e-03
-8.98700e-03
-8.15468e-03
-7.38483e-03
-6.53709e-03
-5.53318e-03
-4.47583e-03
-3.34568e-03
-2.01584e-03
-4.21379e-04
1.35872e-03
3.09208e-03
4.64227e-03
5.98516e-03
7.08154e-03
7.89641e-03
8.35772e-03
8.40024e-03
8.09399e-03
7.31452e-03
6.18821e-03
4.97447e-03
3.45340e-03
1.60524e-03
-3.77675e-04
-2.50926e-03
-4.55344e-03
-6.10630e-03
-7.05264e-03
-7.35048e-03
-6.89882e-03
-5.89818e-03
-4.92001e-03
-3.83808e-03
-2.70129e-03
-1.52853e-03
3.03931e-05
2.14692e-03
4.59122e-03
6.79907e-03
8.72166e-03
1.03234e-02
1.15021e-02
1.22140e-02
1.26163e-02
1.31051e-02
1.36542e-02
1.41733e-02
1.47292e-02
1.51864e-02
1.54746e-02
1.56837e-02
1.60228e-02
1.65856e-02
1.73710e-02
1.82877e-02
1.91007e-02
1.95706e-02
1.95712e-02
1.90144e-02
1.79042e-02
1.65487e-02
1.55032e-02
1.45002e-02
1.32116e-02
1.15265e-02
9.61832e-03
7.98393e-03
6.88336e-03
6.27312e-03
5.94003e-03
5.56158e-03
5.35399e-03
5.52964e-03
6.06575e-03
6.83872e-03
7.69101e-03
8.56065e-03
9.65899e-03
1.10809e-02
1.26273e-02
1.38523e-02
1.46100e-02
1.49455e-02
1.49938e-02
1.47964e-02
1.41901e-02
1.32419e-02
1.23546e-02
1.16305e-02
1.08807e-02
1.00465e-02
9.24649e-03
8.57512e-03
8.05684e-03
7.70085e-03
7.43784e-03
7.09602e-03
6.65645e-03
6.25169e-03
5.98931e-03
5.90974e-03
5.94162e-03
5.90773e-03
5.73884e-03
5.41064e-03
4.89938e-03
4.23208e-03
3.51460e-03
2.79954e-03
2.10894e-03
1.55183e-03
1.32606e-03
1.55125e-03
2.10437e-03
2.58432e-03
2.37151e-03
1.36168e-03
-3.86272e-04
-2.55810e-03
-4.57755e-03
-6.62339e-03
-8.80464e-03
-1.09108e-02
-1.28038e-02
-1.44090e-02
-1.55467e-02
-1.59962e-02
-1.56887e-02
-1.48578e-02
-1.36161e-02
-1.22121e-02
-1.13015e-02
-1.06539e-02
-1.00264e-02
-9.38111e-03
-8.70215e-03
-8.01262e-03
-7.33631e-03
-6.66073e-03
-6.00283e-03
-5.45935e-03
-5.07517e-03
-4.77755e-03
-4.38950e-03
-3.89295e-03
-3.34769e-03
-2.82309e-03
-2.39043e-03
-2.08529e-03
-1.92769e-03
-1.89752e-03
-1.92207e-03
-2.00583e-03
-2.20691e-03
-2.51039e-03
-2.77451e-03
-2.71635e-03
-2.12726e-03
-1.07839e-03
1.25546e-04
1.17796e-03
2.28477e-03
3.66359e-03
5.31463e-03
7.05855e-03
9.01847e-03
1.12353e-02
1.34658e-02
1.52688e-02
1.66320e-02
1.76769e-02
1.86046e-02
1.94668e-02
1.99787e-02
1.99485e-02
1.93943e-02
1.82282e-02
1.67219e-02
1.52813e-02
1.35879e-02
1.14413e-02
9.01072e-03
6.44296e-03
3.60842e-03
5.94854e-04
-2.21211e-03
-4.65348e-03
-6.87606e-03
-9.06389e-03
-1.10931e-02
-1.27257e-02
-1.38242e-02
-1.43971e-02
-1.47125e-02
-1.51045e-02
-1.52684e-02
-1.49665e-02
-1.43435e-02
-1.38738e-02
-1.35849e-02
-1.33384e-02
-1.30873e-02
-1.28587e-02
-1.27370e-02
-1.28544e-02
-1.33519e-02
-1.42592e-02
-1.53324e-02
-1.60954e-02
-1.66564e-02
-1.71812e-02
-1.77499e-02
-1.83871e-02
-1.90574e-02
-1.97102e-02
-2.02770e-02
-2.06968e-02
-2.09550e-02
-2.11056e-02
-2.10899e-02
-2.07801e-02
-2.01408e-02
-1.93667e-02
-1.88276e-02
-1.83789e-02
-1.81913e-02
-1.73063e-02
-1.60348e-02
-1.44576e-02
-1.27877e-02
-1.08348e-02
-8.43788e-03
-5.68681e-03
-2.97759e-03
-6.09456e-04
1.55539e-03
3.67581e-03
5.85104e-03
8.04171e-03
1.01246e-02
1.19693e-02
1.34886e-02
1.45769e-02
1.51146e-02
1.52295e-02
1.51759e-02
1.48340e-02
1.43429e-02
1.41522e-02
1.40954e-02
1.39692e-02
1.36832e-02
1.32288e-02
1.26864e-02
1.21099e-02
1.14534e-02
1.06590e-02
9.69437e-03
8.59038e-03
7.45494e-03
6.24815e-03
4.80726e-03
3.02604e-03
9.65671e-04
-1.11901e-03
-3.16166e-03
-5.26907e-03
-7.44076e-03
-9.53820e-03
-1.15066e-02
-1.33067e-02
-1.48831e-02
-1.62076e-02
-1.72338e-02
-1.78933e-02
-1.83389e-02
-1.89623e-02
-1.97497e-02
-2.05403e-02
-2.12428e-02
-2.18511e-02
-2.24228e-02
-2.28999e-02
-2.31624e-02
-2.31000e-02
-2.26399e-02
-2.17034e-02
-2.03949e-02
-1.91070e-02
-1.80585e-02
-1.69541e-02
-1.55037e-02
-1.35824e-02
-1.13202e-02
-9.13617e-03
-7.26814e-03
-5.74451e-03
-4.59667e-03
-3.82312e-03
-3.26119e-03
-2.53966e-03
-1.48674e-03
-1.33917e-04
1.51778e-03
3.47771e-03
5.67002e-03
7.85138e-03
9.86276e-03
1.18066e-02
1.37122e-02
1.54456e-02
1.68146e-02
1.77879e-02
1.84644e-02
1.89551e-02
1.90971e-02
1.89034e-02
1.86613e-02
1.83071e-02
1.77685e-02
1.71961e-02
1.66288e-02
1.59995e-02
1.53467e-02
1.47847e-02
1.43691e-02
1.41500e-02
1.41381e-02
1.42479e-02
1.44014e-02
1.45780e-02
1.46614e-02
1.46468e-02
1.46538e-02
1.47743e-02
1.49589e-02
1.50496e-02
1.48121e-02
1.40112e-02
1.26117e-02
1.09153e-02
9.51218e-03
8.42377e-03
7.45294e-03
6.47676e-03
5.41319e-03
4.24496e-03
3.02482e-03
1.86990e-03
9.15998e-04
2.93193e-04
6.31081e-05
1.65304e-04
5.72982e-04
1.18108e-03
1.64725e-03
1.87655e-03
2.02686e-03
2.21387e-03
2.47497e-03
2.79230e-03
3.09672e-03
3.28430e-03
3.23569e-03
2.84682e-03
2.11695e-03
1.24434e-03
4.94392e-04
-1.79974e-04
-7.67103e-04
-1.14430e-03
-1.33432e-03
-1.41066e-03
-1.49045e-03
-1.58102e-03
-1.60744e-03
-1.57153e-03
-1.57149e-03
-1.63014e-03
-1.76218e-03
-2.02277e-03
-2.47722e-03
-3.16261e-03
-4.00347e-03
-4.81512e-03
-5.65380e-03
-6.52387e-03
-7.36870e-03
-8.25459e-03
-9.19387e-03
-1.00967e-02
-1.07857e-02
-1.11217e-02
-1.10629e-02
-1.07231e-02
-1.03832e-02
-1.00507e-02
-9.71010e-03
-9.47951e-03
-9.33453e-03
-9.21292e-03
-9.08699e-03
-8.94768e-03
-8.78035e-03
-8.55688e-03
-8.28535e-03
-7.97429e-03
-7.62838e-03
-7.26373e-03
-6.91782e-03
-6.66368e-03
-6.59251e-03
-6.71553e-03
-6.96976e-03
-7.20217e-03
-7.29893e-03
-7.28984e-03
-7.19777e-03
-7.02485e-03
-6.76243e-03
-6.35624e-03
-5.76641e-03
-5.06527e-03
-4.42243e-03
-3.76033e-03
-3.01651e-03
-2.25098e-03
-1.60826e-03
-1.08452e-03
-6.54080e-04
-2.87516e-04
8.00312e-05
4.72457e-04
8.30479e-04
1.10484e-03
1.28942e-03
1.36695e-03
1.28982e-03
1.06694e-03
8.15960e-04
6.73085e-04
5.81095e-04
4.71010e-04
3.12691e-04
1.09239e-04
-9.16079e-05
-2.07223e-04
-1.51101e-04
1.32822e-04
6.45727e-04
1.25967e-03
1.72875e-03
2.05316e-03
2.33186e-03
2.63579e-03
3.00901e-03
3.47302e-03
4.02226e-03
4.60009e-03
5.11547e-03
5.57390e-03
5.99330e-03
6.37880e-03
6.73259e-03
7.05049e-03
7.30437e-03
7.45057e-03
7.47093e-03
7.38679e-03
7.18387e-03
6.84686e-03
6.44754e-03
6.04786e-03
5.63566e-03
5.25908e-03
4.98537e-03
4.83509e-03
4.83168e-03
4.96880e-03
5.18876e-03
5.44172e-03
5.61132e-03
5.70859e-03
5.77993e-03
5.82630e-03
5.81438e-03
5.72015e-03
5.55923e-03
5.38155e-03
5.19293e-03
4.97359e-03
4.73772e-03
4.47405e-03
4.19059e-03
3.92701e-03
3.65279e-03
3.33834e-03
2.97979e-03
2.60371e-03
2.25494e-03
1.95353e-03
1.73102e-03
1.62669e-03
1.66457e-03
1.81869e-03
2.00412e-03
2.19173e-03
2.33523e-03
2.39670e-03
2.40165e-03
2.36658e-03
2.29867e-03
2.21000e-03
2.10176e-03
1.98325e-03
1.89388e-03
1.84658e-03
1.82652e-03
1.82118e-03
1.81651e-03
1.79275e-03
1.74835e-03
1.69641e-03
1.64620e-03
1.59983e-03
1.55655e-03
1.51215e-03
1.45597e-03
1.37298e-03
1.24634e-03
1.05570e-03
7.94554e-04
4.91453e-04
1.86911e-04
-1.31265e-04
-4.44947e-04
-6.90653e-04
-8.33670e-04
-8.77762e-04
-8.45735e-04
-7.97043e-04
-7.97038e-04
-8.32353e-04
-8.97332e-04
-9.93775e-04
-1.10987e-03
-1.23087e-03
-1.33472e-03
-1.41413e-03
-1.49034e-03
-1.58142e-03
-1.69332e-03
-1.81407e-03
-1.91873e-03
-2.01799e-03
-2.12326e-03
-2.23649e-03
-2.34763e-03
-2.43690e-03
-2.50340e-03
-2.54713e-03
-2.56650e-03
-2.56071e-03
-2.52782e-03
-2.47899e-03
-2.43614e-03
-2.38671e-03
-2.32023e-03
-2.24158e-03
-2.16812e-03
-2.10283e-03
-2.03502e-03
-1.95692e-03
-1.86751e-03
-1.77200e-03
-1.67133e-03
-1.57279e-03
-1.49457e-03
-1.46033e-03
-1.47170e-03
-1.51175e-03
-1.56049e-03
-1.59679e-03
-1.59950e-03
-1.58045e-03
-1.55209e-03
-1.52135e-03
-1.49427e-03
-1.47606e-03
-1.46445e-03
-1.45395e-03
-1.43895e-03
-1.41394e-03
-1.37486e-03
-1.32004e-03
-1.25174e-03
-1.17976e-03
-1.11974e-03
-1.07059e-03
-1.02567e-03
-9.80763e-04
-9.34080e-04
-8.86279e-04
-8.39894e-04
-7.97094e-04
-7.58101e-04
-7.22770e-04
-6.90481e-04
-6.59947e-04
-6.30597e-04
-6.03278e-04
-5.78453e-04
-5.55679e-04
-5.33585e-04
-5.11167e-04
-4.88584e-04
-4.66004e-04
-4.43607e-04
-4.21837e-04
-4.01670e-04
-3.84339e-04
-3.69498e-04
-3.56268e-04
-3.43386e-04
-3.30289e-04
-3.17589e-04
-3.05377e-04
-2.92924e-04
-2.79806e-04
-2.66461e-04
-2.53035e-04
-2.39284e-04
-2.24717e-04
-2.08868e-04
-1.91902e-04
-1.74887e-04
-1.59323e-04
-1.45118e-04
-1.31739e-04
-1.18862e-04
-1.06292e-04
-9.40058e-05
-8.18334e-05
-6.94779e-05
-5.71924e-05
-4.52608e-05
-3.36582e-05
-2.20738e-05
-1.03231e-05
1.49299e-06
1.34615e-05
2.58282e-05
3.85633e-05
5.14166e-05
6.41841e-05
7.68064e-05
8.91393e-05
1.01070e-04
1.12738e-04
1.24192e-04
1.35352e-04
1.46151e-04
1.56685e-04
1.67011e-04
1.77130e-04
1.87017e-04
1.96663e-04
2.06113e-04
2.15409e-04
2.24576e-04
2.33632e-04
2.42591e-04
2.51464e-04
2.60263e-04
2.68993e-04
2.77659e-04
2.86267e-04
2.94818e-04
3.03310e-04
3.11743e-04
3.20115e-04
3.28427e-04
3.36679e-04
3.44868e-04
3.52996e-04
3.61060e-04
3.69061e-04
3.76998e-04
