0.000000 -0.00287878114337
0.010000 -0.00312977995418
0.020000 -0.00134033024779
0.030000 0.00154316413756
0.040000 -0.00164769559583
0.050000 -0.00060917276007
0.060000 0.00041486507208
0.070000 -0.00756951080574
0.080000 0.00199054247779
0.090000 0.00450990691775
0.100000 -0.00820819910826
0.110000 -0.00769220450121
0.120000 0.00235606160031
0.130000 0.00151073837248
0.140000 0.00104572088460
0.150000 0.00728573253505
0.160000 -0.00099318501820
0.170000 -0.00292573820627
0.180000 -0.00528112818977
0.190000 -0.01540249706366
0.200000 0.00613028857665
0.210000 0.01366640091275
0.220000 -0.01863196564540
0.230000 -0.01834343344994
0.240000 0.00787205401520
0.250000 0.01695908389291
0.260000 0.01001678252891
0.270000 0.00331820091201
0.280000 -0.00507721094525
0.290000 -0.01387836528409
0.300000 0.00277782643919
0.310000 0.00771256343393
0.320000 -0.00204910290485
0.330000 0.00181750733181
0.340000 -0.01125092139029
0.350000 -0.01351417712022
0.360000 0.00415339587769
0.370000 0.02277452622204
0.380000 0.01305262205375
0.390000 -0.02090990400614
0.400000 -0.00029610235158
0.410000 0.02045464249777
0.420000 -0.00198183776272
0.430000 -0.01585797952168
0.440000 0.00181512949264
0.450000 0.00651023255538
0.460000 -0.00534858797803
0.470000 0.01654186255056
0.480000 -0.00027396950876
0.490000 -0.03736265720915
0.500000 0.00145848167422
0.510000 0.02412551062723
0.520000 0.00221457140185
0.530000 0.00356230819779
0.540000 -0.00895527373915
0.550000 -0.00983363455218
0.560000 0.01376987023446
0.570000 0.00650357600856
0.580000 -0.00563599964309
0.590000 -0.01300838477592
0.600000 -0.01189816710811
0.610000 0.00244375231077
0.620000 0.01110363038653
0.630000 0.01711042037968
0.640000 0.00263418636549
0.650000 -0.01685817828865
0.660000 -0.02085766519428
0.670000 0.00012694197870
0.680000 0.01135455028674
0.690000 -0.00393301788369
0.700000 0.01194116110573
0.710000 -0.00679471926783
0.720000 -0.02676242203850
0.730000 0.01840622874542
0.740000 0.01994680899949
0.750000 0.00125919367574
0.760000 -0.01468357773197
0.770000 -0.00580022135273
0.780000 0.02283050013525
0.790000 -0.02019972621447
0.800000 -0.01406343867926
0.810000 0.02397840374819
0.820000 -0.01352146845891
0.830000 -0.02240594361498
0.840000 0.02371166841178
0.850000 0.01867059676407
0.860000 0.00158716222862
0.870000 0.01513590201275
0.880000 -0.03232956429907
0.890000 -0.01830687154234
0.900000 0.02602462553965
0.910000 -0.01879452146478
0.920000 -0.01389505750463
0.930000 0.00901512654634
0.940000 -0.00323882387081
0.950000 -0.00391383033487
0.960000 -0.00771325083286
0.970000 -0.01271006942062
0.980000 -0.00949276008431
0.990000 -0.01043767584414
1.000000 -0.00664020882170
1.010000 0.02480677207088
1.020000 0.01645051038863
1.030000 -0.02465256323857
1.040000 0.01750583960226
1.050000 0.04154612854378
1.060000 0.00471479563934
1.070000 -0.02410071516568
1.080000 -0.04982572595562
1.090000 -0.02262008942579
1.100000 0.02207886797928
1.110000 0.01933910976321
1.120000 0.00006636002010
1.130000 -0.00212941985888
1.140000 -0.01185329679197
1.150000 -0.01766673128493
1.160000 0.03145719893745
1.170000 0.04645156165181
1.180000 -0.03660800891501
1.190000 -0.05147239711661
1.200000 0.04288290904243
1.210000 0.05416892986400
1.220000 -0.00152871192568
1.230000 -0.00658574648472
1.240000 -0.00320693873096
1.250000 -0.02204069278848
1.260000 -0.06399556066276
1.270000 -0.05570296930678
1.280000 -0.00149320408824
1.290000 -0.03102248925436
1.300000 -0.03435262144787
1.310000 0.02557008299445
1.320000 0.01549208513546
1.330000 0.04278674333440
1.340000 0.10890214060304
1.350000 0.09571239298335
1.360000 0.09140664530260
1.370000 0.08697821795493
1.380000 0.05566900268088
1.390000 0.06518563760317
1.400000 0.05874001002619
1.410000 0.02079025801309
1.420000 -0.07935591070249
1.430000 -0.14671730621769
1.440000 -0.10835355416796
1.450000 -0.14509597412455
1.460000 -0.09322323727155
1.470000 0.07187329273344
1.480000 0.06702728806897
1.490000 -0.01386955535489
1.500000 -0.04165590194500
1.510000 -0.04132787938219
1.520000 -0.00063369957490
1.530000 0.04535789591905
1.540000 0.08081084666078
1.550000 0.09275784013604
1.560000 0.03202374191613
1.570000 -0.04550714215192
1.580000 -0.13067571227000
1.590000 -0.15610259884363
1.600000 -0.02826672095596
1.610000 -0.00683015363074
1.620000 -0.09909287013451
1.630000 -0.06357510749328
1.640000 0.01467387874344
1.650000 0.07793813286515
1.660000 0.09490911822889
1.670000 0.11778494811527
1.680000 0.19152407302702
1.690000 0.13925353911227
1.700000 0.04797700860792
1.710000 0.06995208285528
1.720000 0.06452121041913
1.730000 0.02042895271618
1.740000 0.06252971750709
1.750000 0.13558074205723
1.760000 0.14183207422119
1.770000 0.12867895865183
1.780000 0.13102821465199
1.790000 0.07692090519244
1.800000 -0.05948026152123
1.810000 -0.20791047119007
1.820000 -0.27479088034393
1.830000 -0.32204990777942
1.840000 -0.19245925121981
1.850000 0.07122834769776
1.860000 0.07659360159280
1.870000 0.06661158707069
1.880000 0.11675467389137
1.890000 0.12111681634181
1.900000 0.14827547476591
1.910000 0.09615783450694
1.920000 0.01177780916616
1.930000 -0.06912751977669
1.940000 -0.15869118190126
1.950000 -0.17142733390287
1.960000 -0.19009263488944
1.970000 -0.26745166922395
1.980000 -0.17507551085323
1.990000 -0.03604488539532
2.000000 -0.06736039598104
2.010000 -0.01306944053124
2.020000 0.09777565946266
2.030000 0.05052468090755
2.040000 -0.05192751833949
2.050000 -0.14449677969650
2.060000 -0.18761852479717
2.070000 -0.05348917648944
2.080000 0.10385342339576
2.090000 0.16731097164275
2.100000 0.20739386984824
2.110000 0.18846760276632
2.120000 0.14650484383284
2.130000 0.10127706271203
2.140000 0.09258783164965
2.150000 0.14370302682013
2.160000 0.16360215628641
2.170000 0.16764746394242
2.180000 0.14031528989451
2.190000 -0.02718299795779
2.200000 -0.21248763623567
2.210000 -0.27124376155830
2.220000 -0.20513544870724
2.230000 0.02069109370256
2.240000 0.13591525282425
2.250000 0.08251884011955
2.260000 0.08343853430063
2.270000 0.10502719214717
2.280000 0.12756426763025
2.290000 0.13822012600037
2.300000 0.16238893223904
2.310000 0.17843105225734
2.320000 0.14660346453706
2.330000 0.10664417538991
2.340000 0.08058328604935
2.350000 0.08701786614346
2.360000 0.07074930779769
2.370000 -0.02494379592985
2.380000 -0.12282251262557
2.390000 -0.36720447740660
2.400000 -0.47563709998767
2.410000 0.08616812181819
2.420000 0.33870091946073
2.430000 0.08504902933915
2.440000 0.02633021995866
2.450000 -0.09546675307851
2.460000 -0.20090163241496
2.470000 -0.23369056157317
2.480000 -0.32439951449331
2.490000 -0.40185359225188
2.500000 -0.34177948468717
2.510000 -0.24688844575168
2.520000 -0.20899540415065
2.530000 -0.17569583578422
2.540000 -0.19220042447829
2.550000 -0.09493191462211
2.560000 0.07656438713810
2.570000 0.10988108787082
2.580000 0.09911130014165
2.590000 0.10083311172184
2.600000 0.16208047950303
2.610000 0.21183039868334
2.620000 0.11027055548121
2.630000 -0.00543445848416
2.640000 -0.01945605526044
2.650000 0.00255228418534
2.660000 -0.01411320320567
2.670000 -0.05576411624768
2.680000 -0.10797676485934
2.690000 -0.07851090101274
2.700000 0.07278997077634
2.710000 0.13976419585617
2.720000 0.14074789529515
2.730000 0.13926835676786
2.740000 0.06690829089635
2.750000 -0.01014748477268
2.760000 -0.06939288732950
2.770000 -0.12511702221061
2.780000 -0.21003965431717
2.790000 -0.28141726578349
2.800000 -0.18727394854574
2.810000 -0.02161520687680
2.820000 0.11716346582893
2.830000 0.19086753690218
2.840000 0.13733555580054
2.850000 0.05078385836282
2.860000 -0.03064854072705
2.870000 -0.07195406210820
2.880000 -0.07369579422894
2.890000 -0.08145565141096
2.900000 -0.10101849900581
2.910000 -0.15352306420054
2.920000 -0.20262959902133
2.930000 -0.23354168358974
2.940000 -0.10875480576007
2.950000 0.11860356659594
2.960000 0.17165589404847
2.970000 0.16023170954827
2.980000 0.12124912310094
2.990000 0.01555926785986
3.000000 -0.01609240535462
3.010000 0.01035527214334
3.020000 0.03085870593689
3.030000 0.03012134783022
3.040000 -0.02886710781073
3.050000 -0.04873907449770
3.060000 0.02645873900938
3.070000 0.03003245943234
3.080000 0.07635608071110
3.090000 0.23553987513424
3.100000 0.26021644472844
3.110000 0.16703271535992
3.120000 0.10922015028852
3.130000 0.09752877452405
3.140000 0.04790327104368
3.150000 -0.03291083725490
3.160000 -0.05931565402646
3.170000 -0.00966008385700
3.180000 0.05141044353411
3.190000 0.08123070361690
3.200000 0.08662776724834
3.210000 0.03876756385216
3.220000 -0.02698358212414
3.230000 -0.04449499982847
3.240000 -0.10077745345100
3.250000 -0.15231745064137
3.260000 -0.12507744416483
3.270000 -0.10834508443109
3.280000 -0.03992516470007
3.290000 0.00551000047060
3.300000 0.03249650404021
3.310000 0.11490350154747
3.320000 0.08650417572569
3.330000 0.08565195886855
3.340000 0.16242212729471
3.350000 0.11980579576751
3.360000 0.07026553326211
3.370000 0.10623741759205
3.380000 0.10557449847710
3.390000 0.06541386457071
3.400000 0.02204712838564
3.410000 -0.03424230444036
3.420000 -0.04784061603369
3.430000 0.01763520211953
3.440000 0.08644723734969
3.450000 0.02619437099073
3.460000 -0.05939551154550
3.470000 -0.02821236032597
3.480000 -0.01260163574590
3.490000 -0.02183433282274
3.500000 0.00305929350633
3.510000 -0.00627339381190
3.520000 0.00385845438859
3.530000 -0.02105004921740
3.540000 -0.12455617833024
3.550000 -0.18982784601430
3.560000 -0.18765026439081
3.570000 -0.23546762810341
3.580000 -0.29462549601739
3.590000 -0.21419228037820
3.600000 -0.12324882271454
3.610000 -0.06784538047903
3.620000 0.00626524497811
3.630000 0.05190494991019
3.640000 0.06918814064698
3.650000 0.02551189958467
3.660000 -0.05744037011281
3.670000 -0.04102312667616
3.680000 -0.01409294948707
3.690000 -0.03373143726821
3.700000 0.05928568553722
3.710000 0.11957216780834
3.720000 0.07759846660611
3.730000 0.07036552174993
3.740000 0.08389425173686
3.750000 0.09930582351859
3.760000 0.07213487257784
3.770000 0.01510244742891
3.780000 0.01430102268944
3.790000 0.01230489158817
3.800000 0.00202643276857
3.810000 -0.00444128802058
3.820000 0.03014730064712
3.830000 0.08850259523413
3.840000 -0.04172837693976
3.850000 -0.16375254233894
3.860000 -0.09952026743608
3.870000 -0.06967431757169
3.880000 -0.01626541068993
3.890000 0.06435360432187
3.900000 0.01407420383757
3.910000 -0.01157096521546
3.920000 0.05899096324421
3.930000 0.09856350281248
3.940000 0.06576820819985
3.950000 0.03315033966925
3.960000 0.04373584486274
3.970000 -0.00428254972029
3.980000 -0.00895053559650
3.990000 0.09504728190751
4.000000 0.14491604043926
4.010000 0.18307117041962
4.020000 0.22817541262484
4.030000 0.21266071346730
4.040000 0.18531065301856
4.050000 0.08466892578567
4.060000 -0.12304561917248
4.070000 -0.17766982808054
4.080000 -0.05269516057777
4.090000 -0.02703459343790
4.100000 -0.09529693748468
4.110000 -0.11663767578707
4.120000 -0.13248788524580
4.130000 -0.16113627043139
4.140000 -0.15823353553945
4.150000 -0.13669180319158
4.160000 -0.04031756077020
4.170000 0.03205413126186
4.180000 0.00015866314234
4.190000 0.01469030091440
4.200000 0.07024235108377
4.210000 0.11288121596889
4.220000 0.12406151413297
4.230000 0.12785432543049
4.240000 0.13356710157239
4.250000 0.09254916545960
4.260000 0.09155641760608
4.270000 0.07259928771487
4.280000 -0.07571813241457
4.290000 -0.07735230063067
4.300000 0.00920116265074
4.310000 -0.11132957069627
4.320000 -0.13128528782480
4.330000 0.02540526507145
4.340000 -0.00235527424796
4.350000 -0.02535819928728
4.360000 0.05370795172164
4.370000 -0.01404361283143
4.380000 -0.10292667986846
4.390000 -0.15566955505081
4.400000 -0.16830924323771
4.410000 -0.12225046344114
4.420000 -0.09479881875706
4.430000 -0.04819865969280
4.440000 -0.02226297515810
4.450000 0.02358504321527
4.460000 0.11117224051165
4.470000 0.12330530516267
4.480000 0.09669958202406
4.490000 0.10029341588011
4.500000 0.11374960072954
4.510000 0.06205732363243
4.520000 -0.01515890181994
4.530000 -0.01864978190349
4.540000 0.01751111433694
4.550000 0.00289125953831
4.560000 -0.03370942998091
4.570000 -0.00207659009437
4.580000 0.08550778044925
4.590000 0.12759997028918
4.600000 0.12119258804575
4.610000 0.10745795402094
4.620000 0.04896567064635
4.630000 -0.01188416310839
4.640000 -0.03227336242193
4.650000 -0.06483273190038
4.660000 -0.12264256140460
4.670000 -0.16028631567788
4.680000 -0.10337599677890
4.690000 0.00152131607430
4.700000 0.00146575863366
4.710000 -0.02665392874244
4.720000 -0.04146295677989
4.730000 -0.08890786249858
4.740000 -0.09580214062990
4.750000 -0.12014023639179
4.760000 -0.16954901631534
4.770000 -0.18223296457647
4.780000 -0.20745489403933
4.790000 -0.18036506318708
4.800000 -0.10614097131302
4.810000 -0.07029965770920
4.820000 -0.02242660065438
4.830000 -0.00557356733632
4.840000 -0.00114611269322
4.850000 0.03085674193994
4.860000 -0.04529669637109
4.870000 -0.12389978249089
4.880000 -0.03270388107580
4.890000 -0.00113960186796
4.900000 -0.10962995929593
4.910000 -0.04710294228465
4.920000 0.19407534014251
4.930000 0.32966022062189
4.940000 0.36694915780250
4.950000 0.40196704814739
4.960000 0.42633446357810
4.970000 0.33464281075314
4.980000 0.11897537576942
4.990000 -0.07791019851560
5.000000 -0.27579357093204
5.010000 -0.42920312663002
5.020000 -0.45872445585490
5.030000 -0.34491100768865
5.040000 -0.26672814677440
5.050000 -0.25310116433267
5.060000 -0.15711554780869
5.070000 -0.14328003097602
5.080000 -0.09158792923579
5.090000 0.07018232642684
5.100000 0.12532129542958
5.110000 0.13001579175754
5.120000 0.10208629960011
5.130000 0.07921473088568
5.140000 0.13993224034560
5.150000 0.17115002454714
5.160000 0.19123876739798
5.170000 0.23608663785787
5.180000 0.21454492304569
5.190000 0.15895818027297
5.200000 0.12167418815613
5.210000 0.06393446632892
5.220000 -0.02112682045551
5.230000 -0.06004485803863
5.240000 -0.04676764241170
5.250000 -0.01788073681024
5.260000 0.03969581544855
5.270000 0.08866092495291
5.280000 0.12350142428715
5.290000 0.16724894791749
5.300000 0.21711881119753
5.310000 0.21984052519159
5.320000 0.11913824723116
5.330000 0.04806233726132
5.340000 0.06252512315707
5.350000 0.06169684251282
5.360000 0.08058605668791
5.370000 0.12925921453782
5.380000 0.14276674387906
5.390000 0.15776556065794
5.400000 0.20589071075043
5.410000 0.23066705840421
5.420000 0.24308039594208
5.430000 0.26216220456853
5.440000 0.26480202690385
5.450000 0.30413176734860
5.460000 0.34194730121268
5.470000 0.31033080809365
5.480000 0.28451985490126
5.490000 0.26716110288878
5.500000 0.15109074165062
5.510000 0.00289973804302
5.520000 -0.07723912530616
5.530000 -0.15197750381134
5.540000 -0.22460672494408
5.550000 -0.24632327055660
5.560000 -0.23027373294266
5.570000 -0.23230857407320
5.580000 -0.28587027816446
5.590000 -0.34020565677037
5.600000 -0.37091748379215
5.610000 -0.41682819224689
5.620000 -0.45389214656206
5.630000 -0.44848536815997
5.640000 -0.41576570496578
5.650000 -0.38918440903929
5.660000 -0.39568120575122
5.670000 -0.43707366906898
5.680000 -0.39886744009643
5.690000 -0.14140139774613
5.700000 0.07308043189739
5.710000 0.03276027584550
5.720000 0.07119553842721
5.730000 0.25963075277946
5.740000 0.27211458377945
5.750000 0.18402914500564
5.760000 0.21474079667054
5.770000 0.25310572361131
5.780000 0.18785578264356
5.790000 0.10015420006026
5.800000 0.02396365623534
5.810000 -0.09295906214546
5.820000 -0.19118843997602
5.830000 -0.17990545282831
5.840000 -0.07815638202673
5.850000 0.03858975198502
5.860000 0.09856448481095
5.870000 0.07849085772239
5.880000 0.04744217015151
5.890000 0.04541137976469
5.900000 0.00299543554820
5.910000 -0.01336205152753
5.920000 0.05522240380194
5.930000 0.05143504610310
5.940000 0.00717436338631
5.950000 0.02301136321195
5.960000 0.02017656157181
5.970000 -0.00720441078614
5.980000 -0.02176529482265
5.990000 -0.05004497465137
6.000000 -0.04391804065166
6.010000 -0.00467777254318
6.020000 -0.06129669566899
6.030000 -0.09352204537965
6.040000 -0.03098101735438
6.050000 -0.08217599990115
6.060000 -0.13952662236740
6.070000 -0.07620636101468
6.080000 -0.07311751987560
6.090000 -0.11013340887244
6.100000 -0.09446108142360
6.110000 -0.11041075329954
6.120000 -0.08099900458331
6.130000 -0.01024902692237
6.140000 -0.02534078635000
6.150000 0.00398983877059
6.160000 0.05998923483917
6.170000 -0.03430306559614
6.180000 -0.12187786516174
6.190000 -0.09925174345959
6.200000 -0.13658990331387
6.210000 -0.17832987134280
6.220000 -0.12413928490524
6.230000 -0.11647750482114
6.240000 -0.14876266876048
6.250000 -0.09289612656447
6.260000 0.02255592634671
6.270000 0.11624171997245
6.280000 0.15922789667619
6.290000 0.18561752754272
6.300000 0.23468062646657
6.310000 0.24876756998081
6.320000 0.12332429631180
6.330000 -0.02160766653135
6.340000 -0.06296297172816
6.350000 -0.09641511810800
6.360000 -0.06555020453788
6.370000 0.07248932142110
6.380000 0.14011643520285
6.390000 0.11266980572527
6.400000 0.10329513972571
6.410000 0.13976117971799
6.420000 0.13695843331386
6.430000 0.05770254617057
6.440000 0.01535431425623
6.450000 -0.05715082084749
6.460000 -0.17645425425109
6.470000 -0.20316461283460
6.480000 -0.19658364482462
6.490000 -0.16606064208148
6.500000 -0.00696596577373
6.510000 0.18468199863619
6.520000 0.19673182138058
6.530000 0.13878691447866
6.540000 0.16406546667516
6.550000 0.13865701010866
6.560000 0.00419541138397
6.570000 -0.08377458820813
6.580000 0.05830037281502
6.590000 0.17598499926442
6.600000 0.05688752250576
6.610000 -0.07155950914856
6.620000 -0.00133587039649
6.630000 0.18902769261214
6.640000 0.17761687030551
6.650000 0.05390101963656
6.660000 -0.02774947079372
6.670000 -0.13449914087719
6.680000 -0.13956479755821
6.690000 -0.11553068293212
6.700000 -0.18466428759223
6.710000 -0.16730069573011
6.720000 -0.08362325522849
6.730000 -0.09029619791729
6.740000 -0.10841033472277
6.750000 -0.08262887655607
6.760000 0.05867874033548
6.770000 0.22208246278672
6.780000 0.19199648443737
6.790000 0.11705258767943
6.800000 0.08544382779841
6.810000 0.02865345299916
6.820000 -0.04481058958912
6.830000 -0.11263520781463
6.840000 -0.08898786030311
6.850000 -0.03987704677468
6.860000 -0.05903097968216
6.870000 -0.05491577477739
6.880000 -0.03303525295484
6.890000 -0.06993710737850
6.900000 -0.01778464124496
6.910000 0.15133583794915
6.920000 0.21691153937607
6.930000 0.22263360943212
6.940000 0.22382656222522
6.950000 0.19490407671464
6.960000 0.18794346107904
6.970000 0.11620743770418
6.980000 -0.01669044593445
6.990000 -0.09640259762741
7.000000 -0.07283330145916
7.010000 -0.07112436107329
7.020000 -0.17306520214894
7.030000 -0.18661741242090
7.040000 -0.08632629371579
7.050000 0.02865571510280
7.060000 0.16217094611276
7.070000 0.24553398928045
7.080000 0.25233625766157
7.090000 0.27193817476727
7.100000 0.24781310253222
7.110000 0.14737740208701
7.120000 0.08391257652988
7.130000 -0.00632614291225
7.140000 -0.12887837448548
7.150000 -0.18736846589919
7.160000 -0.16100124564076
7.170000 -0.11134510731503
7.180000 -0.12951334171520
7.190000 -0.09433121212497
7.200000 -0.05665282486967
7.210000 -0.14528881407553
7.220000 -0.18068421269221
7.230000 -0.10685174531806
7.240000 -0.03005588711029
7.250000 0.01511297760901
7.260000 0.02016609276662
7.270000 -0.00108515443631
7.280000 -0.04719104157662
7.290000 -0.16227575691453
7.300000 -0.25549425955056
7.310000 -0.18321040377516
7.320000 -0.16855935474275
7.330000 -0.26011894630819
7.340000 -0.14552065339462
7.350000 0.00567642115541
7.360000 -0.00815067328675
7.370000 0.00364590607888
7.380000 0.04402102774197
7.390000 0.05648630598502
7.400000 0.08207180284843
7.410000 0.06250139737243
7.420000 0.04190673241321
7.430000 0.08158155764430
7.440000 0.12253536574938
7.450000 0.13148126666378
7.460000 0.05413512105928
7.470000 -0.05101976596131
7.480000 -0.05678362355972
7.490000 -0.01558825435063
7.500000 -0.02239973598175
7.510000 -0.04919438861313
7.520000 -0.01178029923373
7.530000 0.03682453957926
7.540000 0.05709375972168
7.550000 0.12546906866473
7.560000 0.19147321953445
7.570000 0.19492091097425
7.580000 0.18422045935184
7.590000 0.10320241101235
7.600000 -0.04407840451015
7.610000 -0.04156417276580
7.620000 0.05304918856453
7.630000 0.05508260930441
7.640000 0.06473414626753
7.650000 0.11656876053678
7.660000 0.12760037360998
7.670000 0.11189272928733
7.680000 0.11069551532228
7.690000 0.09761711931563
7.700000 0.07573240646387
7.710000 0.09085250005470
7.720000 0.11653553040974
7.730000 0.12523489709926
7.740000 0.14649078021179
7.750000 0.19127804733708
7.760000 0.21145215391270
7.770000 0.20645571058864
7.780000 0.23643507196045
7.790000 0.12726759887597
7.800000 -0.02608177434389
7.810000 0.02147281709758
7.820000 0.04958511879299
7.830000 0.02312958881434
7.840000 0.05597273831706
7.850000 0.05430560300922
7.860000 0.06343056082455
7.870000 0.09541926643786
7.880000 0.05335543180397
7.890000 0.01303748875579
7.900000 0.00494388711626
7.910000 -0.02715813235349
7.920000 -0.08559838734447
7.930000 -0.09173415933048
7.940000 -0.06504938531444
7.950000 -0.07792017632156
7.960000 -0.09081614857535
7.970000 -0.09560309304568
7.980000 -0.11339541492159
7.990000 -0.14899677018320
8.000000 -0.18786805762453
8.010000 -0.22487993094903
8.020000 -0.25266820821828
8.030000 -0.27490293338447
8.040000 -0.27963055462535
8.050000 -0.23577713298064
8.060000 -0.21065620907544
8.070000 -0.14021670426166
8.080000 0.04418437266726
8.090000 0.13097557251933
8.100000 0.10244020483706
8.110000 0.07681802331625
8.120000 -0.01280780983335
8.130000 -0.09649523866234
8.140000 -0.09681905266024
8.150000 -0.11971980075799
8.160000 -0.16805074967424
8.170000 -0.20377678367110
8.180000 -0.20389164242157
8.190000 -0.13310466796800
8.200000 -0.11078212408084
8.210000 -0.15253252584359
8.220000 -0.13156610431795
8.230000 -0.12242839805810
8.240000 -0.20318337601980
8.250000 -0.21896198726812
8.260000 -0.08789272157264
8.270000 0.01582195245255
8.280000 0.02836727058577
8.290000 0.02081896393286
8.300000 -0.04728014040275
8.310000 -0.13441933596522
8.320000 -0.14642035689242
8.330000 -0.12112977521457
8.340000 -0.11605447390565
8.350000 -0.15009320655452
8.360000 -0.16722943069776
8.370000 -0.13772833765578
8.380000 -0.14903191170014
8.390000 -0.13558111030665
8.400000 -0.07284343708630
8.410000 -0.05790897627906
8.420000 -0.01503521034388
8.430000 0.07419019539090
8.440000 0.11643903152365
8.450000 0.12249587538204
8.460000 0.13950024869401
8.470000 0.14403019013427
8.480000 0.13654148728180
8.490000 0.16006278827448
8.500000 0.19593710404142
8.510000 0.22250945676749
8.520000 0.25136969058888
8.530000 0.25168375474476
8.540000 0.21205590761939
8.550000 0.19339618298131
8.560000 0.21312488310472
8.570000 0.21285500888032
8.580000 0.17937342008184
8.590000 0.12521871166007
8.600000 0.05571061486636
8.610000 -0.01932152146905
8.620000 -0.09375939090448
8.630000 -0.12610470225056
8.640000 -0.14164370587041
8.650000 -0.20263678865304
8.660000 -0.24633116161580
8.670000 -0.20487732339320
8.680000 -0.13042228652010
8.690000 -0.05477085985923
8.700000 0.03020634330557
8.710000 0.06239385100348
8.720000 0.05150813484692
8.730000 0.06323647583978
8.740000 0.06920544837014
8.750000 0.07933460484267
8.760000 0.13334827373313
8.770000 0.16882473983125
8.780000 0.16877916458049
8.790000 0.16042356750078
8.800000 0.13539991405190
8.810000 0.11520581679299
8.820000 0.10950633270191
8.830000 0.11378867024039
8.840000 0.11812764804818
8.850000 0.10578594379209
8.860000 0.07883052398143
8.870000 0.04101863754027
8.880000 -0.00838557609037
8.890000 -0.04825272221611
8.900000 -0.04936674688159
8.910000 -0.01627836780912
8.920000 -0.01952418140481
8.930000 -0.08331119014095
8.940000 -0.14159562301640
8.950000 -0.17698593628382
8.960000 -0.20563819685626
8.970000 -0.22118393417996
8.980000 -0.18453960885698
8.990000 -0.12393164483434
9.000000 -0.08453383085229
9.010000 -0.03051982878377
9.020000 0.02028975443201
9.030000 0.02323927453713
9.040000 0.00672328940002
9.050000 0.00326293719413
9.060000 0.01967397124398
9.070000 0.06654023435990
9.080000 0.13661682059356
9.090000 0.18411051059376
9.100000 0.17934378477065
9.110000 0.14620489590508
9.120000 0.08132515082760
9.130000 -0.00278313449168
9.140000 -0.05067822338376
9.150000 -0.07761238994167
9.160000 -0.09310559034682
9.170000 -0.09690078649779
9.180000 -0.12532285610573
9.190000 -0.15715563438939
9.200000 -0.15246047170532
9.210000 -0.11716879667781
9.220000 -0.07661478470282
9.230000 -0.04463435593382
9.240000 -0.02055785755201
9.250000 -0.00886178222340
9.260000 -0.01450085061173
9.270000 -0.02618791785788
9.280000 -0.04752458788086
9.290000 -0.07393482317973
9.300000 -0.03526551178237
9.310000 0.02694742353735
9.320000 0.01877218099942
9.330000 0.02244466241209
9.340000 0.05611733759284
9.350000 0.04580847539897
9.360000 0.02834524576278
9.370000 0.02365504567815
9.380000 0.00071867120172
9.390000 -0.00572944731962
9.400000 -0.00809865542455
9.410000 -0.04011318233710
9.420000 -0.05493318771468
9.430000 -0.04540034981751
9.440000 -0.02429918407222
9.450000 0.01457003240446
9.460000 0.05906615627047
9.470000 0.08615297098454
9.480000 0.10326838026720
9.490000 0.11694665459368
9.500000 0.11362927084469
9.510000 0.08542150486874
9.520000 0.06247970572750
9.530000 0.07245281212056
9.540000 0.07234586196497
9.550000 0.06300653037490
9.560000 0.06417400381464
9.570000 0.03397623546006
9.580000 -0.01527094784621
9.590000 -0.02194175644189
9.600000 0.00114490904366
9.610000 0.01030526211732
9.620000 0.00633804262951
9.630000 -0.02054216311206
9.640000 -0.06707980745183
9.650000 -0.08049232844038
9.660000 -0.06742531309466
9.670000 -0.04827201147192
9.680000 0.01416837924511
9.690000 0.06775631672427
9.700000 0.07823378454957
9.710000 0.06196431434808
9.720000 0.02938356886706
9.730000 0.03339748764317
9.740000 0.04211514405434
9.750000 0.03482333189657
9.760000 0.05769770632093
9.770000 0.04265931149628
9.780000 -0.00574795799092
9.790000 -0.00348830058398
9.800000 0.01019475747795
9.810000 0.01382878312882
9.820000 0.02094720241259
9.830000 0.02806918144084
9.840000 0.01774481769957
9.850000 -0.00712073925517
9.860000 -0.02182076020093
9.870000 -0.02425674770945
9.880000 -0.00563624689627
9.890000 0.01402603330512
9.900000 0.00954017132151
9.910000 -0.01359171291428
9.920000 -0.01474260636187
9.930000 0.01203259042468
9.940000 0.01846509604700
9.950000 0.01596856833235
9.960000 0.03883761892211
9.970000 0.06656299568175
9.980000 0.06117869803053
9.990000 0.04964972026425
10.000000 0.05315854110926
10.010000 0.06036458622144
10.020000 0.05478516897990
10.030000 0.02825840904028
10.040000 0.02709784466125
10.050000 0.07008275879552
10.060000 0.10454352282571
10.070000 0.10607675562688
10.080000 0.10916237019954
10.090000 0.12324186104676
10.100000 0.10226035883021
10.110000 0.04418084799416
10.120000 0.02769737226736
10.130000 0.03597895121184
10.140000 -0.01358438124350
10.150000 -0.04067609542855
10.160000 -0.00934173748634
10.170000 0.00913316276332
10.180000 0.02724616150271
10.190000 0.05429225835134
10.200000 0.03419999082740
10.210000 -0.03753943447076
10.220000 -0.08097831247254
10.230000 -0.11674825582989
10.240000 -0.19239296632259
10.250000 -0.20971156161162
10.260000 -0.15574934242710
10.270000 -0.11885434445709
10.280000 -0.08241971088040
10.290000 -0.01715329688819
10.300000 0.03335010621664
10.310000 0.03528808021166
10.320000 0.02139257379344
10.330000 0.01162207472907
10.340000 -0.00860322377789
10.350000 -0.01026342547505
10.360000 0.01207767818333
10.370000 0.00951454291482
10.380000 -0.00513152773602
10.390000 0.00370203956684
10.400000 0.02566823023513
10.410000 0.03470045933710
10.420000 0.03683044910581
10.430000 0.04306398254737
10.440000 0.02944845090931
10.450000 -0.01029615583501
10.460000 -0.05247366731407
10.470000 -0.07906269647857
10.480000 -0.09550350787867
10.490000 -0.10250378923847
10.500000 -0.09604436107575
10.510000 -0.09062813093832
10.520000 -0.09001755584935
10.530000 -0.09866463111996
10.540000 -0.12090335442280
10.550000 -0.13994344564966
10.560000 -0.13721343727560
10.570000 -0.11521535620677
10.580000 -0.08218289142618
10.590000 -0.03691377869089
10.600000 -0.00270487973444
10.610000 0.01175107425762
10.620000 0.03524017271451
10.630000 0.04550726490173
10.640000 0.05001956544077
10.650000 0.08105415431923
10.660000 0.11768075106255
10.670000 0.13297176499550
10.680000 0.12418045869854
10.690000 0.12149618339643
10.700000 0.09920550185272
10.710000 0.05309907759432
10.720000 0.05619552922160
10.730000 0.06225565225348
10.740000 0.04360962298703
10.750000 0.04066092705921
10.760000 0.02351597014380
10.770000 -0.00639222614907
10.780000 -0.02365543146327
10.790000 -0.02463846454614
10.800000 -0.01906956871686
10.810000 -0.02637953031077
10.820000 -0.05863477836793
10.830000 -0.09701159450455
10.840000 -0.10270793970763
10.850000 -0.11257828697432
10.860000 -0.15401622032872
10.870000 -0.15349595402830
10.880000 -0.12641995883316
10.890000 -0.11740470427630
10.900000 -0.09631425283583
10.910000 -0.06895775678992
10.920000 -0.04351287860132
10.930000 -0.01640663434595
10.940000 -0.00557564706881
10.950000 -0.00428260408092
10.960000 0.00319290842772
10.970000 0.00704291587584
10.980000 -0.01223323375642
10.990000 -0.01795891090331
11.000000 0.00955597623629
11.010000 0.02685681664213
11.020000 0.03659124479814
11.030000 0.04159031847526
11.040000 0.02765035909025
11.050000 0.01380324941484
11.060000 0.01189926484212
11.070000 0.02457616024989
11.080000 0.02568157489301
11.090000 0.00280882778041
11.100000 0.01033197247590
11.110000 0.03622744943366
11.120000 0.04810968361648
11.130000 0.06829794149159
11.140000 0.09262011484959
11.150000 0.11373888642472
11.160000 0.11737468317999
11.170000 0.10921343412036
11.180000 0.10976984147189
11.190000 0.10757297059260
11.200000 0.09657237814987
11.210000 0.08612158210464
11.220000 0.06301969967591
11.230000 0.02735116519703
11.240000 0.00552023429759
11.250000 -0.00358796115444
11.260000 -0.01368680719183
11.270000 -0.02335162568434
11.280000 -0.03288635743572
11.290000 -0.05691891138566
11.300000 -0.09111648228823
11.310000 -0.11279572949430
11.320000 -0.10971847944439
11.330000 -0.10022423759452
11.340000 -0.09951567308606
11.350000 -0.10020080991656
11.360000 -0.10585310547367
11.370000 -0.12041910642366
11.380000 -0.12447798670148
11.390000 -0.09906000825689
11.400000 -0.05092365286034
11.410000 -0.00863827060212
11.420000 -0.00118624889991
11.430000 -0.01906899003919
11.440000 -0.02793745335938
11.450000 -0.01223001595784
11.460000 -0.00608200581581
11.470000 -0.00908818197235
11.480000 -0.00311265986286
11.490000 -0.00251406515532
11.500000 0.01906015205289
11.510000 0.05804742052867
11.520000 0.09435723508462
11.530000 0.13013506950116
11.540000 0.14441080222267
11.550000 0.14799486870101
11.560000 0.13531768921511
11.570000 0.09333986712642
11.580000 0.08876005419206
11.590000 0.10821667059449
11.600000 0.09960017756218
11.610000 0.08471116925588
11.620000 0.06766711268402
11.630000 0.04449778800272
11.640000 0.02340644224220
11.650000 0.00924109491739
11.660000 -0.00399348268637
11.670000 -0.01875411924171
11.680000 -0.02882719658690
11.690000 -0.05338006944433
11.700000 -0.06756700144639
11.710000 -0.04992739786940
11.720000 -0.06156970878138
11.730000 -0.07223640420612
11.740000 -0.04665083719996
11.750000 -0.03541686229769
11.760000 -0.01762348828055
11.770000 0.01185137488066
11.780000 0.01391998448384
11.790000 0.00908914818871
11.800000 0.01785765984602
11.810000 0.02211686781322
11.820000 0.01734092523297
11.830000 0.02978939727351
11.840000 0.05396560357213
11.850000 0.07151500357471
11.860000 0.09966655013783
11.870000 0.11474704814720
11.880000 0.10050410716056
11.890000 0.07844198576246
11.900000 0.05823161538592
11.910000 0.04853687048981
11.920000 0.04241800290616
11.930000 0.03757462859476
11.940000 0.03702057102530
11.950000 0.03108253144697
11.960000 0.01975146144525
11.970000 0.00575012715541
11.980000 -0.01137992968668
11.990000 -0.02470101434201
12.000000 -0.01331000385466
12.010000 -0.00386435690087
12.020000 -0.02857289405265
12.030000 -0.02534702905460
12.040000 -0.01497541189732
12.050000 -0.04331937229423
12.060000 -0.03330661771264
12.070000 0.01010795231969
12.080000 0.00389676811133
12.090000 -0.03159034740957
12.100000 -0.04500977745884
12.110000 -0.06313052521835
12.120000 -0.09030896389750
12.130000 -0.11123158127678
12.140000 -0.12173494931192
12.150000 -0.10295321136304
12.160000 -0.08234820034842
12.170000 -0.08440382126817
12.180000 -0.08540277675492
12.190000 -0.07325058066928
12.200000 -0.05886086598165
12.210000 -0.04473678188214
12.220000 -0.03507177751134
12.230000 -0.01907367206764
12.240000 0.01925955035085
12.250000 0.04287394830632
12.260000 0.03399873374660
12.270000 0.02860559810908
12.280000 0.02443029840464
12.290000 0.01935177052929
12.300000 -0.00774407331007
12.310000 -0.04633140712383
12.320000 -0.05662327723692
12.330000 -0.04924240132440
12.340000 -0.06112584546962
12.350000 -0.08127833054305
12.360000 -0.06482312234385
12.370000 -0.05408759934725
12.380000 -0.06609545919242
12.390000 -0.04939078830860
12.400000 -0.02677773069333
12.410000 -0.03290406847968
12.420000 -0.05035889852175
12.430000 -0.03676839030918
12.440000 -0.02555323119916
12.450000 -0.04236942905290
12.460000 -0.02964246575134
12.470000 -0.00428426821762
12.480000 0.00833915386592
12.490000 0.03259821102537
12.500000 0.06139582490814
12.510000 0.08095106201479
12.520000 0.09418664792056
12.530000 0.08348109341321
12.540000 0.06031318912256
12.550000 0.04030370757739
12.560000 0.01115034721052
12.570000 -0.01177016711373
12.580000 -0.00878291196355
12.590000 0.01340438969045
12.600000 0.03358964370236
12.610000 0.05855721802391
12.620000 0.06647230110810
12.630000 0.07103378924944
12.640000 0.08788013094931
12.650000 0.07703979715094
12.660000 0.07127844715579
12.670000 0.06601079689512
12.680000 0.03982296671568
12.690000 0.03669042664435
12.700000 0.03351111889555
12.710000 0.00798050873274
12.720000 -0.00491901449769
12.730000 -0.01307779453258
12.740000 -0.02296175475316
12.750000 -0.03117040277501
12.760000 -0.04114366698926
12.770000 -0.03798208782010
12.780000 -0.02741338181485
12.790000 -0.00581007816245
12.800000 0.01567154009649
12.810000 0.00808225780354
12.820000 -0.00336743235353
12.830000 -0.00669623358840
12.840000 -0.02919116730825
12.850000 -0.04733869206196
12.860000 -0.04316968766918
12.870000 -0.04427271745885
12.880000 -0.03690032881888
12.890000 -0.02557395838130
12.900000 -0.02034490416793
12.910000 -0.00972734023129
12.920000 0.00414669724522
12.930000 0.01330459935590
12.940000 0.00529874103389
12.950000 -0.00181176965500
12.960000 -0.00156767674848
12.970000 -0.00333760064265
12.980000 0.00121209580127
12.990000 0.01384478619687
13.000000 0.02929176954512
13.010000 0.03540504324458
13.020000 0.03008524185049
13.030000 0.02393922902322
13.040000 0.01600232628358
13.050000 0.00549918621237
13.060000 0.00301854583022
13.070000 0.00865441395566
13.080000 0.01209811602664
13.090000 0.01358711681069
13.100000 0.01252828922748
13.110000 0.01000384119184
13.120000 0.00761511060646
13.130000 0.00237145267288
13.140000 -0.00401459916077
13.150000 -0.00783025069073
13.160000 -0.00811136353699
13.170000 -0.00613680834512
13.180000 -0.00367979554776
13.190000 -0.00341602724961
13.200000 -0.00478684977762
13.210000 -0.00383207545450
13.220000 -0.00138058096252
13.230000 0.00041013850298
13.240000 0.00189969008295
13.250000 0.00314987935872
13.260000 0.00463113462978
13.270000 0.00489681256425
13.280000 0.00332472944832
13.290000 0.00154035088728
13.300000 -0.00059926737650
13.310000 -0.00304276261410
13.320000 -0.00470168946681
13.330000 -0.00506030303575
13.340000 -0.00478192926382
13.350000 -0.00416024531707
13.360000 -0.00321503846483
13.370000 -0.00238356106482
13.380000 -0.00187771611346
13.390000 -0.00165614674487
13.400000 -0.00145021798168
13.410000 -0.00107207439195
13.420000 -0.00074114563972
13.430000 -0.00055886936200
13.440000 -0.00040737628155
13.450000 -0.00024783502214
13.460000 -0.00012624191900
13.470000 -0.00006154196732
13.480000 -0.00002168370127
13.490000 -0.00000009667586
13.500000 -0.00000400539643
13.510000 -0.00001727167680
13.520000 -0.00003358988920
13.530000 -0.00006319339066
13.540000 -0.00009628410899
13.550000 -0.00012761512112
13.560000 -0.00015795405176
13.570000 -0.00018770778144
13.580000 -0.00021670987897
13.590000 -0.00024354386415
13.600000 -0.00026760984112
13.610000 -0.00028857147540
