0.000000 0.00034753774556
0.020000 -0.00132846236752
0.040000 -0.00154022553884
0.060000 -0.00265523496296
0.080000 -0.00244413133370
0.100000 -0.00203674915820
0.120000 -0.00109125616805
0.140000 -0.00000761541645
0.160000 -0.00293699629695
0.180000 -0.00331454028334
0.200000 -0.00067569401492
0.220000 0.00035388323182
0.240000 -0.00145699951500
0.260000 -0.00197804017325
0.280000 -0.00038645934854
0.300000 0.00049067639424
0.320000 -0.00204998627438
0.340000 -0.00211483085143
0.360000 0.00146423304491
0.380000 0.00184510591638
0.400000 -0.00264957429959
0.420000 -0.00601092209741
0.440000 -0.00662367758258
0.460000 0.00050149989826
0.480000 -0.00786503899492
0.500000 0.00934422523184
0.520000 0.00074222641561
0.540000 -0.00951724055103
0.560000 -0.01096308922652
0.580000 -0.00041449485432
0.600000 0.02791235554575
0.620000 0.00638742611165
0.640000 -0.00420383288646
0.660000 -0.01696281761905
0.680000 -0.00830413618047
0.700000 0.00267931652875
0.720000 0.00876734026133
0.740000 0.00181112781004
0.760000 -0.00040612680491
0.780000 -0.00706568279329
0.800000 -0.02167231808604
0.820000 -0.00822238998585
0.840000 0.00163683286235
0.860000 0.03798853119677
0.880000 0.03761072660846
0.900000 -0.01689423791019
0.920000 -0.04695473751349
0.940000 -0.03227697981651
0.960000 0.02136761842497
0.980000 0.06416355360237
1.000000 0.01748603807840
1.020000 -0.00494029147529
1.040000 -0.04117154252517
1.060000 -0.05827112500575
1.080000 0.02717090168088
1.100000 0.00114795876177
1.120000 0.04191538321136
1.140000 0.00240552035847
1.160000 -0.02891974027400
1.180000 -0.00409414675633
1.200000 -0.03762190082908
1.220000 0.02639761541332
1.240000 0.03047138845772
1.260000 0.00089362833711
1.280000 0.00320858879791
1.300000 -0.03135998255027
1.320000 -0.02673464919666
1.340000 -0.00141803587474
1.360000 -0.00723046114340
1.380000 0.02535656189129
1.400000 0.02192655839602
1.420000 -0.04545727504476
1.440000 -0.02414667242291
1.460000 0.02210125910333
1.480000 -0.01890831567560
1.500000 0.03772179660785
1.520000 0.00231223071659
1.540000 -0.00837911159625
1.560000 0.00953909701482
1.580000 -0.03495480823523
1.600000 -0.02223410275842
1.620000 0.01060997119013
1.640000 0.00884657298697
1.660000 -0.00369693243964
1.680000 -0.01615745052454
1.700000 -0.02594093368704
1.720000 0.00565562182439
1.740000 0.03151309470231
1.760000 0.02106486718947
1.780000 -0.02709662769830
1.800000 0.02649099857963
1.820000 0.01042693122140
1.840000 -0.00659256122630
1.860000 -0.02669100933504
1.880000 0.00067946032154
1.900000 -0.01915861529487
1.920000 -0.01119055329815
1.940000 0.04783517257398
1.960000 -0.01689561155021
1.980000 0.02428035390099
2.000000 -0.00556070914400
2.020000 -0.02436725368123
2.040000 -0.00050542548866
2.060000 0.01343733152891
2.080000 -0.01153257992200
2.100000 0.00220599037707
2.120000 0.03146910412409
2.140000 -0.05835885286686
2.160000 -0.02166835304002
2.180000 0.00968205299859
2.200000 0.05193932644402
2.220000 0.01340897706586
2.240000 -0.02918455566373
2.260000 -0.02353011750788
2.280000 -0.03683192142549
2.300000 0.03526659042323
2.320000 0.00859758855496
2.340000 0.03395957194039
2.360000 0.00175669708054
2.380000 -0.00278810199916
2.400000 -0.02270637676029
2.420000 -0.03736599461525
2.440000 0.02314161119215
2.460000 0.01215322165966
2.480000 0.00997148674536
2.500000 0.00716373243883
2.520000 -0.01564713838456
2.540000 -0.02642084064606
2.560000 0.04315233143979
2.580000 0.00706867362653
2.600000 -0.02977017932291
2.620000 -0.03492250333935
2.640000 -0.03728898309475
2.660000 0.00651517463388
2.680000 0.01547437148963
2.700000 -0.01337560053592
2.720000 0.00916248096611
2.740000 0.00798947032263
2.760000 0.02127972494769
2.780000 0.05344083189579
2.800000 -0.00173862689473
2.820000 0.04000717314907
2.840000 0.05494350640291
2.860000 0.02861760279255
2.880000 0.02382063750189
2.900000 0.03521796746323
2.920000 -0.01007908854724
2.940000 -0.01161620147623
2.960000 -0.00993870448521
2.980000 -0.00454476498225
3.000000 0.01447624178282
3.020000 -0.00184754729361
3.040000 0.05416681526167
3.060000 0.03779684996065
3.080000 0.07915922128575
3.100000 0.10058644691985
3.120000 0.10260384675086
3.140000 0.05145499655896
3.160000 0.01021581931133
3.180000 -0.00490852239643
3.200000 -0.03215993302170
3.220000 0.02269238219366
3.240000 0.03647421484689
3.260000 -0.00262402897910
3.280000 -0.04004541100080
3.300000 -0.06451987192774
3.320000 -0.11125417431482
3.340000 -0.08372701276134
3.360000 0.00986811302695
3.380000 0.00252101620653
3.400000 -0.07361770413357
3.420000 -0.10261899575963
3.440000 -0.12325925230764
3.460000 -0.20100226047076
3.480000 -0.18697345026385
3.500000 -0.07159294899605
3.520000 0.01069144460517
3.540000 -0.11876209125882
3.560000 -0.20486808292557
3.580000 -0.05074080116775
3.600000 0.04677301273201
3.620000 0.14932835829947
3.640000 0.23859654723851
3.660000 0.26559115537418
3.680000 0.19077809215589
3.700000 0.18944444356662
3.720000 0.13316134587646
3.740000 -0.00939799203533
3.760000 -0.07113200021778
3.780000 -0.08219788837716
3.800000 -0.06296249537286
3.820000 -0.12548547464868
3.840000 -0.15868201878211
3.860000 -0.15908548900619
3.880000 -0.17901866191630
3.900000 -0.11264720117321
3.920000 -0.03215477943608
3.940000 0.02623083018487
3.960000 0.06910982674414
3.980000 0.10299138859593
4.000000 0.20536546726192
4.020000 0.19294922276405
4.040000 0.04715694998979
4.060000 0.03493196781653
4.080000 0.10759853826795
4.100000 0.14696676909224
4.120000 0.06719778802561
4.140000 0.00836892620160
4.160000 -0.16169935061358
4.180000 -0.13583088374440
4.200000 -0.04682942939428
4.220000 -0.18446090678589
4.240000 -0.17307659717840
4.260000 -0.13635997870684
4.280000 0.01743750766862
4.300000 0.06179373229711
4.320000 0.11780994439537
4.340000 0.17803197920969
4.360000 0.28506459727200
4.380000 0.19989686993655
4.400000 0.07988364591118
4.420000 0.12634896814888
4.440000 -0.00373236650698
4.460000 -0.16569250267912
4.480000 -0.37202570420902
4.500000 -0.38003977340441
4.520000 -0.22280704226891
4.540000 -0.20948000624022
4.560000 -0.08810980122943
4.580000 0.03615559855622
4.600000 0.09377523824761
4.620000 0.15845054582487
4.640000 0.32291295873355
4.660000 0.37050023312278
4.680000 0.13998497576169
4.700000 0.01334531713156
4.720000 0.03316022548088
4.740000 -0.04125665462495
4.760000 -0.13944024468408
4.780000 -0.02136411613002
4.800000 -0.03921826537954
4.820000 -0.02164064642847
4.840000 -0.01291040906098
4.860000 0.01109494405563
4.880000 -0.11923526640752
4.900000 0.08763419054878
4.920000 0.22798659066157
4.940000 0.14808550634158
4.960000 0.24700916688343
4.980000 0.09887587540485
5.000000 0.01388313129841
5.020000 -0.01170393907947
5.040000 -0.06212798470296
5.060000 -0.06543285543732
5.080000 -0.22264356936393
5.100000 -0.20216624990388
5.120000 -0.02559165404902
5.140000 -0.06754343872102
5.160000 -0.02134728660419
5.180000 0.01436235630849
5.200000 0.07843060754536
5.220000 0.10097924951395
5.240000 0.06632026586134
5.260000 0.02032465057483
5.280000 -0.04899647317981
5.300000 -0.06144389248674
5.320000 -0.00640980377927
5.340000 0.02670977754431
5.360000 0.00697908989007
5.380000 -0.04719114485847
5.400000 -0.04386557697353
5.420000 -0.07879335567510
5.440000 -0.01353761212173
5.460000 0.09512432810949
5.480000 0.12657449840814
5.500000 0.27404873493903
5.520000 0.27359976897799
5.540000 0.07427627197487
5.560000 -0.01569689143139
5.580000 -0.01428715682377
5.600000 -0.09288889945765
5.620000 -0.17909197142822
5.640000 -0.20925939575552
5.660000 -0.15426459704958
5.680000 -0.13922679466333
5.700000 -0.10235147692943
5.720000 -0.05597052151873
5.740000 0.00186432128931
5.760000 0.00688316889946
5.780000 -0.08311033606971
5.800000 -0.07441626635179
5.820000 -0.06956488153507
5.840000 0.01775841823040
5.860000 0.08632022105773
5.880000 0.09230096204312
5.900000 0.08407134826948
5.920000 0.12977069570656
5.940000 0.14860242364423
5.960000 0.05111148913168
5.980000 -0.02613287308954
6.000000 -0.04422294257765
6.020000 -0.06356753022173
6.040000 -0.07140663080131
6.060000 -0.06015880840471
6.080000 -0.03762553464276
6.100000 -0.04899077403503
6.120000 -0.01946932097775
6.140000 0.11716272613299
6.160000 0.11531216024107
6.180000 0.07273935388843
6.200000 0.02055853957977
6.220000 0.00294048056897
6.240000 0.00515264063559
6.260000 0.00209671146788
6.280000 0.02181085601485
6.300000 0.03275412975336
6.320000 0.07653410752072
6.340000 -0.00970815215905
6.360000 -0.05925269309525
6.380000 -0.05502879873206
6.400000 -0.08857786176102
6.420000 -0.04052443142620
6.440000 -0.03547725906649
6.460000 -0.08230105751088
6.480000 -0.03443896743770
6.500000 -0.03385796641819
6.520000 -0.07614602985862
6.540000 -0.10069711749200
6.560000 -0.07832285961156
6.580000 -0.02580529891233
6.600000 0.00902048458192
6.620000 -0.08647857934560
6.640000 -0.13437852732752
6.660000 0.18287878522632
6.680000 0.37131915638816
6.700000 0.38819977967470
6.720000 0.26090738386678
6.740000 0.18719664241243
6.760000 0.14904330363917
6.780000 0.10988584375048
6.800000 0.09103809001253
6.820000 0.05131076435643
6.840000 0.02004722887168
6.860000 -0.12643099686521
6.880000 -0.32354254374456
6.900000 -0.64856170180429
6.920000 -0.18349049343276
6.940000 0.02911459744379
6.960000 -0.08905717445025
6.980000 0.02341708446973
7.000000 -0.06951821674277
7.020000 -0.10348960101315
7.040000 0.11208318068251
7.060000 0.16693442913487
7.080000 0.12412415841637
7.100000 0.33613604625830
7.120000 0.41201294983561
7.140000 0.27169956694478
7.160000 0.06468285772634
7.180000 0.05338471723949
7.200000 -0.01027088668889
7.220000 -0.11701961427517
7.240000 -0.10870022679359
7.260000 -0.08958977657870
7.280000 -0.10633045419897
7.300000 -0.35377923460073
7.320000 -0.09451554254140
7.340000 0.30960974220741
7.360000 0.21762832195712
7.380000 0.17869741525111
7.400000 -0.03573528906419
7.420000 -0.04126456523275
7.440000 -0.08731781494750
7.460000 -0.17744847446332
7.480000 -0.28688812875920
7.500000 -0.53318860455364
7.520000 -0.27500424283658
7.540000 -0.03913866245304
7.560000 -0.24468523100026
7.580000 -0.16222659457173
7.600000 0.02775347118298
7.620000 0.14853997660484
7.640000 0.26759545204326
7.660000 0.32774256989457
7.680000 0.29897070537890
7.700000 0.29537912382250
7.720000 0.32751489636718
7.740000 0.26893562785817
7.760000 0.16896137625115
7.780000 0.20759198186680
7.800000 0.18870243440046
7.820000 0.16550618448437
7.840000 0.07073539819383
7.860000 -0.15277273630436
7.880000 -0.48317042571767
7.900000 -0.69117376893208
7.920000 -0.75904522509713
7.940000 -0.70124371936342
7.960000 -0.16762095688304
7.980000 -0.14090531457778
8.000000 -0.14093848652304
8.020000 0.12673875068335
8.040000 0.20675635085219
8.060000 0.15478307309269
8.080000 -0.00612863622797
8.100000 -0.06596248621679
8.120000 -0.05018199271543
8.140000 -0.12096191243344
8.160000 -0.20718943714487
8.180000 -0.28021311503401
8.200000 -0.34784900654814
8.220000 -0.33344624476447
8.240000 -0.12774837610100
8.260000 -0.00597520745678
8.280000 -0.14440902214115
8.300000 -0.11521858710327
8.320000 -0.39553599161570
8.340000 0.34668423774480
8.360000 0.86676539383104
8.380000 0.57748557268961
8.400000 0.52547965880188
8.420000 0.29500833843730
8.440000 0.28620379298979
8.460000 0.20727453463146
8.480000 0.19417317499395
8.500000 0.13979466329453
8.520000 0.20779992758532
8.540000 0.27399315609976
8.560000 0.23776447210056
8.580000 0.13938408131714
8.600000 0.05118309377122
8.620000 -0.30585610035457
8.640000 -0.76355826581431
8.660000 -0.54264333961252
8.680000 -0.19954776078577
8.700000 -0.09271383342054
8.720000 -0.19681845496359
8.740000 0.00834474624033
8.760000 0.13323757802673
8.780000 0.01875233933798
8.800000 0.06051347056835
8.820000 0.02455463863898
8.840000 0.05780028796774
8.860000 0.17041402493186
8.880000 0.28854828476268
8.900000 0.30452946609734
8.920000 0.10442620918271
8.940000 -0.01512243225071
8.960000 0.06885195262048
8.980000 0.02957015882537
9.000000 -0.08450224258340
9.020000 -0.14480124020758
9.040000 -0.17359107894909
9.060000 -0.16524699517346
9.080000 -0.04693442517696
9.100000 0.03032206599340
9.120000 0.02071303998502
9.140000 0.00430960998780
9.160000 0.02209282729169
9.180000 0.02790994436911
9.200000 0.00650225657238
9.220000 -0.02876651121643
9.240000 -0.08294033593908
9.260000 -0.12160961780221
9.280000 -0.16412591981344
9.300000 -0.19015230657473
9.320000 -0.13209701841105
9.340000 -0.09267408553900
9.360000 -0.07560139620229
9.380000 -0.02967170589480
9.400000 -0.00700250022325
9.420000 -0.02498344813754
9.440000 -0.05566681068364
9.460000 -0.04808542835368
9.480000 -0.05572696832299
9.500000 0.04348126464384
9.520000 0.12391304650630
9.540000 0.06370445582838
9.560000 0.04530267234716
9.580000 0.03125376900160
9.600000 0.05253875956939
9.620000 0.00986341732134
9.640000 -0.01649690035558
9.660000 0.08548819463042
9.680000 0.04263299321837
9.700000 -0.03205627191052
9.720000 -0.06186519080475
9.740000 0.00259189798020
9.760000 0.12740618386097
9.780000 0.14357806734790
9.800000 0.10163406663604
9.820000 0.06025350188721
9.840000 0.01142967869680
9.860000 -0.03184238349402
9.880000 -0.04029083955616
9.900000 -0.07595167440841
9.920000 -0.19408388839239
9.940000 -0.21034130776166
9.960000 -0.02389699142876
9.980000 0.05716972874395
10.000000 0.10627526504482
10.020000 0.19430980833677
10.040000 0.25518461442633
10.060000 0.26449599407419
10.080000 0.14288379460810
10.100000 0.05585975352531
10.120000 0.09602191905709
10.140000 0.07960404684246
10.160000 -0.02518039499374
10.180000 -0.14560608609824
10.200000 -0.18834163469628
10.220000 -0.11885741797964
10.240000 -0.04349001794569
10.260000 -0.04675388893508
10.280000 -0.07470117488017
10.300000 -0.01211374655769
10.320000 0.11047412213949
10.340000 0.20024661232564
10.360000 0.26088984803669
10.380000 0.16566235079348
10.400000 0.05538424026593
10.420000 0.08232672801771
10.440000 0.10542711539595
10.460000 0.01542196371296
10.480000 -0.08999792302414
10.500000 -0.16396186238078
10.520000 -0.19189132510300
10.540000 -0.27384059437795
10.560000 -0.16611102449069
10.580000 0.03734536565957
10.600000 -0.13875571407212
10.620000 -0.19440386858096
10.640000 -0.20946987442728
10.660000 -0.23822956128316
10.680000 -0.15260775336956
10.700000 -0.02598301967926
10.720000 0.13855522108138
10.740000 0.42721714776520
10.760000 0.59438670315524
10.780000 0.31890295278687
10.800000 0.11384504450053
10.820000 0.02328434310699
10.840000 0.14800810513597
10.860000 0.27039319631343
10.880000 0.19327081040371
10.900000 0.16888684897325
10.920000 0.05679621556295
10.940000 -0.09825739641957
10.960000 -0.40149315665174
10.980000 -0.53610491051951
11.000000 -0.31368881984041
11.020000 -0.18422159141575
11.040000 -0.26389636610626
11.060000 -0.26009162679295
11.080000 -0.18177948352200
11.100000 -0.05770111310643
11.120000 -0.02565304893860
11.140000 0.06301539512698
11.160000 0.13169763988067
11.180000 0.20783407374337
11.200000 0.44784605473428
11.220000 0.18395621585367
11.240000 -0.00594485098646
11.260000 0.15833203283982
11.280000 0.22340813155601
11.300000 0.17175556464467
11.320000 0.08684303234772
11.340000 0.04374229034585
11.360000 0.01263197904760
11.380000 -0.12100896691086
11.400000 -0.39345551150699
11.420000 -0.55715618744066
11.440000 -0.33356071476648
11.460000 -0.11812383575405
11.480000 -0.12563886445136
11.500000 -0.05032369196471
11.520000 0.00568983130626
11.540000 -0.00120906138752
11.560000 0.02848394079872
11.580000 0.04006185084152
11.600000 0.03583649515915
11.620000 0.03512683959951
11.640000 0.01533025132157
11.660000 0.04389590421747
11.680000 0.09975992479477
11.700000 0.14645954520677
11.720000 0.19511324161889
11.740000 0.13607755442105
11.760000 0.01029820361532
11.780000 -0.06457554818829
11.800000 -0.06353182532324
11.820000 -0.04012594917157
11.840000 0.00487245703921
11.860000 0.04095292917667
11.880000 0.03793888044228
11.900000 0.04027738567763
11.920000 0.00717567141649
11.940000 -0.02244462039869
11.960000 -0.04324187620774
11.980000 -0.08988866506052
12.000000 -0.10737739196621
12.020000 -0.10976099838234
12.040000 -0.05514507102771
12.060000 -0.00822734385785
12.080000 -0.01282088864835
12.100000 0.03049568045346
12.120000 0.04547349568760
12.140000 0.05037371779112
12.160000 0.07376266699568
12.180000 0.08477667832436
12.200000 0.08905430052254
12.220000 0.11204435830310
12.240000 0.12517387269004
12.260000 0.12497547425679
12.280000 0.12812227896711
12.300000 0.09627014847419
12.320000 0.05599643557876
12.340000 0.05453599319579
12.360000 0.05048448578455
12.380000 0.03239208305682
12.400000 -0.00564881694810
12.420000 -0.09388780853468
12.440000 -0.17629130451969
12.460000 -0.10998857448845
12.480000 0.03297096516353
12.500000 -0.00258271164076
12.520000 -0.08500060113253
12.540000 -0.09278694808991
12.560000 -0.08080612799539
12.580000 -0.06413257363587
12.600000 -0.06688034079028
12.620000 -0.04419691161209
12.640000 0.00953854658460
12.660000 0.04170482173151
12.680000 0.03798869681294
12.700000 0.01365137094840
12.720000 -0.01848498125289
12.740000 -0.04922619255404
12.760000 -0.06795109806006
12.780000 -0.08605002314237
12.800000 -0.10171585179917
12.820000 -0.07728249778061
12.840000 -0.02295879529236
12.860000 0.02974123059006
12.880000 0.06870786654988
12.900000 0.10231996114590
12.920000 0.14102972155016
12.940000 0.16193145680912
12.960000 0.16415319777136
12.980000 0.14685814436693
13.000000 0.07505291440547
13.020000 0.01106806552495
13.040000 -0.03076032535596
13.060000 -0.08773862615911
13.080000 -0.14349667186988
13.100000 -0.17390594452055
13.120000 -0.18570039770969
13.140000 -0.14535546985982
13.160000 -0.08461495900239
13.180000 -0.07261329075431
13.200000 -0.07138875399674
13.220000 -0.06282328036617
13.240000 -0.02455174522701
13.260000 0.01014546653520
13.280000 0.04572408757070
13.300000 0.08593628379995
13.320000 0.13732215996196
13.340000 0.17021587005180
13.360000 0.24832815357031
13.380000 0.25253129720123
13.400000 0.11595884268642
13.420000 0.03836631630082
13.440000 -0.01727247115212
13.460000 -0.11653606376034
13.480000 -0.14178356740164
13.500000 -0.06026538728317
13.520000 0.01472723309316
13.540000 0.05455986140897
13.560000 0.05953117181927
13.580000 0.06039393465988
13.600000 0.05672504931916
13.620000 0.03590686254847
13.640000 -0.00837695371493
13.660000 -0.07101139267525
13.680000 -0.14399912211270
13.700000 -0.15074057714969
13.720000 -0.11323664861756
13.740000 -0.07791890228109
13.760000 -0.03975167610461
13.780000 -0.03710964026353
13.800000 -0.03983804006782
13.820000 -0.01545092705900
13.840000 0.00355829075717
13.860000 -0.00353343128248
13.880000 -0.00029318787572
13.900000 0.03986985785731
13.920000 0.05922487932030
13.940000 0.04408869118509
13.960000 0.03407350612536
13.980000 0.05050606459769
14.000000 0.07032915146333
14.020000 0.07153727273551
14.040000 0.05044137686890
14.060000 0.02340666039295
14.080000 0.01557165150707
14.100000 0.00304838583813
14.120000 -0.02020035076585
14.140000 -0.04792569642578
14.160000 -0.06766073394009
14.180000 -0.05730709274635
14.200000 -0.03076960960378
14.220000 -0.02150408128055
14.240000 -0.00816985556152
14.260000 0.00879930905380
14.280000 0.02168636623437
14.300000 0.03239823033948
14.320000 0.05562516308717
14.340000 0.07956912131419
14.360000 0.11848906812639
14.380000 0.08083866670234
14.400000 -0.05639401181550
14.420000 -0.13153660250764
14.440000 -0.15816588084969
14.460000 -0.11238104624090
14.480000 -0.06431704082632
14.500000 -0.05528555251102
14.520000 -0.02918082442877
14.540000 -0.00550518875750
14.560000 0.02051557192497
14.580000 0.04944836177920
14.600000 0.07034507984233
14.620000 0.08636084573078
14.640000 0.10775597105368
14.660000 0.12263385641160
14.680000 0.07995788092524
14.700000 0.01066324114511
14.720000 -0.03282262178307
14.740000 -0.08680586613005
14.760000 -0.10673665221884
14.780000 -0.08470161522944
14.800000 -0.05580807153717
14.820000 -0.02673118587021
14.840000 -0.01077109624231
14.860000 -0.01160747740076
14.880000 -0.01713956417320
14.900000 -0.01831380232479
14.920000 -0.02006884665334
14.940000 -0.00705804983613
14.960000 0.03653923380803
14.980000 0.07846563049490
15.000000 0.08947910600656
15.020000 0.08236701171629
15.040000 0.07980507565023
15.060000 0.07295782110502
15.080000 0.02711346696626
15.100000 -0.00534780468241
15.120000 -0.01287771935105
15.140000 -0.01778327039849
15.160000 -0.01718275102587
15.180000 -0.01300492231412
15.200000 -0.01259518790185
15.220000 -0.04044471159417
15.240000 -0.06920101306063
15.260000 -0.07200684329690
15.280000 -0.04558857944365
15.300000 -0.02336570448756
15.320000 -0.00480409993797
15.340000 0.01673759910788
15.360000 0.04345100072374
15.380000 0.07603516444391
15.400000 0.10848565642813
15.420000 0.12821190654314
15.440000 0.13601471769655
15.460000 0.11148715730187
15.480000 0.04958065987513
15.500000 0.00188007577133
15.520000 -0.05317686894224
15.540000 -0.10506787443223
15.560000 -0.11900613156096
15.580000 -0.07784681053515
15.600000 -0.04532426577350
15.620000 -0.00950213051077
15.640000 0.00531721927209
15.660000 -0.03014548992649
15.680000 -0.02783031708730
15.700000 -0.02702705429241
15.720000 -0.05023747413342
15.740000 -0.04302487518139
15.760000 0.01115284639239
15.780000 0.04636634221895
15.800000 0.06152455730517
15.820000 0.05771158589385
15.840000 0.02832089654736
15.860000 -0.01555046725010
15.880000 -0.06544513051838
15.900000 -0.10970897541973
15.920000 -0.12952991901724
15.940000 -0.09912736843477
15.960000 -0.08605942429572
15.980000 -0.09172208480746
16.000000 -0.06992300215410
16.020000 -0.03573248820244
16.040000 0.00660533802694
16.060000 0.04182283786804
16.080000 0.08070705055536
16.100000 0.12634448677008
16.120000 0.19928175198537
16.140000 0.22860804099584
16.160000 0.11374104728595
16.180000 -0.00155424251236
16.200000 -0.03960053186239
16.220000 -0.11275860240495
16.240000 -0.16160938206307
16.260000 -0.10869413796369
16.280000 -0.00165019272935
16.300000 0.02746452941367
16.320000 -0.01644059572779
16.340000 -0.00248869377482
16.360000 0.01528595873740
16.380000 0.03128835355540
16.400000 0.05193430924818
16.420000 0.06407168533693
16.440000 0.08742941102180
16.460000 0.10831239268468
16.480000 0.09701746710002
16.500000 0.06634588765753
16.520000 0.01869555247486
16.540000 -0.02158901802204
16.560000 -0.05980672790494
16.580000 -0.11261831576420
16.600000 -0.12718649887841
16.620000 -0.09753165660688
16.640000 -0.05383592388993
16.660000 -0.02038616724101
16.680000 -0.01052032900091
16.700000 0.00494052528636
16.720000 0.01714254526432
16.740000 0.01441974231247
16.760000 0.02223310906138
16.780000 0.04873246151562
16.800000 0.06844137064309
16.820000 0.07612751981574
16.840000 0.07922532162308
16.860000 0.07919492618425
16.880000 0.07573184329393
16.900000 0.03105118632445
16.920000 -0.00999154578656
16.940000 -0.02972394805529
16.960000 -0.03954372551501
16.980000 -0.03489625317591
17.000000 -0.03176915191912
17.020000 -0.03722857703114
17.040000 -0.04918678564697
17.060000 -0.05708575160206
17.080000 -0.06125884076862
17.100000 -0.06288504545661
17.120000 -0.04887542724153
17.140000 -0.02450509017683
17.160000 -0.03814760065997
17.180000 -0.05517415127928
17.200000 -0.05266311783114
17.220000 -0.05273969095588
17.240000 -0.04796499616944
17.260000 -0.04008749212197
17.280000 -0.02928306318929
17.300000 -0.00283684478733
17.320000 0.03378085747641
17.340000 0.05258357335741
17.360000 0.05588410884488
17.380000 0.05612303452991
17.400000 0.04786889007840
17.420000 0.01412539366222
17.440000 -0.02096604304476
17.460000 -0.03413453568515
17.480000 -0.03450669471038
17.500000 -0.03464384438597
17.520000 -0.02003204576546
17.540000 0.01732300356917
17.560000 0.02903768334457
17.580000 0.02946695072314
17.600000 0.04611583801499
17.620000 0.05888483034840
17.640000 0.06075395499383
17.660000 0.07642504439966
17.680000 0.09265313996416
17.700000 0.05106838021603
17.720000 -0.00573877088541
17.740000 -0.03856356029192
17.760000 -0.04836340535811
17.780000 -0.03485457635305
17.800000 -0.01692579266223
17.820000 0.00325421410518
17.840000 0.01383162953964
17.860000 0.01356930813462
17.880000 0.01350671983438
17.900000 0.02107274369982
17.920000 0.02026091270350
17.940000 0.01998120647138
17.960000 0.03045976122815
17.980000 0.04351994576239
18.000000 0.02984669886595
18.020000 -0.00853183893423
18.040000 -0.01985300006914
18.060000 -0.00986283766473
18.080000 0.00833923706704
18.100000 0.01893506268756
18.120000 0.00912382907394
18.140000 -0.01098905686825
18.160000 -0.02365666774839
18.180000 -0.02118878218440
18.200000 -0.01522308304438
18.220000 -0.01378068795321
18.240000 -0.00840623368012
18.260000 -0.00758091957889
18.280000 -0.01293888530063
18.300000 -0.01433696345230
18.320000 -0.01077699022965
18.340000 -0.00940066624942
18.360000 -0.01731789382312
18.380000 -0.02719518393449
18.400000 -0.03083354231766
18.420000 -0.02433073531506
18.440000 -0.01369364204105
18.460000 -0.01547328524237
18.480000 -0.02662001357848
18.500000 -0.01598440597897
18.520000 0.00899571522192
18.540000 0.02838480003486
18.560000 0.03085023545370
18.580000 0.01368618444220
18.600000 0.00394256606678
18.620000 0.00501484310851
18.640000 0.00494586397241
18.660000 -0.00163282689939
18.680000 -0.00746624012114
18.700000 -0.00531530007291
18.720000 0.00137088007920
18.740000 0.00392278418912
18.760000 0.00293066781071
18.780000 0.00615778954550
18.800000 0.01517568759249
18.820000 0.02365052533679
18.840000 0.02047030025695
18.860000 0.00903741640009
18.880000 -0.00042396546905
18.900000 -0.00360269878557
18.920000 -0.00794952272746
18.940000 -0.01546872105548
18.960000 -0.01829915503560
18.980000 -0.01596137558878
19.000000 -0.00935516077033
19.020000 0.00905467945061
19.040000 0.02260385060701
19.060000 0.02625233106099
19.080000 0.03420798158686
19.100000 0.02316217195294
19.120000 0.00064363121091
19.140000 -0.01673451572442
19.160000 -0.02797807106903
19.180000 -0.03280581661256
19.200000 -0.03730266591329
19.220000 -0.04230529726456
19.240000 -0.04145009431514
19.260000 -0.03631552045561
19.280000 -0.02507766912684
19.300000 -0.00406133283426
19.320000 0.00432014609904
19.340000 -0.00354233948417
19.360000 -0.01033262255294
19.380000 -0.00864170578084
19.400000 -0.01069155176858
19.420000 -0.01569119228661
19.440000 -0.01937814927446
19.460000 -0.02135247428726
19.480000 -0.01676044439764
19.500000 0.00646290811807
19.520000 0.02486583629931
19.540000 0.02717136930301
19.560000 0.02581662900699
19.580000 0.02215352561914
19.600000 0.02030839583454
19.620000 0.01022552247065
19.640000 -0.00149844642364
19.660000 -0.00455787057971
19.680000 -0.00184192462454
19.700000 0.01154235614728
19.720000 0.02349720372901
19.740000 0.02696538175218
19.760000 0.02894798270258
19.780000 0.03420183917526
19.800000 0.04549439255179
19.820000 0.05093803054566
19.840000 0.05258079685097
19.860000 0.04108791122881
19.880000 0.02721310457864
19.900000 0.01837435939138
19.920000 0.00532184191174
19.940000 -0.00621478586437
19.960000 -0.02459202405452
19.980000 -0.04368621952912
20.000000 -0.05421674366680
20.020000 -0.05725921018807
20.040000 -0.05688043625804
20.060000 -0.03714390332711
20.080000 -0.01313746396325
20.100000 -0.01073996527283
20.120000 -0.01080931460979
20.140000 -0.00678314647303
20.160000 -0.00493912729101
20.180000 -0.00572194623065
20.200000 -0.00272970914627
20.220000 0.01388909835170
20.240000 0.02880122728895
20.260000 0.03427373607864
20.280000 0.03651574066677
20.300000 0.03234839448457
20.320000 0.03101110233949
20.340000 0.02935781940719
20.360000 0.01446799020055
20.380000 -0.01229004984503
20.400000 -0.03418742082607
20.420000 -0.04653387759124
20.440000 -0.03576842691200
20.460000 0.00259745781255
20.480000 0.01755780346306
20.500000 0.02193030424417
20.520000 0.03799862891226
20.540000 0.04296487341609
20.560000 0.03827188585576
20.580000 0.02803953415351
20.600000 0.02326953507269
20.620000 0.00836979325098
20.640000 -0.01809508668394
20.660000 -0.03863853083664
20.680000 -0.05813458908422
20.700000 -0.07748610825225
20.720000 -0.07101787119026
20.740000 -0.03277718449887
20.760000 -0.00925413003367
20.780000 -0.00232134301585
20.800000 -0.00284476026619
20.820000 -0.00757101670595
20.840000 -0.01243788176378
20.860000 -0.01393512016357
20.880000 -0.01152613063338
20.900000 -0.01476034658566
20.920000 -0.01602257076474
20.940000 -0.01185423575656
20.960000 -0.00812660538502
20.980000 -0.00691849385497
21.000000 -0.00700118990705
21.020000 -0.01095036600757
21.040000 -0.00969007564086
21.060000 -0.00902103988321
21.080000 -0.00624933632072
21.100000 -0.00221365207350
21.120000 -0.00507422137763
21.140000 -0.00471471591513
21.160000 0.00025753314918
21.180000 0.00468970933431
21.200000 0.00882775606707
21.220000 0.01241677544384
21.240000 0.01593177900443
21.260000 0.01680801520783
21.280000 0.00972076334353
21.300000 -0.00048371262384
21.320000 -0.00547276695608
21.340000 -0.00786529229024
21.360000 -0.01324834886221
21.380000 -0.02216846517216
21.400000 -0.02621847229572
21.420000 -0.00662793002138
21.440000 0.01238378859901
21.460000 0.02383943006648
21.480000 0.03518626170821
21.500000 0.03983359765753
21.520000 0.03832547242989
21.540000 0.03116768756010
21.560000 0.02628496718922
21.580000 0.02233533807976
21.600000 0.01579960755616
21.620000 -0.00060154132183
21.640000 -0.01748711945459
21.660000 -0.02229778704804
21.680000 -0.01268742149708
21.700000 0.00356630024757
21.720000 0.01558687845287
21.740000 0.02180227807129
21.760000 0.02117259563901
21.780000 0.02042267586505
21.800000 0.01953264967971
21.820000 0.01396777577606
21.840000 0.00757813333033
21.860000 0.00137729527037
21.880000 -0.00435600833290
21.900000 -0.00901114675240
21.920000 -0.01373584980988
21.940000 -0.02086777420134
21.960000 -0.02536839370554
21.980000 -0.02184043311494
22.000000 -0.01267374354961
22.020000 -0.00813965983632
22.040000 -0.00903663215880
22.060000 -0.00778026299854
22.080000 -0.00463189224117
22.100000 0.00222048568907
22.120000 0.00818847276781
22.140000 0.00734566180499
22.160000 -0.00740939967632
22.180000 -0.02099935625088
22.200000 -0.02234596674122
22.220000 -0.02567549967219
22.240000 -0.02921172158719
22.260000 -0.03187696804782
22.280000 -0.02387338625303
22.300000 -0.00918221851709
22.320000 -0.00317596387313
22.340000 0.00170989784687
22.360000 0.00590166413379
22.380000 -0.00353164749888
22.400000 -0.01546311446092
22.420000 -0.00913986461635
22.440000 0.00301290695700
22.460000 0.01207726716003
22.480000 0.02012656876073
22.500000 0.03507659457523
22.520000 0.04583571774244
22.540000 0.04772310887756
22.560000 0.04778109889346
22.580000 0.04324125758262
22.600000 0.02561989160653
22.620000 -0.00535278778080
22.640000 -0.03004629558092
22.660000 -0.04332669604369
22.680000 -0.04301381786631
22.700000 -0.02049378852715
22.720000 0.00743442720271
22.740000 0.01616293047145
22.760000 0.02406715717556
22.780000 0.03632279295403
22.800000 0.03914823896470
22.820000 0.02542018285709
22.840000 -0.00294055607046
22.860000 -0.01981316450844
22.880000 -0.02286245051919
22.900000 -0.02562207871423
22.920000 -0.02723646133011
22.940000 -0.01069848816359
22.960000 -0.00056092103274
22.980000 0.00254972089908
23.000000 0.01376694181085
23.020000 0.01875219807713
23.040000 0.02540089831505
23.060000 0.02776527864190
23.080000 0.03047446697011
23.100000 0.03190228783805
23.120000 0.02627634540609
23.140000 0.01375862203368
23.160000 0.00055624286296
23.180000 -0.01082270516449
23.200000 -0.01090232270418
23.220000 -0.00299758307703
23.240000 -0.00648060956434
23.260000 -0.01454110486991
23.280000 -0.02024554449685
23.300000 -0.01656401874527
23.320000 -0.00947460412859
23.340000 -0.00660641940313
23.360000 -0.00763998609992
23.380000 -0.00722722188590
23.400000 -0.00201092813549
23.420000 -0.00192608540554
23.440000 -0.00415556405281
23.460000 -0.01098188666217
23.480000 -0.01839448662747
23.500000 -0.02418338563164
23.520000 -0.03072599896855
23.540000 -0.03413500330728
23.560000 -0.02525196066478
23.580000 -0.01076795440609
23.600000 -0.00043809325927
23.620000 0.01455866505532
23.640000 0.02577837654207
23.660000 0.03113230415182
23.680000 0.02930974687741
23.700000 0.02000166981089
23.720000 0.00528191380083
23.740000 -0.01145106753845
23.760000 -0.02402691731656
23.780000 -0.03135604185956
23.800000 -0.02246108459472
23.820000 -0.00630269395485
23.840000 -0.00075649132629
23.860000 -0.00192966807305
23.880000 -0.00137331561115
23.900000 -0.00546497812488
23.920000 -0.00503930072042
23.940000 0.00334341010495
23.960000 0.01715916046333
23.980000 0.03081790133143
24.000000 0.03217567142921
24.020000 0.03072425512767
24.040000 0.02528265323851
24.060000 0.02155368819546
24.080000 0.01896200454208
24.100000 0.01380658740005
24.120000 0.00785620775604
24.140000 0.00493859634505
24.160000 0.00271954859405
24.180000 -0.00127274957399
24.200000 -0.00512941053178
24.220000 -0.00532827171611
24.240000 0.00830463302899
24.260000 0.01820968820467
24.280000 0.01710457045003
24.300000 0.01494415131142
24.320000 0.01434383652348
24.340000 0.01433725084507
24.360000 0.01031514030455
24.380000 0.00785909142588
24.400000 -0.00235921651200
24.420000 -0.01622986376070
24.440000 -0.02356496509913
24.460000 -0.02676826927980
24.480000 -0.02437855454952
24.500000 -0.02389773183047
24.520000 -0.02489205236530
24.540000 -0.02527673976692
24.560000 -0.02603307960312
24.580000 -0.02371689845370
24.600000 -0.01731711932396
24.620000 -0.01119309599352
24.640000 -0.00847248502043
24.660000 -0.01017432758890
24.680000 -0.01056050553608
24.700000 -0.00868105910620
24.720000 -0.00899619745724
24.740000 -0.00754106453394
24.760000 -0.00677406193883
24.780000 -0.01103566807885
24.800000 -0.01429960239207
24.820000 -0.01584891246511
24.840000 -0.01720694072927
24.860000 -0.01325265975377
24.880000 -0.00514075036858
24.900000 0.00144731778836
24.920000 0.00537377232414
24.940000 0.01080070743985
24.960000 0.01437339901038
24.980000 0.01195062436931
25.000000 0.00594656072990
25.020000 0.00148322678444
25.040000 0.00022605384992
25.060000 0.00053991505671
25.080000 0.00225389485514
25.100000 0.00434647176397
25.120000 0.00522524384325
25.140000 0.00607321813381
25.160000 0.00988041733440
25.180000 0.00856610199781
25.200000 0.00935394300435
25.220000 0.01310002983706
25.240000 0.01032497985366
25.260000 0.01155948767907
25.280000 0.01364559873766
25.300000 0.01238046166236
25.320000 0.01633223403994
25.340000 0.01897779166022
25.360000 0.01165507743734
25.380000 -0.00157019914353
25.400000 -0.01254077811792
25.420000 -0.02129889258420
25.440000 -0.02671172596987
25.460000 -0.02712229333407
25.480000 -0.01593641138621
25.500000 0.00500558321600
25.520000 0.01561909079854
25.540000 0.02564929334832
25.560000 0.03547479430815
25.580000 0.03201307531573
25.600000 0.00794555768143
25.620000 -0.01373509966603
25.640000 -0.01527252921418
25.660000 -0.00447619111866
25.680000 0.01209253307434
25.700000 0.01848927266020
25.720000 0.01181045463409
25.740000 0.00094418900633
25.760000 -0.00616937780656
25.780000 -0.00915662107622
25.800000 0.00122185913374
25.820000 0.01000048418884
25.840000 0.00849732257533
25.860000 0.00573763592752
25.880000 0.00599579744395
25.900000 0.00788710491445
25.920000 0.00940875221552
25.940000 0.00389154751755
25.960000 -0.01117906245838
25.980000 -0.01673551916358
26.000000 -0.01688776426624
26.020000 -0.01540438404330
26.040000 -0.01865149370175
26.060000 -0.02391531637121
26.080000 -0.02199073466310
26.100000 -0.01518660364672
26.120000 -0.00293404004826
26.140000 0.00444791897660
26.160000 0.00599786764611
26.180000 0.00600907596418
26.200000 0.00556765528115
26.220000 0.00320839541668
26.240000 0.00184183743249
26.260000 -0.00266629471358
26.280000 -0.00460522560177
26.300000 -0.00370963666144
26.320000 -0.00484268217392
26.340000 -0.00365842911492
26.360000 -0.00480489343428
26.380000 -0.00558170342948
26.400000 0.00003443285912
26.420000 0.00789135735325
26.440000 0.01120111376472
26.460000 0.00963580224672
26.480000 0.00822401205013
26.500000 0.00696325406129
26.520000 0.00513410623740
26.540000 0.00524912179856
26.560000 0.00627834350633
26.580000 0.00939730034426
26.600000 0.00855389024058
26.620000 0.00471100562575
26.640000 0.00025649756099
26.660000 -0.00507346149166
26.680000 -0.00686237919867
26.700000 -0.00653273969036
26.720000 -0.00881552969664
26.740000 -0.01577217859526
26.760000 -0.01930156640758
26.780000 -0.01175073539050
26.800000 0.00063044962485
26.820000 0.01094424795129
26.840000 0.02096490321581
26.860000 0.02413799218701
26.880000 0.01505133907287
26.900000 0.00418745880511
26.920000 -0.00051550177148
26.940000 -0.00602236422654
26.960000 -0.01136527348972
26.980000 -0.01193396045966
27.000000 -0.00872263850778
27.020000 -0.00235880344578
27.040000 0.00195155132769
27.060000 0.00188367402624
27.080000 0.00226295844377
27.100000 0.00529491467042
27.120000 0.00379958524058
27.140000 0.00153711926138
27.160000 0.00345712168230
27.180000 0.00714888056496
27.200000 0.00874046660171
27.220000 0.00494024763571
27.240000 -0.00274682557776
27.260000 -0.00544553770880
27.280000 -0.00657023714037
27.300000 -0.00675341349889
27.320000 -0.00545498270173
27.340000 -0.00505138583000
27.360000 -0.00321090206617
27.380000 -0.00208141194323
27.400000 0.00021616729505
27.420000 -0.00103673581097
27.440000 0.00058264013252
27.460000 0.00520198451305
27.480000 0.00755123044433
27.500000 0.00547652741743
27.520000 -0.00110658053513
27.540000 -0.00320066260271
27.560000 -0.00272504705099
27.580000 -0.00353676844837
27.600000 -0.00545397926256
27.620000 -0.00573557059642
27.640000 -0.01065424916112
27.660000 -0.02345393893931
27.680000 -0.03051651886489
27.700000 -0.02772213562881
27.720000 -0.01324137836974
27.740000 -0.00088712887653
27.760000 0.00913739498695
27.780000 0.02374285148224
27.800000 0.02828464608971
27.820000 0.02973306181587
27.840000 0.03162465180809
27.860000 0.03483737175531
27.880000 0.04122246462734
27.900000 0.04246566730183
27.920000 0.02576269658733
27.940000 0.00498854423443
27.960000 -0.00266383580052
27.980000 -0.00504217464813
28.000000 -0.00300303379755
28.020000 0.00141551120232
28.040000 0.00341837529149
28.060000 -0.00119131951142
28.080000 -0.00487389887413
28.100000 -0.00331075351825
28.120000 0.00108094753549
28.140000 0.00501107290504
28.160000 0.00565106250856
28.180000 0.00827496824974
28.200000 0.00868143904919
28.220000 0.00609290210309
28.240000 -0.00170310953219
28.260000 -0.01250605230327
28.280000 -0.01936650256063
28.300000 -0.02168426680583
28.320000 -0.02249112444589
28.340000 -0.02095583329480
28.360000 -0.00974591751758
28.380000 -0.00062872478112
28.400000 0.00017568972813
28.420000 -0.00378219164556
28.440000 -0.00776193805610
28.460000 -0.00692523540743
28.480000 0.00258246175518
28.500000 0.01018871671171
28.520000 0.00427920090999
28.540000 -0.00905174707013
28.560000 -0.01778982685052
28.580000 -0.02217005313900
28.600000 -0.02099054936732
28.620000 -0.01584420701737
28.640000 -0.01304597076973
28.660000 -0.00801192592727
28.680000 -0.00285019345088
28.700000 -0.00547854890895
28.720000 -0.00167669618812
28.740000 0.00560905445336
28.760000 0.00795563591267
28.780000 0.00988684226771
28.800000 0.00736529706363
28.820000 0.00335319850789
28.840000 0.00411481809026
28.860000 0.00472688383279
28.880000 0.00354780627920
28.900000 0.00647865626771
28.920000 0.00825681379453
28.940000 0.00937515648770
28.960000 0.00857814813887
28.980000 0.00547923085790
29.000000 0.00557901947326
29.020000 0.00439545323427
29.040000 -0.00242486676302
29.060000 -0.00715395621355
29.080000 -0.00639336393856
29.100000 -0.00810261539524
29.120000 -0.01228467706153
29.140000 -0.01356863105674
29.160000 -0.01288506491543
29.180000 -0.01180452167825
29.200000 -0.00918375290222
29.220000 -0.00482302207285
29.240000 -0.00544220590108
29.260000 -0.00585222283506
29.280000 -0.00244694096337
29.300000 0.00375360726829
29.320000 0.00777299050012
29.340000 0.00441714505610
29.360000 -0.00161770760411
29.380000 -0.00829995680763
29.400000 -0.01291432539637
29.420000 -0.01433346602841
29.440000 -0.01224684350811
29.460000 -0.00728297608347
29.480000 -0.00007534663956
29.500000 0.00716407828437
29.520000 0.01077501744876
29.540000 0.01263059079439
29.560000 0.01309050690711
29.580000 0.00466776616559
29.600000 -0.00209252332713
29.620000 -0.00120035582209
29.640000 0.00027212748991
29.660000 0.00241336569401
29.680000 0.00314454502377
29.700000 0.00648318148609
29.720000 0.00994155405760
29.740000 0.01281314852779
29.760000 0.01587354056426
29.780000 0.01444440938013
29.800000 0.00969383610220
29.820000 0.00736291511338
29.840000 0.00803941334095
29.860000 0.00523995932733
29.880000 -0.00037016939046
29.900000 -0.00841187924320
29.920000 -0.01498292498018
29.940000 -0.01507307376006
29.960000 -0.00727774943189
29.980000 0.00007140419527
30.000000 0.00497904078873
30.020000 0.00974805104358
30.040000 0.01302701258898
30.060000 0.01255824575312
30.080000 0.01145300622189
30.100000 0.01238881553697
30.120000 0.00775793404156
30.140000 0.00389120654308
30.160000 0.00122485824779
30.180000 -0.00404597339553
30.200000 -0.01125948372361
30.220000 -0.01432331960227
30.240000 -0.01264176014394
30.260000 -0.00920831767755
30.280000 -0.00308294895925
30.300000 0.00283175111579
30.320000 0.00322447382445
30.340000 0.00089446372457
30.360000 0.00037049429042
30.380000 0.00014065620837
30.400000 -0.00068540301951
30.420000 -0.00067129495710
30.440000 0.00296433904003
30.460000 0.00405461466291
30.480000 0.00450444962175
30.500000 0.00616112622429
30.520000 0.00972619457979
30.540000 0.01505904509598
30.560000 0.01636791945418
30.580000 0.01175286404543
30.600000 0.00517177904572
30.620000 -0.00174368939146
30.640000 -0.00867555967504
30.660000 -0.01235754330664
30.680000 -0.00953379729728
30.700000 0.00241059357154
30.720000 0.00940239547711
30.740000 0.01032270506681
30.760000 0.01271666736483
30.780000 0.01372739364292
30.800000 0.01008662408311
30.820000 0.00469098652727
30.840000 0.00076005256111
30.860000 -0.00550954835971
30.880000 -0.01099662163051
30.900000 -0.01400988125254
30.920000 -0.01584313538331
30.940000 -0.01802865998534
30.960000 -0.01970838792363
30.980000 -0.01679972465705
31.000000 -0.01207806601452
31.020000 -0.00909438349258
31.040000 -0.00435782962370
31.060000 -0.00159177552114
31.080000 0.00292815093199
31.100000 0.00874087577108
31.120000 0.01128880265732
31.140000 0.00904611612024
31.160000 0.00250717653974
31.180000 -0.00069244657793
31.200000 -0.00082502719557
31.220000 -0.00472272881527
31.240000 -0.01191752061894
31.260000 -0.01305274641964
31.280000 -0.00873606315993
31.300000 -0.00623088960168
31.320000 -0.00300329829632
31.340000 -0.00331774544340
31.360000 -0.00404159820592
31.380000 -0.00305082916379
31.400000 -0.00471124723052
31.420000 -0.00398480744595
31.440000 -0.00410798106495
31.460000 -0.00101207604990
31.480000 0.00107919833644
31.500000 -0.00090368708409
31.520000 -0.00606242872724
31.540000 -0.01056236141143
31.560000 -0.01201709977856
31.580000 -0.01193261117495
31.600000 -0.00849688417958
31.620000 -0.00438394729420
31.640000 -0.00188527855470
31.660000 -0.00146443227143
31.680000 -0.00386916644018
31.700000 -0.00212819851213
31.720000 0.00625910767493
31.740000 0.00913834971547
31.760000 0.00815906615495
31.780000 0.00839606289867
31.800000 0.00797721959688
31.820000 0.00960588417216
31.840000 0.01263863779197
31.860000 0.01473732106653
31.880000 0.01483021712645
31.900000 0.01237825507040
31.920000 0.01085341235141
31.940000 0.01197130203563
31.960000 0.01124438829654
31.980000 0.01015378631237
32.000000 0.00922564892296
32.020000 0.00881472597109
32.040000 0.01022226859995
32.060000 0.00894881174748
32.080000 0.00537743049314
32.100000 0.00057386198824
32.120000 -0.00358877290094
32.140000 -0.00744336560500
32.160000 -0.00985163421773
32.180000 -0.00849627529659
32.200000 -0.00908309723749
32.220000 -0.00925207931576
32.240000 -0.00695867526121
32.260000 -0.00402980876993
32.280000 0.00319033838274
32.300000 0.01031608041989
32.320000 0.01405927871170
32.340000 0.01235403126955
32.360000 0.00337442855285
32.380000 -0.00298231618851
32.400000 -0.00641461151935
32.420000 -0.01148005036874
32.440000 -0.01491284985470
32.460000 -0.01528009397644
32.480000 -0.01223150452784
32.500000 -0.00858172837085
32.520000 -0.00594404238985
32.540000 -0.00149980788600
32.560000 0.00398084727099
32.580000 0.00786612037111
32.600000 0.01110300566641
32.620000 0.00839559040547
32.640000 -0.00090053160889
32.660000 -0.00673511291177
32.680000 -0.00873650642675
32.700000 -0.00895173438583
32.720000 -0.00687102533712
32.740000 -0.00718711354562
32.760000 -0.01067409387551
32.780000 -0.01095789180132
32.800000 -0.00701053260764
32.820000 -0.00178179669868
32.840000 0.00115646412647
32.860000 0.00296638147713
32.880000 0.00437385006581
32.900000 0.00654993941704
32.920000 0.00942659005158
32.940000 0.00869561871625
32.960000 0.00199600368276
32.980000 -0.00282502661206
33.000000 -0.00373387215284
33.020000 -0.00610444652457
33.040000 -0.00870556542876
33.060000 -0.00892329711469
33.080000 -0.00240674348262
33.100000 0.00372872392539
33.120000 0.00792350150403
33.140000 0.01200747942733
33.160000 0.01181309475074
33.180000 0.00824510862795
33.200000 0.00373708120975
33.220000 -0.00056326206606
33.240000 -0.00309830303981
33.260000 -0.00516729766691
33.280000 -0.00411509671512
33.300000 0.00008414524231
33.320000 0.00121534700839
33.340000 0.00178014102405
33.360000 0.00314337061026
33.380000 0.00310946167303
33.400000 0.00537745484846
33.420000 0.00667857447290
33.440000 0.00481576467473
33.460000 0.00310697743043
33.480000 0.00111101222908
33.500000 0.00078396120413
33.520000 0.00069142219319
33.540000 0.00210979952952
33.560000 0.00369760221093
33.580000 0.00476818558373
33.600000 0.00466968487766
33.620000 0.00083488233208
33.640000 -0.00228445737146
33.660000 -0.00387250945135
33.680000 -0.00592213234436
33.700000 -0.00761104710920
33.720000 -0.00559049082878
33.740000 -0.00034538195881
33.760000 0.00299381336067
33.780000 0.00423432184971
33.800000 0.00410303108980
33.820000 0.00395037633067
33.840000 0.00393187164596
33.860000 0.00556488851684
33.880000 0.00537398177989
33.900000 0.00201814705221
33.920000 0.00029744192197
33.940000 -0.00106900953205
33.960000 -0.00118787372081
33.980000 -0.00120239874629
34.000000 -0.00250574785669
34.020000 -0.00487533096692
34.040000 -0.00390013276770
34.060000 -0.00187906551267
34.080000 0.00041377836953
34.100000 0.00361039116970
34.120000 0.00433319714059
34.140000 0.00304972879046
34.160000 0.00116408247043
34.180000 0.00068551164424
34.200000 -0.00025562339986
34.220000 -0.00193159604015
34.240000 -0.00223080016691
34.260000 -0.00087400623034
34.280000 0.00044006014617
34.300000 0.00000373062705
34.320000 -0.00043160339469
34.340000 -0.00217165960570
34.360000 -0.00314458058254
34.380000 -0.00145488839590
34.400000 -0.00041209059459
34.420000 -0.00077984418091
34.440000 -0.00187597579683
34.460000 -0.00231725862876
34.480000 -0.00233174663416
34.500000 -0.00235616966152
34.520000 -0.00223004515200
34.540000 -0.00099395910188
34.560000 -0.00027310233593
34.580000 0.00122631859275
34.600000 0.00414275315471
34.620000 0.00276244513131
34.640000 -0.00209480688189
34.660000 -0.00512564519938
34.680000 -0.00645029693360
34.700000 -0.00489819086987
34.720000 -0.00244480500184
34.740000 -0.00110882658270
34.760000 -0.00204046139601
34.780000 -0.00634967049524
34.800000 -0.00972976506964
34.820000 -0.01165211095941
34.840000 -0.01025152420982
34.860000 -0.00527412984070
34.880000 -0.00088896867737
34.900000 0.00048032304531
34.920000 0.00070885475673
34.940000 0.00123450441566
34.960000 0.00278018798162
34.980000 0.00546216752101
35.000000 0.00782467735932
35.020000 0.01109095952535
35.040000 0.01354737860488
35.060000 0.01372376470030
35.080000 0.01172247347766
35.100000 0.00886957902184
35.120000 0.00449236402508
35.140000 0.00071087186430
35.160000 -0.00187370734237
35.180000 -0.00373636175361
35.200000 -0.00425702539151
35.220000 -0.00406669295300
35.240000 -0.00039941067941
35.260000 0.00219716741900
35.280000 0.00559168911050
35.300000 0.00306079974452
35.320000 -0.00052439730840
35.340000 -0.00080157204861
35.360000 -0.00158652159160
35.380000 -0.00406323547183
35.400000 -0.00569430781400
35.420000 -0.00521227707111
35.440000 -0.00657305261532
35.460000 -0.00415181576912
35.480000 -0.00452186659789
35.500000 -0.00516617245115
35.520000 -0.00339479495819
35.540000 0.00007978471460
35.560000 0.00210307502578
35.580000 0.00329961583061
35.600000 0.00623860536692
35.620000 0.00884869677084
35.640000 0.00869382616473
35.660000 0.00637021664283
35.680000 0.00328544200883
35.700000 0.00213540184145
35.720000 0.00230847512631
35.740000 0.00153456195282
35.760000 0.00157498983489
35.780000 0.00093871587892
35.800000 -0.00059883447162
35.820000 -0.00161816499701
35.840000 -0.00265140094856
35.860000 -0.00574953106560
35.880000 -0.00951045515900
35.900000 -0.01146233918035
35.920000 -0.00862013183876
35.940000 -0.00518914925964
35.960000 -0.00237176924371
35.980000 0.00222980306012
36.000000 0.00333001029523
36.020000 -0.00081619887933
36.040000 -0.00406160658806
36.060000 -0.00549645493990
36.080000 -0.00679744791668
36.100000 -0.00377243587875
36.120000 -0.00365052483951
36.140000 -0.00378573583166
36.160000 -0.00060925903550
36.180000 0.00005874848927
36.200000 0.00019449359358
36.220000 0.00101083538992
36.240000 0.00476679733051
36.260000 0.00774504033538
36.280000 0.00740261428428
36.300000 0.00728282020942
36.320000 0.00660867470573
36.340000 0.00435806343477
36.360000 0.00220297518851
36.380000 0.00127552267068
36.400000 0.00041398422069
36.420000 -0.00213570141188
36.440000 -0.00167221334799
36.460000 -0.00280248819933
36.480000 -0.00276113919907
36.500000 0.00008346153978
36.520000 -0.00049779447993
36.540000 -0.00120337636882
36.560000 -0.00086399424557
36.580000 0.00175305693447
36.600000 0.00426871497070
36.620000 0.00418331791367
36.640000 0.00189604311884
36.660000 -0.00169000734448
36.680000 -0.00330008199143
36.700000 -0.00110984512216
36.720000 0.00158548064524
36.740000 0.00325365003598
36.760000 0.00421033088572
36.780000 0.00366938998295
36.800000 0.00204029480562
36.820000 -0.00052546066165
36.840000 -0.00277758293663
36.860000 -0.00320333681680
36.880000 -0.00246194530154
36.900000 -0.00175406524470
36.920000 -0.00066715796251
36.940000 0.00151592721071
36.960000 0.00362833178521
36.980000 0.00528041838421
37.000000 0.00556479109556
37.020000 0.00311197952597
37.040000 0.00088537529352
37.060000 -0.00011841010818
37.080000 -0.00154469425287
37.100000 -0.00365886361383
37.120000 -0.00573201471976
37.140000 -0.00677338973201
37.160000 -0.00678584017138
37.180000 -0.00503154111561
37.200000 -0.00289588938857
37.220000 -0.00140038070358
37.240000 0.00029313010490
37.260000 0.00202343848894
37.280000 0.00393688786758
37.300000 0.00374966414205
37.320000 0.00152229758810
37.340000 -0.00029411498532
37.360000 -0.00178607592833
37.380000 -0.00401680838744
37.400000 -0.00577771991248
37.420000 -0.00574738292642
37.440000 -0.00353982504098
37.460000 -0.00125024379738
37.480000 -0.00016553555700
37.500000 0.00105662144230
37.520000 0.00127539504880
37.540000 0.00086350519075
37.560000 -0.00065791755427
37.580000 -0.00197282716065
37.600000 -0.00149971631000
37.620000 -0.00014482734911
37.640000 0.00201185802159
37.660000 0.00379091523392
37.680000 0.00459991224525
37.700000 0.00415798935553
37.720000 0.00158841107730
37.740000 -0.00084444617897
37.760000 -0.00165904491381
37.780000 -0.00180181823269
37.800000 -0.00164546925868
37.820000 -0.00205483006034
37.840000 -0.00216686696592
37.860000 -0.00168173968769
37.880000 -0.00107316016561
37.900000 -0.00022672220860
37.920000 0.00021121166946
37.940000 -0.00011463186745
37.960000 -0.00076743417137
37.980000 -0.00102683001539
38.000000 -0.00100687765049
38.020000 -0.00062435397547
38.040000 -0.00014210340146
38.060000 0.00060460619525
38.080000 0.00154142333345
38.100000 0.00161707923686
38.120000 0.00128165826279
38.140000 0.00099530692527
38.160000 0.00072000900599
38.180000 0.00061845511707
38.200000 0.00013071563340
38.220000 -0.00050144339391
38.240000 -0.00075529840273
38.260000 -0.00049287519249
38.280000 0.00014440566111
38.300000 0.00062598334635
38.320000 0.00066658902225
38.340000 0.00060781525216
38.360000 0.00068549264709
38.380000 0.00049651533855
38.400000 0.00025139229633
38.420000 0.00007644774356
38.440000 -0.00016181537936
38.460000 -0.00042846735503
38.480000 -0.00062228961858
38.500000 -0.00064852273329
38.520000 -0.00052487759530
38.540000 -0.00029979479197
38.560000 -0.00008710056550
38.580000 -0.00002331541075
38.600000 0.00001751116790
38.620000 0.00018598725466
38.640000 0.00039503573335
38.660000 0.00047846804675
38.680000 0.00050232018542
38.700000 0.00050492182066
38.720000 0.00050150866617
38.740000 0.00060159003247
38.760000 0.00072975892752
38.780000 0.00074998553332
38.800000 0.00061477405406
38.820000 0.00051234580917
38.840000 0.00051078122344
38.860000 0.00047446232734
38.880000 0.00036337790960
38.900000 0.00028110300970
38.920000 0.00028116102407
38.940000 0.00032841506898
38.960000 0.00034952411672
38.980000 0.00029939896932
39.000000 0.00027953740105
39.020000 0.00027404805299
39.040000 0.00026276077498
39.060000 0.00023161621523
39.080000 0.00018721792896
39.100000 0.00017172765345
39.120000 0.00018500554044
39.140000 0.00021354023286
39.160000 0.00022552553433
39.180000 0.00023165377113
39.200000 0.00024254508036
39.220000 0.00025160326210
39.240000 0.00025719587672
39.260000 0.00025600879844
39.280000 0.00023676527076
39.300000 0.00021729173144
39.320000 0.00019718305410
39.340000 0.00017120440376
39.360000 0.00014996739317
39.380000 0.00013720588767
39.400000 0.00013061733533
39.420000 0.00011938432096
39.440000 0.00010411494820
39.460000 0.00009075264567
39.480000 0.00008330449668
39.500000 0.00007986153128
39.520000 0.00007625217034
39.540000 0.00007264738820
39.560000 0.00006841428753
39.580000 0.00006345856452
39.600000 0.00005806610193
39.620000 0.00005207912598
39.640000 0.00004755919758
39.660000 0.00004350473343
39.680000 0.00003904285350
39.700000 0.00003457214233
39.720000 0.00003007238987
39.740000 0.00002551905571
39.760000 0.00002112857583
39.780000 0.00001674844210
39.800000 0.00001227512978
39.820000 0.00000765227092
39.840000 0.00000289932398
39.860000 -0.00000188566775
39.880000 -0.00000662943031
39.900000 -0.00001124872354
39.920000 -0.00001570618542
39.940000 -0.00001999227840
39.960000 -0.00002409621794
39.980000 -0.00002799686363
