0.000000 -0.00070238571555
0.010000 -0.00069662082227
0.020000 -0.00068993882390
0.030000 -0.00068518814685
0.040000 -0.00068478717182
0.050000 -0.00069283586854
0.060000 -0.00070532799518
0.070000 -0.00068396016081
0.080000 -0.00061177926617
0.090000 -0.00059026444938
0.100000 -0.00062389823543
0.110000 -0.00056668536299
0.120000 -0.00041745749105
0.130000 -0.00033321138288
0.140000 -0.00038429184336
0.150000 -0.00047101910987
0.160000 -0.00054819790772
0.170000 -0.00064751052757
0.180000 -0.00078969577421
0.190000 -0.00094713636672
0.200000 -0.00106465889193
0.210000 -0.00102645900266
0.220000 -0.00076078071252
0.230000 -0.00052630166343
0.240000 -0.00058469578326
0.250000 -0.00073354235300
0.260000 -0.00039118598259
0.270000 0.00011766617452
0.280000 0.00012307518992
0.290000 -0.00020664499104
0.300000 -0.00051080836394
0.310000 -0.00066228470339
0.320000 -0.00070072342342
0.330000 -0.00060753757681
0.340000 -0.00030169286546
0.350000 0.00009355993125
0.360000 0.00073279127664
0.370000 0.00094303338966
0.380000 0.00101617411829
0.390000 0.00206477583958
0.400000 0.00330811421986
0.410000 0.00344826752551
0.420000 0.00215879195512
0.430000 0.00009979023124
0.440000 -0.00221327443817
0.450000 -0.00410491928147
0.460000 -0.00505959072095
0.470000 -0.00515097669085
0.480000 -0.00422714524385
0.490000 -0.00143422129325
0.500000 0.00268767802796
0.510000 0.00594076844847
0.520000 0.00735412901545
0.530000 0.00719097979148
0.540000 0.00545252871383
0.550000 0.00162189640593
0.560000 -0.00316359279241
0.570000 -0.00612145531809
0.580000 -0.00601209188304
0.590000 -0.00312184878504
0.600000 0.00120127434471
0.610000 0.00551985618157
0.620000 0.00688427523928
0.630000 0.00193091909505
0.640000 -0.00632417200682
0.650000 -0.01205869017405
0.660000 -0.01480028932001
0.670000 -0.01514927543674
0.680000 -0.01064599121588
0.690000 0.00197447375532
0.700000 0.01932076910469
0.710000 0.03000304480221
0.720000 0.02725870900163
0.730000 0.01200106129001
0.740000 -0.00842404443950
0.750000 -0.02816185514895
0.760000 -0.04073764774196
0.770000 -0.03979566966847
0.780000 -0.02705433703783
0.790000 -0.00997291953218
0.800000 0.00777398496374
0.810000 0.02421897990401
0.820000 0.03371911854226
0.830000 0.03471661912780
0.840000 0.02448260845989
0.850000 0.00649266547620
0.860000 -0.01031317942968
0.870000 -0.02206967852679
0.880000 -0.02679250033915
0.890000 -0.02832622985288
0.900000 -0.02660400448069
0.910000 -0.00881781821473
0.920000 0.02150149690039
0.930000 0.02948001045881
0.940000 0.01841603158770
0.950000 0.00873787005773
0.960000 0.00092442814798
0.970000 -0.01015600849288
0.980000 -0.01509356496763
0.990000 -0.01058021251422
1.000000 -0.00120758644361
1.010000 0.00576428555149
1.020000 0.00139542319935
1.030000 -0.01218696835339
1.040000 -0.02541070277275
1.050000 -0.03268277350008
1.060000 -0.03511968675254
1.070000 -0.02923215776451
1.080000 -0.00593718974627
1.090000 0.03088515229060
1.100000 0.06561521661258
1.110000 0.07310660815428
1.120000 0.04523185113130
1.130000 0.00683781977523
1.140000 -0.02228254614917
1.150000 -0.03162379842929
1.160000 -0.02397082647844
1.170000 -0.00634251410864
1.180000 0.01361762598100
1.190000 0.00574255270452
1.200000 -0.01706477077641
1.210000 -0.01487537189555
1.220000 0.00914632578452
1.230000 0.02549687481414
1.240000 0.02785733966984
1.250000 0.02694642463119
1.260000 0.02333857655953
1.270000 0.01030359612631
1.280000 -0.01042055052001
1.290000 -0.02478346504179
1.300000 -0.02219257737540
1.310000 0.00266742878863
1.320000 0.02938528010649
1.330000 0.03353375530127
1.340000 0.02136886187667
1.350000 0.00185230919224
1.360000 -0.01709024522168
1.370000 -0.02326983440175
1.380000 -0.01359445714219
1.390000 0.00819926785854
1.400000 0.03453398752925
1.410000 0.05679196142697
1.420000 0.07281660295929
1.430000 0.07066609865696
1.440000 0.04152438582406
1.450000 -0.00141140581368
1.460000 -0.04113089147831
1.470000 -0.06686605823822
1.480000 -0.05038471867006
1.490000 -0.00215488244851
1.500000 0.03334123716198
1.510000 0.03985516433948
1.520000 0.03505197209329
1.530000 0.03147912162401
1.540000 0.02657895607139
1.550000 0.01617876631189
1.560000 0.00113093530385
1.570000 -0.01448608778769
1.580000 -0.01172353769608
1.590000 0.00239855121891
1.600000 0.00590686600915
1.610000 0.01284681412612
1.620000 0.03226301528945
1.630000 0.05201485761908
1.640000 0.05255997065041
1.650000 0.02687032708759
1.660000 -0.00155230092315
1.670000 -0.01944745215522
1.680000 -0.02092370440359
1.690000 -0.01682986205750
1.700000 -0.01988026711546
1.710000 -0.01396405588187
1.720000 -0.00084286481341
1.730000 0.00048682003239
1.740000 -0.01145935028124
1.750000 -0.01848616462764
1.760000 -0.01063795291945
1.770000 0.00667006435053
1.780000 0.02903116902758
1.790000 0.04554987445694
1.800000 0.04097612764478
1.810000 0.01757447269986
1.820000 -0.01180350339573
1.830000 -0.03616465275800
1.840000 -0.04163182207284
1.850000 -0.02003217400186
1.860000 0.01547388978954
1.870000 0.04042870900699
1.880000 0.04020629316655
1.890000 0.02300177005954
1.900000 0.00355865094080
1.910000 -0.00166822030004
1.920000 -0.00343513308698
1.930000 -0.01076558703263
1.940000 -0.01708278959210
1.950000 -0.02682328770365
1.960000 -0.04644720646623
1.970000 -0.06435120546309
1.980000 -0.04874250034807
1.990000 0.00076517840623
2.000000 0.04938439872879
2.010000 0.07054002959946
2.020000 0.06295615065955
2.030000 0.02999176737932
2.040000 -0.01520925879607
2.050000 -0.05311528348424
2.060000 -0.06522733591734
2.070000 -0.05591981566214
2.080000 -0.03077341809065
2.090000 -0.00069238376918
2.100000 0.01434762609547
2.110000 0.00628697405392
2.120000 -0.01238736941128
2.130000 -0.03378798600474
2.140000 -0.05305533771632
2.150000 -0.05012235569164
2.160000 -0.01506811558330
2.170000 0.03041528473091
2.180000 0.04942677677794
2.190000 0.04217796260271
2.200000 0.03297426982097
2.210000 0.02316117016692
2.220000 0.00398696370322
2.230000 -0.01528590768035
2.240000 -0.02799582642299
2.250000 -0.04879589268025
2.260000 -0.06788106389019
2.270000 -0.05983219174338
2.280000 -0.02638398196000
2.290000 0.01407241938542
2.300000 0.05262055547230
2.310000 0.08609113214442
2.320000 0.10264927096250
2.330000 0.09933108976314
2.340000 0.07395037240482
2.350000 0.03723543153142
2.360000 0.01472777549080
2.370000 0.00695131074706
2.380000 0.00722204909155
2.390000 0.01430264170859
2.400000 0.02332073317042
2.410000 0.03171045915900
2.420000 0.03618651842795
2.430000 0.03196921336209
2.440000 0.02207175858479
2.450000 0.00971802095467
2.460000 0.00579100677851
2.470000 0.01923633879862
2.480000 0.03820594148483
2.490000 0.05021935405901
2.500000 0.05826728642058
2.510000 0.05771508114328
2.520000 0.02502520286678
2.530000 -0.02689917222926
2.540000 -0.05094647216540
2.550000 -0.04108229831611
2.560000 -0.03090210601635
2.570000 -0.03735096246374
2.580000 -0.01585663299213
2.590000 0.03554632419113
2.600000 0.08213527533269
2.610000 0.09022123767035
2.620000 0.05482724640160
2.630000 -0.00043016326221
2.640000 -0.05624763781523
2.650000 -0.11113524349026
2.660000 -0.15405924520889
2.670000 -0.15577328818425
2.680000 -0.11078070637537
2.690000 -0.05356227040592
2.700000 -0.00197325579365
2.710000 0.04628778129791
2.720000 0.07585084371110
2.730000 0.08060019252820
2.740000 0.07433728825388
2.750000 0.05229002673772
2.760000 0.01431732741929
2.770000 -0.01530029265977
2.780000 -0.03669406511057
2.790000 -0.05536868800526
2.800000 -0.05763913396532
2.810000 -0.04257273505639
2.820000 -0.01128323076789
2.830000 0.02879495713981
2.840000 0.06806484829197
2.850000 0.09717113748651
2.860000 0.09104299841578
2.870000 0.05514899127679
2.880000 0.03629659860587
2.890000 0.03480963280574
2.900000 0.01332465106466
2.910000 -0.01823391373841
2.920000 -0.02958555460664
2.930000 -0.01912723599734
2.940000 -0.01561750150487
2.950000 -0.01005805029152
2.960000 0.00522591265990
2.970000 0.01507282703998
2.980000 0.01022974278986
2.990000 0.00153270702739
3.000000 0.00227991648920
3.010000 0.00802652906596
3.020000 0.00880806700306
3.030000 0.01823986571161
3.040000 0.03473606641706
3.050000 0.04899455074978
3.060000 0.05013537484985
3.070000 0.04563377848328
3.080000 0.05460862729354
3.090000 0.06773530946451
3.100000 0.06839195620828
3.110000 0.04908530894314
3.120000 -0.00101589531533
3.130000 -0.07339380652401
3.140000 -0.12930642969643
3.150000 -0.12360302343288
3.160000 -0.06950845866631
3.170000 -0.01443062792798
3.180000 0.02190842390986
3.190000 0.02345556102636
3.200000 0.02150330128805
3.210000 0.03862789252769
3.220000 0.05016551062992
3.230000 0.03579771047793
3.240000 0.01139279093132
3.250000 -0.00762875055256
3.260000 -0.02720002881116
3.270000 -0.05103755615099
3.280000 -0.06931481278473
3.290000 -0.07559792870697
3.300000 -0.07086864117215
3.310000 -0.04647383371474
3.320000 -0.00910985083974
3.330000 0.01515383652777
3.340000 0.00937012248273
3.350000 -0.01558478444801
3.360000 -0.04316684222498
3.370000 -0.07366873756372
3.380000 -0.09732243037988
3.390000 -0.11555859960287
3.400000 -0.12725895091748
3.410000 -0.12330971019384
3.420000 -0.12672903734611
3.430000 -0.14366158660431
3.440000 -0.16641579217036
3.450000 -0.18877328305989
3.460000 -0.19313075396186
3.470000 -0.18526312253144
3.480000 -0.19357571094742
3.490000 -0.21026541969928
3.500000 -0.21640108958241
3.510000 -0.21468153320030
3.520000 -0.20921962668281
3.530000 -0.20101755701120
3.540000 -0.19298890904278
3.550000 -0.19161206101199
3.560000 -0.19580362849270
3.570000 -0.20033828023882
3.580000 -0.20436256594659
3.590000 -0.20826292530721
3.600000 -0.20881727329485
3.610000 -0.20276881548211
3.620000 -0.19644280776145
3.630000 -0.19799220036254
3.640000 -0.18670199638816
3.650000 -0.12301787555026
3.660000 -0.05659966883614
3.670000 -0.02534836368508
3.680000 -0.00884337034891
3.690000 -0.00456037930688
3.700000 -0.01261485006764
3.710000 -0.02670636588917
3.720000 -0.05908286964435
3.730000 -0.13084717627330
3.740000 -0.20108033466532
3.750000 -0.23558924872433
3.760000 -0.22107921520869
3.770000 -0.12692802120786
3.780000 -0.00900324160197
3.790000 0.07708191225527
3.800000 0.15058517243371
3.810000 0.23574011558172
3.820000 0.30765586546969
3.830000 0.36089758139505
3.840000 0.41954845055970
3.850000 0.46931910102265
3.860000 0.50355936180736
3.870000 0.51718461884452
3.880000 0.51540353785529
3.890000 0.52396698627833
3.900000 0.54570785274491
3.910000 0.56029519925972
3.920000 0.55462227962939
3.930000 0.53414937141032
3.940000 0.49866771697426
3.950000 0.45074756630370
3.960000 0.40151334525646
3.970000 0.37442710564230
3.980000 0.34432164930973
3.990000 0.26868861022615
4.000000 0.16593186542346
4.010000 0.08845807525305
4.020000 0.05762969852150
4.030000 0.02715471863207
4.040000 -0.01771530265088
4.050000 -0.04306578398537
4.060000 -0.04176899312666
4.070000 -0.02606178598789
4.080000 0.00343230997211
4.090000 0.06113548591596
4.100000 0.11097286113104
4.110000 0.12317852870463
4.120000 0.10244441031038
4.130000 0.05216626328668
4.140000 0.01334255710612
4.150000 -0.00057476012308
4.160000 -0.01425934893514
4.170000 -0.03068238422694
4.180000 -0.04584243586778
4.190000 -0.07497154304797
4.200000 -0.12639347136263
4.210000 -0.16975290690971
4.220000 -0.19549362466778
4.230000 -0.22382125793329
4.240000 -0.25697199436163
4.250000 -0.28042402179549
4.260000 -0.30526154328436
4.270000 -0.34007106331587
4.280000 -0.37622109301552
4.290000 -0.37153820581068
4.300000 -0.29947873143315
4.310000 -0.21502536929391
4.320000 -0.14970227552572
4.330000 -0.09132152570035
4.340000 -0.03804107809257
4.350000 -0.00983620834661
4.360000 -0.00771419833279
4.370000 -0.02609870075217
4.380000 -0.07744753883600
4.390000 -0.13376314191988
4.400000 -0.17557218242829
4.410000 -0.20408326177289
4.420000 -0.19048281506609
4.430000 -0.15493161652218
4.440000 -0.12730932340641
4.450000 -0.10744321572192
4.460000 -0.09445713795351
4.470000 -0.09847514589587
4.480000 -0.09998262407519
4.490000 -0.08260193509208
4.500000 -0.06185612576942
4.510000 -0.05982429754735
4.520000 -0.07861636853626
4.530000 -0.10007478568119
4.540000 -0.09477732905044
4.550000 -0.05522844698632
4.560000 -0.02210580387146
4.570000 0.00533572844491
4.580000 0.04713487865344
4.590000 0.09108026403321
4.600000 0.12056111403350
4.610000 0.14059199739696
4.620000 0.15634129438407
4.630000 0.15913183002711
4.640000 0.13330765933962
4.650000 0.07412325529780
4.660000 0.02020059604756
4.670000 -0.00673008279518
4.680000 -0.03000144090207
4.690000 -0.04709460572323
4.700000 -0.04201311174093
4.710000 -0.02275384218242
4.720000 -0.00093667680759
4.730000 0.02487248149984
4.740000 0.04044132719016
4.750000 0.02583250344996
4.760000 -0.02160729165762
4.770000 -0.06979259960138
4.780000 -0.09206477052148
4.790000 -0.09310542604530
4.800000 -0.06931136690551
4.810000 -0.02761071496159
4.820000 0.00032812413741
4.830000 0.01461798351368
4.840000 0.03024558457728
4.850000 0.05045918725258
4.860000 0.07035935275421
4.870000 0.08702943879023
4.880000 0.09560903898896
4.890000 0.08378996147220
4.900000 0.05506525014656
4.910000 0.02528959578132
4.920000 0.00171970298860
4.930000 -0.00679633264250
4.940000 0.00008603797789
4.950000 0.00280313878965
4.960000 0.00535222731461
4.970000 0.02684040432551
4.980000 0.05139963660874
4.990000 0.04972679381836
5.000000 0.01582686059568
5.010000 -0.04092353726268
5.020000 -0.06478331871702
5.030000 -0.03975692545559
5.040000 -0.00442569555134
5.050000 0.02744973601500
5.060000 0.06024604810269
5.070000 0.09438794469881
5.080000 0.13207315744670
5.090000 0.16708379151984
5.100000 0.18455740646761
5.110000 0.18817946409212
5.120000 0.19020263375950
5.130000 0.19148086699231
5.140000 0.19080873258776
5.150000 0.18800128081037
5.160000 0.18300124741278
5.170000 0.16280150343717
5.180000 0.10846120362572
5.190000 0.05858355548044
5.200000 0.04086381704322
5.210000 0.03517205158618
5.220000 0.02285680505345
5.230000 -0.00719408358887
5.240000 -0.04682986195553
5.250000 -0.07332661814449
5.260000 -0.09609740152219
5.270000 -0.11811827386878
5.280000 -0.11991004334883
5.290000 -0.10814950818737
5.300000 -0.09312150263816
5.310000 -0.06593285149365
5.320000 -0.03051108017317
5.330000 -0.01265757896994
5.340000 -0.01759311803904
5.350000 -0.03678444738984
5.360000 -0.05699657146970
5.370000 -0.07155795485091
5.380000 -0.08669467475683
5.390000 -0.10096503797500
5.400000 -0.10641787243230
5.410000 -0.10421177043509
5.420000 -0.09655868571001
5.430000 -0.08054395577937
5.440000 -0.05830531639667
5.450000 -0.03632059445570
5.460000 -0.01536421058665
5.470000 0.00097923216289
5.480000 -0.00623838214476
5.490000 -0.03790721508281
5.500000 -0.07182753537998
5.510000 -0.09894739424483
5.520000 -0.11267082751353
5.530000 -0.11224979119498
5.540000 -0.10281166585219
5.550000 -0.08165969387873
5.560000 -0.05023299974071
5.570000 -0.02446669476314
5.580000 0.00066752857973
5.590000 0.01925468340653
5.600000 0.02893006066609
5.610000 0.03436523969133
5.620000 0.03250813634131
5.630000 0.02405196127094
5.640000 0.01558038625308
5.650000 0.00744443611190
5.660000 -0.00394219859956
5.670000 -0.02358694300309
5.680000 -0.05034089961688
5.690000 -0.07287509519271
5.700000 -0.07693655880462
5.710000 -0.04909621045194
5.720000 0.00511130146406
5.730000 0.04853527143714
5.740000 0.06722072065781
5.750000 0.09250263526109
5.760000 0.12778021846463
5.770000 0.15191653485882
5.780000 0.15055572582948
5.790000 0.11369975451754
5.800000 0.05092796466139
5.810000 -0.00644937646190
5.820000 -0.04044021197834
5.830000 -0.06900455835041
5.840000 -0.10335778132112
5.850000 -0.12188568494394
5.860000 -0.11210404929977
5.870000 -0.08162645054213
5.880000 -0.03836393817959
5.890000 0.00258900308372
5.900000 0.02022218604717
5.910000 0.02097408942300
5.920000 0.03789098812431
5.930000 0.07243829554304
5.940000 0.11002910373083
5.950000 0.13372755538541
5.960000 0.12979612045948
5.970000 0.09643945828907
5.980000 0.05011344652755
5.990000 0.00406567259675
6.000000 -0.03911016525256
6.010000 -0.07491003097131
6.020000 -0.10046093717159
6.030000 -0.10851435787897
6.040000 -0.10239045410706
6.050000 -0.09108089055671
6.060000 -0.08020741241924
6.070000 -0.07352472487335
6.080000 -0.07152654096291
6.090000 -0.07920774406241
6.100000 -0.10008412088125
6.110000 -0.11363108754258
6.120000 -0.09981660787971
6.130000 -0.05807608398063
6.140000 -0.00701758189618
6.150000 0.02540501393942
6.160000 0.03349230450690
6.170000 0.02888858481078
6.180000 0.02781689131306
6.190000 0.03611344072758
6.200000 0.04345838866775
6.210000 0.04552357300065
6.220000 0.05191967616984
6.230000 0.05863942884565
6.240000 0.05629505311327
6.250000 0.04504774093730
6.260000 0.03600097976038
6.270000 0.03938961979190
6.280000 0.05001423026701
6.290000 0.05621758974845
6.300000 0.05742637911717
6.310000 0.05497860194732
6.320000 0.04991288382660
6.330000 0.04754216904653
6.340000 0.05363693947596
6.350000 0.06259036118272
6.360000 0.05828408978069
6.370000 0.03374600893063
6.380000 0.00454661207962
6.390000 -0.01521037400789
6.400000 -0.03795622175052
6.410000 -0.06777164782717
6.420000 -0.09167146413278
6.430000 -0.10586522858856
6.440000 -0.10905780435781
6.450000 -0.09410184901044
6.460000 -0.06264696131518
6.470000 -0.03221298112321
6.480000 -0.00274369549357
6.490000 0.02932896817483
6.500000 0.05774618176953
6.510000 0.08028769513978
6.520000 0.09382280797660
6.530000 0.10104725038790
6.540000 0.10938266932001
6.550000 0.12402852059871
6.560000 0.14009290878150
6.570000 0.14177236765998
6.580000 0.09623131465384
6.590000 0.00988487418554
6.600000 -0.04508202430290
6.610000 -0.04545090880580
6.620000 -0.02035400659034
6.630000 0.01742440779253
6.640000 0.03825950924358
6.650000 0.03364144215945
6.660000 0.03641523709473
6.670000 0.05473640049494
6.680000 0.06589376895809
6.690000 0.05533435451778
6.700000 0.02601152627319
6.710000 0.00296706991495
6.720000 -0.00705312206791
6.730000 -0.00532176699537
6.740000 -0.00821811995048
6.750000 -0.01083420639181
6.760000 0.00179536447185
6.770000 0.03452380025723
6.780000 0.07516067796039
6.790000 0.09720077204778
6.800000 0.09166082576385
6.810000 0.06656962491219
6.820000 0.03914988684209
6.830000 0.01693120849792
6.840000 -0.00320301490371
6.850000 -0.01231192595821
6.860000 -0.00706366645832
6.870000 0.00481376670973
6.880000 0.01739274329514
6.890000 0.02650694346097
6.900000 0.02475455724777
6.910000 0.01659129444139
6.920000 0.01809766993937
6.930000 0.03532258012089
6.940000 0.05834507557761
6.950000 0.07265021084971
6.960000 0.06915803154555
6.970000 0.04615601087661
6.980000 0.01722794255523
6.990000 0.00072874619035
7.000000 -0.00545837543108
7.010000 -0.01078150699462
7.020000 -0.01111774837042
7.030000 0.00253669839633
7.040000 0.02199082427981
7.050000 0.03539991818101
7.060000 0.03291842151670
7.070000 0.02340343427165
7.080000 0.02240805133552
7.090000 0.02143939589165
7.100000 0.01179722312423
7.110000 -0.01170321076783
7.120000 -0.04963044703542
7.130000 -0.07545137233122
7.140000 -0.08362073747643
7.150000 -0.08688687963437
7.160000 -0.08243036789844
7.170000 -0.05809612020197
7.180000 -0.01748402776824
7.190000 0.01742648785053
7.200000 0.02838326855179
7.210000 0.02158271940617
7.220000 0.00402381205601
7.230000 -0.02841954426210
7.240000 -0.07291774891219
7.250000 -0.10990631765644
7.260000 -0.12074128965995
7.270000 -0.10144296262682
7.280000 -0.05203926697441
7.290000 0.01213463484592
7.300000 0.06280281529959
7.310000 0.08902152036183
7.320000 0.08434503622710
7.330000 0.04799439370462
7.340000 0.01792902234521
7.350000 0.01143524541633
7.360000 0.00689608270105
7.370000 0.00055635211100
7.380000 0.00152489803856
7.390000 0.00490133088632
7.400000 0.00449496649495
7.410000 0.00040795087416
7.420000 -0.00506720047531
7.430000 -0.01506963177016
7.440000 -0.02529716418513
7.450000 -0.03115890546614
7.460000 -0.03687268695876
7.470000 -0.04550872439384
7.480000 -0.05250491176575
7.490000 -0.04872616061535
7.500000 -0.02688096545652
7.510000 0.00446695588257
7.520000 0.03237923539762
7.530000 0.04942383211752
7.540000 0.05066690485183
7.550000 0.03578504217288
7.560000 0.00745830358292
7.570000 -0.01878089380977
7.580000 -0.02358340941058
7.590000 -0.00570096532803
7.600000 0.02142904572352
7.610000 0.04246697789058
7.620000 0.04364862626153
7.630000 0.02262537980518
7.640000 -0.01573281941921
7.650000 -0.05456118693456
7.660000 -0.08032063774510
7.670000 -0.09437005118782
7.680000 -0.09466177305718
7.690000 -0.07516601594056
7.700000 -0.04210018597615
7.710000 -0.01834424452574
7.720000 -0.00779971878974
7.730000 -0.00466591468338
7.740000 -0.00504349157324
7.750000 0.00143762832801
7.760000 0.01036563698880
7.770000 0.01652707578324
7.780000 0.01344323943164
7.790000 -0.00875962044735
7.800000 -0.03560254840950
7.810000 -0.05313731205029
7.820000 -0.06710230771741
7.830000 -0.08589863906607
7.840000 -0.10581422957613
7.850000 -0.11987632385437
7.860000 -0.12809799118088
7.870000 -0.12494498663551
7.880000 -0.10649449625563
7.890000 -0.08852218113698
7.900000 -0.08118757083446
7.910000 -0.08125927018313
7.920000 -0.07450774023570
7.930000 -0.05682966561085
7.940000 -0.03263607243882
7.950000 -0.01236853360895
7.960000 -0.00076814825290
7.970000 -0.00060152508145
7.980000 -0.01052936887962
7.990000 -0.02820903236806
8.000000 -0.04621153338867
8.010000 -0.05583246575658
8.020000 -0.05835196733605
8.030000 -0.06398552876048
8.040000 -0.07706723907504
8.050000 -0.09138830057436
8.060000 -0.10410452214335
8.070000 -0.11303948646797
8.080000 -0.11529218928268
8.090000 -0.10920805722218
8.100000 -0.09359606912406
8.110000 -0.06590514662474
8.120000 -0.03388807939816
8.130000 -0.00122821285008
8.140000 0.03012116954180
8.150000 0.04533156861063
8.160000 0.04091278611952
8.170000 0.01389012610956
8.180000 -0.04469761454782
8.190000 -0.10182059339770
8.200000 -0.13235947868354
8.210000 -0.14084436106041
8.220000 -0.14024252259191
8.230000 -0.13238729632668
8.240000 -0.11255695060323
8.250000 -0.07941189047775
8.260000 -0.04540212768654
8.270000 -0.02174560298419
8.280000 -0.00229805810350
8.290000 0.01429499812196
8.300000 0.02300197054705
8.310000 0.02450345916178
8.320000 0.02163574835472
8.330000 0.02485540246939
8.340000 0.04066058535218
8.350000 0.07309454131178
8.360000 0.11647940118226
8.370000 0.16100388222770
8.380000 0.20270403295281
8.390000 0.23405639634349
8.400000 0.25432192528598
8.410000 0.27361596689842
8.420000 0.28769031597620
8.430000 0.29031281801811
8.440000 0.28319964617937
8.450000 0.26726715372257
8.460000 0.23969911754140
8.470000 0.18755532138722
8.480000 0.10610063852626
8.490000 0.02415337036370
8.500000 -0.03033554082057
8.510000 -0.06316844188032
8.520000 -0.08716966727870
8.530000 -0.10133830814235
8.540000 -0.09516534758085
8.550000 -0.06107244512197
8.560000 -0.02899075826221
8.570000 -0.02054856719622
8.580000 -0.01404611792914
8.590000 0.01082944481325
8.600000 0.04250777710052
8.610000 0.07019916322722
8.620000 0.09163194303077
8.630000 0.11206446554540
8.640000 0.12688203438339
8.650000 0.13178257585010
8.660000 0.13589557728464
8.670000 0.14926884657245
8.680000 0.17388645831487
8.690000 0.20503670522632
8.700000 0.23229774489534
8.710000 0.25426704182789
8.720000 0.27823707888673
8.730000 0.30105631759147
8.740000 0.31169568896011
8.750000 0.29857829186732
8.760000 0.25430475854224
8.770000 0.19604458942856
8.780000 0.13884249319183
8.790000 0.07589396105797
8.800000 0.00954648508720
8.810000 -0.04456677138129
8.820000 -0.08285763186053
8.830000 -0.10804445272787
8.840000 -0.11797834611159
8.850000 -0.10728387826688
8.860000 -0.07794474788097
8.870000 -0.04821939082185
8.880000 -0.03774172516706
8.890000 -0.04602921505186
8.900000 -0.06176380126732
8.910000 -0.07770344862243
8.920000 -0.08577010150601
8.930000 -0.07765011894260
8.940000 -0.05587762557004
8.950000 -0.03076834325034
8.960000 -0.00763667858086
8.970000 0.01572655418427
8.980000 0.03926491655562
8.990000 0.05990311420292
9.000000 0.07475744743954
9.010000 0.08543219232466
9.020000 0.08830288538355
9.030000 0.07266244058832
9.040000 0.04012940620335
9.050000 0.00357429899160
9.060000 -0.03425890612390
9.070000 -0.07058171847276
9.080000 -0.10175378093228
9.090000 -0.12780841202187
9.100000 -0.14488944734819
9.110000 -0.15358434040031
9.120000 -0.15988190395433
9.130000 -0.16303845462267
9.140000 -0.16518617716069
9.150000 -0.17116797287365
9.160000 -0.17690930886955
9.170000 -0.17952993134097
9.180000 -0.17996035298147
9.190000 -0.18782798441189
9.200000 -0.20499598119920
9.210000 -0.22709133465877
9.220000 -0.25097403434252
9.230000 -0.26461871360800
9.240000 -0.26517882561179
9.250000 -0.25560266461277
9.260000 -0.24033466297389
9.270000 -0.22140012054241
9.280000 -0.20170585572190
9.290000 -0.18511501237742
9.300000 -0.16965792594800
9.310000 -0.15027704817927
9.320000 -0.12928149406137
9.330000 -0.10467470864493
9.340000 -0.07534710629132
9.350000 -0.04889597354321
9.360000 -0.03126402357799
9.370000 -0.01569297252498
9.380000 -0.00301501650491
9.390000 0.00221894572884
9.400000 0.00650540395188
9.410000 0.01509699831638
9.420000 0.02779724353628
9.430000 0.03907482932749
9.440000 0.04721976005643
9.450000 0.05369164750747
9.460000 0.06194352579686
9.470000 0.07110035462124
9.480000 0.07922516141554
9.490000 0.08363915726716
9.500000 0.08069428382656
9.510000 0.07248464575114
9.520000 0.07212035993069
9.530000 0.08531438084681
9.540000 0.10237114465297
9.550000 0.11410065437099
9.560000 0.11265580348014
9.570000 0.10377443197521
9.580000 0.10477333597338
9.590000 0.11983191586910
9.600000 0.13246222853658
9.610000 0.13072938985640
9.620000 0.10603467813279
9.630000 0.07380669803713
9.640000 0.06362087955640
9.650000 0.07721176551467
9.660000 0.10799489471948
9.670000 0.14053172583682
9.680000 0.16191422086473
9.690000 0.17837123879085
9.700000 0.20213088926035
9.710000 0.23286838249384
9.720000 0.25837440455099
9.730000 0.26654251664921
9.740000 0.25264259171220
9.750000 0.21141308543591
9.760000 0.15941414151358
9.770000 0.12156292510068
9.780000 0.09460143884469
9.790000 0.07039472627069
9.800000 0.05010545208777
9.810000 0.03697915836136
9.820000 0.03433555500817
9.830000 0.03465138550158
9.840000 0.02834891000337
9.850000 0.01585228491908
9.860000 -0.00046938576312
9.870000 -0.02050222951860
9.880000 -0.03862400808202
9.890000 -0.04979420774633
9.900000 -0.05573170824825
9.910000 -0.05486022659833
9.920000 -0.05082230773933
9.930000 -0.05380244192218
9.940000 -0.06398253397818
9.950000 -0.07469691273953
9.960000 -0.07908084799390
9.970000 -0.07051271317511
9.980000 -0.05775174529816
9.990000 -0.05537177050085
10.000000 -0.07561486990226
10.010000 -0.11160969720192
10.020000 -0.14761231845386
10.030000 -0.17862447958719
10.040000 -0.20134071782950
10.050000 -0.20589867624960
10.060000 -0.18183917163579
10.070000 -0.14537838628304
10.080000 -0.11240811368196
10.090000 -0.08846342576369
10.100000 -0.07544609700340
10.110000 -0.06511924808412
10.120000 -0.05121260681526
10.130000 -0.03686608340113
10.140000 -0.03087629324839
10.150000 -0.03910369953010
10.160000 -0.06339098302545
10.170000 -0.08260241124994
10.180000 -0.07915590550850
10.190000 -0.07516345972470
10.200000 -0.08014883247253
10.210000 -0.08848547939069
10.220000 -0.10265188983071
10.230000 -0.12652529190580
10.240000 -0.15367192838479
10.250000 -0.16961081138124
10.260000 -0.16153154031449
10.270000 -0.12407740196172
10.280000 -0.06932625310373
10.290000 -0.01735913657491
10.300000 0.02171232205618
10.310000 0.05011627841375
10.320000 0.06222509798561
10.330000 0.05585347935458
10.340000 0.03616546723854
10.350000 0.01656034418078
10.360000 0.00705335638770
10.370000 0.00231460584202
10.380000 -0.00309865363224
10.390000 -0.00654280615144
10.400000 -0.00541057670066
10.410000 0.00179955716708
10.420000 0.01400891496405
10.430000 0.02722352344220
10.440000 0.04005104064470
10.450000 0.05773640800303
10.460000 0.08036440667641
10.470000 0.09960531909653
10.480000 0.11638440769007
10.490000 0.13530213423096
10.500000 0.15676820749299
10.510000 0.17170152028129
10.520000 0.17628867469622
10.530000 0.17242164638549
10.540000 0.15945849937697
10.550000 0.13750624388346
10.560000 0.11151361355886
10.570000 0.08734029468710
10.580000 0.07145801182312
10.590000 0.05503055327545
10.600000 0.02505967418943
10.610000 -0.01365078160431
10.620000 -0.05205063211059
10.630000 -0.08075798873545
10.640000 -0.09359460305908
10.650000 -0.08804898047230
10.660000 -0.07226702908068
10.670000 -0.05736913993074
10.680000 -0.04453941736554
10.690000 -0.03542997877826
10.700000 -0.02797661721266
10.710000 -0.01952104360484
10.720000 -0.01266051109990
10.730000 -0.00597316221921
10.740000 -0.00143410100074
10.750000 0.00063088434830
10.760000 0.00002686066610
10.770000 -0.00308909037763
10.780000 -0.00853904282685
10.790000 -0.01323210101410
10.800000 -0.01385540417751
10.810000 -0.00546378984712
10.820000 0.01481884694591
10.830000 0.03988537530237
10.840000 0.05553036865816
10.850000 0.05438287834812
10.860000 0.03483322768053
10.870000 0.00391140246373
10.880000 -0.02342587634321
10.890000 -0.03990868197635
10.900000 -0.05040682241893
10.910000 -0.05761036400647
10.920000 -0.06080235084364
10.930000 -0.06086951416221
10.940000 -0.06030709655196
10.950000 -0.06009568246409
10.960000 -0.05907359709664
10.970000 -0.05609633239139
10.980000 -0.05051772960787
10.990000 -0.04259438770835
11.000000 -0.03676725558516
11.010000 -0.03587133951897
11.020000 -0.03881982173489
11.030000 -0.04485889422569
11.040000 -0.05278495523717
11.050000 -0.05860399267682
11.060000 -0.05688672937070
11.070000 -0.04973972526328
11.080000 -0.03711252015233
11.090000 -0.02155319761913
11.100000 -0.00675066659805
11.110000 0.00765876854621
11.120000 0.02161315591752
11.130000 0.03112494789276
11.140000 0.03884458194338
11.150000 0.05004234864143
11.160000 0.06262832850646
11.170000 0.07211701429523
11.180000 0.07467330533427
11.190000 0.07174596202104
11.200000 0.06209845252650
11.210000 0.04314517704255
11.220000 0.01874069606238
11.230000 -0.00534693820327
11.240000 -0.02821769092275
11.250000 -0.04737151657719
11.260000 -0.05688102800690
11.270000 -0.05652421034650
11.280000 -0.04620282471210
11.290000 -0.02366776453384
11.300000 0.00787493794741
11.310000 0.03836668235250
11.320000 0.05970053409632
11.330000 0.07286629880285
11.340000 0.08171402599614
11.350000 0.08738675766943
11.360000 0.08883851284918
11.370000 0.08393119239826
11.380000 0.07470420547301
11.390000 0.06518549667840
11.400000 0.05745024966230
11.410000 0.04983039574335
11.420000 0.04099479804491
11.430000 0.03088922469331
11.440000 0.02300197054705
11.450000 0.01882045250319
11.460000 0.01800085952905
11.470000 0.02114145890923
11.480000 0.02577577801280
11.490000 0.02984562450907
11.500000 0.03315000966109
11.510000 0.03507055478013
11.520000 0.03456614071497
11.530000 0.03131465920679
11.540000 0.02270479792330
11.550000 0.01114112772113
11.560000 0.00052129386114
11.570000 -0.01300850730950
11.580000 -0.02894294198913
11.590000 -0.04002846073797
11.600000 -0.04435558284188
11.610000 -0.04196411760368
11.620000 -0.03255610298002
11.630000 -0.02283259618564
11.640000 -0.01866875863478
11.650000 -0.01957545090508
11.660000 -0.02365083586903
11.670000 -0.03058531067676
11.680000 -0.03790820498993
11.690000 -0.04232856632024
11.700000 -0.04241158068322
11.710000 -0.03760221091538
11.720000 -0.02709779270739
11.730000 -0.01285554786363
11.740000 -0.00157932789364
11.750000 0.00447337649534
11.760000 0.00826699755436
11.770000 0.01238965622204
11.780000 0.01291227330079
11.790000 0.00607516400320
11.800000 -0.00225600960571
11.810000 -0.00708921232727
11.820000 -0.00805366129240
11.830000 -0.00554994434585
11.840000 0.00172130563570
11.850000 0.01074340308875
11.860000 0.02065329686351
11.870000 0.03225097350789
11.880000 0.04385673230535
11.890000 0.05393198191983
11.900000 0.05833503867124
11.910000 0.05618184031788
11.920000 0.04994631512025
11.930000 0.03503698565131
11.940000 0.01330445194721
11.950000 -0.00828386857901
11.960000 -0.02751746320472
11.970000 -0.03891066764155
11.980000 -0.04177372964427
11.990000 -0.04438856303861
12.000000 -0.04808674326766
12.010000 -0.05339894826146
12.020000 -0.05863233659969
12.030000 -0.06393437938241
12.040000 -0.06776505680001
12.050000 -0.06775434324826
12.060000 -0.06641949735252
12.070000 -0.06626027267171
12.080000 -0.06409544604230
12.090000 -0.05262773543154
12.100000 -0.02779319619451
12.110000 -0.00013696968916
12.120000 0.02478968015485
12.130000 0.04290297559017
12.140000 0.05029993751083
12.150000 0.04479536474338
12.160000 0.02263591793035
12.170000 -0.01604996561196
12.180000 -0.05652760610384
12.190000 -0.08418712724563
12.200000 -0.09488254740605
12.210000 -0.09230154628040
12.220000 -0.07849368270563
12.230000 -0.05567771445352
12.240000 -0.03446500729254
12.250000 -0.01970349977681
12.260000 -0.00293905303734
12.270000 0.01924023577475
12.280000 0.03983893738098
12.290000 0.05357030243712
12.300000 0.05983048759948
12.310000 0.06048266096550
12.320000 0.05586045882630
12.330000 0.04559802905270
12.340000 0.02654726651306
12.350000 0.00368922094308
12.360000 -0.01522031067051
12.370000 -0.02178400887438
12.380000 -0.01472959240893
12.390000 0.00112640867160
12.400000 0.01859231023802
12.410000 0.03316299122789
12.420000 0.03819193241950
12.430000 0.03568922166968
12.440000 0.02985232831045
12.450000 0.01661387434812
12.460000 -0.00321606914724
12.470000 -0.02281274792134
12.480000 -0.03647216301941
12.490000 -0.04527846447926
12.500000 -0.05042952763036
12.510000 -0.05171926383452
12.520000 -0.04816365529181
12.530000 -0.03819209531561
12.540000 -0.02083715644811
12.550000 -0.00006150695170
12.560000 0.01829491206581
12.570000 0.03193109567271
12.580000 0.04058085397231
12.590000 0.03693975003358
12.600000 0.01483234226197
12.610000 -0.01472262546768
12.620000 -0.03884778974367
12.630000 -0.05522854723008
12.640000 -0.06636450112020
12.650000 -0.07096701789121
12.660000 -0.06557317688612
12.670000 -0.04630245447814
12.680000 -0.01608824619745
12.690000 0.01433909284548
12.700000 0.04127794907287
12.710000 0.05898366591428
12.720000 0.06481272772983
12.730000 0.06508577919906
12.740000 0.06367675292161
12.750000 0.05948242873752
12.760000 0.04428920894291
12.770000 0.01775233018938
12.780000 -0.01079646085738
12.790000 -0.03692609182141
12.800000 -0.05663996682728
12.810000 -0.06709475184407
12.820000 -0.07314121731209
12.830000 -0.07923605039387
12.840000 -0.08348101020676
12.850000 -0.08173260868298
12.860000 -0.07085923078927
12.870000 -0.05207645740902
12.880000 -0.03165359588667
12.890000 -0.00958965882118
12.900000 0.01367349934621
12.910000 0.03701742641639
12.920000 0.05814220727020
12.930000 0.07454629649154
12.940000 0.08515317635176
12.950000 0.09016807088664
12.960000 0.08809705988524
12.970000 0.07852401897322
12.980000 0.06550791819897
12.990000 0.05568676145278
13.000000 0.04980639989353
13.010000 0.04843491490384
13.020000 0.04975791950555
13.030000 0.05091621108063
13.040000 0.04639625757569
13.050000 0.03253135530200
13.060000 0.01304468277605
13.070000 -0.00511198061553
13.080000 -0.01432582307788
13.090000 -0.01259995133895
13.100000 -0.00620467518078
13.110000 0.00388561099757
13.120000 0.01792744350600
13.130000 0.03364689291385
13.140000 0.04752094243055
13.150000 0.05797486284491
13.160000 0.06473587835804
13.170000 0.07157599872754
13.180000 0.07701174162392
13.190000 0.07990109255247
13.200000 0.08057087122868
13.210000 0.07973789571270
13.220000 0.07494670765666
13.230000 0.06441356961170
13.240000 0.04942682689982
13.250000 0.03544436375769
13.260000 0.02510344312074
13.270000 0.01676251078188
13.280000 0.01130069573682
13.290000 0.00972252189945
13.300000 0.01145300109215
13.310000 0.01606220788103
13.320000 0.02131035711279
13.330000 0.02422518248661
13.340000 0.02315891468234
13.350000 0.01635738816008
13.360000 0.00188869767678
13.370000 -0.01638887723090
13.380000 -0.03169489631540
13.390000 -0.04063120140030
13.400000 -0.04394874354570
13.410000 -0.04021737010193
13.420000 -0.02650018953770
13.430000 -0.00237785589485
13.440000 0.02143724065083
13.450000 0.03560590657543
13.460000 0.04348980255575
13.470000 0.04648022425438
13.480000 0.04130665637937
13.490000 0.02850985135855
13.500000 0.00945184244817
13.510000 -0.00963867801937
13.520000 -0.02021041993595
13.530000 -0.02142689048270
13.540000 -0.01551384945800
13.550000 -0.00136789125092
13.560000 0.01597027182350
13.570000 0.02913216461484
13.580000 0.03800086781472
13.590000 0.04290687256630
13.600000 0.04262926000604
13.610000 0.03812550839865
13.620000 0.02725174206037
13.630000 0.00988118521521
13.640000 -0.00946326773061
13.650000 -0.02712730196396
13.660000 -0.03783978862437
13.670000 -0.04176540941227
13.680000 -0.03940381681428
13.690000 -0.03328631611248
13.700000 -0.02728677725417
13.710000 -0.02319576679427
13.720000 -0.02218746494369
13.730000 -0.02464039213666
13.740000 -0.02941941310645
13.750000 -0.03333249089400
13.760000 -0.03615536767981
13.770000 -0.03717485924000
13.780000 -0.03688007993599
13.790000 -0.03669642083891
13.800000 -0.03684958077230
13.810000 -0.03729341001557
13.820000 -0.03740632207969
13.830000 -0.03709769660646
13.840000 -0.03647390475472
13.850000 -0.03428265136432
13.860000 -0.03097586036208
13.870000 -0.02856523603544
13.880000 -0.02808712342656
13.890000 -0.02923289706224
13.900000 -0.03002853177795
13.910000 -0.02867942620748
13.920000 -0.02196012462859
13.930000 -0.01142346552159
13.940000 -0.00070561531886
13.950000 0.00855683734714
13.960000 0.01705061134544
13.970000 0.02471998568136
13.980000 0.03091882166317
13.990000 0.03235961268178
14.000000 0.03109853366224
14.010000 0.02831930050303
14.020000 0.02493379308898
14.030000 0.02051255462578
14.040000 0.01255534286616
14.050000 0.00007747615843
14.060000 -0.01328852571998
14.070000 -0.02504670515310
14.080000 -0.03609370523752
14.090000 -0.04718052715522
14.100000 -0.05791722268344
14.110000 -0.06632521809711
14.120000 -0.06927168290739
14.130000 -0.06804226838524
14.140000 -0.06568557520097
14.150000 -0.06343998969316
14.160000 -0.06064846414300
14.170000 -0.05683284835020
14.180000 -0.05104078901222
14.190000 -0.04147262245298
14.200000 -0.02963144118735
14.210000 -0.01990706979054
14.220000 -0.01309846355279
14.230000 -0.00849575506559
14.240000 -0.00502357439136
14.250000 -0.00384557113410
14.260000 -0.00530813509718
14.270000 -0.00679274767506
14.280000 -0.00862361347419
14.290000 -0.01040359804731
14.300000 -0.01138009756533
14.310000 -0.00999656202276
14.320000 -0.00391959613799
14.330000 0.00610171356279
14.340000 0.01409172883951
14.350000 0.01701276932639
14.360000 0.01464904654852
14.370000 0.00619871694235
14.380000 -0.00500678230867
14.390000 -0.01311669538647
14.400000 -0.01627307062823
14.410000 -0.01670093605287
14.420000 -0.01540693948895
14.430000 -0.01317674139815
14.440000 -0.00991578685475
14.450000 -0.00790783293694
14.460000 -0.00730048857998
14.470000 -0.00762830446783
14.480000 -0.00860279911067
14.490000 -0.00982492089934
14.500000 -0.01010259360586
14.510000 -0.00801771513345
14.520000 -0.00459108271724
14.530000 -0.00170603475205
14.540000 0.00051898424493
14.550000 0.00197375701244
14.560000 0.00242835243544
14.570000 0.00231006730583
14.580000 0.00226120599157
14.590000 0.00252648606338
14.600000 0.00483081190791
14.610000 0.01129759193943
14.620000 0.02026143147884
14.630000 0.02847130763319
14.640000 0.03491318460886
14.650000 0.03858542676525
14.660000 0.03882569852527
14.670000 0.03699437035180
14.680000 0.03108601572283
14.690000 0.02023563124135
14.700000 0.00840651807127
14.710000 0.00140697002735
14.720000 0.00012817116912
14.730000 0.00152408230497
14.740000 0.00664999429692
14.750000 0.01688915624099
14.760000 0.02929945891826
14.770000 0.03718680077780
14.780000 0.03811465701173
14.790000 0.03400835937858
14.800000 0.02693493419031
14.810000 0.01615629917939
14.820000 0.00016395894294
14.830000 -0.01588689407690
14.840000 -0.02528368139954
14.850000 -0.02817449839306
14.860000 -0.02547825453589
14.870000 -0.01571835925696
14.880000 -0.00044496613280
14.890000 0.01480275782258
14.900000 0.02538524085794
14.910000 0.03231781103425
14.920000 0.03660311896016
14.930000 0.03799629419321
14.940000 0.03731773165761
14.950000 0.03583434957187
14.960000 0.03402298243693
14.970000 0.03153142380531
14.980000 0.02730587369027
14.990000 0.02088353171715
15.000000 0.01394587417007
15.010000 0.00991673165218
15.020000 0.00991229335974
15.030000 0.01372814472538
15.040000 0.02067332055438
15.050000 0.02631679358049
15.060000 0.02868757101291
15.070000 0.02608172196548
15.080000 0.01450809129280
15.090000 -0.00286826841297
15.100000 -0.01658692130740
15.110000 -0.02352525549986
15.120000 -0.02533686071372
15.130000 -0.02473229060279
15.140000 -0.02550552083836
15.150000 -0.02795639303427
15.160000 -0.03049871259939
15.170000 -0.03310388500145
15.180000 -0.03349592581269
15.190000 -0.03078423188616
15.200000 -0.02691523629165
15.210000 -0.02297836314179
15.220000 -0.01888058622816
15.230000 -0.01576028620919
15.240000 -0.01433336642075
15.250000 -0.01359767747295
15.260000 -0.01137246776221
15.270000 -0.00829978854099
15.280000 -0.00534605981733
15.290000 -0.00243477430125
15.300000 0.00065333644424
15.310000 0.00356098912648
15.320000 0.00691510896652
15.330000 0.00982354881289
15.340000 0.01266346829079
15.350000 0.01618381609125
15.360000 0.02203757546294
15.370000 0.02697648522844
15.380000 0.02774980317730
15.390000 0.02654831907253
15.400000 0.02426362596821
15.410000 0.02003233689797
15.420000 0.01616381746132
15.430000 0.01518651599323
15.440000 0.01557942140690
15.450000 0.01556751746051
15.460000 0.01518680419404
15.470000 0.01390954833788
15.480000 0.01266687657860
15.490000 0.01314576607660
15.500000 0.01497878586350
15.510000 0.01678185782738
15.520000 0.01903533753122
15.530000 0.02115099459681
15.540000 0.02250310748005
15.550000 0.02340953661048
15.560000 0.02513589703773
15.570000 0.02617810633982
15.580000 0.02479722349772
15.590000 0.02138176826065
15.600000 0.01774190483844
15.610000 0.01372085199190
15.620000 0.00976101675598
15.630000 0.00607497604615
15.640000 0.00241582447165
15.650000 -0.00063672154239
15.660000 -0.00326994139641
15.670000 -0.00533499541242
15.680000 -0.00690264365508
15.690000 -0.00833315342315
15.700000 -0.00703330638284
15.710000 -0.00265534064433
15.720000 0.00333247220027
15.730000 0.00807500820089
15.740000 0.00854390840831
15.750000 0.00617002843155
15.760000 0.00160430237316
15.770000 -0.00268596385968
15.780000 -0.00524955139133
15.790000 -0.00757409389598
15.800000 -0.00921811284648
15.810000 -0.00724985545727
15.820000 -0.00136050453892
15.830000 0.00614438231884
15.840000 0.01371516315858
15.850000 0.02225833728135
15.860000 0.03210962980761
15.870000 0.04325775078398
15.880000 0.05417331876979
15.890000 0.06230566890696
15.900000 0.06745084273721
15.910000 0.06882261592770
15.920000 0.06571173882209
15.930000 0.06058469658176
15.940000 0.05545749144532
15.950000 0.05161997239117
15.960000 0.04975943569240
15.970000 0.04759305528473
15.980000 0.04514363662332
15.990000 0.04100855650084
16.000000 0.03439199224453
16.010000 0.02802103772840
16.020000 0.02274821600144
16.030000 0.01663362236866
16.040000 0.00866931209786
16.050000 0.00075074881833
16.060000 -0.00599940603533
16.070000 -0.01155422473397
16.080000 -0.01686031109932
16.090000 -0.02188361357949
16.100000 -0.02716152267721
16.110000 -0.03192217397815
16.120000 -0.03570762892994
16.130000 -0.03826695234269
16.140000 -0.03767516331104
16.150000 -0.03389646228252
16.160000 -0.02782549974587
16.170000 -0.01921012505562
16.180000 -0.00721415364248
16.190000 0.00734767331737
16.200000 0.02034423282383
16.210000 0.02755322516577
16.220000 0.03026682372373
16.230000 0.03043355415600
16.240000 0.02770075891818
16.250000 0.02244139491588
16.260000 0.01582455498923
16.270000 0.01165240848379
16.280000 0.01068842189299
16.290000 0.01000626060645
16.300000 0.00821886551344
16.310000 0.00377449329673
16.320000 -0.00542001966277
16.330000 -0.01791797047077
16.340000 -0.03052515189085
16.350000 -0.03957013374104
16.360000 -0.04566328773986
16.370000 -0.05040385269757
16.380000 -0.05278162213218
16.390000 -0.05444764834695
16.400000 -0.05584168818242
16.410000 -0.05567456930558
16.420000 -0.05493098616176
16.430000 -0.05395369722414
16.440000 -0.05291430727778
16.450000 -0.05274948147693
16.460000 -0.05414551365712
16.470000 -0.05658468239416
16.480000 -0.05941812236608
16.490000 -0.06140134489548
16.500000 -0.06253517699335
16.510000 -0.06189956890851
16.520000 -0.05935856504273
16.530000 -0.05478508137044
16.540000 -0.05005606950596
16.550000 -0.04578054787702
16.560000 -0.04408588953858
16.570000 -0.04442170613145
16.580000 -0.04495779722448
16.590000 -0.04502988501772
16.600000 -0.04559645021350
16.610000 -0.04560974504204
16.620000 -0.04508410436090
16.630000 -0.04572923560285
16.640000 -0.04650682644194
16.650000 -0.04561839106626
16.660000 -0.04160409214299
16.670000 -0.03514440936962
16.680000 -0.02686643011146
16.690000 -0.01832220342921
16.700000 -0.01070424787646
16.710000 -0.00424249506946
16.720000 0.00050224829874
16.730000 0.00273598048326
16.740000 0.00384082709820
16.750000 0.00520405826737
16.760000 0.00583053414576
16.770000 0.00566228502054
16.780000 0.00362217039874
16.790000 -0.00212349362146
16.800000 -0.01239293168686
16.810000 -0.02260619565578
16.820000 -0.02952904218746
16.830000 -0.03279725187293
16.840000 -0.03286578101272
16.850000 -0.03020853197783
16.860000 -0.02578622842469
16.870000 -0.02086156580344
16.880000 -0.01545653508875
16.890000 -0.00955220023451
16.900000 -0.00367312430147
16.910000 0.00080341187716
16.920000 0.00246719438598
16.930000 0.00289713736253
16.940000 0.00301702012705
16.950000 0.00389299269738
16.960000 0.00577111089843
16.970000 0.00682246994963
16.980000 0.00829513096534
16.990000 0.01060385625785
17.000000 0.01183015069299
17.010000 0.01158702198584
17.020000 0.00957243694338
17.030000 0.00384500099772
17.040000 -0.00101721076406
17.050000 -0.00264853033395
17.060000 -0.00143084057247
17.070000 0.00159566261418
17.080000 0.00376677202119
17.090000 0.00442596996863
17.100000 0.00400333225603
17.110000 0.00207441177092
17.120000 -0.00118696968559
17.130000 -0.00421563600726
17.140000 -0.00579699759617
17.150000 -0.00532876776889
17.160000 -0.00366938896840
17.170000 -0.00126232705434
17.180000 -0.00012957821559
17.190000 -0.00013350501424
17.200000 -0.00154226777591
17.210000 -0.00526361684378
17.220000 -0.01009805632272
17.230000 -0.01499533861422
17.240000 -0.01940511169748
17.250000 -0.02311311581492
17.260000 -0.02784726517205
17.270000 -0.03341312446770
17.280000 -0.04009407027828
17.290000 -0.04644437458004
17.300000 -0.04986138359538
17.310000 -0.04894053189411
17.320000 -0.04396035929129
17.330000 -0.03666920465833
17.340000 -0.02786815346535
17.350000 -0.01986779929793
17.360000 -0.01433385510907
17.370000 -0.00969528692316
17.380000 -0.00543922386091
17.390000 -0.00087268106650
17.400000 0.00273660450067
17.410000 0.00650958411664
17.420000 0.01216638705661
17.430000 0.01849522415736
17.440000 0.02434239250190
17.450000 0.02956424027736
17.460000 0.03402122817115
17.470000 0.03706432796516
17.480000 0.03898013656658
17.490000 0.04029379343775
17.500000 0.03827220260957
17.510000 0.03262235157430
17.520000 0.02508977237809
17.530000 0.01656397801705
17.540000 0.00847138956691
17.550000 0.00586902273706
17.560000 0.00801851958961
17.570000 0.01230127881795
17.580000 0.01608574010348
17.590000 0.01733532868213
17.600000 0.01563884089508
17.610000 0.01041982751190
17.620000 0.00152967590673
17.630000 -0.00870757388765
17.640000 -0.01773050211085
17.650000 -0.02275458148014
17.660000 -0.02500091881615
17.670000 -0.02560655401703
17.680000 -0.02552422882989
17.690000 -0.02560081506182
17.700000 -0.02592570508496
17.710000 -0.02553292497599
17.720000 -0.02315244895988
17.730000 -0.01936297172726
17.740000 -0.01527639705370
17.750000 -0.00959007483278
17.760000 -0.00471671696743
17.770000 -0.00081104518880
17.780000 0.00189879472941
17.790000 0.00160290021358
17.800000 -0.00095731436619
17.810000 -0.00529194823618
17.820000 -0.01102606793447
17.830000 -0.01595553599092
17.840000 -0.01808193166920
17.850000 -0.01786371353618
17.860000 -0.01763161164253
17.870000 -0.01785441592752
17.880000 -0.01727834010510
17.890000 -0.01516070322527
17.900000 -0.01171958683893
17.910000 -0.00749599398329
17.920000 -0.00443195828019
17.930000 -0.00059155245638
17.940000 0.00378493243119
17.950000 0.00680481577061
17.960000 0.00994633864642
17.970000 0.01198311891019
17.980000 0.01248952281396
17.990000 0.01194519544308
18.000000 0.00943517316409
18.010000 0.00536714107986
18.020000 0.00265411641742
18.030000 0.00017187268650
18.040000 -0.00173862525117
18.050000 -0.00188678928622
18.060000 -0.00160560178289
18.070000 -0.00163504838712
18.080000 -0.00169439895772
18.090000 -0.00176830742823
18.100000 -0.00301030880738
18.110000 -0.00713711380754
18.120000 -0.01313834803843
18.130000 -0.01963820349825
18.140000 -0.02528537301297
18.150000 -0.02746415858584
18.160000 -0.02544757994562
18.170000 -0.02093988124021
18.180000 -0.01595393209077
18.190000 -0.01073301282312
18.200000 -0.00649448615348
18.210000 -0.00373905336876
18.220000 -0.00281441495950
18.230000 -0.00272061060891
18.240000 -0.00225438064462
18.250000 -0.00331669759173
18.260000 -0.00522716320079
18.270000 -0.00566466580982
18.280000 -0.00562300951574
18.290000 -0.00534420280169
18.300000 -0.00509753548985
18.310000 -0.00382864622843
18.320000 -0.00110443248291
18.330000 0.00199714388143
18.340000 0.00588725832988
18.350000 0.01179227233558
18.360000 0.01843065464605
18.370000 0.02382866829761
18.380000 0.02752000689011
18.390000 0.02846224810346
18.400000 0.02717940365774
18.410000 0.02527304303061
18.420000 0.02370130860172
18.430000 0.02269390894497
18.440000 0.02237181321661
18.450000 0.02318348693378
18.460000 0.02533067066160
18.470000 0.02938383910245
18.480000 0.03437825884953
18.490000 0.03997018152254
18.500000 0.04731043053650
18.510000 0.05483327355761
18.520000 0.06240606303167
18.530000 0.07088773760826
18.540000 0.07864411099658
18.550000 0.08490814301319
18.560000 0.08976367503209
18.570000 0.09199225669227
18.580000 0.09090855900440
18.590000 0.08675074860955
18.600000 0.07928324014345
18.610000 0.07029245257550
18.620000 0.06346323371480
18.630000 0.05993862555457
18.640000 0.05875236597071
18.650000 0.05967589919252
18.660000 0.06240741632242
18.670000 0.06630859016358
18.680000 0.06934232969659
18.690000 0.07063334400868
18.700000 0.06965253400903
18.710000 0.06724669632187
18.720000 0.06374939205552
18.730000 0.05852304584137
18.740000 0.05364683854716
18.750000 0.05066546384780
18.760000 0.04984684825031
18.770000 0.05047330909213
18.780000 0.05291218962837
18.790000 0.05627470363018
18.800000 0.05962226878142
18.810000 0.06272120434924
18.820000 0.06686162245189
18.830000 0.07162633362507
18.840000 0.07554887191738
18.850000 0.07841619427987
18.860000 0.08060113231345
18.870000 0.08254484627130
18.880000 0.08368835189192
18.890000 0.08363406989638
18.900000 0.08236858015144
18.910000 0.07897965191912
18.920000 0.07355670263249
18.930000 0.06766660489814
18.940000 0.06166032464703
18.950000 0.05538956376808
18.960000 0.04787039217466
18.970000 0.03884040929691
18.980000 0.03076835578081
18.990000 0.02551243765773
19.000000 0.02138743203304
19.010000 0.01859257337789
19.020000 0.01754688060517
19.030000 0.01884429798738
19.040000 0.02127003406070
19.050000 0.02262148282904
19.060000 0.02300783480696
19.070000 0.02327780378060
19.080000 0.02248993795621
19.090000 0.02171011669348
19.100000 0.02181042310490
19.110000 0.02347540929066
19.120000 0.02520282227738
19.130000 0.02677760161045
19.140000 0.02690384609453
19.150000 0.02432310810874
19.160000 0.01821454163197
19.170000 0.00946951918204
19.180000 0.00001267104923
19.190000 -0.01090337082642
19.200000 -0.02311366715559
19.210000 -0.03662982139148
19.220000 -0.04979690179736
19.230000 -0.06200691744400
19.240000 -0.07168303400129
19.250000 -0.07707567208127
19.260000 -0.07942631304858
19.270000 -0.08084452416046
19.280000 -0.08190140664278
19.290000 -0.08249172960946
19.300000 -0.08405011908792
19.310000 -0.08676604831328
19.320000 -0.08960030276575
19.330000 -0.09172419235005
19.340000 -0.09242935707321
19.350000 -0.09121446536566
19.360000 -0.08834391014194
19.370000 -0.08347077281286
19.380000 -0.07845201889327
19.390000 -0.07573149098546
19.400000 -0.07421764732743
19.410000 -0.07187285808955
19.420000 -0.06924155965779
19.430000 -0.06657471228296
19.440000 -0.06332501010151
19.450000 -0.05891704140591
19.460000 -0.05301962587715
19.470000 -0.04707038432495
19.480000 -0.04295676889738
19.490000 -0.04009599997064
19.500000 -0.03819592963939
19.510000 -0.03726065536729
19.520000 -0.03795010688122
19.530000 -0.03875283384289
19.540000 -0.03865237706584
19.550000 -0.03767422352580
19.560000 -0.03568978554083
19.570000 -0.03389718904977
19.580000 -0.03217991321318
19.590000 -0.02986403176932
19.600000 -0.02636696558190
19.610000 -0.02197234183673
19.620000 -0.01591077715249
19.630000 -0.00921013469631
19.640000 -0.00411891706937
19.650000 -0.00120745362063
19.660000 0.00228442871140
19.670000 0.00564627734527
19.680000 0.00802114722915
19.690000 0.00959346808403
19.700000 0.00921603654762
19.710000 0.00786214057851
19.720000 0.00447571844016
19.730000 -0.00117897073484
19.740000 -0.00645264942063
19.750000 -0.01010228660935
19.760000 -0.01252111338158
19.770000 -0.01422091798401
19.780000 -0.01503967141667
19.790000 -0.01644198136226
19.800000 -0.01873255125696
19.810000 -0.02106152704184
19.820000 -0.02349747544812
19.830000 -0.02652810742460
19.840000 -0.02854405954133
19.850000 -0.02878705041331
19.860000 -0.02784008521281
19.870000 -0.02658493310553
19.880000 -0.02607886501834
19.890000 -0.02742010145373
19.900000 -0.03020795557622
19.910000 -0.03502455542518
19.920000 -0.04015130946471
19.930000 -0.04389966169517
19.940000 -0.04694326270798
19.950000 -0.04847209280799
19.960000 -0.04801529452839
19.970000 -0.04580938048823
19.980000 -0.04298773168846
19.990000 -0.04133478728426
20.000000 -0.04134858333160
20.010000 -0.04244315746733
20.020000 -0.04434173667266
20.030000 -0.04756087703806
20.040000 -0.05168293800233
20.050000 -0.05513923004075
20.060000 -0.05807998095676
20.070000 -0.06044464351987
20.080000 -0.06187668827050
20.090000 -0.06361066722344
20.100000 -0.06617556669530
20.110000 -0.06851261210279
20.120000 -0.07058223222203
20.130000 -0.07233397938126
20.140000 -0.07438913933826
20.150000 -0.07608483770570
20.160000 -0.07621427745960
20.170000 -0.07557358200399
20.180000 -0.07378806522842
20.190000 -0.07204052830706
20.200000 -0.07049124848020
20.210000 -0.06835506650494
20.220000 -0.06511392263442
20.230000 -0.06059864299474
20.240000 -0.05632769498732
20.250000 -0.05278273734400
20.260000 -0.04971763404487
20.270000 -0.04578311662335
20.280000 -0.04158058498149
20.290000 -0.03698577444946
20.300000 -0.03202508672730
20.310000 -0.02779761945038
20.320000 -0.02351236164635
20.330000 -0.02000604797215
20.340000 -0.01710132215706
20.350000 -0.01257002857687
20.360000 -0.00585411398399
20.370000 0.00159566261418
20.380000 0.00879375595341
20.390000 0.01665225517738
20.400000 0.02556603047742
20.410000 0.03550987305424
20.420000 0.04588668095694
20.430000 0.05478161043028
20.440000 0.06026805160781
20.450000 0.06352614920408
20.460000 0.06449678446219
20.470000 0.06243890539323
20.480000 0.05836032515946
20.490000 0.05366317827989
20.500000 0.04990401225392
20.510000 0.04771198197439
20.520000 0.04748568168829
20.530000 0.04775240527023
20.540000 0.04773230639654
20.550000 0.04765496833642
20.560000 0.04720142797899
20.570000 0.04574509917772
20.580000 0.04360763909454
20.590000 0.04019286050284
20.600000 0.03600046601112
20.610000 0.03140381350001
20.620000 0.02745090134870
20.630000 0.02330912995531
20.640000 0.01899866084587
20.650000 0.01643165625508
20.660000 0.01603977833994
20.670000 0.01836713769422
20.680000 0.02275686202566
20.690000 0.02813574164971
20.700000 0.03358055660628
20.710000 0.03696884578465
20.720000 0.03775687450515
20.730000 0.03625807994145
20.740000 0.03283055786188
20.750000 0.02917311419042
20.760000 0.02788414234492
20.770000 0.02877022199226
20.780000 0.03150042342281
20.790000 0.03394816300126
20.800000 0.03452893774988
20.810000 0.03434069250082
20.820000 0.03311558846032
20.830000 0.02982285664529
20.840000 0.02512900527930
20.850000 0.01826911182832
20.860000 0.00985592253488
20.870000 0.00295947895629
20.880000 -0.00246663552703
20.890000 -0.00587319914267
20.900000 -0.00726494339606
20.910000 -0.00671822019934
20.920000 -0.00312944851503
20.930000 0.00274231463579
20.940000 0.00864472105071
20.950000 0.01440227147463
20.960000 0.01981647449328
20.970000 0.02415546295217
20.980000 0.02626777438231
20.990000 0.02739431374671
21.000000 0.02921194611659
21.010000 0.03078866767249
21.020000 0.03112340664496
21.030000 0.03104169545085
21.040000 0.03195015451740
21.050000 0.03385245527229
21.060000 0.03604147823904
21.070000 0.03819120565225
21.080000 0.03974849244936
21.090000 0.04139218936679
21.100000 0.04223188121462
21.110000 0.04073568045819
21.120000 0.03863033596931
21.130000 0.03748046486999
21.140000 0.03820988858284
21.150000 0.04040362300628
21.160000 0.04511303721586
21.170000 0.05149643448859
21.180000 0.05807005682461
21.190000 0.06312096392993
21.200000 0.06732561322120
21.210000 0.07123844039935
21.220000 0.07411210317960
21.230000 0.07584535536529
21.240000 0.07689181249667
21.250000 0.07616954368212
21.260000 0.07366143229978
21.270000 0.07058639233803
21.280000 0.06614393978931
21.290000 0.06030299908831
21.300000 0.05366221343371
21.310000 0.04658031764781
21.320000 0.03990306832584
21.330000 0.03461255357542
21.340000 0.03070200694278
21.350000 0.02754559410961
21.360000 0.02397206699496
21.370000 0.02011845881747
21.380000 0.01564422899713
21.390000 0.01065277395922
21.400000 0.00806806381449
21.410000 0.00834024566911
21.420000 0.01051307926877
21.430000 0.01385455210556
21.440000 0.01694995408087
21.450000 0.01865436112488
21.460000 0.01930270016712
21.470000 0.01887886955379
21.480000 0.01649330616690
21.490000 0.01238231086059
21.500000 0.00682727789092
21.510000 0.00079227078577
21.520000 -0.00435721277429
21.530000 -0.00870725310762
21.540000 -0.01335666641521
21.550000 -0.01740108858808
21.560000 -0.01987860056297
21.570000 -0.02077435373305
21.580000 -0.02178908371469
21.590000 -0.02260201047884
21.600000 -0.02261164641018
21.610000 -0.02271106315824
21.620000 -0.02224444099025
21.630000 -0.02034485934733
21.640000 -0.01835383033520
21.650000 -0.01740722851832
21.660000 -0.01694544311171
21.670000 -0.01658346289772
21.680000 -0.01763059667447
21.690000 -0.02056790171125
21.700000 -0.02392093014737
21.710000 -0.02738336211603
21.720000 -0.03113959601205
21.730000 -0.03484574561995
21.740000 -0.03969418539289
21.750000 -0.04443169291595
21.760000 -0.04841505410908
21.770000 -0.05215697820849
21.780000 -0.05678410482235
21.790000 -0.06165264346899
21.800000 -0.06586539997427
21.810000 -0.06936041116463
21.820000 -0.07156646303996
21.830000 -0.07105011996748
21.840000 -0.06852540571254
21.850000 -0.06621056429768
21.860000 -0.06331264252774
21.870000 -0.05936000604676
21.880000 -0.05576341033706
21.890000 -0.05341081461644
21.900000 -0.05083607872573
21.910000 -0.04910431766596
21.920000 -0.04916629337000
21.930000 -0.05056438054725
21.940000 -0.05208074282972
21.950000 -0.05222129711040
21.960000 -0.05213819503414
21.970000 -0.05264688198953
21.980000 -0.05243075644498
21.990000 -0.05109364253418
22.000000 -0.04963405581075
22.010000 -0.04947009461233
22.020000 -0.04979635045668
22.030000 -0.05103590212896
22.040000 -0.05265744517564
22.050000 -0.05330295233168
22.060000 -0.05284813386632
22.070000 -0.05195815724285
22.080000 -0.05024227228842
22.090000 -0.04827273303214
22.100000 -0.04695035495393
22.110000 -0.04631237861029
22.120000 -0.04564396575530
22.130000 -0.04541390632823
22.140000 -0.04672728752907
22.150000 -0.04779228975587
22.160000 -0.04722366956303
22.170000 -0.04491089567570
22.180000 -0.04119893192978
22.190000 -0.03776469351836
22.200000 -0.03497298001114
22.210000 -0.03167554926990
22.220000 -0.02607033176835
22.230000 -0.01968297486715
22.240000 -0.01295770878459
22.250000 -0.00606116746834
22.260000 0.00037791333297
22.270000 0.00599262705113
22.280000 0.01065856053022
22.290000 0.01285868048110
22.300000 0.01401360135979
22.310000 0.01364271198171
22.320000 0.01160774738303
22.330000 0.00876437450763
22.340000 0.00758985472099
22.350000 0.00811809672768
22.360000 0.00929477802037
22.370000 0.01206065495173
22.380000 0.01634409333153
22.390000 0.02071880616006
22.400000 0.02511643721801
22.410000 0.02890092732361
22.420000 0.03075066275734
22.430000 0.03079300321507
22.440000 0.03086061763056
22.450000 0.03037547542809
22.460000 0.02887447550169
22.470000 0.02816335880533
22.480000 0.02821811695872
22.490000 0.02876498425585
22.500000 0.02840626196402
22.510000 0.02738306138475
22.520000 0.02717431628696
22.530000 0.02734414174529
22.540000 0.02727949705117
22.550000 0.02718397727924
22.560000 0.02718875138827
22.570000 0.02652684184715
22.580000 0.02413391054397
22.590000 0.01976444798233
22.600000 0.01510598266329
22.610000 0.01109695154956
22.620000 0.00722569921743
22.630000 0.00479024325861
22.640000 0.00399407850402
22.650000 0.00322629651676
22.660000 0.00317333272665
22.670000 0.00390077537222
22.680000 0.00453332852850
22.690000 0.00536953690570
22.700000 0.00675947301229
22.710000 0.00826328352308
22.720000 0.00971908479156
22.730000 0.00998578581866
22.740000 0.01002135481047
22.750000 0.01013570913167
22.760000 0.00910414070461
22.770000 0.00733391110230
22.780000 0.00593814832721
22.790000 0.00437586813785
22.800000 0.00479355004962
22.810000 0.00798289170459
22.820000 0.01212634343400
22.830000 0.01716581648555
22.840000 0.02216118854834
22.850000 0.02560612798105
22.860000 0.02831035374754
22.870000 0.03052260820546
22.880000 0.03244037156018
22.890000 0.03393268787095
22.900000 0.03450169650836
22.910000 0.03431660893771
22.920000 0.03275206699853
22.930000 0.03048183405646
22.940000 0.03017551418969
22.950000 0.03112254204254
22.960000 0.03264609681473
22.970000 0.03464319057428
22.980000 0.03680422047132
22.990000 0.03927854970685
23.000000 0.03985473830350
23.010000 0.03807588773791
23.020000 0.03632650883748
23.030000 0.03479573651464
23.040000 0.03389453259015
23.050000 0.03394043170134
23.060000 0.03468781157754
23.070000 0.03618559117317
23.080000 0.03758838980710
23.090000 0.03915390912292
23.100000 0.03973078689542
23.110000 0.03954256670730
23.120000 0.03922579642864
23.130000 0.03776672345448
23.140000 0.03577361438435
23.150000 0.03383265712987
23.160000 0.03320402851676
23.170000 0.03383634108802
23.180000 0.03489514073223
23.190000 0.03633289937712
23.200000 0.03798262345057
23.210000 0.03907985404591
23.220000 0.03938287839910
23.230000 0.03913879737624
23.240000 0.03741097088402
23.250000 0.03400109170604
23.260000 0.02983409647677
23.270000 0.02651026403549
23.280000 0.02431173044209
23.290000 0.02200797849308
23.300000 0.02039515665344
23.310000 0.01811072668899
23.320000 0.01492297515064
23.330000 0.01240264029493
23.340000 0.01213019530044
23.350000 0.01371984955431
23.360000 0.01564292582826
23.370000 0.01676269873893
23.380000 0.01608407355098
23.390000 0.01323495796123
23.400000 0.00925927669310
23.410000 0.00591430284303
23.420000 0.00451125861189
23.430000 0.00493688609461
23.440000 0.00677819478734
23.450000 0.01000418556063
23.460000 0.01345356453882
23.470000 0.01602144626250
23.480000 0.01632732756283
23.490000 0.01420977839629
23.500000 0.01080043802852
23.510000 0.00632525589246
23.520000 0.00152997789105
23.530000 -0.00316777922240
23.540000 -0.00614088130555
23.550000 -0.00628606308876
23.560000 -0.00426528172894
23.570000 -0.00186349639575
23.580000 0.00039229117003
23.590000 0.00312686849128
23.600000 0.00631730280323
23.610000 0.00945197777725
23.620000 0.01128714528668
23.630000 0.01161193005387
23.640000 0.00951639441682
23.650000 0.00608696895888
23.660000 0.00360476306998
23.670000 0.00217607523223
23.680000 0.00190518150991
23.690000 0.00210119314420
23.700000 0.00366797678444
23.710000 0.00605244876740
23.720000 0.00776787385358
23.730000 0.00889408617272
23.740000 0.00999441430022
23.750000 0.01024086107579
23.760000 0.01026410760352
23.770000 0.01049413319831
23.780000 0.01053171834273
23.790000 0.01047513449987
23.800000 0.01011969895030
23.810000 0.01009347267683
23.820000 0.01038599148408
23.830000 0.01040065714603
23.840000 0.00970496921724
23.850000 0.00848693110870
23.860000 0.00685908774177
23.870000 0.00467883485088
23.880000 0.00204330613248
23.890000 -0.00100088581729
23.900000 -0.00320378803371
23.910000 -0.00497024345849
23.920000 -0.00646790777381
23.930000 -0.00771762416326
23.940000 -0.00897252064895
23.950000 -0.01019048608077
23.960000 -0.01163942441089
23.970000 -0.01248419109903
23.980000 -0.01502615103966
23.990000 -0.01842361252198
24.000000 -0.02157605319620
24.010000 -0.02560310813781
24.020000 -0.03014488972129
24.030000 -0.03444175074043
24.040000 -0.03764496487862
24.050000 -0.03961365206295
24.060000 -0.04023037672967
24.070000 -0.04003619203789
24.080000 -0.03928126881882
24.090000 -0.03807393298461
24.100000 -0.03743965312958
24.110000 -0.03774177528894
24.120000 -0.03951719250578
24.130000 -0.04227737935077
24.140000 -0.04605189520235
24.150000 -0.04984343996250
24.160000 -0.05168038178648
24.170000 -0.05152375091293
24.180000 -0.05087427159793
24.190000 -0.04950091956824
24.200000 -0.04744747628562
24.210000 -0.04589649231486
24.220000 -0.04579092310609
24.230000 -0.04599916698508
24.240000 -0.04637920360618
24.250000 -0.04684621421873
24.260000 -0.04821446634719
24.270000 -0.05042103197178
24.280000 -0.05239087195934
24.290000 -0.05499950277108
24.300000 -0.05722698174991
24.310000 -0.05821972075690
24.320000 -0.05772439128241
24.330000 -0.05632359752367
24.340000 -0.05399239131514
24.350000 -0.05160325674434
24.360000 -0.04999379307063
24.370000 -0.04844203221074
24.380000 -0.04670717612491
24.390000 -0.04570259582388
24.400000 -0.04575415870745
24.410000 -0.04518115285015
24.420000 -0.04475965290421
24.430000 -0.04566951538339
24.440000 -0.04599837756548
24.450000 -0.04561860408425
24.460000 -0.04500951047369
24.470000 -0.04444784469163
24.480000 -0.04380242524887
24.490000 -0.04320259165555
24.500000 -0.04317902184170
24.510000 -0.04379193724558
24.520000 -0.04468088637052
24.530000 -0.04538409634038
24.540000 -0.04562857833828
24.550000 -0.04471248821557
24.560000 -0.04374892014247
24.570000 -0.04296879814847
24.580000 -0.04273916475738
24.590000 -0.04181387726978
24.600000 -0.03929872376337
24.610000 -0.03605251758301
24.620000 -0.03265772509078
24.630000 -0.02949556077193
24.640000 -0.02620792885814
24.650000 -0.02223603304496
24.660000 -0.01881927463902
24.670000 -0.01621029297412
24.680000 -0.01464250564324
24.690000 -0.01494588084959
24.700000 -0.01601154719130
24.710000 -0.01737733081718
24.720000 -0.01760373134704
24.730000 -0.01672539553009
24.740000 -0.01485364406078
24.750000 -0.01263745503531
24.760000 -0.01015517772273
24.770000 -0.00814413379105
24.780000 -0.00586072881904
24.790000 -0.00332859652593
24.800000 -0.00025677752147
24.810000 0.00256249863382
24.820000 0.00539596742583
24.830000 0.00849433035117
24.840000 0.01181301402238
24.850000 0.01544771363795
24.860000 0.01907779076318
24.870000 0.02233374564911
24.880000 0.02488528764007
24.890000 0.02753533165478
24.900000 0.03047986677269
24.910000 0.03346579003262
24.920000 0.03616759741842
24.930000 0.03915085168827
24.940000 0.04140430633117
24.950000 0.04183401373488
24.960000 0.04162876463819
24.970000 0.04167554088227
24.980000 0.04148926291698
24.990000 0.04134335812566
25.000000 0.04237484134552
25.010000 0.04527560753213
25.020000 0.04923539891141
25.030000 0.05339729423944
25.040000 0.05720491559245
25.050000 0.06133015929607
25.060000 0.06494311979944
25.070000 0.06840094055519
25.080000 0.07061674113609
25.090000 0.07181624542662
25.100000 0.07251510732343
25.110000 0.07159710003883
25.120000 0.07026997291253
25.130000 0.06894112911186
25.140000 0.06707759763080
25.150000 0.06435820999575
25.160000 0.06104298598728
25.170000 0.05806595936096
25.180000 0.05597223061766
25.190000 0.05487388481050
25.200000 0.05402492041496
25.210000 0.05292309113717
25.220000 0.05107182698612
25.230000 0.04881546527420
25.240000 0.04693823798956
25.250000 0.04518463632078
25.260000 0.04402678331214
25.270000 0.04313848577163
25.280000 0.04272822565718
25.290000 0.04333565271525
25.300000 0.04360191266980
25.310000 0.04245949720006
25.320000 0.04074522867624
25.330000 0.03907407749930
25.340000 0.03705931577721
25.350000 0.03478286772207
25.360000 0.03259175216684
25.370000 0.03020353232035
25.380000 0.02798611530883
25.390000 0.02609148320152
25.400000 0.02471944687116
25.410000 0.02294473136063
25.420000 0.02016693920545
25.430000 0.01719877162134
25.440000 0.01538546226357
25.450000 0.01420178395650
25.460000 0.01335600230031
25.470000 0.01168403538977
25.480000 0.00928729231766
25.490000 0.00652526349360
25.500000 0.00358215684926
25.510000 0.00001675321317
25.520000 -0.00340129204696
25.530000 -0.00564696150892
25.540000 -0.00620988033797
25.550000 -0.00504307054945
25.560000 -0.00302972101132
25.570000 -0.00090693009861
25.580000 0.00109572919444
25.590000 0.00388469627327
25.600000 0.00586589889091
25.610000 0.00581835954122
25.620000 0.00551889008234
25.630000 0.00550922157178
25.640000 0.00425052710065
25.650000 0.00247308495988
25.660000 0.00045218644016
25.670000 -0.00197707382782
25.680000 -0.00442914769580
25.690000 -0.00602229544467
25.700000 -0.00756117874067
25.710000 -0.00828504519013
25.720000 -0.00705871942881
25.730000 -0.00500225003771
25.740000 -0.00286912424406
25.750000 -0.00102805500861
25.760000 -0.00160692374746
25.770000 -0.00347851106762
25.780000 -0.00547520510518
25.790000 -0.00793462057546
25.800000 -0.00926849160065
25.810000 -0.00906573982661
25.820000 -0.00878222040283
25.830000 -0.00840316992972
25.840000 -0.00820453566808
25.850000 -0.00933729139859
25.860000 -0.01102874694894
25.870000 -0.01128261176268
25.880000 -0.01100491775436
25.890000 -0.01117894342619
25.900000 -0.01260964992264
25.910000 -0.01386669413088
25.920000 -0.01464048823759
25.930000 -0.01630143961205
25.940000 -0.01695662029085
25.950000 -0.01665393426034
25.960000 -0.01590421118627
25.970000 -0.01433879211421
25.980000 -0.01252924690959
25.990000 -0.01098255713085
26.000000 -0.00994528232781
26.010000 -0.00928611570654
26.020000 -0.01033810879951
26.030000 -0.01240422414632
26.040000 -0.01557600058862
26.050000 -0.01950487929869
26.060000 -0.02229272089071
26.070000 -0.02327188939881
26.080000 -0.02304213070303
26.090000 -0.02229922420458
26.100000 -0.02195773130885
26.110000 -0.02119744504867
26.120000 -0.01952729630931
26.130000 -0.01771947529735
26.140000 -0.01642161934870
26.150000 -0.01622337478468
26.160000 -0.01540553607632
26.170000 -0.01377232716218
26.180000 -0.01290358968517
26.190000 -0.01248886872343
26.200000 -0.01133260583142
26.210000 -0.00998617301018
26.220000 -0.00863995320692
26.230000 -0.00606556315718
26.240000 -0.00239457530082
26.250000 0.00111116748517
26.260000 0.00329785552417
26.270000 0.00553919696183
26.280000 0.00626990379480
26.290000 0.00597347548096
26.300000 0.00589190588116
26.310000 0.00573813947303
26.320000 0.00473360553474
26.330000 0.00350950518487
26.340000 0.00246074620618
26.350000 0.00137968868832
26.360000 -0.00011534892725
26.370000 -0.00213242032820
26.380000 -0.00322469386966
26.390000 -0.00351323425271
26.400000 -0.00329142864616
26.410000 -0.00212276810725
26.420000 -0.00019898874863
26.430000 0.00173682963484
26.440000 0.00329398486202
26.450000 0.00340139980900
26.460000 0.00292853496092
26.470000 0.00169088666701
26.480000 -0.00050448974920
26.490000 -0.00325336984999
26.500000 -0.00617424117552
26.510000 -0.00828138002769
26.520000 -0.00898624401957
26.530000 -0.00832244738968
26.540000 -0.00771857647897
26.550000 -0.00750146603948
26.560000 -0.00815090651003
26.570000 -0.00897677474348
26.580000 -0.00985661421682
26.590000 -0.01153991869650
26.600000 -0.01356329386359
26.610000 -0.01545574566915
26.620000 -0.01630601323356
26.630000 -0.01525607263155
26.640000 -0.01384169584346
26.650000 -0.01338641375071
26.660000 -0.01322108673107
26.670000 -0.01312024150945
26.680000 -0.01372052619969
26.690000 -0.01525597238779
26.700000 -0.01611786822826
26.710000 -0.01650815477372
26.720000 -0.01655178586985
26.730000 -0.01688820392528
26.740000 -0.01880234597421
26.750000 -0.02090329226815
26.760000 -0.02250493692866
26.770000 -0.02435341931539
26.780000 -0.02527523586284
26.790000 -0.02572497948789
26.800000 -0.02527958393589
26.810000 -0.02452442263789
26.820000 -0.02252968460668
26.830000 -0.01884550091249
26.840000 -0.01489128559231
26.850000 -0.01190285874449
26.860000 -0.00961092428162
26.870000 -0.00683441274047
26.880000 -0.00481269911369
26.890000 -0.00336320443070
26.900000 -0.00222378875545
26.910000 -0.00109634444051
26.920000 -0.00047643377652
26.930000 -0.00022496253313
26.940000 -0.00188412781441
26.950000 -0.00380513530779
26.960000 -0.00566841993860
26.970000 -0.00739899937506
26.980000 -0.00840256846717
26.990000 -0.00921212704102
27.000000 -0.01062748872405
27.010000 -0.01129244943459
27.020000 -0.01189224167736
27.030000 -0.01295648079854
27.040000 -0.01302795459876
27.050000 -0.01139757130558
27.060000 -0.00885575546535
27.070000 -0.00494693302537
27.080000 0.00047043544058
27.090000 0.00547003002112
27.100000 0.00905427695276
27.110000 0.01233312375411
27.120000 0.01414569757330
27.130000 0.01415801502520
27.140000 0.01203423069684
27.150000 0.00921453289124
27.160000 0.00682628923685
27.170000 0.00418550649243
27.180000 0.00125698280893
27.190000 -0.00106479610057
27.200000 -0.00311182691523
27.210000 -0.00497024345849
27.220000 -0.00548234371388
27.230000 -0.00470585430309
27.240000 -0.00302424644903
27.250000 -0.00170269914097
27.260000 -0.00154756941772
27.270000 -0.00048111541068
27.280000 0.00066066125571
27.290000 0.00173214825129
27.300000 0.00095851641416
27.310000 -0.00137182080628
27.320000 -0.00381871332495
27.330000 -0.00627772155496
27.340000 -0.00829183419871
27.350000 -0.00932720061119
27.360000 -0.00848684214237
27.370000 -0.00544816936336
27.380000 -0.00064245109975
27.390000 0.00418244655168
27.400000 0.00826325971519
27.410000 0.01200055881817
27.420000 0.01450228968524
27.430000 0.01550108090918
27.440000 0.01586752197046
27.450000 0.01534922414467
27.460000 0.01445700456709
27.470000 0.01338554914829
27.480000 0.01196962610021
27.490000 0.01081990035434
27.500000 0.01016386384445
27.510000 0.01011283977109
27.520000 0.01016706788560
27.530000 0.01012461966582
27.540000 0.01027989098338
27.550000 0.01045782365573
27.560000 0.01007774443104
27.570000 0.00962384444912
27.580000 0.00836899933835
27.590000 0.00643193279477
27.600000 0.00451231868965
27.610000 0.00380811755962
27.620000 0.00334516431321
27.630000 0.00201586816258
27.640000 0.00067951773332
27.650000 -0.00160989597492
27.660000 -0.00467616335470
27.670000 -0.00842330263568
27.680000 -0.01280806991324
27.690000 -0.01788971426119
27.700000 -0.02287857047964
27.710000 -0.02818031253109
27.720000 -0.03340080701581
27.730000 -0.03665787711355
27.740000 -0.03732776856399
27.750000 -0.03686945409753
27.760000 -0.03469718436901
27.770000 -0.03069582942113
27.780000 -0.02551931688570
27.790000 -0.01980622456892
27.800000 -0.01462374752982
27.810000 -0.00990309223571
27.820000 -0.00567872750312
27.830000 -0.00187171889009
27.840000 0.00081701169734
27.850000 0.00247922363707
27.860000 0.00285200636915
27.870000 0.00195734710908
27.880000 0.00052715611617
27.890000 -0.00077614970975
27.900000 -0.00067297996066
27.910000 0.00080158280447
27.920000 0.00245415768512
27.930000 0.00331321913329
27.940000 0.00367370070309
27.950000 0.00443527008338
27.960000 0.00411070334637
27.970000 0.00257949997536
27.980000 0.00063475237905
27.990000 -0.00291816349099
28.000000 -0.00712628998766
28.010000 -0.00987924675152
28.020000 -0.01181425453889
28.030000 -0.01353469933131
28.040000 -0.01375983428371
28.050000 -0.01310605701754
28.060000 -0.01147994285545
28.070000 -0.00950045565913
28.080000 -0.00755048273157
28.090000 -0.00568165712698
28.100000 -0.00480524473716
28.110000 -0.00415459382323
28.120000 -0.00310035276396
28.130000 -0.00256002261297
28.140000 -0.00263936178913
28.150000 -0.00232797209425
28.160000 -0.00168073322727
28.170000 -0.00096459306553
28.180000 0.00099200396962
28.190000 0.00397987020422
28.200000 0.00772369517591
28.210000 0.01109283904934
28.220000 0.01432426929961
28.230000 0.01768687101471
28.240000 0.02027802182097
28.250000 0.02182458253586
28.260000 0.02225663313745
28.270000 0.02172105579369
28.280000 0.02117724593122
28.290000 0.02091618612166
28.300000 0.02068116462853
28.310000 0.02093453072957
28.320000 0.02198333105882
28.330000 0.02289360704350
28.340000 0.02349795160598
28.350000 0.02343261773601
28.360000 0.02356584169181
28.370000 0.02376804588432
28.380000 0.02359226845279
28.390000 0.02255247753139
28.400000 0.02122666610444
28.410000 0.02052489713861
28.420000 0.01931980425851
28.430000 0.01805180841960
28.440000 0.01762735128277
28.450000 0.01735513935502
28.460000 0.01675838825729
28.470000 0.01628499963556
28.480000 0.01570071635537
28.490000 0.01473614584468
28.500000 0.01360642374093
28.510000 0.01187089476886
28.520000 0.00992270993936
28.530000 0.00842140552254
28.540000 0.00676199288978
28.550000 0.00485214503289
28.560000 0.00284150583539
28.570000 0.00116935560408
28.580000 0.00021182007510
28.590000 0.00020898029471
28.600000 0.00080579016034
28.610000 0.00163909823498
28.620000 0.00227703573417
28.630000 0.00295056227392
28.640000 0.00301121601340
28.650000 0.00260652694585
28.660000 0.00211446165876
28.670000 0.00196325397259
28.680000 0.00192632542479
28.690000 0.00153231858282
28.700000 0.00091214590670
28.710000 0.00073755799268
28.720000 0.00061310285971
28.730000 0.00017864177164
28.740000 -0.00058607664104
28.750000 -0.00147257706156
28.760000 -0.00221425682701
28.770000 -0.00294661768201
28.780000 -0.00397230054736
28.790000 -0.00466276201716
28.800000 -0.00485974977506
28.810000 -0.00513040291235
28.820000 -0.00533052579381
28.830000 -0.00495413428641
28.840000 -0.00414071507478
28.850000 -0.00328829978783
28.860000 -0.00226048423650
28.870000 -0.00146187102809
28.880000 -0.00152058630387
28.890000 -0.00200126640602
28.900000 -0.00251618100495
28.910000 -0.00264076144262
28.920000 -0.00310485120265
28.930000 -0.00366541179726
28.940000 -0.00356279977938
28.950000 -0.00301124608652
28.960000 -0.00218317249037
28.970000 -0.00123085828288
28.980000 -0.00012744277291
28.990000 0.00096805836698
29.000000 0.00166896085081
29.010000 0.00256660612185
29.020000 0.00291036953873
29.030000 0.00264833360557
29.040000 0.00198977596514
29.050000 0.00103654502848
29.060000 0.00007198754948
29.070000 -0.00100321848956
29.080000 -0.00222497539095
29.090000 -0.00307292481843
29.100000 -0.00374438884284
29.110000 -0.00414928466314
29.120000 -0.00427216596910
29.130000 -0.00435557629492
29.140000 -0.00421163628128
29.150000 -0.00384119048183
29.160000 -0.00338479192422
29.170000 -0.00283950096021
29.180000 -0.00218872474158
29.190000 -0.00150106132570
29.200000 -0.00109491408738
29.210000 -0.00087705871146
29.220000 -0.00052674223475
29.230000 -0.00028120028440
29.240000 -0.00023301799630
29.250000 -0.00005059697230
29.260000 0.00031531235848
29.270000 0.00071469828056
29.280000 0.00103836658289
29.290000 0.00141026804702
29.300000 0.00184895603850
29.310000 0.00228340246592
29.320000 0.00267156885588
29.330000 0.00286408699517
29.340000 0.00282724991980
29.350000 0.00276211403125
29.360000 0.00277012225456
29.370000 0.00269142714455
29.380000 0.00247361374570
29.390000 0.00218065386592
29.400000 0.00182632350379
29.410000 0.00156609195830
29.420000 0.00141408608119
29.430000 0.00126842062184
29.440000 0.00122961200235
29.450000 0.00117921608144
29.460000 0.00090772265083
29.470000 0.00052808600234
29.480000 0.00017390149488
29.490000 -0.00018677968530
29.500000 -0.00051284744730
29.510000 -0.00073112723024
29.520000 -0.00082752463627
29.530000 -0.00093237309241
29.540000 -0.00096809282577
29.550000 -0.00088024282916
29.560000 -0.00078373502969
29.570000 -0.00068038885158
29.580000 -0.00057933236624
29.590000 -0.00056711039652
29.600000 -0.00060280932931
29.610000 -0.00064283804066
29.620000 -0.00068361457045
29.630000 -0.00071299513910
29.640000 -0.00073532994983
29.650000 -0.00077937943836
29.660000 -0.00082226923189
29.670000 -0.00087067067791
29.680000 -0.00092938018968
29.690000 -0.00095313683283
29.700000 -0.00097408539769
29.710000 -0.00100092027608
29.720000 -0.00098239347514
29.730000 -0.00095786971661
29.740000 -0.00094815108417
29.750000 -0.00094047053266
29.760000 -0.00092799607397
29.770000 -0.00092782164983
29.780000 -0.00093462983003
29.790000 -0.00093817169265
29.800000 -0.00094145881082
29.810000 -0.00095486704011
29.820000 -0.00096709176653
29.830000 -0.00097061658771
29.840000 -0.00096829393981
29.850000 -0.00095737025208
29.860000 -0.00094559862746
29.870000 -0.00092941402195
29.880000 -0.00091557812771
29.890000 -0.00089549241101
29.900000 -0.00087413873606
29.910000 -0.00085461651459
29.920000 -0.00083742295565
29.930000 -0.00082199130607
29.940000 -0.00080871051165
29.950000 -0.00079263655019
29.960000 -0.00077571903750
29.970000 -0.00076152464652
29.980000 -0.00074885959939
29.990000 -0.00073565787223
30.000000 -0.00072153365188
30.010000 -0.00070673341269
30.020000 -0.00068978068937
30.030000 -0.00067117858031
30.040000 -0.00065207024026
30.050000 -0.00063213238310
30.060000 -0.00061155271528
30.070000 -0.00059103808060
30.080000 -0.00056984742706
30.090000 -0.00054816307301
30.100000 -0.00052660540202
30.110000 -0.00050507479684
30.120000 -0.00048336187332
30.130000 -0.00046156111120
30.140000 -0.00043955672896
30.150000 -0.00041708546140
30.160000 -0.00039406160012
30.170000 -0.00037064666288
30.180000 -0.00034690179836
30.190000 -0.00032289304215
30.200000 -0.00029872088861
30.210000 -0.00027445638551
30.220000 -0.00025013674834
30.230000 -0.00022578553439
30.240000 -0.00020141928388
30.250000 -0.00017704852239
30.260000 -0.00015268164535
30.270000 -0.00012832679756
