0.000000 0.00202737138595
0.020000 0.00057427992553
0.040000 0.00296734546067
0.060000 0.00277238064037
0.080000 0.00072521666042
0.100000 -0.00211983343407
0.120000 -0.00306289527622
0.140000 0.00007868643582
0.160000 -0.00089358595885
0.180000 0.00010618544263
0.200000 -0.00322352981226
0.220000 -0.00024570250399
0.240000 0.00288023719890
0.260000 -0.00187726760298
0.280000 -0.00729205087554
0.300000 -0.00354042954001
0.320000 0.00263934311694
0.340000 0.00175099842286
0.360000 -0.00065616250994
0.380000 -0.00981395166728
0.400000 -0.00148312595341
0.420000 0.00583219302024
0.440000 0.00319369795552
0.460000 -0.00213915694462
0.480000 -0.02113877584225
0.500000 -0.01560247559952
0.520000 -0.00324241151731
0.540000 0.01113888105214
0.560000 0.01095610412086
0.580000 -0.03117505260874
0.600000 -0.01541138376214
0.620000 -0.00658764632280
0.640000 0.01120375388136
0.660000 0.02325660239799
0.680000 0.00648184681457
0.700000 0.00135525955143
0.720000 -0.02908671060287
0.740000 -0.01847602823741
0.760000 0.00514716555975
0.780000 0.00697167125973
0.800000 0.01261797960991
0.820000 -0.00225600451292
0.840000 -0.05761864599435
0.860000 -0.04546296931848
0.880000 0.02066936115490
0.900000 0.01376947476408
0.920000 0.04205695094192
0.940000 0.02440137548396
0.960000 -0.05356061135746
0.980000 -0.00047233761797
1.000000 -0.00706842520227
1.020000 0.02029263794278
1.040000 0.07426794245558
1.060000 -0.03819600929316
1.080000 -0.01072848417518
1.100000 -0.01366406981203
1.120000 -0.01361207120473
1.140000 0.01743387872600
1.160000 -0.04386936179020
1.180000 0.02636163286418
1.200000 -0.00613026803438
1.220000 0.00730754085879
1.240000 0.01880917491174
1.260000 -0.03859806690870
1.280000 0.01194103324446
1.300000 0.00001688244994
1.320000 0.00216053799257
1.340000 0.03017811631259
1.360000 -0.01788270342619
1.380000 -0.00950297807589
1.400000 -0.04007912363416
1.420000 -0.00105022135142
1.440000 0.01553060305146
1.460000 0.00391382386705
1.480000 0.03019867707337
1.500000 0.00898286535531
1.520000 -0.02841974017632
1.540000 -0.01396820930075
1.560000 0.03046915751044
1.580000 0.02330785573250
1.600000 0.03461493949269
1.620000 -0.00962210968606
1.640000 -0.00086278378619
1.660000 -0.00006591236297
1.680000 0.01190213779910
1.700000 -0.01180150648968
1.720000 -0.04843013893374
1.740000 -0.01185504922424
1.760000 0.02614255189354
1.780000 -0.00699411712225
1.800000 -0.02705269557285
1.820000 -0.02740473223305
1.840000 0.01631222858044
1.860000 0.03906173374063
1.880000 0.02012021202232
1.900000 0.00636831205684
1.920000 -0.02727537625972
1.940000 0.02961173822695
1.960000 -0.01517271624350
1.980000 -0.00291544865862
2.000000 -0.01030502310480
2.020000 -0.03876243608944
2.040000 0.00015434029338
2.060000 -0.02997886544315
2.080000 -0.01644949516156
2.100000 -0.03698898401036
2.120000 0.01149375267154
2.140000 0.01359124253543
2.160000 0.00554659767184
2.180000 -0.00965809223520
2.200000 -0.01624392165116
2.220000 0.03292512845209
2.240000 -0.01817776325177
2.260000 0.01341435472043
2.280000 -0.06251255519904
2.300000 -0.04688110164029
2.320000 0.00443997037450
2.340000 -0.00144109549132
2.360000 0.03111109066847
2.380000 -0.00241505790162
2.400000 -0.00836509267430
2.420000 0.00280432459042
2.440000 0.02341140968027
2.460000 0.00351990287667
2.480000 0.00429235960205
2.500000 0.00228696791780
2.520000 -0.01167703619346
2.540000 -0.00803220903742
2.560000 0.02752871055181
2.580000 0.04216488884721
2.600000 0.06404265379600
2.620000 0.08307302372012
2.640000 0.06100710418549
2.660000 0.08834083579092
2.680000 0.09720729246079
2.700000 0.09318101716063
2.720000 0.07794988224759
2.740000 0.02220768210774
2.760000 -0.00759896687069
2.780000 0.02185055031469
2.800000 0.00153376114991
2.820000 0.01479700621268
2.840000 0.02315986306864
2.860000 0.02649812494614
2.880000 0.09625709402290
2.900000 0.12979636621339
2.920000 0.13362404823774
2.940000 0.12874660322908
2.960000 0.07121212921918
2.980000 0.01446315810514
3.000000 -0.00009487137376
3.020000 -0.08616926678700
3.040000 -0.07251815887605
3.060000 -0.09411743048763
3.080000 -0.13867008076849
3.100000 -0.13117439019492
3.120000 -0.11882336924287
3.140000 -0.06748420658381
3.160000 -0.04978212707865
3.180000 -0.03535181455749
3.200000 -0.06038161086818
3.220000 -0.08207362753669
3.240000 -0.11264476564126
3.260000 -0.06925946582761
3.280000 0.02474974910409
3.300000 0.06514453716419
3.320000 0.07218941077244
3.340000 0.04824689438033
3.360000 0.08649689454592
3.380000 0.15913975265820
3.400000 0.21612048412225
3.420000 0.16850071973671
3.440000 0.13040851281558
3.460000 0.15085460875594
3.480000 0.07926346205353
3.500000 -0.02443448410539
3.520000 -0.07688696739072
3.540000 -0.08447403912333
3.560000 -0.16856774557618
3.580000 -0.14891353849648
3.600000 -0.19893731905595
3.620000 -0.29096915481776
3.640000 -0.34295641253070
3.660000 -0.34909848315295
3.680000 -0.21607377061930
3.700000 -0.09573749763510
3.720000 -0.06335286243500
3.740000 -0.08823747181464
3.760000 -0.08027435394780
3.780000 -0.04607665517686
3.800000 0.01385435305280
3.820000 0.01852042311393
3.840000 0.04163896981845
3.860000 0.08956766194853
3.880000 0.14881158712874
3.900000 0.15827932792827
3.920000 0.11632422119068
3.940000 0.06415644184905
3.960000 -0.00752756681583
3.980000 -0.04874132685195
4.000000 -0.01024362821522
4.020000 0.02473041098035
4.040000 0.04370744762566
4.060000 0.11849004233917
4.080000 0.12085694100607
4.100000 0.10927739915687
4.120000 0.08988837279669
4.140000 0.10856291150183
4.160000 0.19501012119581
4.180000 0.20754122538080
4.200000 0.18443333656413
4.220000 0.06437500648691
4.240000 -0.05493863533900
4.260000 -0.16267161497100
4.280000 -0.23611264561637
4.300000 -0.21900892760252
4.320000 -0.17641692925806
4.340000 -0.12376316386964
4.360000 -0.12561475268498
4.380000 0.03230088699820
4.400000 0.11797570670039
4.420000 -0.00416673778632
4.440000 -0.02599347785349
4.460000 -0.09286050115502
4.480000 -0.08106697346803
4.500000 -0.05582570478854
4.520000 -0.12925455777413
4.540000 -0.18418569167470
4.560000 -0.15653368475307
4.580000 -0.10207372886500
4.600000 -0.08873388193821
4.620000 -0.03181690782974
4.640000 0.01351454763409
4.660000 0.17047695907764
4.680000 0.31426345925046
4.700000 0.25850020150130
4.720000 0.29315894160072
4.740000 0.40305696301099
4.760000 0.28332246126283
4.780000 0.19257371244685
4.800000 0.14557495999982
4.820000 0.10590725616605
4.840000 0.06476590936609
4.860000 0.04289727766214
4.880000 -0.06430155084308
4.900000 -0.15074700695405
4.920000 -0.12116493837742
4.940000 -0.11418295020431
4.960000 -0.10042199980208
4.980000 -0.14158560736414
5.000000 -0.01758285047371
5.020000 -0.13441199153662
5.040000 -0.06921367782681
5.060000 0.11095533454364
5.080000 0.12651200265811
5.100000 0.22885724462573
5.120000 0.13301701625266
5.140000 -0.00337790795381
5.160000 -0.05156781039923
5.180000 -0.13961043965727
5.200000 -0.19890288063407
5.220000 -0.24417128504659
5.240000 -0.16251125954692
5.260000 -0.02993816283308
5.280000 -0.02038126695071
5.300000 0.04256748227978
5.320000 0.00640937025458
5.340000 -0.01085605246805
5.360000 -0.00195096728712
5.380000 -0.01006441690272
5.400000 0.03312870969735
5.420000 0.04479135189695
5.440000 0.01238751009184
5.460000 -0.03819698837701
5.480000 -0.12534903614842
5.500000 -0.19791756182536
5.520000 -0.10138569108701
5.540000 0.00318572792075
5.560000 0.05219306016335
5.580000 0.10711347772330
5.600000 0.14356394126254
5.620000 0.23449345526041
5.640000 0.17850885636696
5.660000 0.15054100966109
5.680000 0.19134147940829
5.700000 0.15643718897692
5.720000 0.13634049445118
5.740000 0.12972130311846
5.760000 0.08289318404038
5.780000 -0.00670814183087
5.800000 -0.07361638894631
5.820000 -0.15863325943232
5.840000 -0.26154208349490
5.860000 -0.31793453656994
5.880000 -0.39467240069422
5.900000 -0.32515038452160
5.920000 -0.16607794996670
5.940000 -0.12522760052502
5.960000 -0.14646149363234
5.980000 -0.10793542104830
6.000000 -0.03334155570618
6.020000 0.04563549266022
6.040000 0.14994532725494
6.060000 0.14264467408052
6.080000 0.12109440537193
6.100000 0.06944305622656
6.120000 0.10417583649748
6.140000 0.10963922178447
6.160000 0.10410140664086
6.180000 0.13419508306049
6.200000 0.10343577575689
6.220000 0.06173688698123
6.240000 0.05617476522869
6.260000 0.07062969610688
6.280000 -0.00201537005867
6.300000 -0.07075322628776
6.320000 -0.01130216885670
6.340000 0.02062497602050
6.360000 0.02247442156772
6.380000 0.05818164356164
6.400000 0.05177098247512
6.420000 0.10128807496616
6.440000 0.13639860624368
6.460000 0.13102786859236
6.480000 0.13621024220209
6.500000 0.17383185563841
6.520000 0.12658526345939
6.540000 0.02326538492623
6.560000 -0.03697673328461
6.580000 -0.09167103605764
6.600000 -0.14095217421264
6.620000 -0.24497155213718
6.640000 -0.29042695669339
6.660000 -0.21614829789720
6.680000 -0.33860674729723
6.700000 -0.30303200362861
6.720000 -0.13550281758973
6.740000 -0.09810473727647
6.760000 -0.14421038015469
6.780000 -0.10830279668877
6.800000 -0.00239817576830
6.820000 0.06231474129345
6.840000 0.30624636999543
6.860000 0.29492855041037
6.880000 0.12405084890445
6.900000 0.23105750419610
6.920000 0.32973600409111
6.940000 0.23346254329346
6.960000 0.21112520807749
6.980000 0.27314822135308
7.000000 0.16904252817597
7.020000 0.00484597696155
7.040000 -0.17237146196607
7.060000 -0.15665570490414
7.080000 -0.17771365518285
7.100000 -0.12917355198123
7.120000 -0.12190168679455
7.140000 -0.17575753333589
7.160000 0.14031757200580
7.180000 -0.04873026953686
7.200000 -0.14740633389992
7.220000 -0.35522813256222
7.240000 -0.33785134270530
7.260000 0.07267525068731
7.280000 0.09218459232619
7.300000 0.17733054600594
7.320000 0.15539872686089
7.340000 0.05801101019270
7.360000 0.04832601507150
7.380000 0.00283762561888
7.400000 -0.01732291589002
7.420000 -0.07759103096898
7.440000 -0.10530616687894
7.460000 0.00527553757817
7.480000 -0.06196085850003
7.500000 0.06299712863730
7.520000 0.18277006307974
7.540000 0.28925824232828
7.560000 0.26855466194938
7.580000 -0.00538162447917
7.600000 -0.01765363677453
7.620000 -0.03809334187902
7.640000 -0.00790517169051
7.660000 0.08902965293913
7.680000 0.01244258234046
7.700000 0.00600856450247
7.720000 -0.05336810691154
7.740000 -0.11697348529990
7.760000 -0.03291947314689
7.780000 -0.06103443085405
7.800000 -0.07961339928518
7.820000 0.02347391030136
7.840000 0.03555498176232
7.860000 0.24613695417882
7.880000 0.09162821940582
7.900000 -0.12419410689419
7.920000 -0.29165514674890
7.940000 -0.24697682301903
7.960000 0.00224012143481
7.980000 -0.31673289381277
8.000000 -0.37424340218821
8.020000 -0.26366952065974
8.040000 -0.22800695170874
8.060000 -0.10479426677212
8.080000 0.12193042607165
8.100000 0.12613449520470
8.120000 0.19254107631862
8.140000 0.22252213374053
8.160000 0.19149720732165
8.180000 0.16424336116443
8.200000 0.10074144417362
8.220000 0.09721557326944
8.240000 0.15514294729472
8.260000 0.11237300898544
8.280000 -0.00229981193913
8.300000 -0.04537578701653
8.320000 -0.33065493029866
8.340000 -0.32984779500796
8.360000 -0.44968337133235
8.380000 -0.37901874969721
8.400000 -0.15005672848667
8.420000 -0.14510285648519
8.440000 -0.12458418169250
8.460000 -0.04836232885298
8.480000 0.00768896464759
8.500000 -0.02837941750924
8.520000 -0.10941013564855
8.540000 -0.16807269935051
8.560000 -0.04568563539216
8.580000 0.04103762236496
8.600000 0.06024463655089
8.620000 -0.09001740727980
8.640000 0.33252376268027
8.660000 0.42098452406477
8.680000 0.24778001274797
8.700000 0.24304986871210
8.720000 0.26479035246657
8.740000 0.23651504420639
8.760000 0.10438300284579
8.780000 0.11304443643548
8.800000 -0.01185444521231
8.820000 -0.16971424788984
8.840000 -0.28278917718542
8.860000 -0.17262310112792
8.880000 -0.27630754469766
8.900000 -0.15563804223103
8.920000 0.19930493824961
8.940000 0.04837267986380
8.960000 -0.14569795436367
8.980000 0.03348438504229
9.000000 0.09226642619996
9.020000 0.03262959126225
9.040000 0.06800706658444
9.060000 0.12027494628952
9.080000 0.12902435129351
9.100000 0.05554581345599
9.120000 0.02412203458163
9.140000 0.01939690774159
9.160000 0.01712670943553
9.180000 -0.01215216950985
9.200000 -0.03707866029703
9.220000 -0.03085572514273
9.240000 -0.02286997144187
9.260000 0.04192445313237
9.280000 0.15965710835660
9.300000 0.22720702559263
9.320000 0.23575915250807
9.340000 0.17003598166142
9.360000 0.10259069487829
9.380000 0.04611385549198
9.400000 -0.00144308142407
9.420000 -0.05452995307653
9.440000 -0.09951023405849
9.460000 -0.13916473730906
9.480000 -0.15718650473895
9.500000 -0.13435344134836
9.520000 -0.06834321870521
9.540000 -0.06727455599291
9.560000 -0.06650307689007
9.580000 -0.09247739197811
9.600000 -0.17044291034087
9.620000 -0.32271163766195
9.640000 -0.28995451220428
9.660000 0.05304374276545
9.680000 0.14571188560647
9.700000 0.19245188713833
9.720000 0.22910527920027
9.740000 0.21122813365801
9.760000 0.18757658539780
9.780000 0.13383535499037
9.800000 0.12376520971648
9.820000 0.09410374279803
9.840000 0.04304951302267
9.860000 0.00023699265202
9.880000 -0.00858909341949
9.900000 -0.01332165350306
9.920000 -0.06622562108947
9.940000 -0.13815399154671
9.960000 -0.12303445270797
9.980000 -0.12623274456387
10.000000 -0.10458812334724
10.020000 -0.09052886899086
10.040000 -0.09982943487683
10.060000 -0.01457380432197
10.080000 0.08432284129941
10.100000 0.07189013260550
10.120000 0.08355998397969
10.140000 0.12068694087544
10.160000 0.04680697378963
10.180000 0.02624730899410
10.200000 0.02732340494993
10.220000 0.00826024302353
10.240000 -0.02048152318821
10.260000 -0.05018623054103
10.280000 -0.11795890152989
10.300000 -0.16953630792503
10.320000 -0.22200560612299
10.340000 -0.21502693027335
10.360000 -0.26192153937387
10.380000 -0.11654975144994
10.400000 0.06579307061383
10.420000 0.03860543682840
10.440000 0.15149875824805
10.460000 0.20373385569298
10.480000 0.18738398353060
10.500000 0.13177513850755
10.520000 0.12595640910797
10.540000 0.17268394071621
10.560000 0.28587144029887
10.580000 0.25791314087827
10.600000 0.13655335994426
10.620000 0.04676774711192
10.640000 -0.00710761778253
10.660000 -0.19654411664390
10.680000 -0.36090370139334
10.700000 -0.39075143779590
10.720000 -0.41565913601849
10.740000 -0.48235121018846
10.760000 -0.24767630779722
10.780000 0.21442199284575
10.800000 0.23198748771874
10.820000 0.18629720046054
10.840000 0.05831438005332
10.860000 -0.05636683127885
10.880000 0.03403861469454
10.900000 0.05054084399404
10.920000 0.09265406546631
10.940000 0.09970176429162
10.960000 0.16883414406169
10.980000 0.32057752713954
11.000000 0.31373080841136
11.020000 0.25167082376065
11.040000 0.22122282615186
11.060000 0.06386929263126
11.080000 0.04133708563232
11.100000 0.00884852628360
11.120000 -0.01738371650981
11.140000 -0.20296471470081
11.160000 -0.16338395935791
11.180000 -0.25653073293922
11.200000 -0.16559717595830
11.220000 0.34625855546927
11.240000 0.19214491269041
11.260000 -0.04870851536542
11.280000 -0.30888142073085
11.300000 -0.20783650927533
11.320000 -0.08350425900851
11.340000 -0.05049578665283
11.360000 -0.00062527947761
11.380000 0.01625300618536
11.400000 0.09296177057381
11.420000 0.21235675916710
11.440000 0.21320773403304
11.460000 0.09423024432790
11.480000 0.05228712040754
11.500000 0.09485637088353
11.520000 0.10289771803685
11.540000 0.07307969512417
11.560000 0.04607877408967
11.580000 0.00545973686011
11.600000 -0.03187066002005
11.620000 -0.06568240004168
11.640000 -0.09110482358817
11.660000 -0.13344445211120
11.680000 -0.11777901313951
11.700000 -0.08088718249893
11.720000 -0.06840210986794
11.740000 -0.10314390160711
11.760000 -0.10503216953373
11.780000 -0.05708847939785
11.800000 0.01224950310900
11.820000 0.04890475104630
11.840000 0.04945659387722
11.860000 0.05853026560603
11.880000 0.06083198943775
11.900000 0.08911733208960
11.920000 0.12355219809148
11.940000 0.12306504298935
11.960000 0.11238255627072
11.980000 0.10951900392705
12.000000 0.08590457317387
12.020000 0.02348972664590
12.040000 0.02320330321663
12.060000 0.03479155939919
12.080000 0.02500041405315
12.100000 0.02024333790490
12.120000 -0.01587531363153
12.140000 -0.05237455600482
12.160000 -0.08790945437061
12.180000 -0.11470517696663
12.200000 -0.13069108323328
12.220000 -0.13069234970990
12.240000 -0.14457556381640
12.260000 -0.14656816993208
12.280000 -0.11674810117255
12.300000 -0.06239662387786
12.320000 -0.02164291634425
12.340000 0.00769421565449
12.360000 0.04831775374710
12.380000 0.06534990121885
12.400000 0.08846202786112
12.420000 0.13078178244338
12.440000 0.18980714298572
12.460000 0.20911238704656
12.480000 0.16458550469381
12.500000 0.11097423427163
12.520000 0.06308768171548
12.540000 0.01752485558674
12.560000 -0.04149808890790
12.580000 -0.07298266353098
12.600000 -0.08329158835798
12.620000 -0.10114871382755
12.640000 -0.09169052031330
12.660000 -0.07071094545298
12.680000 -0.02872507307570
12.700000 0.01616832761027
12.720000 0.01987248919586
12.740000 -0.00766767322721
12.760000 -0.02208805364906
12.780000 -0.01948889291256
12.800000 -0.03359924472941
12.820000 -0.05072097593762
12.840000 -0.05911912852270
12.860000 -0.05610759325730
12.880000 -0.04648099245031
12.900000 -0.03764193551496
12.920000 -0.02712203029662
12.940000 -0.02526369992882
12.960000 -0.03231932884619
12.980000 -0.03666366026467
13.000000 -0.02803030835845
13.020000 -0.01995243796790
13.040000 -0.00590245324615
13.060000 0.02648272751310
13.080000 0.05233334680410
13.100000 0.06619201074846
13.120000 0.07897007787393
13.140000 0.07610384644511
13.160000 0.04823123390984
13.180000 0.03882497567905
13.200000 0.01136672019570
13.220000 -0.02210638833363
13.240000 -0.03456926839743
13.260000 -0.03316907620402
13.280000 -0.04596436254043
13.300000 -0.04180070862468
13.320000 -0.04468287330356
13.340000 -0.03158936582109
13.360000 -0.08342008702406
13.380000 -0.04130664148285
13.400000 -0.00553995841173
13.420000 -0.08805251751779
13.440000 -0.04890630978675
13.460000 -0.05884673862858
13.480000 -0.00532568518117
13.500000 0.02351042866753
13.520000 0.00314016009204
13.540000 0.00206102215679
13.560000 0.00973237595990
13.580000 0.01763575996996
13.600000 0.01010751607624
13.620000 0.00696594288857
13.640000 0.00359333708783
13.660000 0.01067938872198
13.680000 0.02495433378852
13.700000 0.08062721381779
13.720000 0.12247968723869
13.740000 0.14184187403670
13.760000 0.09895537116794
13.780000 0.02445689587046
13.800000 -0.00848667442962
13.820000 -0.04892321237853
13.840000 -0.08747373770342
13.860000 -0.11718630208234
13.880000 -0.13605266328445
13.900000 -0.13380247530895
13.920000 -0.09274797957859
13.940000 -0.04098235527378
13.960000 -0.01549259901080
13.980000 -0.00013656149462
14.000000 0.00005813804754
14.020000 0.01022656974939
14.040000 0.02719735155794
14.060000 0.04659622720935
14.080000 0.06540187547082
14.100000 0.07093170206960
14.120000 0.06295270453439
14.140000 0.04391539821526
14.160000 0.00629889452499
14.180000 -0.01238518659435
14.200000 0.00151603437412
14.220000 0.00877190444822
14.240000 0.00836537032494
14.260000 0.00585021108566
14.280000 -0.00915919786903
14.300000 -0.02998720957564
14.320000 -0.04902706346120
14.340000 -0.06598810801298
14.360000 -0.10681775543302
14.380000 -0.06839061415710
14.400000 -0.01035787414828
14.420000 0.00143915388524
14.440000 0.03424740797818
14.460000 0.02474055253542
14.480000 0.00179395292578
14.500000 -0.00977929891859
14.520000 -0.00911218723119
14.540000 0.00325917528378
14.560000 0.02551583106812
14.580000 0.03205518079221
14.600000 0.02067717434142
14.620000 0.00029875564791
14.640000 -0.00843850934962
14.660000 -0.03090419222868
14.680000 -0.00858694528030
14.700000 0.04222804706193
14.720000 0.05398527070957
14.740000 0.07960852822126
14.760000 0.10696583577604
14.780000 0.09659587651819
14.800000 0.05892657536615
14.820000 0.04083215601796
14.840000 0.04507204208398
14.860000 0.04171014093331
14.880000 0.01572970291792
14.900000 -0.00866231038120
14.920000 -0.03403957429413
14.940000 -0.05931548110912
14.960000 -0.07999704427912
14.980000 -0.10700051775111
15.000000 -0.12659748982982
15.020000 -0.10148949345904
15.040000 -0.05052399011290
15.060000 -0.03465840399601
15.080000 -0.02612628741113
15.100000 -0.00640166910253
15.120000 0.00622049475128
15.140000 0.02040376152387
15.160000 0.03866862426951
15.180000 0.04389917270136
15.200000 0.03455514718314
15.220000 0.02491550166699
15.240000 0.01160363900239
15.260000 0.00368904716137
15.280000 -0.00122011529286
15.300000 -0.01059595226819
15.320000 -0.02365393021047
15.340000 -0.02825505924749
15.360000 -0.02427412381024
15.380000 -0.02215339410041
15.400000 -0.02617371696047
15.420000 -0.03112812477898
15.440000 -0.04799347728015
15.460000 -0.03923784705648
15.480000 -0.00778269853050
15.500000 0.00264481478304
15.520000 0.03038600844941
15.540000 0.06912989552747
15.560000 0.09916005327364
15.580000 0.11655584027983
15.600000 0.12568859801393
15.620000 0.11407442290029
15.640000 0.04519741352703
15.660000 -0.01055183991337
15.680000 -0.04706163301110
15.700000 -0.08423920513199
15.720000 -0.10264529950477
15.740000 -0.10991658016378
15.760000 -0.10024732345009
15.780000 -0.07990425051154
15.800000 -0.04469048677646
15.820000 -0.01809706920696
15.840000 -0.00690943367609
15.860000 0.00755839577935
15.880000 0.02420042948428
15.900000 0.04380565801632
15.920000 0.06557859766965
15.940000 0.06127554851784
15.960000 0.04270686777371
15.980000 0.01768068092138
16.000000 -0.01408972773223
16.020000 -0.03304890218617
16.040000 -0.04702519745302
16.060000 -0.05696806669787
16.080000 -0.07309766935001
16.100000 -0.07872788857608
16.120000 -0.10063296558024
16.140000 -0.03004860933628
16.160000 0.03194223056215
16.180000 0.01734038352522
16.200000 0.04955109251717
16.220000 0.09641194514476
16.240000 0.13930887209030
16.260000 0.15706623817089
16.280000 0.12731095456144
16.300000 0.05262921522629
16.320000 0.02993766111349
16.340000 0.00607850810922
16.360000 -0.04253563039284
16.380000 -0.07673815638811
16.400000 -0.09881864040385
16.420000 -0.13406804571359
16.440000 -0.15374573132136
16.460000 -0.11725220757711
16.480000 -0.07587066861550
16.500000 -0.06053451356447
16.520000 -0.02915007340228
16.540000 0.02185090103129
16.560000 0.04825639295496
16.580000 0.06446604667148
16.600000 0.09237100794221
16.620000 0.09922698169183
16.640000 0.07631973199782
16.660000 0.03749696291073
16.680000 0.01339479739881
16.700000 0.00372111191381
16.720000 -0.02237789656519
16.740000 -0.04295940321131
16.760000 -0.04966195793187
16.780000 -0.06504594683055
16.800000 -0.08029476370560
16.820000 -0.08681200367058
16.840000 -0.06985709665933
16.860000 -0.03937998957258
16.880000 -0.02927963396029
16.900000 -0.01774388297568
16.920000 -0.00183338711081
16.940000 0.00212442343760
16.960000 0.00176859173151
16.980000 0.00498410182414
17.000000 0.00927330741230
17.020000 0.01495317739286
17.040000 0.02942180570277
17.060000 0.05516143780246
17.080000 0.08648812663087
17.100000 0.10894855363197
17.120000 0.10756570729716
17.140000 0.09277691369824
17.160000 0.07628587810361
17.180000 0.05734737644493
17.200000 0.02694857658167
17.220000 -0.00158307774942
17.240000 -0.02161365586332
17.260000 -0.04168994550232
17.280000 -0.05581352712876
17.300000 -0.04649226409221
17.320000 -0.03142994564128
17.340000 -0.01549367551592
17.360000 0.00113470362264
17.380000 0.00982145310571
17.400000 0.01527073179160
17.420000 0.01651716885253
17.440000 0.02334470045996
17.460000 0.04567092965020
17.480000 0.06661491651755
17.500000 0.07681107621492
17.520000 0.07338564664866
17.540000 0.03896726432707
17.560000 0.01124393528760
17.580000 -0.01310430663118
17.600000 -0.03658355561859
17.620000 -0.05993858760511
17.640000 -0.08554635513356
17.660000 -0.11558703437779
17.680000 -0.09004171388873
17.700000 -0.03478988862426
17.720000 0.00685227174105
17.740000 0.04786145196380
17.760000 0.05649547607685
17.780000 0.05412429087370
17.800000 0.05177945812633
17.820000 0.04706964104018
17.840000 0.03463628936583
17.860000 0.01991892017710
17.880000 -0.00446910859173
17.900000 -0.03097420890140
17.920000 -0.05745945962561
17.940000 -0.07350391608052
17.960000 -0.06514911596427
17.980000 -0.03597689870544
18.000000 -0.00685932504160
18.020000 0.01727385940533
18.040000 0.02926654541155
18.060000 0.02414479219224
18.080000 0.01188132861406
18.100000 0.00363786981546
18.120000 0.00551173546740
18.140000 0.00686936917539
18.160000 -0.00154153926477
18.180000 -0.02270804266415
18.200000 -0.03817569208557
18.220000 -0.05087392734454
18.240000 -0.04441514501761
18.260000 -0.00850220825244
18.280000 0.01504217660165
18.300000 0.02482336549304
18.320000 0.02060882357256
18.340000 0.01751864498025
18.360000 0.02019091064398
18.380000 0.01913085023056
18.400000 0.02461428481662
18.420000 0.03609318561428
18.440000 0.04167847414680
18.460000 0.03010508932238
18.480000 0.01815459647179
18.500000 0.01012920692386
18.520000 0.00360031927084
18.540000 -0.00649693249952
18.560000 -0.02112246752026
18.580000 -0.03134642637939
18.600000 -0.02705495087545
18.620000 -0.01251946234223
18.640000 -0.00267670612559
18.660000 -0.00419439373880
18.680000 -0.01462704017950
18.700000 -0.01774159844670
18.720000 -0.01438421764334
18.740000 -0.01426380007230
18.760000 -0.01269656935511
18.780000 -0.00796441356985
18.800000 -0.00752601781750
18.820000 -0.01700721249557
18.840000 -0.03249928543146
18.860000 -0.03804444613945
18.880000 -0.02998639123690
18.900000 -0.01962595003794
18.920000 -0.01963671996025
18.940000 -0.02661231729750
18.960000 -0.02429138686076
18.980000 -0.01446108303191
19.000000 -0.01250483940836
19.020000 -0.02691976423862
19.040000 -0.03623552297293
19.060000 -0.03470757251516
19.080000 -0.02326748922584
19.100000 -0.00292786451343
19.120000 0.00297284684026
19.140000 0.00787339774060
19.160000 0.01461427799204
19.180000 0.02285116426410
19.200000 0.03274454349958
19.220000 0.04039018490470
19.240000 0.05541205404089
19.260000 0.06903471493857
19.280000 0.08322237053975
19.300000 0.09220802214362
19.320000 0.08547231496206
19.340000 0.07014619430268
19.360000 0.05186328913631
19.380000 0.03581170144382
19.400000 0.01723464734082
19.420000 -0.00394837481050
19.440000 -0.02124256847215
19.460000 -0.03326619060529
19.480000 -0.03753351537435
19.500000 -0.03390691086840
19.520000 -0.02741100616337
19.540000 -0.02137320553528
19.560000 -0.01265142433475
19.580000 -0.00293793689939
19.600000 0.00157553344562
19.620000 0.00650933422824
19.640000 0.01273941523331
19.660000 0.01859983606894
19.680000 0.01600687619681
19.700000 -0.00139813319469
19.720000 -0.01989968434570
19.740000 -0.02871915960411
19.760000 -0.02993386655470
19.780000 -0.03831909620723
19.800000 -0.04672668404312
19.820000 -0.05400192974815
19.840000 -0.04952327874221
19.860000 -0.02659016369881
19.880000 -0.01003508822689
19.900000 0.00246171977128
19.920000 0.01571721351004
19.940000 0.02219569929051
19.960000 0.02865927474434
19.980000 0.04290151548775
20.000000 0.06018691444350
20.020000 0.07620394680856
20.040000 0.08359904991229
20.060000 0.07858643287999
20.080000 0.05575926347674
20.100000 0.02970412769622
20.120000 0.00590216585338
20.140000 -0.02033534743119
20.160000 -0.04824028921766
20.180000 -0.07394762129253
20.200000 -0.09099498109688
20.220000 -0.08766999286855
20.240000 -0.05897445792443
20.260000 -0.03364457485020
20.280000 -0.01174791017343
20.300000 0.00906214192052
20.320000 0.01649206826018
20.340000 0.02101045740554
20.360000 0.02532116874089
20.380000 0.03140811353281
20.400000 0.03986451917126
20.420000 0.05100788160220
20.440000 0.05300774560312
20.460000 0.02132376423655
20.480000 -0.00602223757888
20.500000 -0.01765142531151
20.520000 -0.02229294521051
20.540000 -0.02243301265338
20.560000 -0.02611710545565
20.580000 -0.03007644746656
20.600000 -0.03405020295559
20.620000 -0.02008424895744
20.640000 0.00423155508541
20.660000 0.02183791477490
20.680000 0.03690040858413
20.700000 0.04612195607127
20.720000 0.03177052068808
20.740000 0.00675174759504
20.760000 0.00251217376421
20.780000 0.00566520320711
20.800000 0.00237013938573
20.820000 -0.00167815020069
20.840000 -0.00618651908047
20.860000 -0.01368592140475
20.880000 -0.02184017007749
20.900000 -0.02410080648509
20.920000 -0.02526439649096
20.940000 -0.02111121049156
20.960000 -0.01137791877164
20.980000 -0.00192733921739
21.000000 0.00353106443253
21.020000 0.00241169053513
21.040000 -0.00761120785431
21.060000 -0.01360516403610
21.080000 -0.00080980219820
21.100000 0.01172024253039
21.120000 0.01487922977156
21.140000 0.00956645290977
21.160000 0.00144945910806
21.180000 -0.01030992826616
21.200000 -0.02211304220694
21.220000 -0.02465986823273
21.240000 -0.01777849675586
21.260000 -0.00145252836543
21.280000 0.00963863720592
21.300000 0.01615085510400
21.320000 0.02096533186943
21.340000 0.02265712543304
21.360000 0.02275800029566
21.380000 0.01954191931434
21.400000 0.00871859065367
21.420000 -0.00245203707043
21.440000 -0.00872969667939
21.460000 -0.01734454341380
21.480000 -0.02010103951475
21.500000 -0.02133817284361
21.520000 -0.02128449859033
21.540000 -0.02188516896593
21.560000 -0.02452987902110
21.580000 -0.02859159618231
21.600000 -0.02948044357018
21.620000 -0.02111995892235
21.640000 -0.01239975594652
21.660000 -0.00347236518971
21.680000 0.00131081158032
21.700000 -0.00153512115096
21.720000 -0.00684939781334
21.740000 -0.00753503415681
21.760000 -0.00641263873847
21.780000 -0.00596545558682
21.800000 -0.00135866150247
21.820000 0.00629977618756
21.840000 0.01650307199356
21.860000 0.02847912331651
21.880000 0.04041046314378
21.900000 0.04846389540667
21.920000 0.05171082483577
21.940000 0.04851659544717
21.960000 0.04079360154707
21.980000 0.03244506561902
22.000000 0.02335623513931
22.020000 0.01082871118630
22.040000 -0.00510222025301
22.060000 -0.01731176115366
22.080000 -0.02770929063327
22.100000 -0.03382945608109
22.120000 -0.03482661157512
22.140000 -0.02180518609645
22.160000 -0.01078159338505
22.180000 -0.00890745641484
22.200000 -0.00640730005242
22.220000 0.00053766852204
22.240000 0.01459850061602
22.260000 0.02696756398881
22.280000 0.03603308155663
22.300000 0.03407601472327
22.320000 0.02554713739590
22.340000 0.02211293991460
22.360000 0.02821823400429
22.380000 0.02978581056701
22.400000 0.02451228473824
22.420000 0.01238870837356
22.440000 -0.00170040073355
22.460000 -0.01240895251519
22.480000 -0.02197972605865
22.500000 -0.02366550385833
22.520000 -0.02332811935839
22.540000 -0.02394518086407
22.560000 -0.02045031915277
22.580000 -0.02106489641585
22.600000 -0.01843753221929
22.620000 -0.00546528500191
22.640000 0.00364545162644
22.660000 0.00779714610607
22.680000 0.00978158831863
22.700000 0.00375931907784
22.720000 -0.00597341490526
22.740000 -0.01059457375710
22.760000 -0.01100046489994
22.780000 -0.01458419917236
22.800000 -0.02152961052653
22.820000 -0.02163192722406
22.840000 -0.00894735529937
22.860000 0.01350576510585
22.880000 0.03140030034629
22.900000 0.03565782453475
22.920000 0.03060541578133
22.940000 0.02058799003220
22.960000 0.00657888814989
22.980000 -0.00570465395375
23.000000 -0.01721758400392
23.020000 -0.02435278662141
23.040000 -0.02724837595244
23.060000 -0.02828376442714
23.080000 -0.02418819824279
23.100000 -0.02315867940011
23.120000 -0.02401967891558
23.140000 -0.01401210732875
23.160000 -0.00553085439327
23.180000 -0.00127132381358
23.200000 0.00668277333000
23.220000 0.01409381942592
23.240000 0.01616970125029
23.260000 0.01150633462963
23.280000 0.00695525090327
23.300000 -0.00055753759175
23.320000 -0.01335729507773
23.340000 -0.02327830785880
23.360000 -0.02475836114509
23.380000 -0.01782229736258
23.400000 -0.00886455695494
23.420000 -0.00652831676432
23.440000 -0.00391333870908
23.460000 0.00447004968128
23.480000 0.01313267083635
23.500000 0.01762175566120
23.520000 0.02273091230923
23.540000 0.02193006556204
23.560000 0.01096369323844
23.580000 0.00330832042183
23.600000 -0.00189361245795
23.620000 -0.00260304053890
23.640000 -0.00453272663489
23.660000 -0.00797630870793
23.680000 -0.00825099287316
23.700000 -0.00932261719231
23.720000 0.00191170310222
23.740000 0.01703486065435
23.760000 0.02241580805564
23.780000 0.02762435389178
23.800000 0.02933309388676
23.820000 0.02402932362214
23.840000 0.01878815139989
23.860000 0.01568442637883
23.880000 0.01384269659685
23.900000 0.00695597182073
23.920000 -0.00675447051976
23.940000 -0.01861017733763
23.960000 -0.02369681992824
23.980000 -0.02086220657529
24.000000 -0.01634327187077
24.020000 -0.01242602072315
24.040000 -0.00817736674208
24.060000 -0.00127405404491
24.080000 0.00593979482212
24.100000 0.00936864874631
24.120000 0.01244026858510
24.140000 0.01420021320395
24.160000 0.01192525099738
24.180000 0.00858852350501
24.200000 0.00884302198138
24.220000 0.00689449899413
24.240000 0.00538916001505
24.260000 -0.00138426040466
24.280000 -0.00885127843471
24.300000 -0.00838511274699
24.320000 -0.01201894591178
24.340000 -0.01776040562448
24.360000 -0.02783786236530
24.380000 -0.02669846206283
24.400000 -0.00847691281753
24.420000 0.00961943060090
24.440000 0.01538946397452
24.460000 0.00585060077077
24.480000 -0.00667630942818
24.500000 -0.00831726369772
24.520000 0.00222202202263
24.540000 0.00907419780371
24.560000 0.01236099201989
24.580000 0.00973627768210
24.600000 0.00454336406426
24.620000 -0.00068085295871
24.640000 0.00010828881674
24.660000 0.00702059135463
24.680000 0.00827330234589
24.700000 0.00754159547990
24.720000 0.00761229410157
24.740000 0.00875321904704
24.760000 0.01037956012483
24.780000 0.01087607254074
24.800000 0.01081610974395
24.820000 0.01271870834061
24.840000 0.01573275707499
24.860000 0.01872643502009
24.880000 0.01606895790640
24.900000 0.00856125528922
24.920000 0.00103416876029
24.940000 -0.00561597623518
24.960000 -0.00988820129454
24.980000 -0.01001471743760
25.000000 -0.00975369173559
25.020000 -0.01120182494005
25.040000 -0.01473225028899
25.060000 -0.01630459075222
25.080000 -0.01753658510865
25.100000 -0.01600361745505
25.120000 -0.00651362563555
25.140000 0.00173971996147
25.160000 0.00728275688559
25.180000 0.00423528485905
25.200000 -0.00217883127311
25.220000 -0.00688378752458
25.240000 -0.01276726310571
25.260000 -0.01706877300132
25.280000 -0.02131314044615
25.300000 -0.02391442983757
25.320000 -0.02236852950928
25.340000 -0.01890030764653
25.360000 -0.01806042419312
25.380000 -0.01831210719455
25.400000 -0.01501231697985
25.420000 -0.00690899528034
25.440000 0.00498727288675
25.460000 0.01517438214736
25.480000 0.01832263843473
25.500000 0.00664096985948
25.520000 -0.00987404598280
25.540000 -0.01707612830784
25.560000 -0.02423746418322
25.580000 -0.02747320477850
25.600000 -0.01355822646422
25.620000 0.00165005292982
25.640000 0.01347727912408
25.660000 0.01393462818612
25.680000 0.00670225271460
25.700000 0.00431663454907
25.720000 0.00556298393085
25.740000 0.01337220540437
25.760000 0.01149139507660
25.780000 0.00501125800546
25.800000 -0.00449120373765
25.820000 -0.01290556722345
25.840000 -0.01607171979964
25.860000 -0.01388730092912
25.880000 -0.00766151620243
25.900000 0.00060482198338
25.920000 0.01011328341592
25.940000 0.01166273962087
25.960000 0.01094209006998
25.980000 0.00813467673793
26.000000 0.00620818557277
26.020000 0.00601867683116
26.040000 0.00925841656991
26.060000 0.01551552223758
26.080000 0.02183274657608
26.100000 0.02290723020976
26.120000 0.01245085340699
26.140000 0.00403702281558
26.160000 -0.00062460434815
26.180000 -0.00506314457829
26.200000 -0.00746012693593
26.220000 -0.00877299069547
26.240000 -0.00929834468082
26.260000 -0.00672783554228
26.280000 -0.00036338575201
26.300000 0.00540037320418
26.320000 0.01158447623695
26.340000 0.01628051308329
26.360000 0.01658590443544
26.380000 0.01559402430363
26.400000 0.00916513569594
26.420000 0.00096647509796
26.440000 -0.00217277507934
26.460000 -0.00389252660140
26.480000 0.00192143792346
26.500000 0.00727383309650
26.520000 0.00506916521328
26.540000 0.00249186142768
26.560000 0.00504501934946
26.580000 0.01149545754391
26.600000 0.01760506739623
26.620000 0.02338972857479
26.640000 0.02293895057797
26.660000 0.01552832339355
26.680000 0.00446883922190
26.700000 -0.00362892751632
26.720000 -0.00665436528525
26.740000 -0.00639414330878
26.760000 -0.00498222159347
26.780000 -0.00759923965027
26.800000 -0.01164966568533
26.820000 -0.01425923101434
26.840000 -0.01567088969221
26.860000 -0.01645452697059
26.880000 -0.01525673235391
26.900000 -0.01206458778066
26.920000 -0.01106255148060
26.940000 -0.00938578514916
26.960000 -0.00238876341150
26.980000 0.00763506145430
27.000000 0.01259600136953
27.020000 0.00783113151901
27.040000 0.00034701756465
27.060000 -0.00379678389173
27.080000 -0.00531870981765
27.100000 -0.00333487648808
27.120000 0.00171302750543
27.140000 0.00667050799106
27.160000 0.00754389462207
27.180000 0.00331663873767
27.200000 -0.00352056047030
27.220000 -0.00624285780571
27.240000 -0.00397530253893
27.260000 -0.00273671860724
27.280000 -0.00376972318325
27.300000 -0.00413645145932
27.320000 -0.00389056307554
27.340000 -0.00050260173291
27.360000 0.00106590228038
27.380000 -0.00164196550240
27.400000 -0.00569132185182
27.420000 -0.01203412901800
27.440000 -0.01670553289412
27.460000 -0.01792632380355
27.480000 -0.01571885992964
27.500000 -0.00845595262950
27.520000 0.00004609217439
27.540000 0.00356325972947
27.560000 0.00487342638093
27.580000 0.00401286915806
27.600000 0.00433580656953
27.620000 0.01099554999645
27.640000 0.02116801683893
27.660000 0.02849901187047
27.680000 0.02799470575230
27.700000 0.01677437076937
27.720000 0.00581140819051
27.740000 -0.00032118860211
27.760000 -0.00502484827379
27.780000 -0.00675934158368
27.800000 -0.01127568001113
27.820000 -0.01854108129599
27.840000 -0.02752110682104
27.860000 -0.03836977475620
27.880000 -0.04448645252226
27.900000 -0.03515263188294
27.920000 -0.01109421339604
27.940000 0.00645301985832
27.960000 0.01791783353914
27.980000 0.02647458796530
28.000000 0.02983381977295
28.020000 0.02805961267896
28.040000 0.02342554550775
28.060000 0.02069342421064
28.080000 0.01634257043757
28.100000 0.01004059252912
28.120000 0.00008976430680
28.140000 -0.01098095628896
28.160000 -0.01815787469781
28.180000 -0.02343981285396
28.200000 -0.02521151135003
28.220000 -0.01798627685821
28.240000 -0.00619797582280
28.260000 0.00470642779988
28.280000 0.01226207532497
28.300000 0.01739907010327
28.320000 0.01785376443547
28.340000 0.01279891040797
28.360000 0.00665447244865
28.380000 0.00331324993851
28.400000 -0.00063213452586
28.420000 -0.00748904644239
28.440000 -0.01564521918538
28.460000 -0.02465596651054
28.480000 -0.02886417604792
28.500000 -0.02796030142787
28.520000 -0.01790001031628
28.540000 -0.00055342836223
28.560000 0.01245616286666
28.580000 0.01864154211818
28.600000 0.01616387545785
28.620000 0.01230099512565
28.640000 0.01250383109813
28.660000 0.01429658233244
28.680000 0.01377452605736
28.700000 0.00617485775346
28.720000 -0.00197382378033
28.740000 -0.00747082379228
28.760000 -0.01075534809267
28.780000 -0.00746806189904
28.800000 0.00074448902480
28.820000 0.00414009598934
28.840000 0.00348688680546
28.860000 0.00361422956807
28.880000 0.00196534130963
28.900000 0.00045159867366
28.920000 0.00206104797343
28.940000 0.00327997716222
28.960000 0.00445170866432
28.980000 0.00428841063053
29.000000 0.00204033767098
29.020000 0.00022104868562
29.040000 0.00012532945447
29.060000 0.00522515616410
29.080000 0.01212109699314
29.100000 0.01756325418358
29.120000 0.01871016566661
29.140000 0.01055458719342
29.160000 -0.00108241421283
29.180000 -0.00775042773207
29.200000 -0.01179756092791
29.220000 -0.01035004634857
29.240000 -0.00639642296670
29.260000 -0.00345140451458
29.280000 -0.00516284551450
29.300000 -0.00993735520050
29.320000 -0.01042952262740
29.340000 -0.00663140308995
29.360000 -0.00051846142991
29.380000 0.00345057984346
29.400000 0.00637524845186
29.420000 0.00822920947533
29.440000 0.00965489194620
29.460000 0.00723347633197
29.480000 0.00224087450130
29.500000 -0.00306424358671
29.520000 -0.00655039729705
29.540000 -0.00546702884279
29.560000 -0.00199978508968
29.580000 -0.00357753584360
29.600000 -0.00977846109560
29.620000 -0.01090804620428
29.640000 -0.01164462413417
29.660000 -0.01117584755619
29.680000 -0.00687338293205
29.700000 -0.00295995215986
29.720000 -0.00239477771411
29.740000 -0.00335293888018
29.760000 -0.00232718196017
29.780000 0.00056970940626
29.800000 0.00127699129645
29.820000 -0.00049400430510
29.840000 -0.00151127875442
29.860000 -0.00020081530904
29.880000 0.00388902187091
29.900000 0.00773490852243
29.920000 0.00902450808072
29.940000 0.00577590300564
29.960000 -0.00030523956979
29.980000 -0.00513680480681
30.000000 -0.00733854518061
30.020000 -0.00895648854421
30.040000 -0.01285198552038
30.060000 -0.01612541840824
30.080000 -0.01754908912972
30.100000 -0.01471625371510
30.120000 -0.00624567815172
30.140000 0.00307898586165
30.160000 0.01010374100171
30.180000 0.01426018574287
30.200000 0.01808474054419
30.220000 0.02326172188617
30.240000 0.02770436111658
30.260000 0.02904468306342
30.280000 0.02791417732366
30.300000 0.02312289656459
30.320000 0.01698167837852
30.340000 0.01117534096555
30.360000 0.00505995890249
30.380000 0.00011764476662
30.400000 -0.00328990341627
30.420000 -0.00417495040008
30.440000 -0.00519066416051
30.460000 -0.00689699784991
30.480000 -0.00638738227207
30.500000 -0.00499287948131
30.520000 -0.00396405817499
30.540000 -0.00463494980799
30.560000 -0.00637207251819
30.580000 -0.00876106633101
30.600000 -0.00865140406909
30.620000 -0.00701790739841
30.640000 -0.00843803198536
30.660000 -0.01229321116551
30.680000 -0.01587214256892
30.700000 -0.01965031022857
30.720000 -0.02353530031988
30.740000 -0.02466624932646
30.760000 -0.02541363614718
30.780000 -0.02416666814028
30.800000 -0.01950535223753
30.820000 -0.01399691448040
30.840000 -0.00590287215764
30.860000 0.00431420973345
30.880000 0.01135493709209
30.900000 0.01554127068143
30.920000 0.01458671751241
30.940000 0.01075094465089
30.960000 0.00660264919966
30.980000 0.00225114952352
31.000000 -0.00175504043170
31.020000 -0.00609808978616
31.040000 -0.00876428123319
31.060000 -0.00817014295430
31.080000 -0.00504604714394
31.100000 -0.00358341911459
31.120000 -0.00353183600905
31.140000 -0.00214919425893
31.160000 0.00223242758936
31.180000 0.00673379285344
31.200000 0.00815668420470
31.220000 0.00821175645332
31.240000 0.01031284603345
31.260000 0.01439438355373
31.280000 0.01706337586251
31.300000 0.01457409171474
31.320000 0.01125805650189
31.340000 0.01283199954514
31.360000 0.01543194452293
31.380000 0.01604896218903
31.400000 0.01480975865801
31.420000 0.01417422607796
31.440000 0.01344926076444
31.460000 0.01126803731185
31.480000 0.01036769421313
31.500000 0.01114271457944
31.520000 0.01279915883223
31.540000 0.01082115129510
31.560000 0.00469048529479
31.580000 -0.00046089027679
31.600000 -0.00410085080159
31.620000 -0.00508316465098
31.640000 -0.00361204343458
31.660000 -0.00462068976838
31.680000 -0.00621809818784
31.700000 -0.00562639544090
31.720000 -0.00245504884925
31.740000 0.00134332057378
31.760000 0.00405508374637
31.780000 0.00486342121565
31.800000 0.00398943154692
31.820000 0.00276566198192
31.840000 -0.00049021705291
31.860000 -0.00245329429203
31.880000 -0.00424942994155
31.900000 -0.00699652829889
31.920000 -0.00860435933380
31.940000 -0.00912557778589
31.960000 -0.00723658407074
31.980000 -0.00452629244656
32.000000 -0.00249966682050
32.020000 0.00077951489699
32.040000 0.00399609564946
32.060000 0.00652056690163
32.080000 0.00755001754941
32.100000 0.00652700157706
32.120000 0.00607584850833
32.140000 0.00308182666612
32.160000 -0.00132671998796
32.180000 -0.00487273956092
32.200000 -0.00655159070771
32.220000 -0.00751002124361
32.240000 -0.01016568145045
32.260000 -0.01341954727456
32.280000 -0.01707883661937
32.300000 -0.01845709928304
32.320000 -0.01678768825811
32.340000 -0.01437598554532
32.360000 -0.01278656713201
32.380000 -0.01106299961848
32.400000 -0.01053235565771
32.420000 -0.00781558795406
32.440000 -0.00299515826142
32.460000 0.00224659946272
32.480000 0.00444565831583
32.500000 0.00252932137051
32.520000 -0.00178828300739
32.540000 -0.00695847554758
32.560000 -0.01070768960333
32.580000 -0.01507596717202
32.600000 -0.01681144930789
32.620000 -0.01017950065878
32.640000 0.00149148469909
32.660000 0.00910818808771
32.680000 0.01319527862085
32.700000 0.01472906948426
32.720000 0.01571334101423
32.740000 0.01694454625830
32.760000 0.01627978729477
32.780000 0.01315263732734
32.800000 0.00779116931065
32.820000 0.00301746675993
32.840000 -0.00306741611064
32.860000 -0.00682009349283
32.880000 -0.00658704231088
32.900000 -0.00766966062129
32.920000 -0.00979167142094
32.940000 -0.01100097636165
32.960000 -0.00689400214561
32.980000 0.00014487454972
33.000000 0.00288800070056
33.020000 0.00506173684081
33.040000 0.00656423111857
33.060000 0.00629845125818
33.080000 0.00057527849363
33.100000 -0.00896766276483
33.120000 -0.01192835386509
33.140000 -0.01301493722153
33.160000 -0.01160584072328
33.180000 -0.00794056484092
33.200000 -0.00401841048037
33.220000 0.00100376455354
33.240000 0.00290324664351
33.260000 0.00299618751722
33.280000 0.00076586568879
33.300000 -0.00152606535604
33.320000 -0.00091242625986
33.340000 0.00128268167331
33.360000 0.00358808997778
33.380000 0.00325970525553
33.400000 0.00243546473678
33.420000 0.00153620155294
33.440000 0.00279872530245
33.460000 0.00556719740114
33.480000 0.00475836064781
33.500000 0.00303681219027
33.520000 0.00180316946582
33.540000 0.00162831093604
33.560000 0.00268464206292
33.580000 0.00340659559763
33.600000 0.00529365793593
33.620000 0.00872392933972
33.640000 0.01356575225797
33.660000 0.01777608070815
33.680000 0.01742285063730
33.700000 0.01165497027393
33.720000 0.00616333281624
33.740000 0.00331194985155
33.760000 0.00091319588796
33.780000 -0.00079195802976
33.800000 -0.00272168699110
33.820000 -0.00580857323132
33.840000 -0.00872753392702
33.860000 -0.00864651839198
33.880000 -0.00268380911100
33.900000 0.00508891737746
33.920000 0.01046286018884
33.940000 0.01265746445401
33.960000 0.01559337158107
33.980000 0.01894762516140
34.000000 0.01859985068213
34.020000 0.01127981067333
34.040000 0.00006695910589
34.060000 -0.00761329754073
34.080000 -0.01110860738991
34.100000 -0.01147674778741
34.120000 -0.00860792008152
34.140000 -0.00366077842905
34.160000 0.00098030502262
34.180000 0.00367622603404
34.200000 0.00383325062462
34.220000 0.00288379210134
34.240000 -0.00066368781658
34.260000 -0.00454703830778
34.280000 -0.00700145294451
34.300000 -0.00789477196906
34.320000 -0.00795835396634
34.340000 -0.00795088175429
34.360000 -0.00807110935384
34.380000 -0.00702274436488
34.400000 -0.00547753085659
34.420000 -0.00480777174595
34.440000 -0.00325958153051
34.460000 -0.00096661684592
34.480000 0.00116238685308
34.500000 0.00138299392805
34.520000 0.00082801997724
34.540000 -0.00119514280949
34.560000 -0.00272592968777
34.580000 -0.00286703271884
34.600000 -0.00370074307294
34.620000 -0.00279151028258
34.640000 -0.00243924614370
34.660000 -0.00339766937300
34.680000 -0.00180378370698
34.700000 0.00001666417756
34.720000 -0.00062825180081
34.740000 -0.00309312509887
34.760000 -0.00496178260928
34.780000 -0.00516251915321
34.800000 -0.00452358364792
34.820000 -0.00294461269249
34.840000 -0.00132987010499
34.860000 -0.00146353843120
34.880000 -0.00330239282415
34.900000 -0.00574889295623
34.920000 -0.00592629223295
34.940000 -0.00510204002365
34.960000 -0.00734036695851
34.980000 -0.00924729593100
35.000000 -0.01163816023236
35.020000 -0.01273175304977
35.040000 -0.01160194874322
35.060000 -0.00819857048330
35.080000 -0.00263042517313
35.100000 0.00165883156121
35.120000 0.00436761120715
35.140000 0.00522215071766
35.160000 0.00615121848028
35.180000 0.00689446002561
35.200000 0.00479224571683
35.220000 -0.00142138960225
35.240000 -0.00728226490814
35.260000 -0.01115276845536
35.280000 -0.01070366610454
35.300000 -0.00411799694657
35.320000 0.00493203989302
35.340000 0.01260580682119
35.360000 0.01599822518729
35.380000 0.01810032794872
35.400000 0.01970160740266
35.420000 0.01997132308270
35.440000 0.01562532088929
35.460000 0.00898635790814
35.480000 0.00424982401062
35.500000 0.00008416818502
35.520000 -0.00356277992968
35.540000 -0.00488398684749
35.560000 -0.00328322177790
35.580000 -0.00096054214211
35.600000 -0.00096063176968
35.620000 -0.00232805144507
35.640000 -0.00326172479863
35.660000 -0.00355545969483
35.680000 -0.00322018680109
35.700000 -0.00308514678329
35.720000 -0.00281049427998
35.740000 -0.00267545962034
35.760000 -0.00117757190773
35.780000 0.00195146657117
35.800000 0.00439137371825
35.820000 0.00650385428134
35.840000 0.00852690454649
35.860000 0.00973859143745
35.880000 0.01049615878176
35.900000 0.00968566732802
35.920000 0.00690516662410
35.940000 0.00213429367441
35.960000 -0.00068446728813
35.980000 -0.00131113501896
36.000000 0.00008525399388
36.020000 0.00309480902567
36.040000 0.00525688140337
36.060000 0.00632748279911
36.080000 0.00434326173285
36.100000 0.00084022686341
36.120000 -0.00131580929189
36.140000 0.00058963498031
36.160000 0.00400349528266
36.180000 0.00440329564718
36.200000 0.00187923892255
36.220000 -0.00231105435465
36.240000 -0.00602418600445
36.260000 -0.00648308406481
36.280000 -0.00385106848931
36.300000 -0.00095521563372
36.320000 0.00055414830547
36.340000 0.00059278850708
36.360000 0.00079044361599
36.380000 0.00074916329773
36.400000 0.00013127799772
36.420000 -0.00238806197829
36.440000 -0.00595170457339
36.460000 -0.00594985844017
36.480000 -0.00243137693994
36.500000 -0.00022158114161
36.520000 0.00037348848470
36.540000 0.00139213204395
36.560000 0.00296037350689
36.580000 0.00359582035621
36.600000 0.00355501301827
36.620000 0.00439614882220
36.640000 0.00478176416150
36.660000 0.00263556658109
36.680000 -0.00127163702299
36.700000 -0.00403042008845
36.720000 -0.00402880435655
36.740000 -0.00141024558222
36.760000 0.00130381819385
36.780000 0.00261975413341
36.800000 0.00216017022725
36.820000 0.00253572779377
36.840000 0.00293250176628
36.860000 0.00283975135117
36.880000 0.00271513784567
36.900000 0.00277934431335
36.920000 0.00326232004264
36.940000 0.00185529472077
36.960000 -0.00043912344058
36.980000 -0.00217913181775
37.000000 -0.00344087522282
37.020000 -0.00405375492013
37.040000 -0.00312207870278
37.060000 -0.00160457521579
37.080000 -0.00026122103167
37.100000 0.00133229199797
37.120000 0.00245259139751
37.140000 0.00231506616289
37.160000 0.00152077294509
37.180000 0.00097087756552
37.200000 0.00114282953146
37.220000 0.00007144876550
37.240000 -0.00236768047266
37.260000 -0.00369202825249
37.280000 -0.00391195581404
37.300000 -0.00315530617817
37.320000 -0.00148626876385
37.340000 -0.00047759442143
37.360000 -0.00039362151737
37.380000 -0.00031245278737
37.400000 -0.00073228506127
37.420000 -0.00099272672271
37.440000 -0.00099011680667
37.460000 -0.00068288516657
37.480000 0.00000822504959
37.500000 0.00043784006137
37.520000 0.00086836846097
37.540000 0.00090547768719
37.560000 0.00046180106832
37.580000 0.00008365506715
37.600000 0.00001470606345
37.620000 -0.00058970804626
37.640000 -0.00083384966653
37.660000 -0.00049302473415
37.680000 -0.00035929956262
37.700000 -0.00027546319448
37.720000 -0.00028999158100
37.740000 0.00012799270867
37.760000 0.00061324405289
37.780000 0.00109187430606
37.800000 0.00099638294329
37.820000 0.00021675630410
37.840000 -0.00095890156778
37.860000 -0.00204412784581
37.880000 -0.00222398019032
37.900000 -0.00186716696485
37.920000 -0.00101698315969
37.940000 -0.00038504060246
37.960000 0.00040134911929
37.980000 0.00117643061746
38.000000 0.00124009785836
38.020000 0.00082180206415
38.040000 0.00009814667714
38.060000 -0.00045302974353
38.080000 -0.00053117441962
38.100000 -0.00036872614293
38.120000 0.00006469703252
38.140000 0.00021746631037
38.160000 -0.00001430801472
38.180000 -0.00036162720052
38.200000 -0.00058006041708
38.220000 -0.00058589254190
38.240000 -0.00064403989317
38.260000 -0.00059301160181
38.280000 -0.00049800296147
38.300000 -0.00031010961079
38.320000 -0.00025130890371
38.340000 -0.00026566870271
38.360000 -0.00027695310680
38.380000 -0.00015573536609
38.400000 0.00012682638112
38.420000 0.00040149793029
38.440000 0.00043439470915
38.460000 0.00031911046011
38.480000 0.00014176749289
38.500000 0.00006318729497
38.520000 -0.00000197527438
38.540000 -0.00003540122176
38.560000 0.00008416755178
38.580000 0.00018761764847
38.600000 0.00013174523018
38.620000 -0.00008334692364
38.640000 -0.00031749750472
38.660000 -0.00047329599979
38.680000 -0.00051081337246
38.700000 -0.00046790407301
38.720000 -0.00046773368320
38.740000 -0.00051864263349
38.760000 -0.00049379582357
38.780000 -0.00037379175714
38.800000 -0.00024930826034
38.820000 -0.00024461484413
38.840000 -0.00034968676154
38.860000 -0.00049630296016
38.880000 -0.00055533148690
38.900000 -0.00054746423157
38.920000 -0.00051344131144
38.940000 -0.00049381920467
38.960000 -0.00047984787302
38.980000 -0.00041153353973
39.000000 -0.00036421178703
39.020000 -0.00036593853048
39.040000 -0.00036236175695
39.060000 -0.00033686904396
39.080000 -0.00031062740488
39.100000 -0.00032291826819
39.120000 -0.00033095727724
39.140000 -0.00032605654854
39.160000 -0.00033280759957
39.180000 -0.00034751222119
39.200000 -0.00036003548296
39.220000 -0.00036552117772
39.240000 -0.00036127258706
39.260000 -0.00033658759388
39.280000 -0.00030030342847
39.300000 -0.00027080450895
39.320000 -0.00024962346689
39.340000 -0.00022676361264
39.360000 -0.00018962744944
39.380000 -0.00015462033085
39.400000 -0.00013636772370
39.420000 -0.00013037538958
39.440000 -0.00012669671340
39.460000 -0.00011583511766
39.480000 -0.00010475549310
39.500000 -0.00009625758113
39.520000 -0.00008561255289
39.540000 -0.00007332631709
39.560000 -0.00006049988030
39.580000 -0.00004596186368
39.600000 -0.00003043121192
39.620000 -0.00001631064548
39.640000 -0.00000522029971
39.660000 0.00000463221665
39.680000 0.00001466788405
39.700000 0.00002489649478
39.720000 0.00003474265879
39.740000 0.00004414823020
39.760000 0.00005326211256
39.780000 0.00006208667808
39.800000 0.00007077046985
39.820000 0.00007922590615
39.840000 0.00008741971760
39.860000 0.00009532589273
39.880000 0.00010293210775
39.900000 0.00011024537698
39.920000 0.00011727266605
39.940000 0.00012402858814
39.960000 0.00013052751291
39.980000 0.00013677996184
