-3.8713e-05
-3.8912e-05
-3.9112e-05
-3.9312e-05
-3.9512e-05
-3.9712e-05
-3.9912e-05
-4.0112e-05
-4.0313e-05
-4.0514e-05
-4.0715e-05
-4.0916e-05
-4.1118e-05
-4.1319e-05
-4.1519e-05
-4.1717e-05
-4.1913e-05
-4.2106e-05
-4.2298e-05
-4.2497e-05
-4.2705e-05
-4.2916e-05
-4.3127e-05
-4.3332e-05
-4.3536e-05
-4.3733e-05
-4.3914e-05
-4.4093e-05
-4.4233e-05
-4.4342e-05
-4.4466e-05
-4.4623e-05
-4.4796e-05
-4.4959e-05
-4.5125e-05
-4.5309e-05
-4.5509e-05
-4.5862e-05
-4.6301e-05
-4.6661e-05
-4.6859e-05
-4.6946e-05
-4.7010e-05
-4.7152e-05
-4.7471e-05
-4.7843e-05
-4.8141e-05
-4.8363e-05
-4.8567e-05
-4.8684e-05
-4.8379e-05
-4.8164e-05
-4.8477e-05
-4.9212e-05
-4.9620e-05
-4.8784e-05
-4.7367e-05
-4.6612e-05
-4.7247e-05
-4.8866e-05
-5.0512e-05
-5.1359e-05
-5.0924e-05
-4.9246e-05
-4.7366e-05
-4.6422e-05
-4.7596e-05
-5.0114e-05
-5.2137e-05
-5.2672e-05
-5.1503e-05
-4.9128e-05
-4.7529e-05
-4.7735e-05
-4.8386e-05
-4.7484e-05
-4.4364e-05
-4.0798e-05
-3.7237e-05
-3.5682e-05
-3.6980e-05
-4.1245e-05
-4.7134e-05
-5.2027e-05
-5.4220e-05
-5.4258e-05
-5.3718e-05
-5.3634e-05
-5.4015e-05
-5.4298e-05
-5.4302e-05
-5.4784e-05
-5.7098e-05
-6.0644e-05
-6.0907e-05
-5.9360e-05
-5.9175e-05
-5.8759e-05
-5.3385e-05
-3.9772e-05
-2.6666e-05
-2.4852e-05
-3.4521e-05
-4.7652e-05
-5.5067e-05
-5.4607e-05
-4.9864e-05
-4.9103e-05
-5.2414e-05
-5.6421e-05
-6.0169e-05
-5.2773e-05
-2.9498e-05
-8.4529e-07
1.6263e-05
1.6753e-05
6.5827e-06
-5.9549e-06
-1.6825e-05
-2.7529e-05
-2.5162e-05
-1.4405e-05
-2.1112e-06
2.5549e-06
-7.5295e-06
-2.9560e-05
-5.2333e-05
-6.4283e-05
-6.5292e-05
-6.5857e-05
-8.6634e-05
-1.2179e-04
-1.4795e-04
-1.5608e-04
-1.5348e-04
-1.5092e-04
-1.3667e-04
-1.0190e-04
-6.6784e-05
-3.7693e-05
-9.0703e-06
1.9303e-05
3.3285e-05
3.9922e-05
4.5671e-05
6.0113e-05
9.6795e-05
1.4616e-04
1.8140e-04
1.9371e-04
1.9038e-04
1.5659e-04
1.0362e-04
4.2737e-05
-2.0068e-05
-6.1367e-05
-7.3494e-05
-6.1451e-05
-2.9338e-05
-1.5882e-05
-3.5435e-05
-6.5259e-05
-1.1388e-04
-1.4430e-04
-1.5749e-04
-1.9003e-04
-2.3015e-04
-2.5502e-04
-2.6004e-04
-2.5534e-04
-2.3306e-04
-1.7703e-04
-1.0989e-04
-6.9812e-05
-5.6327e-05
-4.8375e-05
-4.5471e-05
-2.9492e-06
7.9344e-05
1.6101e-04
2.2266e-04
2.6969e-04
3.1426e-04
3.5565e-04
3.8884e-04
4.0740e-04
4.1463e-04
4.1957e-04
4.2728e-04
4.1852e-04
3.7791e-04
3.3213e-04
2.7795e-04
2.2744e-04
2.0099e-04
1.9948e-04
1.8826e-04
1.1995e-04
1.1413e-05
-6.7360e-05
-1.0479e-04
-1.6083e-04
-2.1053e-04
-1.9979e-04
-1.3126e-04
-2.6147e-05
1.0114e-04
2.0777e-04
2.5094e-04
1.7001e-04
1.6074e-05
-1.3109e-04
-2.4098e-04
-3.3378e-04
-3.6022e-04
-2.5046e-04
-4.8139e-05
1.0536e-04
1.9256e-04
2.5972e-04
2.9522e-04
3.1229e-04
3.3059e-04
3.8420e-04
4.3785e-04
4.9307e-04
5.5511e-04
6.0054e-04
5.8794e-04
5.1243e-04
3.9060e-04
3.1360e-04
3.4461e-04
4.2383e-04
4.3647e-04
3.7201e-04
2.5751e-04
1.2057e-04
-5.0263e-05
-2.4204e-04
-4.4028e-04
-6.0081e-04
-7.2788e-04
-8.1278e-04
-7.9776e-04
-7.2623e-04
-6.3196e-04
-5.4320e-04
-4.6437e-04
-3.2136e-04
-1.5889e-04
-6.6348e-05
-7.2034e-05
-2.0079e-04
-3.8744e-04
-5.3346e-04
-5.6653e-04
-4.8339e-04
-3.1382e-04
-1.5842e-04
-7.1054e-05
1.1349e-06
1.0428e-04
3.1024e-04
5.7617e-04
8.2206e-04
1.0422e-03
1.1310e-03
1.0901e-03
9.7416e-04
8.1184e-04
5.8627e-04
3.4530e-04
3.7504e-05
-2.8400e-04
-5.5716e-04
-7.9467e-04
-9.4755e-04
-9.8007e-04
-9.3312e-04
-8.2098e-04
-6.3674e-04
-4.6745e-04
-4.0505e-04
-4.4954e-04
-4.2258e-04
-2.6131e-04
-7.2541e-05
1.9715e-05
1.0857e-05
-5.3638e-05
-9.4581e-05
-6.3133e-05
1.1228e-04
4.3066e-04
7.0097e-04
8.0040e-04
6.8858e-04
4.6976e-04
2.6860e-04
1.4425e-04
1.2469e-04
2.1979e-04
3.6907e-04
4.4788e-04
4.1205e-04
3.1612e-04
2.5471e-04
2.8112e-04
3.0869e-04
2.2845e-04
1.6004e-05
-2.8413e-04
-6.4938e-04
-1.0026e-03
-1.2362e-03
-1.3182e-03
-1.3402e-03
-1.3103e-03
-1.2640e-03
-1.1946e-03
-1.0060e-03
-6.8734e-04
-3.4365e-04
-2.8702e-05
2.4951e-04
5.6410e-04
9.2593e-04
1.2673e-03
1.5735e-03
1.7347e-03
1.6639e-03
1.4451e-03
1.2380e-03
1.0940e-03
9.9861e-04
9.3983e-04
9.9333e-04
1.0717e-03
1.0434e-03
8.6282e-04
5.8188e-04
2.1438e-04
-1.9628e-04
-5.2600e-04
-7.2697e-04
-8.8006e-04
-1.0923e-03
-1.2896e-03
-1.4275e-03
-1.5375e-03
-1.5479e-03
-1.4026e-03
-1.1448e-03
-8.8672e-04
-6.7090e-04
-4.4479e-04
-2.7895e-04
-2.2964e-04
-2.7056e-04
-4.1850e-04
-5.7250e-04
-6.8943e-04
-7.5847e-04
-7.8336e-04
-7.2443e-04
-5.5878e-04
-3.7111e-04
-1.9299e-04
2.5290e-05
2.1807e-04
3.6656e-04
5.3502e-04
7.8018e-04
1.0830e-03
1.3647e-03
1.5359e-03
1.5273e-03
1.4392e-03
1.3591e-03
1.3155e-03
1.2636e-03
1.0685e-03
7.4650e-04
4.2559e-04
1.4383e-04
-1.0154e-04
-2.5256e-04
-2.9717e-04
-2.8468e-04
-2.7285e-04
-3.3365e-04
-4.8883e-04
-6.2341e-04
-7.4200e-04
-9.4624e-04
-1.1914e-03
-1.3454e-03
-1.3686e-03
-1.2509e-03
-9.7406e-04
-5.2399e-04
-2.9003e-05
3.9064e-04
6.4244e-04
7.2082e-04
7.0349e-04
6.1802e-04
5.0586e-04
4.8903e-04
6.5618e-04
9.4811e-04
1.2445e-03
1.4989e-03
1.6399e-03
1.6722e-03
1.6835e-03
1.6693e-03
1.5719e-03
1.3397e-03
1.0055e-03
7.2752e-04
5.7493e-04
5.1687e-04
4.3705e-04
3.0950e-04
1.7911e-04
1.3513e-04
1.5581e-04
1.1467e-04
-3.5970e-05
-2.1252e-04
-3.6010e-04
-4.5678e-04
-4.9972e-04
-5.1618e-04
-5.3374e-04
-5.3408e-04
-5.4920e-04
-5.4716e-04
-5.1213e-04
-5.1185e-04
-4.4395e-04
-2.6259e-04
-4.3498e-05
1.1618e-04
1.8876e-04
2.0845e-04
2.4706e-04
2.9667e-04
3.5148e-04
4.1359e-04
4.6321e-04
4.9650e-04
4.9371e-04
4.5714e-04
4.3438e-04
3.7772e-04
2.5535e-04
1.2956e-04
5.8022e-06
-1.2226e-04
-3.3079e-04
-5.7677e-04
-7.6060e-04
-9.4558e-04
-1.0851e-03
-1.1249e-03
-1.1453e-03
-1.1483e-03
-1.0808e-03
-9.6038e-04
-8.2343e-04
-6.2861e-04
-4.2316e-04
-2.3772e-04
-1.1930e-04
-1.1280e-04
-2.2275e-04
-3.8610e-04
-5.1220e-04
-6.1853e-04
-7.0304e-04
-7.4676e-04
-7.6703e-04
-8.0680e-04
-8.8267e-04
-8.9458e-04
-7.7231e-04
-5.3910e-04
-2.2374e-04
6.8122e-05
2.1914e-04
2.5548e-04
2.6356e-04
2.8083e-04
2.9731e-04
2.9627e-04
2.3549e-04
1.0579e-04
-3.1018e-05
-7.9745e-05
3.4253e-05
2.7436e-04
4.7857e-04
6.0741e-04
7.5816e-04
9.1732e-04
9.8417e-04
9.2089e-04
7.1742e-04
4.3617e-04
1.2583e-04
-1.7015e-04
-3.7430e-04
-3.9397e-04
-2.7620e-04
-1.6546e-04
-1.3759e-04
-1.9098e-04
-2.1847e-04
-2.1704e-04
-2.1558e-04
-2.2755e-04
-1.8246e-04
-2.3341e-05
1.4389e-04
2.5175e-04
2.8463e-04
3.0173e-04
2.9968e-04
3.1711e-04
2.8914e-04
1.2077e-04
-7.1905e-05
-1.6512e-04
-1.5692e-04
-1.1753e-04
-1.0023e-04
-6.7328e-05
3.0575e-05
1.3702e-04
1.8186e-04
1.6539e-04
1.3556e-04
1.4116e-04
1.4678e-04
1.8782e-04
3.3218e-04
6.1276e-04
9.8608e-04
1.3525e-03
1.5841e-03
1.6197e-03
1.4672e-03
1.1214e-03
6.6946e-04
2.3572e-04
-9.8689e-05
-3.3839e-04
-4.7414e-04
-5.1754e-04
-5.0831e-04
-4.4467e-04
-3.3445e-04
-2.5077e-04
-2.7531e-04
-3.9339e-04
-5.1762e-04
-6.8732e-04
-8.4906e-04
-9.0449e-04
-8.4043e-04
-7.0580e-04
-5.4141e-04
-3.1671e-04
-9.1360e-05
6.0383e-05
1.2178e-05
-1.1843e-04
-1.5234e-04
-9.9667e-05
-1.6951e-05
6.3660e-05
1.1812e-04
1.5938e-04
2.0749e-04
2.1648e-04
1.3136e-04
-6.7540e-05
-3.2431e-04
-4.9584e-04
-5.3690e-04
-5.0681e-04
-4.7562e-04
-4.4230e-04
-4.1407e-04
-4.2210e-04
-4.4660e-04
-4.5755e-04
-4.1432e-04
-2.9416e-04
-1.1776e-04
-4.4462e-05
-1.8552e-04
-3.9569e-04
-5.7154e-04
-6.7024e-04
-6.6312e-04
-5.6266e-04
-3.7587e-04
-7.3134e-05
2.8149e-04
5.2458e-04
6.6827e-04
8.0284e-04
9.3431e-04
1.0124e-03
1.0224e-03
9.9794e-04
9.7659e-04
9.4600e-04
8.0127e-04
5.8377e-04
4.3074e-04
3.5206e-04
1.9699e-04
-3.7540e-05
-3.3617e-04
-5.8699e-04
-7.8159e-04
-9.6699e-04
-1.1397e-03
-1.2096e-03
-1.1257e-03
-9.1011e-04
-6.1487e-04
-3.0626e-04
-2.0030e-06
2.6623e-04
5.2843e-04
7.7691e-04
1.0004e-03
1.1691e-03
1.2208e-03
1.1827e-03
1.0738e-03
9.5127e-04
8.4644e-04
7.0589e-04
5.5025e-04
4.2639e-04
4.2399e-04
5.4666e-04
7.2587e-04
9.2164e-04
1.1488e-03
1.2888e-03
1.2346e-03
9.4296e-04
5.2063e-04
1.8015e-05
-4.6433e-04
-8.0612e-04
-9.7547e-04
-1.0770e-03
-1.1657e-03
-1.2244e-03
-1.2131e-03
-1.1781e-03
-1.2209e-03
-1.3574e-03
-1.4397e-03
-1.3757e-03
-1.2578e-03
-1.1226e-03
-9.3438e-04
-7.4248e-04
-6.4995e-04
-6.2532e-04
-5.8527e-04
-5.0696e-04
-3.6174e-04
-1.8029e-04
5.2388e-05
2.4036e-04
3.1217e-04
2.4079e-04
2.7550e-05
-1.7737e-04
-2.6770e-04
-2.6397e-04
-2.3879e-04
-2.3271e-04
-1.8430e-04
-6.7623e-06
2.2044e-04
4.8341e-04
6.9558e-04
7.9281e-04
8.0093e-04
7.8182e-04
7.7337e-04
7.7742e-04
7.1249e-04
5.1047e-04
2.0401e-04
-9.8358e-05
-2.6151e-04
-2.8229e-04
-2.2909e-04
-1.0544e-04
1.1771e-04
4.5017e-04
7.5912e-04
9.0435e-04
9.0372e-04
8.3291e-04
7.6192e-04
6.6784e-04
5.7828e-04
5.8038e-04
7.1895e-04
1.0141e-03
1.4033e-03
1.7385e-03
1.9100e-03
1.9368e-03
1.8490e-03
1.6141e-03
1.3033e-03
9.7227e-04
6.2009e-04
2.6940e-04
7.0537e-05
1.8676e-05
-8.0108e-06
-4.7202e-05
-1.2984e-04
-2.5444e-04
-5.1185e-04
-9.0404e-04
-1.2974e-03
-1.5964e-03
-1.7295e-03
-1.7845e-03
-1.8331e-03
-1.8450e-03
-1.7716e-03
-1.5643e-03
-1.1770e-03
-6.2773e-04
4.6653e-05
7.5753e-04
1.3710e-03
1.7426e-03
1.8527e-03
1.7581e-03
1.5266e-03
1.2589e-03
9.9409e-04
8.4070e-04
9.2328e-04
1.1487e-03
1.3233e-03
1.4650e-03
1.6427e-03
1.8128e-03
2.0122e-03
2.2129e-03
2.3520e-03
2.4434e-03
2.4404e-03
2.3775e-03
2.2897e-03
2.1387e-03
1.9820e-03
1.9803e-03
2.1215e-03
2.2858e-03
2.3624e-03
2.3554e-03
2.3304e-03
2.2886e-03
2.1240e-03
1.8954e-03
1.6365e-03
1.3774e-03
1.0719e-03
6.8833e-04
1.9817e-04
-4.6137e-04
-1.2500e-03
-2.0126e-03
-2.6337e-03
-3.0670e-03
-3.2995e-03
-3.4821e-03
-3.6888e-03
-3.9209e-03
-4.1839e-03
-4.5044e-03
-4.8635e-03
-5.2245e-03
-5.6379e-03
-6.1038e-03
-6.6233e-03
-7.1036e-03
-7.3813e-03
-7.4403e-03
-7.3756e-03
-7.1603e-03
-6.6804e-03
-5.9057e-03
-4.9146e-03
-3.7466e-03
-2.3432e-03
-7.0970e-04
7.9777e-04
1.8214e-03
2.3329e-03
2.6094e-03
2.8240e-03
3.1385e-03
3.6815e-03
4.4756e-03
5.3676e-03
6.0975e-03
6.4466e-03
6.1959e-03
5.1315e-03
3.2872e-03
9.8755e-04
-1.1486e-03
-2.4817e-03
-2.8855e-03
-2.6747e-03
-2.0953e-03
-1.3365e-03
-5.3708e-04
1.0898e-04
5.0576e-04
7.4470e-04
8.7687e-04
9.3077e-04
8.8323e-04
5.6961e-04
-1.1361e-04
-1.0801e-03
-2.0830e-03
-2.8446e-03
-3.2377e-03
-3.3078e-03
-3.1629e-03
-2.8557e-03
-2.4610e-03
-2.0362e-03
-1.6649e-03
-1.3699e-03
-1.2234e-03
-1.3000e-03
-1.4704e-03
-1.6803e-03
-1.9084e-03
-2.0638e-03
-2.0508e-03
-1.7853e-03
-1.2798e-03
-6.7299e-04
-1.7122e-04
1.3243e-04
2.4472e-04
2.2108e-04
1.3127e-04
-5.6306e-05
-3.0250e-04
-4.9461e-04
-5.6560e-04
-4.6270e-04
-1.8614e-04
2.1151e-04
6.5013e-04
1.0840e-03
1.4517e-03
1.6477e-03
1.4450e-03
7.0539e-04
-5.6998e-04
-2.0873e-03
-3.3649e-03
-4.1161e-03
-4.3251e-03
-4.2345e-03
-4.0948e-03
-4.0034e-03
-3.9622e-03
-3.9542e-03
-3.9821e-03
-3.9113e-03
-3.6853e-03
-3.2555e-03
-2.5965e-03
-1.7695e-03
-8.8473e-04
-8.3388e-05
6.4263e-04
1.5053e-03
2.4473e-03
3.2167e-03
3.6806e-03
3.9646e-03
4.2433e-03
4.6318e-03
5.0768e-03
5.4887e-03
5.8747e-03
6.3064e-03
6.7362e-03
7.1138e-03
7.3865e-03
7.6292e-03
7.8108e-03
7.8616e-03
7.7090e-03
7.4722e-03
7.2745e-03
7.0707e-03
6.9021e-03
6.8114e-03
6.6822e-03
6.4768e-03
6.2743e-03
6.0847e-03
5.8243e-03
5.3993e-03
4.7611e-03
3.8643e-03
2.7437e-03
1.6102e-03
6.8299e-04
1.6920e-04
2.1478e-05
3.1248e-05
1.8582e-04
5.0956e-04
8.9306e-04
1.1337e-03
1.1553e-03
1.0034e-03
6.8151e-04
1.8520e-05
-1.0571e-03
-2.3205e-03
-3.4215e-03
-4.0572e-03
-4.1713e-03
-3.9486e-03
-3.6262e-03
-3.3256e-03
-3.2470e-03
-3.4293e-03
-3.8658e-03
-4.5214e-03
-5.3285e-03
-6.2506e-03
-7.1635e-03
-8.0002e-03
-8.8639e-03
-9.7830e-03
-1.0564e-02
-1.0958e-02
-1.0831e-02
-9.9849e-03
-8.2162e-03
-5.6249e-03
-2.4821e-03
7.4705e-04
3.6093e-03
5.8421e-03
7.2011e-03
7.5359e-03
6.9844e-03
5.9747e-03
4.8094e-03
3.6386e-03
2.6498e-03
2.0801e-03
1.8705e-03
1.8289e-03
1.8142e-03
1.8036e-03
1.8366e-03
1.9204e-03
2.0038e-03
2.0364e-03
2.0217e-03
1.9495e-03
1.8166e-03
1.6185e-03
1.3424e-03
1.0406e-03
6.6136e-04
2.4527e-04
-1.0496e-04
-4.3329e-04
-8.2209e-04
-1.2434e-03
-1.7200e-03
-2.2596e-03
-2.6981e-03
-2.8379e-03
-2.7016e-03
-2.3749e-03
-1.9271e-03
-1.4465e-03
-1.0528e-03
-7.3894e-04
-5.4731e-04
-4.8136e-04
-4.8769e-04
-5.0516e-04
-5.0734e-04
-5.0227e-04
-5.0470e-04
-5.2019e-04
-6.0533e-04
-8.5325e-04
-1.3049e-03
-1.8419e-03
-2.3795e-03
-2.9017e-03
-3.3521e-03
-3.6263e-03
-3.6967e-03
-3.5635e-03
-3.3137e-03
-2.9610e-03
-2.5142e-03
-2.0457e-03
-1.6933e-03
-1.4265e-03
-1.2300e-03
-1.1298e-03
-1.1163e-03
-1.2267e-03
-1.4518e-03
-1.6348e-03
-1.6922e-03
-1.6686e-03
-1.6420e-03
-1.6431e-03
-1.6575e-03
-1.7237e-03
-1.9834e-03
-2.5708e-03
-3.4156e-03
-4.1916e-03
-4.6500e-03
-4.7283e-03
-4.4242e-03
-3.5839e-03
-2.1703e-03
-4.0409e-04
1.4085e-03
3.0406e-03
4.5055e-03
5.7943e-03
6.7667e-03
7.3770e-03
7.7766e-03
8.1201e-03
8.4967e-03
8.8627e-03
9.1090e-03
9.3104e-03
9.4927e-03
9.6632e-03
9.8591e-03
1.0097e-02
1.0363e-02
1.0681e-02
1.1156e-02
1.1776e-02
1.2324e-02
1.2548e-02
1.2398e-02
1.1803e-02
1.0550e-02
8.5953e-03
6.1065e-03
3.2790e-03
3.3122e-04
-2.5389e-03
-5.1283e-03
-7.2412e-03
-8.8011e-03
-9.7979e-03
-1.0304e-02
-1.0475e-02
-1.0479e-02
-1.0388e-02
-1.0193e-02
-9.8159e-03
-9.3223e-03
-8.7908e-03
-8.2272e-03
-7.5875e-03
-6.8169e-03
-5.8415e-03
-4.5586e-03
-2.9937e-03
-1.3051e-03
2.8542e-04
1.4446e-03
1.9690e-03
1.9626e-03
1.6881e-03
1.2727e-03
8.1305e-04
4.6626e-04
2.9362e-04
2.3107e-04
1.4600e-04
5.5648e-06
-2.1829e-04
-5.4827e-04
-1.0011e-03
-1.5294e-03
-2.0705e-03
-2.5923e-03
-3.0828e-03
-3.4875e-03
-3.7408e-03
-3.8255e-03
-3.7388e-03
-3.4197e-03
-2.8101e-03
-2.0335e-03
-1.1889e-03
-2.9331e-04
5.5754e-04
1.2960e-03
2.0222e-03
2.8398e-03
3.6680e-03
4.4465e-03
5.1017e-03
5.5828e-03
5.8594e-03
5.9279e-03
5.7991e-03
5.3932e-03
4.7549e-03
3.9987e-03
3.3060e-03
2.7935e-03
2.4950e-03
2.2462e-03
1.9320e-03
1.5982e-03
1.1259e-03
4.7675e-04
-4.1779e-04
-1.5599e-03
-2.7967e-03
-4.0667e-03
-5.2179e-03
-6.0873e-03
-6.6155e-03
-6.8410e-03
-6.8858e-03
-6.9017e-03
-6.8966e-03
-6.7986e-03
-6.4673e-03
-5.8830e-03
-5.1018e-03
-4.2326e-03
-3.4557e-03
-2.9177e-03
-2.6014e-03
-2.3801e-03
-2.1652e-03
-1.7932e-03
-1.0651e-03
-1.8372e-05
1.0240e-03
1.7145e-03
1.9160e-03
1.7473e-03
1.3737e-03
8.3812e-04
1.6690e-04
-4.2840e-04
-7.2514e-04
-7.0998e-04
-4.4182e-04
-3.0141e-05
4.7331e-04
9.5912e-04
1.3895e-03
1.7618e-03
2.0727e-03
2.3116e-03
2.4375e-03
2.4940e-03
2.5473e-03
2.5455e-03
2.4999e-03
2.4586e-03
2.4786e-03
2.6244e-03
2.9428e-03
3.3928e-03
3.7451e-03
3.8724e-03
3.8304e-03
3.5844e-03
3.0565e-03
2.1815e-03
1.0374e-03
-1.7171e-04
-1.2926e-03
-2.2424e-03
-2.8022e-03
-2.9188e-03
-2.8036e-03
-2.5807e-03
-2.2072e-03
-1.6390e-03
-9.3133e-04
-1.3984e-04
6.9728e-04
1.5646e-03
2.3373e-03
2.8348e-03
3.0066e-03
2.9857e-03
2.9232e-03
2.8021e-03
2.6021e-03
2.3607e-03
2.1098e-03
1.8202e-03
1.3759e-03
6.5343e-04
-2.2150e-04
-9.2954e-04
-1.3989e-03
-1.6331e-03
-1.7298e-03
-1.8021e-03
-1.9307e-03
-2.1028e-03
-2.3618e-03
-2.7029e-03
-3.1653e-03
-3.7447e-03
-4.3937e-03
-4.9610e-03
-5.2874e-03
-5.3788e-03
-5.1673e-03
-4.6234e-03
-3.8692e-03
-3.0198e-03
-2.2417e-03
-1.7431e-03
-1.5947e-03
-1.6785e-03
-1.8871e-03
-2.1745e-03
-2.5080e-03
-2.8451e-03
-3.1577e-03
-3.4509e-03
-3.6318e-03
-3.7078e-03
-3.7267e-03
-3.7099e-03
-3.5832e-03
-3.3017e-03
-2.7942e-03
-1.9997e-03
-9.9647e-04
7.4434e-05
1.1110e-03
2.0029e-03
2.6720e-03
3.1083e-03
3.3433e-03
3.3733e-03
3.3119e-03
3.2480e-03
3.2478e-03
3.3310e-03
3.6182e-03
4.2185e-03
5.1246e-03
6.1833e-03
7.2035e-03
7.9943e-03
8.4937e-03
8.5059e-03
7.7520e-03
6.2813e-03
4.4253e-03
2.6680e-03
1.4478e-03
8.8516e-04
7.7597e-04
8.7692e-04
1.0800e-03
1.2375e-03
1.1237e-03
4.8261e-04
-6.6931e-04
-2.1801e-03
-3.8138e-03
-5.1936e-03
-6.0950e-03
-6.5020e-03
-6.4809e-03
-6.0596e-03
-5.1713e-03
-4.0043e-03
-2.8790e-03
-1.9982e-03
-1.3013e-03
-7.3765e-04
-2.7707e-04
6.7306e-05
2.9476e-04
4.4571e-04
5.3618e-04
5.9830e-04
6.4247e-04
8.0583e-04
1.2970e-03
2.2141e-03
3.5770e-03
5.2845e-03
6.9805e-03
8.2215e-03
8.7889e-03
8.6368e-03
7.8204e-03
6.4760e-03
4.9265e-03
3.6415e-03
2.8392e-03
2.5261e-03
2.4733e-03
2.4015e-03
2.0125e-03
1.1270e-03
-1.8517e-04
-1.7439e-03
-3.3173e-03
-4.6730e-03
-5.7590e-03
-6.5952e-03
-7.3462e-03
-8.0861e-03
-8.8355e-03
-9.4166e-03
-9.6713e-03
-9.6752e-03
-9.5524e-03
-9.2200e-03
-8.5398e-03
-7.5108e-03
-6.3519e-03
-5.2305e-03
-4.0149e-03
-2.5504e-03
-8.9733e-04
7.8574e-04
2.3562e-03
3.7560e-03
4.8332e-03
5.5098e-03
5.9037e-03
6.0704e-03
6.0076e-03
5.7199e-03
5.2293e-03
4.6072e-03
4.1695e-03
4.0478e-03
4.1253e-03
4.3276e-03
4.5448e-03
4.6564e-03
4.5923e-03
4.4042e-03
4.1943e-03
3.9880e-03
3.7612e-03
3.5048e-03
3.2568e-03
3.0172e-03
2.7405e-03
2.4413e-03
2.2366e-03
2.1530e-03
2.1504e-03
2.1335e-03
2.0827e-03
1.9606e-03
1.7553e-03
1.3825e-03
7.5100e-04
-1.1743e-04
-1.0942e-03
-1.9848e-03
-2.5244e-03
-2.6735e-03
-2.5670e-03
-2.2079e-03
-1.6412e-03
-1.0905e-03
-7.0223e-04
-5.3621e-04
-5.9356e-04
-8.4245e-04
-1.2648e-03
-1.8294e-03
-2.4497e-03
-2.9451e-03
-3.2521e-03
-3.4385e-03
-3.5639e-03
-3.6517e-03
-3.8021e-03
-4.0091e-03
-4.1869e-03
-4.3957e-03
-4.5968e-03
-4.6529e-03
-4.4856e-03
-4.2615e-03
-4.0915e-03
-3.9428e-03
-3.6953e-03
-3.1940e-03
-2.4058e-03
-1.3407e-03
-1.5034e-05
1.3092e-03
2.3041e-03
2.8931e-03
3.2496e-03
3.4291e-03
3.4471e-03
3.3177e-03
3.1038e-03
2.8604e-03
2.5780e-03
2.2526e-03
1.9107e-03
1.6263e-03
1.3975e-03
1.2189e-03
1.1787e-03
1.3554e-03
1.7579e-03
2.2480e-03
2.6723e-03
2.9740e-03
3.1686e-03
3.1993e-03
2.9949e-03
2.4323e-03
1.5101e-03
4.1084e-04
-6.5201e-04
-1.5527e-03
-2.1792e-03
-2.4855e-03
-2.4399e-03
-2.1792e-03
-1.8646e-03
-1.5713e-03
-1.3029e-03
-1.0724e-03
-8.6962e-04
-7.7117e-04
-8.2865e-04
-1.0881e-03
-1.4869e-03
-2.0075e-03
-2.5095e-03
-2.8920e-03
-3.2010e-03
-3.4074e-03
-3.4857e-03
-3.4750e-03
-3.4231e-03
-3.2762e-03
-2.8627e-03
-2.1086e-03
-1.1978e-03
-3.9427e-04
1.6878e-04
4.8913e-04
6.5121e-04
7.7135e-04
1.0021e-03
1.3774e-03
1.8491e-03
2.3580e-03
2.8332e-03
3.2218e-03
3.5190e-03
3.7061e-03
3.6995e-03
3.5582e-03
3.3637e-03
3.0288e-03
2.5377e-03
2.0102e-03
1.5363e-03
1.1403e-03
8.4213e-04
5.7535e-04
3.5848e-04
2.8846e-04
3.6653e-04
4.9776e-04
5.6227e-04
4.6015e-04
2.1506e-04
-2.2343e-04
-7.8225e-04
-1.2067e-03
-1.3593e-03
-1.2436e-03
-8.7738e-04
-3.6163e-04
1.5936e-04
6.1690e-04
9.1530e-04
1.0184e-03
9.6561e-04
8.4042e-04
6.9223e-04
5.5869e-04
4.3078e-04
3.4580e-04
2.6704e-04
2.0353e-04
1.7962e-04
2.3871e-04
3.1206e-04
3.3698e-04
2.5002e-04
-7.5414e-05
-6.5727e-04
-1.4782e-03
-2.3376e-03
-3.0385e-03
-3.4897e-03
-3.7620e-03
-4.0216e-03
-4.4054e-03
-4.8809e-03
-5.3965e-03
-5.8848e-03
-6.2313e-03
-6.3848e-03
-6.3225e-03
-6.0070e-03
-5.4195e-03
-4.5593e-03
-3.5920e-03
-2.7348e-03
-2.0408e-03
-1.5053e-03
-1.0183e-03
-4.7806e-04
1.6559e-04
8.8977e-04
1.6539e-03
2.4183e-03
3.2379e-03
4.0424e-03
4.7700e-03
5.4444e-03
5.9599e-03
6.2876e-03
6.5861e-03
6.8301e-03
6.9187e-03
6.8913e-03
6.8189e-03
6.7035e-03
6.5681e-03
6.3990e-03
6.2323e-03
6.0581e-03
5.8314e-03
5.4511e-03
4.7964e-03
3.9914e-03
3.2069e-03
2.4739e-03
1.7524e-03
1.0911e-03
5.2290e-04
5.1654e-05
-3.1619e-04
-6.0733e-04
-8.6259e-04
-1.1620e-03
-1.5612e-03
-2.0040e-03
-2.4797e-03
-2.9426e-03
-3.4685e-03
-4.0270e-03
-4.5150e-03
-4.8764e-03
-5.1099e-03
-5.2806e-03
-5.3661e-03
-5.3462e-03
-5.2103e-03
-5.0608e-03
-4.9709e-03
-4.9346e-03
-4.9260e-03
-4.8880e-03
-4.7608e-03
-4.5463e-03
-4.2247e-03
-3.7034e-03
-2.9972e-03
-2.2475e-03
-1.6659e-03
-1.2627e-03
-9.8817e-04
-8.3537e-04
-6.8250e-04
-3.4495e-04
2.0857e-04
8.4932e-04
1.4702e-03
2.0013e-03
2.4434e-03
2.8027e-03
3.1585e-03
3.5773e-03
3.9356e-03
4.0972e-03
4.0492e-03
3.8033e-03
3.3758e-03
2.8630e-03
2.3819e-03
1.9410e-03
1.5640e-03
1.2049e-03
8.3552e-04
5.2197e-04
3.7318e-04
4.4781e-04
7.2971e-04
1.2235e-03
1.9539e-03
2.7860e-03
3.5434e-03
4.0567e-03
4.3269e-03
4.4047e-03
4.3291e-03
4.2116e-03
4.1444e-03
4.1187e-03
4.1018e-03
4.1094e-03
4.1286e-03
4.1406e-03
4.1598e-03
4.1516e-03
4.0699e-03
3.9441e-03
3.7865e-03
3.4966e-03
3.0246e-03
2.2992e-03
1.3865e-03
6.2701e-04
2.6930e-04
1.2878e-04
1.7527e-05
-1.4497e-04
-3.2296e-04
-5.6802e-04
-8.9283e-04
-1.3224e-03
-1.7802e-03
-2.1842e-03
-2.5025e-03
-2.7473e-03
-2.9123e-03
-3.0670e-03
-3.2762e-03
-3.5695e-03
-3.8460e-03
-4.0426e-03
-4.1536e-03
-4.1354e-03
-3.9903e-03
-3.7571e-03
-3.4073e-03
-2.9948e-03
-2.6657e-03
-2.5402e-03
-2.6354e-03
-2.8887e-03
-3.1214e-03
-3.2445e-03
-3.2044e-03
-2.8912e-03
-2.3120e-03
-1.6231e-03
-1.0631e-03
-7.3928e-04
-6.6297e-04
-7.5222e-04
-8.5175e-04
-8.8350e-04
-8.6652e-04
-8.2904e-04
-7.4219e-04
-6.4549e-04
-5.8898e-04
-5.5094e-04
-5.7421e-04
-6.1691e-04
-6.7734e-04
-7.2383e-04
-7.3636e-04
-7.4144e-04
-7.5221e-04
-7.5721e-04
-6.9435e-04
-6.0482e-04
-5.5163e-04
-5.4759e-04
-5.5633e-04
-4.9855e-04
-3.7581e-04
-3.1161e-04
-3.0623e-04
-2.4293e-04
-5.9427e-05
1.6042e-04
4.2328e-04
7.7314e-04
1.2153e-03
1.6869e-03
2.1933e-03
2.7969e-03
3.4151e-03
3.9247e-03
4.2291e-03
4.3017e-03
4.1628e-03
3.8414e-03
3.2994e-03
2.4894e-03
1.4788e-03
4.6985e-04
-4.0324e-04
-1.1629e-03
-1.8393e-03
-2.3649e-03
-2.6453e-03
-2.7044e-03
-2.6209e-03
-2.4096e-03
-2.1010e-03
-1.7991e-03
-1.6338e-03
-1.6104e-03
-1.6301e-03
-1.5827e-03
-1.5702e-03
-1.6683e-03
-1.7394e-03
-1.6791e-03
-1.4400e-03
-1.1901e-03
-1.0514e-03
-9.5334e-04
-9.1929e-04
-9.9131e-04
-1.0903e-03
-1.1403e-03
-1.1359e-03
-1.1163e-03
-1.1010e-03
-9.8784e-04
-6.9919e-04
-3.0481e-04
8.4779e-05
4.3331e-04
7.7327e-04
1.0647e-03
1.2741e-03
1.4788e-03
1.6505e-03
1.7847e-03
1.9162e-03
2.1247e-03
2.4190e-03
2.7287e-03
2.9468e-03
3.0498e-03
3.1316e-03
3.1798e-03
3.0987e-03
2.8663e-03
2.4939e-03
1.9628e-03
1.2809e-03
5.4013e-04
-1.5561e-04
-7.1235e-04
-1.0001e-03
-1.0015e-03
-9.3694e-04
-9.7759e-04
-1.1002e-03
-1.3241e-03
-1.6356e-03
-1.9862e-03
-2.3046e-03
-2.5887e-03
-2.8926e-03
-3.1248e-03
-3.2166e-03
-3.2055e-03
-3.1735e-03
-3.1316e-03
-2.9942e-03
-2.6766e-03
-2.2461e-03
-1.8413e-03
-1.4688e-03
-1.0660e-03
-6.0270e-04
-1.1289e-04
3.7605e-04
8.1820e-04
1.2054e-03
1.4690e-03
1.5995e-03
1.5822e-03
1.4726e-03
1.2900e-03
1.1970e-03
1.3127e-03
1.5007e-03
1.7349e-03
2.0357e-03
2.3450e-03
2.6263e-03
2.7802e-03
2.7021e-03
2.4643e-03
2.1533e-03
1.7812e-03
1.3212e-03
8.1486e-04
3.4512e-04
1.2433e-05
-2.3021e-04
-4.8236e-04
-8.0096e-04
-1.1910e-03
-1.5189e-03
-1.6817e-03
-1.7911e-03
-1.9185e-03
-2.0217e-03
-2.0777e-03
-2.1051e-03
-2.1186e-03
-2.1197e-03
-2.0162e-03
-1.8038e-03
-1.6107e-03
-1.4501e-03
-1.2571e-03
-1.0207e-03
-7.8757e-04
-5.6866e-04
-3.8416e-04
-2.2762e-04
-4.3676e-05
8.0817e-05
1.0795e-04
1.1597e-04
1.4338e-04
1.7464e-04
1.5725e-04
4.9427e-05
-1.2947e-04
-3.2976e-04
-5.7451e-04
-8.4842e-04
-1.1202e-03
-1.4013e-03
-1.5982e-03
-1.6658e-03
-1.6509e-03
-1.6255e-03
-1.6224e-03
-1.6324e-03
-1.6385e-03
-1.6368e-03
-1.6331e-03
-1.6320e-03
-1.6331e-03
-1.6335e-03
-1.5921e-03
-1.4487e-03
-1.2516e-03
-1.0424e-03
-8.0643e-04
-6.1248e-04
-4.0119e-04
-1.5032e-04
1.5190e-04
5.0200e-04
8.8804e-04
1.2796e-03
1.6615e-03
1.9224e-03
2.0125e-03
1.9979e-03
2.0562e-03
2.2146e-03
2.2737e-03
2.1875e-03
2.0431e-03
1.9563e-03
1.9192e-03
1.9208e-03
1.9339e-03
1.8912e-03
1.8738e-03
1.9018e-03
1.9065e-03
1.8907e-03
1.8943e-03
1.8207e-03
1.6710e-03
1.5031e-03
1.3282e-03
1.1197e-03
8.2552e-04
4.4458e-04
5.5474e-05
-3.0848e-04
-5.7222e-04
-7.9912e-04
-1.0030e-03
-1.1220e-03
-1.0939e-03
-9.0942e-04
-6.1897e-04
-2.5331e-04
1.0511e-04
3.5156e-04
4.4173e-04
4.3311e-04
3.8886e-04
2.7408e-04
8.7308e-05
-6.6480e-05
-1.2221e-04
-1.0764e-04
-8.3861e-05
-8.0571e-05
-8.9899e-05
-1.2232e-04
-2.4426e-04
-4.4279e-04
-5.9937e-04
-6.5049e-04
-6.3187e-04
-5.7814e-04
-4.4597e-04
-3.0534e-04
-1.7957e-04
-1.0371e-04
-5.0999e-05
3.9440e-05
1.0063e-04
4.9445e-05
-5.1176e-05
-1.1177e-04
-1.1268e-04
-5.4142e-05
8.8572e-05
2.2548e-04
3.6284e-04
4.8370e-04
5.2234e-04
5.0688e-04
4.8875e-04
5.4652e-04
7.1729e-04
8.9146e-04
9.8566e-04
1.0934e-03
1.2995e-03
1.6289e-03
1.9436e-03
2.2291e-03
2.4973e-03
2.7738e-03
2.9715e-03
3.0408e-03
3.0259e-03
2.9995e-03
2.9652e-03
2.7920e-03
2.4891e-03
2.2418e-03
2.0989e-03
2.0234e-03
1.9863e-03
2.0095e-03
2.2025e-03
2.4814e-03
2.6393e-03
2.6280e-03
2.6307e-03
2.6139e-03
2.4721e-03
2.2015e-03
1.8618e-03
1.5429e-03
1.2927e-03
1.0264e-03
6.8831e-04
3.3342e-04
-2.3606e-05
-4.1884e-04
-8.2032e-04
-1.1892e-03
-1.5000e-03
-1.7691e-03
-2.0066e-03
-2.1905e-03
-2.3277e-03
-2.3619e-03
-2.2774e-03
-2.1701e-03
-2.0567e-03
-1.9038e-03
-1.6300e-03
-1.3127e-03
-1.1053e-03
-1.0047e-03
-1.0173e-03
-1.0852e-03
-1.1349e-03
-1.1628e-03
-1.2377e-03
-1.3542e-03
-1.5004e-03
-1.6128e-03
-1.6587e-03
-1.6556e-03
-1.6411e-03
-1.6367e-03
-1.6257e-03
-1.4927e-03
-1.2417e-03
-9.7832e-04
-7.4005e-04
-5.8699e-04
-5.1706e-04
-4.6238e-04
-4.7712e-04
-5.9361e-04
-7.3356e-04
-8.4578e-04
-9.7276e-04
-1.0837e-03
-1.1109e-03
-1.1193e-03
-1.1577e-03
-1.2080e-03
-1.1956e-03
-1.1622e-03
-1.1113e-03
-1.0396e-03
-1.0217e-03
-9.8255e-04
-8.4319e-04
-6.8626e-04
-6.3338e-04
-6.3733e-04
-6.3747e-04
-6.3398e-04
-6.5758e-04
-7.2006e-04
-8.8829e-04
-1.0694e-03
-1.1611e-03
-1.1805e-03
-1.2413e-03
-1.3877e-03
-1.5591e-03
-1.6366e-03
-1.5705e-03
-1.4030e-03
-1.2307e-03
-1.1005e-03
-9.1755e-04
-6.7882e-04
-3.8047e-04
-8.3334e-06
4.0755e-04
8.1422e-04
1.1777e-03
1.4477e-03
1.5875e-03
1.6440e-03
1.7634e-03
1.9057e-03
1.9856e-03
1.9889e-03
1.9782e-03
2.0931e-03
2.3157e-03
2.4869e-03
2.5348e-03
2.5405e-03
2.5647e-03
2.5665e-03
2.5264e-03
2.4183e-03
2.2275e-03
1.9889e-03
1.7084e-03
1.4688e-03
1.2347e-03
1.0231e-03
8.1369e-04
5.9139e-04
4.3759e-04
3.5820e-04
2.5314e-04
1.1414e-04
-1.8057e-05
-1.1257e-04
-2.7851e-04
-4.8953e-04
-6.6630e-04
-7.5755e-04
-7.2314e-04
-6.4358e-04
-5.9860e-04
-5.6249e-04
-4.3361e-04
-2.3378e-04
-9.0268e-05
-5.5506e-05
-8.3105e-05
-1.6794e-04
-3.5776e-04
-5.1960e-04
-5.5999e-04
-5.5011e-04
-5.0800e-04
-3.8787e-04
-2.4631e-04
-2.6032e-04
-4.0769e-04
-5.6098e-04
-6.6685e-04
-7.0979e-04
-8.1362e-04
-9.8985e-04
-1.1260e-03
-1.1863e-03
-1.2860e-03
-1.4091e-03
-1.5468e-03
-1.7577e-03
-2.0132e-03
-2.1823e-03
-2.2221e-03
-2.1932e-03
-2.1689e-03
-2.1712e-03
-2.1794e-03
-2.1478e-03
-1.9866e-03
-1.7715e-03
-1.6035e-03
-1.4170e-03
-1.2257e-03
-1.0191e-03
-7.9291e-04
-5.7145e-04
-3.2484e-04
-1.2585e-04
8.3124e-05
3.2661e-04
5.8879e-04
8.1645e-04
9.7462e-04
1.1044e-03
1.2530e-03
1.3874e-03
1.4541e-03
1.4575e-03
1.4662e-03
1.4812e-03
1.4678e-03
1.4367e-03
1.4151e-03
1.4124e-03
1.4187e-03
1.4370e-03
1.5079e-03
1.5334e-03
1.4862e-03
1.4253e-03
1.4003e-03
1.4086e-03
1.4193e-03
1.3907e-03
1.3074e-03
1.1924e-03
1.0730e-03
9.7321e-04
9.1364e-04
8.2679e-04
6.4065e-04
4.5019e-04
2.5065e-04
4.1208e-05
-1.5118e-04
-4.5660e-04
-8.1219e-04
-1.0710e-03
-1.1724e-03
-1.1693e-03
-1.1427e-03
-1.1388e-03
-1.1537e-03
-1.1726e-03
-1.2293e-03
-1.3540e-03
-1.5334e-03
-1.6674e-03
-1.7281e-03
-1.7713e-03
-1.8720e-03
-1.9607e-03
-1.9312e-03
-1.8328e-03
-1.7616e-03
-1.8020e-03
-1.9235e-03
-2.0579e-03
-2.1108e-03
-2.0814e-03
-2.0884e-03
-2.1435e-03
-2.1346e-03
-1.9825e-03
-1.7353e-03
-1.4852e-03
-1.3009e-03
-1.1570e-03
-1.0331e-03
-8.3501e-04
-5.1289e-04
-2.2022e-04
-8.4020e-05
4.7622e-06
1.7351e-04
4.0861e-04
6.4381e-04
8.8004e-04
1.0475e-03
1.2008e-03
1.3352e-03
1.4102e-03
1.4512e-03
1.4259e-03
1.3018e-03
1.1336e-03
8.9578e-04
6.0161e-04
4.0429e-04
4.2128e-04
6.1075e-04
8.2842e-04
8.4581e-04
7.5218e-04
7.3497e-04
7.8985e-04
7.7964e-04
6.7620e-04
5.2369e-04
5.1404e-04
6.4494e-04
7.8729e-04
8.6009e-04
8.6617e-04
9.0955e-04
1.0931e-03
1.3166e-03
1.4263e-03
1.3970e-03
1.3292e-03
1.2335e-03
1.0939e-03
9.4072e-04
8.4421e-04
7.7347e-04
7.2121e-04
8.0468e-04
9.9886e-04
1.0663e-03
8.9680e-04
7.0192e-04
7.2536e-04
9.0527e-04
9.9643e-04
9.4035e-04
7.9430e-04
5.9727e-04
3.7042e-04
2.0291e-04
1.0042e-04
-1.8394e-05
-1.5783e-04
-3.6534e-04
-5.9216e-04
-7.8125e-04
-9.8621e-04
-1.2166e-03
-1.4506e-03
-1.5409e-03
-1.6037e-03
-1.7575e-03
-1.9170e-03
-1.9830e-03
-1.9782e-03
-1.9256e-03
-1.8520e-03
-1.8299e-03
-1.8626e-03
-1.8449e-03
-1.8034e-03
-1.7564e-03
-1.7520e-03
-1.7548e-03
-1.7713e-03
-1.8102e-03
-1.8159e-03
-1.7509e-03
-1.6386e-03
-1.5453e-03
-1.4352e-03
-1.2521e-03
-9.7638e-04
-6.9327e-04
-4.2080e-04
-1.8387e-04
3.7716e-05
2.5196e-04
4.7308e-04
7.3777e-04
1.0039e-03
1.2046e-03
1.3204e-03
1.3854e-03
1.4155e-03
1.4480e-03
1.5521e-03
1.6679e-03
1.7418e-03
1.8350e-03
1.9639e-03
2.0088e-03
1.9789e-03
1.9207e-03
1.8485e-03
1.7917e-03
1.7885e-03
1.8013e-03
1.7975e-03
1.8105e-03
1.8845e-03
1.9428e-03
1.9134e-03
1.8157e-03
1.6293e-03
1.3922e-03
1.1451e-03
8.3193e-04
5.1583e-04
2.9223e-04
1.2878e-04
-6.7711e-05
-2.6375e-04
-3.2168e-04
-1.9298e-04
3.2671e-05
2.4053e-04
3.3806e-04
3.2035e-04
3.0619e-04
3.6421e-04
4.5309e-04
5.5548e-04
5.9966e-04
6.4172e-04
7.1427e-04
7.8518e-04
8.4473e-04
8.5820e-04
8.9159e-04
9.3653e-04
9.4409e-04
7.9910e-04
5.3367e-04
2.8327e-04
1.6311e-04
1.0496e-04
-2.0355e-05
-1.7947e-04
-2.7646e-04
-2.9020e-04
-2.8259e-04
-2.9957e-04
-2.6096e-04
-1.5577e-04
-9.3678e-05
-1.5254e-04
-2.5416e-04
-3.2280e-04
-4.4509e-04
-6.0487e-04
-7.0025e-04
-7.4009e-04
-7.4989e-04
-7.3701e-04
-7.4940e-04
-7.5911e-04
-7.0994e-04
-6.3461e-04
-5.0810e-04
-3.5870e-04
-2.6017e-04
-2.1512e-04
-1.6958e-04
-8.8367e-05
1.8457e-05
1.4323e-04
2.0028e-04
1.5862e-04
4.2288e-05
-3.0489e-05
-6.6621e-05
-1.1423e-04
-1.5843e-04
-1.7203e-04
-1.6438e-04
-1.8212e-04
-2.6038e-04
-3.2053e-04
-3.9027e-04
-4.6125e-04
-4.9050e-04
-5.4758e-04
-6.4724e-04
-7.6026e-04
-8.2973e-04
-8.6715e-04
-9.3187e-04
-1.0016e-03
-1.1158e-03
-1.2598e-03
-1.4099e-03
-1.5969e-03
-1.8358e-03
-2.0679e-03
-2.2092e-03
-2.1898e-03
-2.1484e-03
-2.1000e-03
-1.9913e-03
-1.8726e-03
-1.8076e-03
-1.7920e-03
-1.7195e-03
-1.5907e-03
-1.4029e-03
-1.2389e-03
-1.0913e-03
-9.2666e-04
-6.8499e-04
-3.8510e-04
-1.4980e-04
1.5807e-05
2.0274e-04
3.9891e-04
5.1362e-04
6.2708e-04
7.4165e-04
9.1595e-04
1.1624e-03
1.4791e-03
1.7389e-03
1.8473e-03
1.8381e-03
1.7993e-03
1.7278e-03
1.5364e-03
1.2473e-03
9.3664e-04
6.8652e-04
5.1996e-04
4.3127e-04
3.7451e-04
3.1171e-04
2.6258e-04
2.4254e-04
2.4448e-04
2.4815e-04
1.7315e-04
-1.1238e-05
-1.7902e-04
-2.6948e-04
-3.1568e-04
-4.2602e-04
-5.7027e-04
-6.9083e-04
-7.7716e-04
-8.2377e-04
-8.6152e-04
-8.9146e-04
-9.1498e-04
-9.8073e-04
-1.0241e-03
-1.0025e-03
-9.7712e-04
-8.9757e-04
-8.1886e-04
-8.4184e-04
-8.9110e-04
-9.0076e-04
-8.7391e-04
-8.4680e-04
-8.3878e-04
-8.4374e-04
-8.4782e-04
-8.1712e-04
-7.8351e-04
-7.7001e-04
-6.8430e-04
-5.5229e-04
-4.4677e-04
-4.0086e-04
-3.6245e-04
-2.8917e-04
-1.7389e-04
7.0182e-06
1.7241e-04
3.2242e-04
4.5785e-04
5.1592e-04
4.9419e-04
5.0700e-04
6.0625e-04
7.1110e-04
7.5233e-04
7.7044e-04
7.7286e-04
7.4868e-04
6.8645e-04
6.1419e-04
4.9344e-04
3.7347e-04
3.0944e-04
2.7323e-04
3.0152e-04
3.6436e-04
3.9998e-04
3.5588e-04
2.9297e-04
2.4282e-04
2.1139e-04
1.9398e-04
1.5624e-04
1.2163e-04
9.1045e-05
9.3113e-05
1.3576e-04
1.4477e-04
1.0900e-04
7.8655e-05
1.5320e-04
3.5936e-04
5.9508e-04
7.5588e-04
8.6382e-04
9.3691e-04
1.0333e-03
1.1370e-03
1.1188e-03
1.0185e-03
9.0516e-04
8.3253e-04
7.8525e-04
8.8332e-04
1.1230e-03
1.3923e-03
1.6322e-03
1.8243e-03
1.8756e-03
1.8328e-03
1.7910e-03
1.7626e-03
1.7179e-03
1.6736e-03
1.5742e-03
1.4234e-03
1.2797e-03
1.1939e-03
1.1670e-03
1.1381e-03
1.1216e-03
1.1396e-03
1.1746e-03
1.2278e-03
1.2645e-03
1.2913e-03
1.2933e-03
1.2499e-03
1.1991e-03
1.1763e-03
1.1499e-03
1.0746e-03
1.0723e-03
1.1747e-03
1.2636e-03
1.3486e-03
1.4663e-03
1.5151e-03
1.3696e-03
1.1543e-03
9.7028e-04
6.7655e-04
1.9045e-04
-2.4714e-04
-4.9088e-04
-6.0278e-04
-6.4050e-04
-6.7986e-04
-6.6236e-04
-5.7190e-04
-5.0871e-04
-5.1711e-04
-5.6249e-04
-5.9871e-04
-6.3441e-04
-6.0791e-04
-5.2521e-04
-4.9213e-04
-5.5383e-04
-6.5047e-04
-7.2152e-04
-7.9666e-04
-8.1248e-04
-8.1034e-04
-8.6496e-04
-9.4354e-04
-9.7141e-04
-8.9074e-04
-8.2447e-04
-8.4756e-04
-8.3877e-04
-8.2197e-04
-8.3737e-04
-9.0698e-04
-9.9103e-04
-1.0841e-03
-1.1505e-03
-1.1461e-03
-1.0800e-03
-1.0208e-03
-9.7570e-04
-8.3357e-04
-6.3262e-04
-4.8860e-04
-3.3554e-04
-1.4804e-04
-8.4349e-06
7.6132e-05
2.2728e-04
4.2953e-04
6.4580e-04
7.6293e-04
8.5352e-04
9.5225e-04
1.0248e-03
1.0497e-03
1.0055e-03
8.5429e-04
6.5300e-04
5.0197e-04
3.3903e-04
1.3123e-04
-7.5270e-05
-2.0080e-04
-1.9758e-04
-1.2092e-04
7.4729e-06
1.9812e-04
3.8950e-04
4.9157e-04
5.1962e-04
6.1239e-04
7.0093e-04
6.5134e-04
4.6266e-04
2.0887e-04
1.3587e-05
-3.4289e-05
-7.1578e-05
-1.7813e-04
-2.9210e-04
-3.7992e-04
-4.2429e-04
-3.9716e-04
-2.5881e-04
-1.3609e-04
-1.0196e-04
-2.1394e-04
-4.1381e-04
-6.3170e-04
-8.6731e-04
-1.0373e-03
-1.1289e-03
-1.1854e-03
-1.2540e-03
-1.3314e-03
-1.4164e-03
-1.4923e-03
-1.5009e-03
-1.3739e-03
-1.2249e-03
-1.1403e-03
-1.1209e-03
-1.1573e-03
-1.1759e-03
-1.0873e-03
-8.7234e-04
-6.7823e-04
-6.0859e-04
-6.6253e-04
-7.1243e-04
-7.0584e-04
-7.0288e-04
-6.9827e-04
-6.8437e-04
-6.6843e-04
-6.6011e-04
-6.6045e-04
-6.6365e-04
-6.6429e-04
-6.5764e-04
-6.1931e-04
-5.6501e-04
-4.2400e-04
-2.3472e-04
-1.0789e-04
-6.3946e-05
1.4312e-05
1.9748e-04
4.1450e-04
5.5329e-04
6.5257e-04
7.8997e-04
9.3618e-04
1.0773e-03
1.2682e-03
1.4212e-03
1.4679e-03
1.4682e-03
1.4450e-03
1.3606e-03
1.2575e-03
1.1431e-03
1.0327e-03
9.6722e-04
9.5298e-04
9.5603e-04
8.9225e-04
8.0837e-04
8.2403e-04
9.0185e-04
9.2042e-04
8.3195e-04
7.7623e-04
7.9362e-04
8.4938e-04
8.2035e-04
7.5196e-04
7.2529e-04
7.2202e-04
7.4402e-04
7.4145e-04
7.5770e-04
7.4001e-04
6.5313e-04
4.7514e-04
3.2794e-04
3.8505e-04
4.9759e-04
4.9089e-04
3.9123e-04
3.1200e-04
3.0132e-04
3.2604e-04
3.4160e-04
3.3951e-04
3.2562e-04
2.2627e-04
2.7355e-05
-1.4172e-04
-1.9959e-04
-1.7838e-04
-1.4889e-04
-1.4179e-04
-1.1013e-04
-2.8534e-05
8.1365e-05
1.7771e-04
1.7571e-04
1.0408e-04
-3.4111e-06
-1.0730e-04
-2.4130e-04
-4.5338e-04
-6.2355e-04
-6.3484e-04
-5.4639e-04
-5.0604e-04
-4.9618e-04
-3.9368e-04
-2.1108e-04
-6.1468e-06
1.2559e-04
1.6150e-04
2.0875e-04
3.0778e-04
3.7489e-04
3.7279e-04
3.6328e-04
3.9592e-04
4.4130e-04
4.3608e-04
3.9367e-04
3.5272e-04
2.9236e-04
1.4777e-04
-4.8652e-05
-2.2799e-04
-4.4796e-04
-6.9583e-04
-9.5408e-04
-1.2356e-03
-1.5456e-03
-1.8240e-03
-1.9972e-03
-2.0945e-03
-2.1863e-03
-2.2614e-03
-2.2950e-03
-2.2926e-03
-2.2806e-03
-2.2766e-03
-2.2787e-03
-2.2513e-03
-2.1639e-03
-2.0142e-03
-1.8308e-03
-1.7483e-03
-1.7201e-03
-1.5655e-03
-1.3267e-03
-1.0776e-03
-8.0640e-04
-5.6843e-04
-3.8939e-04
-2.4460e-04
-9.3259e-05
5.5864e-05
1.7236e-04
2.5167e-04
2.8603e-04
2.8259e-04
2.0838e-04
3.8387e-05
-1.1582e-04
-1.7549e-04
-2.0150e-04
-2.6118e-04
-2.9203e-04
-2.4469e-04
-1.4780e-04
-2.2191e-05
8.0290e-05
1.5506e-04
2.4032e-04
3.4011e-04
4.2696e-04
5.1075e-04
6.2105e-04
7.3131e-04
7.8541e-04
7.4919e-04
6.4672e-04
4.8585e-04
3.4215e-04
2.8695e-04
3.6272e-04
5.1769e-04
6.4827e-04
7.0607e-04
7.4451e-04
7.8684e-04
8.1899e-04
8.2826e-04
7.9343e-04
7.5872e-04
7.6593e-04
7.9285e-04
7.7965e-04
7.2378e-04
7.0173e-04
7.4949e-04
8.4640e-04
9.3569e-04
9.7031e-04
9.9387e-04
1.0498e-03
1.0465e-03
1.0060e-03
1.0522e-03
1.1375e-03
1.1546e-03
1.1292e-03
1.0933e-03
1.1241e-03
1.1398e-03
1.0872e-03
9.8117e-04
8.6786e-04
7.9100e-04
7.6526e-04
7.5864e-04
7.2009e-04
6.0693e-04
5.1262e-04
4.7740e-04
4.0139e-04
2.7463e-04
1.0505e-04
-5.1321e-05
-1.3017e-04
-1.8296e-04
-2.2496e-04
-2.4865e-04
-2.0850e-04
-1.1287e-04
-9.4977e-05
-1.6204e-04
-2.3169e-04
-2.5227e-04
-2.4065e-04
-2.6106e-04
-3.0120e-04
-3.8998e-04
-5.2229e-04
-6.6676e-04
-8.3205e-04
-9.3352e-04
-9.2525e-04
-9.2614e-04
-1.0300e-03
-1.1763e-03
-1.3203e-03
-1.4184e-03
-1.5165e-03
-1.6565e-03
-1.7858e-03
-1.9293e-03
-2.0944e-03
-2.1918e-03
-2.2020e-03
-2.1901e-03
-2.2066e-03
-2.2284e-03
-2.2928e-03
-2.3396e-03
-2.3303e-03
-2.2925e-03
-2.2677e-03
-2.2465e-03
-2.1599e-03
-1.9978e-03
-1.8243e-03
-1.6862e-03
-1.4920e-03
-1.2543e-03
-9.6349e-04
-6.6319e-04
-4.0553e-04
-1.9925e-04
7.3865e-06
1.9103e-04
3.3173e-04
4.0361e-04
4.1845e-04
4.1872e-04
4.8148e-04
6.0132e-04
7.1739e-04
7.8342e-04
8.2785e-04
8.7562e-04
9.0612e-04
8.7880e-04
7.6642e-04
6.8201e-04
6.4732e-04
6.2286e-04
6.0203e-04
5.6630e-04
5.5956e-04
6.7441e-04
8.5043e-04
9.6662e-04
1.0454e-03
1.0989e-03
1.1583e-03
1.2508e-03
1.2813e-03
1.2661e-03
1.2726e-03
1.3144e-03
1.4063e-03
1.4618e-03
1.4591e-03
1.4309e-03
1.4319e-03
1.4394e-03
1.4424e-03
1.4260e-03
1.3332e-03
1.1516e-03
1.0249e-03
9.1918e-04
7.5472e-04
5.8716e-04
3.8254e-04
1.8036e-04
8.9337e-05
6.2841e-05
1.3275e-05
-6.8987e-05
-1.2704e-04
-1.4270e-04
-1.1064e-04
-6.7418e-05
-8.0651e-05
-2.1023e-04
-3.2327e-04
-3.5129e-04
-3.3247e-04
-3.8424e-04
-4.0721e-04
-3.2527e-04
-1.5593e-04
-5.0955e-05
-1.6335e-04
-3.7539e-04
-5.0732e-04
-5.4572e-04
-5.3670e-04
-5.8012e-04
-6.8224e-04
-8.3820e-04
-1.0311e-03
-1.1800e-03
-1.2378e-03
-1.2761e-03
-1.3164e-03
-1.2966e-03
-1.2416e-03
-1.1971e-03
-1.1402e-03
-1.0432e-03
-9.4326e-04
-8.3617e-04
-7.6672e-04
-7.2925e-04
-7.3386e-04
-7.0950e-04
-6.2904e-04
-5.3263e-04
-4.8227e-04
-4.0645e-04
-2.9202e-04
-1.2258e-04
1.1838e-05
1.0753e-04
2.0255e-04
3.3709e-04
4.7624e-04
5.8699e-04
6.4021e-04
6.7314e-04
7.9484e-04
9.8125e-04
1.0835e-03
1.0719e-03
1.0675e-03
1.1048e-03
1.1338e-03
1.1099e-03
1.1119e-03
1.2127e-03
1.3472e-03
1.4362e-03
1.5187e-03
1.5572e-03
1.4930e-03
1.3329e-03
1.1801e-03
1.0822e-03
1.0614e-03
1.0645e-03
1.0615e-03
9.8782e-04
9.3523e-04
8.8332e-04
8.2280e-04
7.9574e-04
8.6168e-04
9.7176e-04
1.0419e-03
1.0466e-03
1.0288e-03
9.1462e-04
7.2886e-04
5.9136e-04
5.3819e-04
5.1097e-04
4.8046e-04
3.8828e-04
2.5358e-04
1.3155e-04
7.2641e-05
6.9535e-05
8.0898e-05
2.8502e-05
-8.3362e-05
-1.7386e-04
-2.5496e-04
-3.4668e-04
-4.1331e-04
-4.3464e-04
-4.7621e-04
-5.3374e-04
-6.2000e-04
-7.2421e-04
-7.6708e-04
-6.8889e-04
-5.7882e-04
-5.2878e-04
-5.3857e-04
-5.7755e-04
-5.8054e-04
-5.3534e-04
-5.2014e-04
-5.1606e-04
-5.0756e-04
-4.9884e-04
-4.5568e-04
-4.5265e-04
-4.6669e-04
-4.9974e-04
-5.4794e-04
-5.1379e-04
-4.2188e-04
-3.4309e-04
-3.2957e-04
-3.2940e-04
-2.3667e-04
-1.3165e-04
-7.1208e-05
-3.5190e-05
-2.7571e-05
-6.1744e-05
-8.8182e-05
-7.2379e-05
-3.1797e-05
-1.1694e-05
1.3943e-05
5.1602e-05
1.0219e-04
1.7214e-04
1.6821e-04
6.8017e-05
-5.8115e-05
-9.4162e-05
-3.3500e-05
1.6063e-06
-1.8927e-05
5.9105e-06
9.8976e-05
1.9517e-04
2.7183e-04
3.1532e-04
3.3004e-04
3.6817e-04
4.6940e-04
5.5430e-04
5.1639e-04
4.5116e-04
4.8127e-04
5.5225e-04
6.5389e-04
6.6714e-04
5.8083e-04
5.0572e-04
4.7563e-04
4.4170e-04
3.8602e-04
2.9169e-04
2.0538e-04
1.3912e-04
9.1287e-05
1.1677e-05
-9.8485e-05
-1.7818e-04
-2.0030e-04
-1.5993e-04
-6.8569e-05
2.2398e-06
1.5309e-05
4.9171e-05
1.4983e-04
2.5054e-04
2.6370e-04
2.1719e-04
1.5622e-04
1.4633e-04
1.4463e-04
1.2589e-04
8.0121e-05
1.6135e-05
-3.7431e-06
1.7833e-05
4.4553e-05
4.2651e-05
-8.0520e-06
-1.1189e-04
-2.7901e-04
-4.4777e-04
-5.5579e-04
-6.6998e-04
-7.9556e-04
-9.3387e-04
-1.0378e-03
-1.1192e-03
-1.1489e-03
-1.1626e-03
-1.1570e-03
-1.1289e-03
-1.1304e-03
-1.1879e-03
-1.2360e-03
-1.2312e-03
-1.1795e-03
-1.1656e-03
-1.1990e-03
-1.2360e-03
-1.2779e-03
-1.2930e-03
-1.2845e-03
-1.3342e-03
-1.4111e-03
-1.3929e-03
-1.3072e-03
-1.2566e-03
-1.2070e-03
-1.1808e-03
-1.1697e-03
-1.0895e-03
-9.9185e-04
-8.5283e-04
-6.9532e-04
-5.8523e-04
-4.8669e-04
-2.9976e-04
-6.4824e-05
1.3533e-04
2.6790e-04
3.2572e-04
3.6767e-04
4.5107e-04
6.0346e-04
6.9748e-04
7.1838e-04
7.3949e-04
7.7351e-04
8.1859e-04
8.5420e-04
8.5594e-04
8.2019e-04
7.7666e-04
8.1677e-04
8.9607e-04
1.0210e-03
1.1391e-03
1.2067e-03
1.2658e-03
1.2910e-03
1.2210e-03
1.1422e-03
1.1455e-03
1.2344e-03
1.3222e-03
1.2983e-03
1.2062e-03
1.2011e-03
1.2798e-03
1.3327e-03
1.2947e-03
1.2135e-03
1.1871e-03
1.1087e-03
9.6168e-04
8.0813e-04
6.0857e-04
4.1733e-04
3.4252e-04
3.3761e-04
3.0702e-04
1.9574e-04
5.0307e-05
-9.5210e-05
-1.8547e-04
-2.1689e-04
-2.5980e-04
-3.4463e-04
-4.0814e-04
-3.7646e-04
-2.7269e-04
-2.2676e-04
-3.0249e-04
-3.4547e-04
-2.8919e-04
-1.6877e-04
-6.8839e-05
-7.4075e-05
-1.0331e-04
-7.2874e-05
7.1694e-06
6.8195e-05
1.0760e-04
1.2874e-04
1.5251e-04
2.0513e-04
2.7459e-04
3.3369e-04
3.8006e-04
3.7771e-04
3.4464e-04
3.2245e-04
3.6817e-04
4.8203e-04
5.3526e-04
4.6842e-04
4.1130e-04
4.9353e-04
5.8233e-04
5.9661e-04
5.4600e-04
5.0114e-04
4.4405e-04
3.7488e-04
3.2391e-04
3.0738e-04
3.1328e-04
3.2023e-04
3.1626e-04
2.6240e-04
2.0010e-04
1.8034e-04
1.9580e-04
1.1368e-04
-2.1127e-05
-1.1525e-04
-1.3246e-04
-1.0332e-04
-8.7226e-05
-6.5619e-05
-6.0631e-05
-5.3094e-05
-3.1015e-05
7.3285e-06
3.1081e-05
-3.9195e-05
-9.4241e-05
-1.1457e-04
-1.4213e-04
-1.8929e-04
-2.1335e-04
-2.0762e-04
-2.6110e-04
-3.4607e-04
-3.5960e-04
-3.1257e-04
-2.6955e-04
-2.9412e-04
-3.7845e-04
-4.7861e-04
-5.6494e-04
-6.0838e-04
-6.4101e-04
-5.8525e-04
-5.0714e-04
-5.1783e-04
-6.0653e-04
-6.7672e-04
-6.8147e-04
-6.5740e-04
-6.7778e-04
-7.3777e-04
-7.8519e-04
-7.9552e-04
-7.8449e-04
-7.9761e-04
-8.3271e-04
-8.3209e-04
-7.9990e-04
-6.9463e-04
-5.7391e-04
-5.9717e-04
-7.1079e-04
-7.4352e-04
-6.7441e-04
-6.0220e-04
-5.5940e-04
-5.2220e-04
-4.3187e-04
-3.2970e-04
-2.7498e-04
-2.5674e-04
-2.4466e-04
-2.2277e-04
-1.7900e-04
-1.4909e-04
-1.4651e-04
-1.6031e-04
-8.5516e-05
-3.8947e-05
-1.3776e-05
9.4229e-05
2.4618e-04
3.3791e-04
3.6913e-04
3.5988e-04
3.6626e-04
4.3424e-04
4.2761e-04
3.6222e-04
2.7395e-04
1.9442e-04
1.5775e-04
1.5748e-04
1.4438e-04
1.2388e-04
1.3970e-04
1.7308e-04
1.6826e-04
1.6888e-04
1.9437e-04
2.2832e-04
2.4972e-04
2.5994e-04
2.5305e-04
1.2532e-04
-8.5888e-05
-2.3432e-04
-2.6356e-04
-2.2903e-04
-2.0188e-04
-2.0200e-04
-2.1233e-04
-2.1683e-04
-2.1865e-04
-2.2335e-04
-2.3324e-04
-2.4315e-04
-2.4777e-04
-2.5020e-04
-2.5844e-04
-2.6221e-04
-2.3675e-04
-2.3740e-04
-2.5637e-04
-2.5449e-04
-2.6830e-04
-2.9654e-04
-3.2194e-04
-3.2222e-04
-2.7235e-04
-1.5008e-04
-5.6834e-05
5.9713e-07
-2.3518e-05
-3.6749e-05
2.2129e-06
4.7926e-05
1.1680e-04
1.8913e-04
2.3285e-04
2.4632e-04
2.5173e-04
2.9499e-04
3.3245e-04
3.7796e-04
4.1001e-04
3.8577e-04
3.7359e-04
4.0212e-04
4.1466e-04
4.5167e-04
5.6491e-04
6.7763e-04
7.7320e-04
7.8097e-04
7.3286e-04
7.5127e-04
8.2822e-04
8.9081e-04
9.0430e-04
8.9130e-04
8.6937e-04
7.5709e-04
5.6354e-04
4.6121e-04
4.1122e-04
3.6867e-04
3.4025e-04
2.8362e-04
1.2662e-04
-4.7627e-05
-8.6893e-05
-5.1905e-05
-7.7165e-05
-1.7694e-04
-3.8434e-04
-5.5223e-04
-5.7769e-04
-5.2007e-04
-4.5298e-04
-4.1243e-04
-4.0085e-04
-4.0808e-04
-4.8033e-04
-6.3351e-04
-7.6770e-04
-7.8302e-04
-7.1716e-04
-6.5455e-04
-6.0964e-04
-5.8430e-04
-5.1535e-04
-3.7475e-04
-2.2591e-04
-1.5766e-04
-1.8971e-04
-2.1873e-04
-2.4164e-04
-3.4308e-04
-4.9206e-04
-6.2405e-04
-6.8884e-04
-6.9246e-04
-6.2956e-04
-5.1722e-04
-4.2558e-04
-3.2451e-04
-1.4239e-04
-5.2025e-06
-5.4208e-06
-3.1539e-05
4.6628e-06
4.3587e-05
1.0438e-05
-6.3999e-05
-1.3633e-04
-1.6957e-04
-1.6920e-04
-1.6019e-04
-1.5761e-04
-1.5798e-04
-1.5338e-04
-1.4627e-04
-1.4204e-04
-1.4190e-04
-1.4327e-04
-1.2205e-04
1.3531e-05
1.6996e-04
2.5840e-04
3.0478e-04
3.3090e-04
3.4596e-04
3.5337e-04
3.5330e-04
3.0263e-04
1.2574e-04
-6.8701e-06
4.4496e-06
7.8731e-05
3.7454e-05
-1.1272e-04
-2.3986e-04
-2.4237e-04
-1.7327e-04
-1.3801e-04
-2.4009e-04
-4.0014e-04
-5.1574e-04
-5.4719e-04
-5.7668e-04
-6.1981e-04
-6.5229e-04
-6.4284e-04
-6.0090e-04
-5.9517e-04
-6.2424e-04
-6.5207e-04
-6.6196e-04
-6.6202e-04
-6.6214e-04
-6.6453e-04
-6.9120e-04
-7.7913e-04
-8.2074e-04
-8.0921e-04
-8.2607e-04
-7.9312e-04
-7.1991e-04
-6.5559e-04
-5.7391e-04
-4.7090e-04
-3.3833e-04
-2.0688e-04
-1.0518e-04
-8.0460e-05
-5.1628e-05
5.1138e-05
2.1649e-04
3.4227e-04
3.9917e-04
4.9169e-04
5.8751e-04
6.4465e-04
7.0518e-04
7.0005e-04
6.6372e-04
6.1491e-04
5.5956e-04
5.2499e-04
5.2504e-04
5.6736e-04
6.7157e-04
7.8596e-04
7.8600e-04
7.0760e-04
6.7571e-04
6.9595e-04
7.2606e-04
7.6229e-04
8.1838e-04
8.6751e-04
8.8813e-04
8.8535e-04
8.7756e-04
8.7561e-04
8.7829e-04
8.9971e-04
9.9002e-04
1.1463e-03
1.2606e-03
1.3010e-03
1.3366e-03
1.3796e-03
1.4096e-03
1.4156e-03
1.3892e-03
1.2765e-03
1.1160e-03
1.0478e-03
9.9955e-04
9.3785e-04
8.8602e-04
8.6702e-04
8.6952e-04
8.4832e-04
8.3827e-04
8.0176e-04
7.1900e-04
6.1035e-04
5.1169e-04
4.4009e-04
4.0794e-04
4.0458e-04
4.1016e-04
3.9243e-04
3.6317e-04
3.7393e-04
4.0958e-04
4.3491e-04
4.3924e-04
4.3778e-04
4.4053e-04
4.4145e-04
3.6373e-04
2.2815e-04
1.8125e-04
1.4003e-04
6.1610e-05
2.2498e-05
1.0175e-04
1.9790e-04
2.1986e-04
1.7154e-04
1.2675e-04
7.1264e-05
1.0796e-04
1.4819e-04
6.9211e-05
-9.3539e-05
-1.9242e-04
-2.7700e-04
-4.3652e-04
-5.9577e-04
-7.0113e-04
-7.9180e-04
-8.7088e-04
-9.7910e-04
-1.0983e-03
-1.1705e-03
-1.1833e-03
-1.1685e-03
-1.1652e-03
-1.2347e-03
-1.3420e-03
-1.3546e-03
-1.2709e-03
-1.2553e-03
-1.3656e-03
-1.4019e-03
-1.3027e-03
-1.1814e-03
-1.1544e-03
-1.1960e-03
-1.2128e-03
-1.1891e-03
-1.1608e-03
-1.1524e-03
-1.1574e-03
-1.1612e-03
-1.1481e-03
-1.1057e-03
-1.0938e-03
-1.1180e-03
-1.1433e-03
-1.1459e-03
-1.1354e-03
-1.0990e-03
-1.0704e-03
-1.0565e-03
-1.0525e-03
-1.0469e-03
-1.0694e-03
-1.1067e-03
-1.1306e-03
-1.1314e-03
-1.1235e-03
-1.0907e-03
-1.0540e-03
-9.9157e-04
-9.0337e-04
-7.7213e-04
-6.5158e-04
-5.9607e-04
-5.6546e-04
-5.1708e-04
-4.8054e-04
-4.7401e-04
-3.9467e-04
-2.3687e-04
-1.0857e-04
-6.9328e-05
-8.6524e-05
-7.4532e-05
-5.5645e-06
6.2639e-05
7.3949e-05
1.2396e-04
2.6344e-04
3.9866e-04
4.5791e-04
4.8334e-04
5.0148e-04
5.6359e-04
6.1039e-04
6.0368e-04
5.7402e-04
5.8779e-04
6.1126e-04
6.3493e-04
6.2712e-04
5.9671e-04
6.5513e-04
8.0797e-04
9.3703e-04
9.7622e-04
9.5532e-04
9.3261e-04
9.3193e-04
9.4200e-04
9.4719e-04
9.2051e-04
8.4942e-04
8.3570e-04
8.6485e-04
8.8745e-04
9.4317e-04
9.8386e-04
1.0906e-03
1.2273e-03
1.3283e-03
1.3171e-03
1.2343e-03
1.2393e-03
1.3195e-03
1.4104e-03
1.3694e-03
1.1883e-03
1.0562e-03
9.9382e-04
9.6884e-04
9.5400e-04
9.3937e-04
8.4945e-04
6.7166e-04
5.5517e-04
5.1205e-04
5.0616e-04
4.7569e-04
4.0985e-04
2.7561e-04
1.4146e-04
7.9648e-05
2.6273e-05
-4.6798e-06
-3.5802e-05
-8.8225e-05
-1.3775e-04
-1.9865e-04
-3.6098e-04
-5.3622e-04
-6.2262e-04
-6.7574e-04
-8.0510e-04
-9.8343e-04
-1.1129e-03
-1.1768e-03
-1.1627e-03
-1.1200e-03
-1.1259e-03
-1.1924e-03
-1.2042e-03
-1.1533e-03
-1.1008e-03
-1.0924e-03
-1.1405e-03
-1.1632e-03
-1.1395e-03
-1.0917e-03
-9.6576e-04
-7.7761e-04
-6.2050e-04
-5.5691e-04
-5.2746e-04
-4.5895e-04
-3.9439e-04
-2.7869e-04
-1.4358e-04
-5.8115e-05
-4.0371e-05
-5.4076e-05
-6.1865e-05
-5.6675e-05
-4.8690e-05
-4.1770e-05
-3.6467e-05
-3.3347e-05
-3.1327e-05
-2.4663e-05
1.4071e-05
4.1654e-05
2.6685e-05
-5.3324e-06
-2.2985e-05
-2.1135e-05
-1.3431e-05
-1.0688e-05
-1.2815e-05
-1.3054e-05
4.9302e-05
1.5082e-04
1.8840e-04
2.3419e-04
2.5581e-04
2.2367e-04
2.0052e-04
1.9551e-04
2.8404e-04
4.0247e-04
4.4910e-04
3.8615e-04
2.4913e-04
2.0664e-04
2.8093e-04
3.1808e-04
3.2986e-04
3.8182e-04
4.5021e-04
4.8979e-04
4.9509e-04
5.0915e-04
5.6102e-04
5.8936e-04
5.5687e-04
5.0612e-04
4.8138e-04
4.8576e-04
5.0472e-04
6.1390e-04
8.2206e-04
9.6832e-04
9.9354e-04
9.5062e-04
9.2355e-04
8.2099e-04
7.4000e-04
7.2035e-04
6.8986e-04
6.0814e-04
5.1386e-04
4.6386e-04
4.6396e-04
5.0957e-04
5.3735e-04
5.2170e-04
4.7647e-04
4.3123e-04
4.3917e-04
4.9523e-04
5.6212e-04
5.7077e-04
5.4323e-04
5.8106e-04
6.7115e-04
6.8263e-04
6.2000e-04
5.6290e-04
5.8224e-04
6.3749e-04
6.5135e-04
6.2961e-04
6.1131e-04
6.1337e-04
6.2853e-04
6.4147e-04
6.4511e-04
6.4314e-04
6.4137e-04
6.4171e-04
6.4486e-04
6.2399e-04
5.8059e-04
4.4109e-04
2.5028e-04
1.2573e-04
9.2900e-05
8.6958e-05
4.1596e-05
-1.1606e-04
-2.7178e-04
-4.1052e-04
-4.9886e-04
-5.2874e-04
-6.0295e-04
-6.9268e-04
-7.9440e-04
-8.7998e-04
-9.2653e-04
-9.9792e-04
-1.0543e-03
-1.0251e-03
-9.4785e-04
-8.9417e-04
-8.8213e-04
-8.4130e-04
-7.4526e-04
-7.0433e-04
-6.9316e-04
-6.1160e-04
-5.0303e-04
-3.8856e-04
-2.7258e-04
-1.4391e-04
-1.8419e-05
-5.7894e-06
-8.2108e-05
-1.8019e-04
-2.3761e-04
-2.9722e-04
-3.4379e-04
-3.0714e-04
-3.1472e-04
-4.0736e-04
-4.8720e-04
-5.7108e-04
-7.2423e-04
-8.3918e-04
-8.3395e-04
-7.8446e-04
-7.3055e-04
-6.7603e-04
-7.0904e-04
-7.8538e-04
-7.9825e-04
-7.0660e-04
-6.8373e-04
-6.7022e-04
-5.6452e-04
-4.3237e-04
-3.8949e-04
-4.1747e-04
-4.2132e-04
-3.6926e-04
-3.3914e-04
-3.3987e-04
-2.9741e-04
-2.8234e-04
-3.1014e-04
-3.0940e-04
-1.9808e-04
-6.3570e-06
1.2969e-04
1.5888e-04
1.3065e-04
1.0979e-04
1.5519e-04
2.2071e-04
2.4417e-04
2.0938e-04
2.0519e-04
3.3348e-04
5.3224e-04
6.6269e-04
6.8417e-04
6.5391e-04
6.3439e-04
6.3948e-04
6.5091e-04
6.5414e-04
5.9946e-04
4.1430e-04
3.0453e-04
3.4556e-04
4.5168e-04
5.0514e-04
3.9989e-04
2.3898e-04
1.5587e-04
1.6750e-04
2.6496e-04
2.7748e-04
1.9792e-04
1.1938e-04
9.7927e-05
1.1574e-04
1.3239e-04
1.3226e-04
1.1769e-04
1.6587e-05
-1.5650e-04
-3.0095e-04
-3.7495e-04
-3.8864e-04
-3.8075e-04
-3.7718e-04
-3.8060e-04
-3.8401e-04
-3.8397e-04
-3.8326e-04
-4.2739e-04
-5.3171e-04
-6.3842e-04
-7.5823e-04
-8.6236e-04
-9.1502e-04
-9.1999e-04
-9.0773e-04
-9.0160e-04
-9.0432e-04
-9.0826e-04
-9.0880e-04
-9.0432e-04
-8.6735e-04
-8.4689e-04
-8.6714e-04
-8.7924e-04
-8.2278e-04
-7.9994e-04
-8.2239e-04
-8.0827e-04
-7.8010e-04
-7.5695e-04
-6.6369e-04
-5.1293e-04
-4.1805e-04
-4.4620e-04
-4.7084e-04
-4.3794e-04
-3.8642e-04
-3.6259e-04
-3.6857e-04
-3.2603e-04
-1.9639e-04
-6.5053e-05
-6.6381e-05
-2.1214e-04
-2.9837e-04
-1.6627e-04
-3.2892e-05
1.4393e-05
6.9274e-06
-5.5937e-05
-5.9344e-05
9.0180e-06
9.6685e-05
1.4303e-04
1.4350e-04
1.2934e-04
1.2404e-04
1.3919e-04
2.5738e-04
3.9503e-04
4.1134e-04
4.3750e-04
4.5503e-04
4.5062e-04
4.8706e-04
4.9419e-04
4.8087e-04
4.5107e-04
3.8142e-04
3.4678e-04
4.4227e-04
5.9062e-04
6.3190e-04
5.8130e-04
5.6798e-04
5.5777e-04
4.9487e-04
4.7100e-04
5.4296e-04
6.3794e-04
6.8301e-04
6.7590e-04
6.5632e-04
6.5091e-04
6.7927e-04
7.9409e-04
9.8023e-04
1.0727e-03
9.9378e-04
9.4883e-04
1.0389e-03
1.1648e-03
1.2021e-03
1.1569e-03
1.1132e-03
1.1000e-03
1.0976e-03
1.0384e-03
9.0044e-04
8.0873e-04
7.5149e-04
6.8092e-04
4.9467e-04
2.6677e-04
1.3285e-04
1.1794e-04
1.5407e-04
1.7727e-04
1.6943e-04
8.6159e-05
-5.9414e-05
-1.0789e-04
-3.1615e-05
5.4683e-06
-4.1944e-05
-1.5184e-04
-2.0096e-04
-1.7712e-04
-1.6386e-04
-1.8651e-04
-2.4231e-04
-2.8890e-04
-2.9942e-04
-2.8539e-04
-2.7740e-04
-3.0450e-04
-3.1016e-04
-2.8129e-04
-2.7395e-04
-2.9305e-04
-3.4292e-04
-4.1918e-04
-5.5434e-04
-6.7535e-04
-7.2205e-04
-7.0715e-04
-6.7788e-04
-6.6544e-04
-6.4141e-04
-6.1794e-04
-6.0515e-04
-5.8266e-04
-5.8935e-04
-6.0353e-04
-5.5842e-04
-5.3452e-04
-5.6731e-04
-6.1386e-04
-6.3359e-04
-6.2658e-04
-6.1510e-04
-6.1257e-04
-6.1635e-04
-6.1816e-04
-5.7359e-04
-5.1186e-04
-4.7852e-04
-4.3331e-04
-3.8543e-04
-3.4280e-04
-2.5250e-04
-1.4375e-04
-4.8056e-05
-1.6542e-05
-4.7821e-05
-8.8036e-05
-1.0291e-04
-6.6136e-05
-3.6562e-05
-9.1012e-08
6.9810e-05
1.1506e-04
5.9320e-05
-9.3761e-06
-2.1490e-05
4.0885e-06
-8.3848e-06
-6.2549e-05
-1.0850e-04
-1.1597e-04
-9.7812e-05
-8.2613e-05
-6.6817e-05
-3.9392e-05
-3.2474e-05
-2.7174e-05
-5.0262e-05
-8.4618e-05
-7.4248e-05
-2.2188e-05
-8.5636e-06
-5.0525e-05
-9.4553e-05
-1.0893e-04
-1.6106e-04
-1.9557e-04
-1.8857e-04
-2.5155e-04
-3.2217e-04
-2.6480e-04
-6.3437e-05
9.4604e-05
3.8638e-05
-1.4049e-04
-2.7507e-04
-2.9296e-04
-2.2993e-04
-1.5100e-04
-3.0791e-05
1.5571e-05
-6.6137e-06
-6.1675e-05
-9.7307e-05
-1.3037e-04
-1.1770e-04
-5.5274e-05
3.6733e-05
1.2881e-04
1.2469e-04
5.8423e-05
1.0978e-05
3.3583e-05
8.1886e-05
8.3506e-05
5.0312e-05
2.8668e-05
3.8553e-05
6.1181e-05
7.3485e-05
7.2209e-05
6.7179e-05
6.6045e-05
7.0712e-05
7.7862e-05
8.4240e-05
8.7425e-05
8.8095e-05
9.0303e-05
9.8042e-05
1.3810e-04
1.6450e-04
1.8434e-04
1.9953e-04
2.6105e-04
3.3181e-04
3.0734e-04
2.5606e-04
2.8501e-04
3.6216e-04
4.1410e-04
3.9114e-04
3.5545e-04
3.6616e-04
4.0347e-04
4.3783e-04
5.1192e-04
6.1284e-04
6.7282e-04
6.1252e-04
5.1932e-04
5.3551e-04
6.2525e-04
6.9144e-04
6.9816e-04
6.7664e-04
6.6434e-04
6.6842e-04
6.7623e-04
6.7842e-04
6.7613e-04
6.7418e-04
6.4563e-04
5.1943e-04
4.2200e-04
4.4876e-04
5.4665e-04
5.3391e-04
4.9703e-04
5.1423e-04
4.3765e-04
2.8756e-04
2.5693e-04
3.5257e-04
3.9216e-04
3.0292e-04
1.8706e-04
1.4074e-04
1.8900e-04
2.3644e-04
2.5934e-04
2.7270e-04
2.5198e-04
2.0703e-04
1.7256e-04
1.4663e-04
8.1780e-05
3.1010e-05
9.0664e-06
-5.4724e-05
-1.4708e-04
-1.7826e-04
-1.4858e-04
-1.7514e-04
-2.6263e-04
-3.3601e-04
-3.5341e-04
-3.0586e-04
-2.6838e-04
-2.8429e-04
-3.0900e-04
-2.9280e-04
-2.8621e-04
-3.0429e-04
-3.3067e-04
-3.3275e-04
-2.6333e-04
-2.3189e-04
-2.7528e-04
-3.3148e-04
-3.3660e-04
-2.5621e-04
-2.1513e-04
-2.5650e-04
-3.0553e-04
-2.5250e-04
-1.8035e-04
-1.6148e-04
-1.5907e-04
-8.1036e-05
-4.2446e-05
-8.7830e-05
-6.1154e-05
-2.8707e-05
-1.2695e-04
-2.1568e-04
-2.5656e-04
-2.6909e-04
-2.1198e-04
-1.7709e-04
-2.1191e-04
-2.2266e-04
-2.4021e-04
-2.6206e-04
-2.6459e-04
-2.8021e-04
-3.0520e-04
-3.2259e-04
-3.2137e-04
-2.8138e-04
-2.6267e-04
-2.7989e-04
-2.5512e-04
-1.9629e-04
-1.2090e-04
-3.7305e-05
1.6017e-05
5.2851e-05
1.0955e-04
1.6841e-04
2.3033e-04
3.2841e-04
4.1890e-04
4.6027e-04
4.5883e-04
4.8595e-04
5.7904e-04
6.4715e-04
6.8562e-04
7.0600e-04
7.5467e-04
8.5948e-04
9.1853e-04
8.9442e-04
8.9127e-04
9.3085e-04
9.4332e-04
9.3511e-04
9.5619e-04
1.0449e-03
1.0885e-03
1.0538e-03
1.0018e-03
9.8115e-04
9.8933e-04
1.0009e-03
1.0022e-03
9.9396e-04
1.0003e-03
1.0291e-03
1.0326e-03
1.0614e-03
1.1053e-03
1.1061e-03
1.0440e-03
9.4819e-04
8.9104e-04
8.9264e-04
9.3338e-04
9.0809e-04
8.1200e-04
7.2903e-04
7.0558e-04
6.9067e-04
6.0742e-04
5.0174e-04
4.3407e-04
4.0614e-04
3.3962e-04
2.7575e-04
2.9116e-04
2.8574e-04
1.9375e-04
1.0400e-04
4.8725e-05
-1.5422e-05
-7.5790e-05
-1.0748e-04
-1.1301e-04
-1.4293e-04
-1.6748e-04
-1.9606e-04
-2.6118e-04
-3.4069e-04
-4.6623e-04
-5.1502e-04
-4.9934e-04
-5.2956e-04
-5.7047e-04
-6.3628e-04
-7.3740e-04
-8.2009e-04
-8.8538e-04
-9.8102e-04
-1.0884e-03
-1.1182e-03
-1.0537e-03
-9.5452e-04
-9.1943e-04
-9.2426e-04
-9.5742e-04
-1.0106e-03
-1.0721e-03
-1.0677e-03
-1.0125e-03
-1.0163e-03
-9.9509e-04
-9.4320e-04
-9.0498e-04
-8.8417e-04
-9.1419e-04
-9.9460e-04
-1.0621e-03
-1.1152e-03
-1.1189e-03
-1.1246e-03
-1.1170e-03
-1.1489e-03
-1.1803e-03
-1.2129e-03
-1.2394e-03
-1.2202e-03
-1.2037e-03
-1.1893e-03
-1.2492e-03
-1.2922e-03
-1.2717e-03
-1.2018e-03
-1.1993e-03
-1.2563e-03
-1.2505e-03
-1.1154e-03
-9.9321e-04
-9.5237e-04
-9.6536e-04
-9.7057e-04
-9.3071e-04
-8.8486e-04
-8.4989e-04
-8.0725e-04
-7.2755e-04
-5.9124e-04
-4.7682e-04
-4.3686e-04
-4.5233e-04
-4.3799e-04
-2.7139e-04
-5.6701e-05
6.0782e-05
9.4545e-05
7.8139e-05
4.9467e-05
8.3059e-05
2.2092e-04
3.0147e-04
2.5667e-04
2.4521e-04
3.7042e-04
5.2885e-04
6.3769e-04
6.4097e-04
5.9636e-04
5.9833e-04
6.1515e-04
6.4283e-04
6.8554e-04
6.9332e-04
6.5380e-04
6.1435e-04
5.9238e-04
5.6785e-04
5.7402e-04
5.4557e-04
4.7105e-04
4.1293e-04
4.0513e-04
4.3222e-04
4.5791e-04
5.2434e-04
5.9389e-04
6.2529e-04
6.2050e-04
5.8649e-04
5.1983e-04
3.9489e-04
2.8306e-04
2.3776e-04
2.4283e-04
2.1912e-04
1.6778e-04
1.3489e-04
1.2851e-04
1.4889e-04
1.1771e-04
4.7273e-05
5.1273e-05
1.2861e-04
1.8759e-04
2.2622e-04
1.8682e-04
1.4749e-04
1.4757e-04
1.6640e-04
1.8506e-04
1.8044e-04
2.2061e-04
2.7616e-04
2.6225e-04
1.7160e-04
1.2785e-04
1.6344e-04
2.5627e-04
3.0852e-04
3.1769e-04
2.3890e-04
2.2086e-04
2.4187e-04
1.9047e-04
1.0082e-04
9.6720e-05
1.2557e-04
1.1109e-04
5.5536e-05
-4.0061e-05
-7.5351e-05
-2.5901e-05
3.8986e-05
6.3008e-05
-2.1477e-05
-1.1721e-04
-9.6167e-05
-1.0076e-04
-1.4526e-04
-1.3947e-04
-1.3318e-04
-2.1208e-04
-2.9423e-04
-3.4954e-04
-3.6842e-04
-3.3732e-04
-2.8331e-04
-3.0793e-04
-3.6338e-04
-3.9345e-04
-4.0541e-04
-3.8783e-04
-3.9449e-04
-4.2788e-04
-4.0138e-04
-3.3026e-04
-3.0588e-04
-3.0293e-04
-3.1511e-04
-2.5048e-04
-1.8561e-04
-2.1823e-04
-3.3421e-04
-4.3196e-04
-4.3952e-04
-4.0691e-04
-3.1056e-04
-2.3820e-04
-2.1636e-04
-2.6656e-04
-3.6322e-04
-4.2666e-04
-3.6303e-04
-1.7878e-04
-7.0083e-05
-1.6384e-04
-2.2811e-04
-2.1465e-04
-2.5943e-04
-3.5855e-04
-4.2781e-04
-4.1290e-04
-3.7794e-04
-2.7773e-04
-1.0858e-04
-2.5086e-05
-3.6359e-05
-3.7912e-05
9.4760e-06
2.0902e-05
2.6788e-05
9.0158e-05
1.2476e-04
1.2472e-04
1.2422e-04
1.0555e-04
7.9470e-05
7.8799e-05
1.2970e-04
1.6659e-04
1.6323e-04
1.7567e-04
1.7681e-04
1.6306e-04
1.2179e-04
1.1320e-04
1.6368e-04
1.7783e-04
2.0302e-04
2.7056e-04
3.3061e-04
2.8978e-04
1.7443e-04
9.6907e-05
1.1614e-04
1.3509e-04
8.9096e-05
5.2379e-05
6.1632e-05
9.2305e-05
1.0977e-04
1.0746e-04
9.9511e-05
1.0960e-04
1.4552e-04
1.8282e-04
1.7804e-04
1.3667e-04
9.7419e-05
8.1194e-05
8.3097e-05
8.4040e-05
2.9102e-05
-4.9186e-05
-1.7035e-04
-2.0329e-04
-1.4132e-04
-7.1734e-05
-1.1101e-04
-2.7024e-04
-3.9214e-04
-4.1270e-04
-4.0229e-04
-3.7025e-04
-2.6156e-04
-1.6104e-04
-1.6937e-04
-2.5263e-04
-3.1951e-04
-3.2691e-04
-2.6451e-04
-1.3572e-04
-6.6648e-06
7.1765e-05
9.2759e-05
8.3883e-05
7.4920e-05
7.5409e-05
8.6362e-05
1.3860e-04
2.6227e-04
3.6602e-04
3.3357e-04
2.5404e-04
2.6916e-04
3.9405e-04
4.9959e-04
5.4114e-04
5.3315e-04
5.4850e-04
5.8740e-04
6.1673e-04
6.1903e-04
5.7771e-04
5.5337e-04
5.7331e-04
5.8670e-04
5.4642e-04
4.8061e-04
4.9252e-04
5.5189e-04
5.3796e-04
5.1948e-04
5.1949e-04
5.5868e-04
6.0378e-04
5.9444e-04
5.6766e-04
5.2789e-04
4.7818e-04
4.5580e-04
4.4794e-04
4.7232e-04
4.7494e-04
4.6359e-04
3.9922e-04
3.3918e-04
2.8970e-04
2.6070e-04
2.0012e-04
1.2763e-04
8.4671e-05
7.8001e-05
8.6956e-05
9.0120e-05
8.4361e-05
4.8206e-05
2.4768e-05
4.2573e-05
7.5133e-05
9.2369e-05
9.0539e-05
8.3491e-05
8.1517e-05
8.4182e-05
8.2579e-05
4.3829e-05
-5.6071e-06
-3.6652e-06
-2.6493e-05
-1.2748e-04
-2.1546e-04
-2.9429e-04
-3.6751e-04
-4.1414e-04
-4.2827e-04
-4.6830e-04
-5.8036e-04
-6.2841e-04
-6.2852e-04
-6.3566e-04
-6.5990e-04
-6.8220e-04
-6.8994e-04
-6.5555e-04
-5.4924e-04
-4.4153e-04
-3.9266e-04
-3.7373e-04
-3.6670e-04
-3.9316e-04
-4.5577e-04
-4.8041e-04
-4.5852e-04
-4.2787e-04
-4.1673e-04
-4.2243e-04
-4.2925e-04
-4.2949e-04
-4.2628e-04
-4.2648e-04
-4.2930e-04
-4.3481e-04
-4.4001e-04
-4.4407e-04
-4.4852e-04
-4.2800e-04
-3.8994e-04
-3.3631e-04
-2.9844e-04
-3.1909e-04
-3.6645e-04
-3.6886e-04
-3.8867e-04
-4.2809e-04
-4.2879e-04
-3.6485e-04
-2.7088e-04
-2.7767e-04
-3.7534e-04
-3.5422e-04
-2.1842e-04
-1.0394e-04
-1.3483e-04
-2.2572e-04
-2.2035e-04
-1.6396e-04
-1.3219e-04
-1.2877e-04
-1.1829e-04
-9.8916e-05
-8.9464e-05
-9.5576e-05
-1.0697e-04
-7.5503e-05
9.5545e-05
3.0615e-04
4.2057e-04
4.4412e-04
4.9489e-04
5.4026e-04
5.7277e-04
5.8744e-04
6.6382e-04
7.7482e-04
8.3994e-04
8.6605e-04
8.7367e-04
8.7682e-04
8.8692e-04
9.5544e-04
9.8440e-04
9.7025e-04
9.1569e-04
8.9286e-04
9.5616e-04
1.0452e-03
1.1307e-03
1.1627e-03
1.1137e-03
1.0158e-03
9.2962e-04
8.0366e-04
7.1782e-04
7.3470e-04
8.2335e-04
8.6788e-04
8.4280e-04
7.8806e-04
7.2978e-04
7.1460e-04
6.6359e-04
5.4572e-04
4.3454e-04
4.0336e-04
4.5988e-04
4.4504e-04
3.3946e-04
2.4120e-04
2.1129e-04
1.9302e-04
1.4993e-04
1.2531e-04
1.4016e-04
1.8691e-04
1.7844e-04
1.2426e-04
8.1248e-05
-1.8718e-05
-1.7359e-04
-2.7870e-04
-2.7822e-04
-2.6399e-04
-3.1128e-04
-3.6438e-04
-3.7730e-04
-3.7871e-04
-3.5572e-04
-3.2643e-04
-3.0952e-04
-3.0763e-04
-3.1163e-04
-3.1349e-04
-3.1215e-04
-3.1027e-04
-2.8951e-04
-2.6054e-04
-2.6902e-04
-2.9380e-04
-2.6696e-04
-1.2354e-04
7.9563e-05
2.1117e-04
2.3472e-04
2.0676e-04
2.1911e-04
2.9937e-04
3.9586e-04
4.8826e-04
4.9565e-04
4.9594e-04
5.0238e-04
5.3534e-04
5.6074e-04
5.5356e-04
5.8373e-04
5.7841e-04
5.6671e-04
6.0060e-04
5.9114e-04
5.4270e-04
5.2324e-04
4.2814e-04
3.0457e-04
3.1989e-04
3.6485e-04
3.6415e-04
4.0262e-04
3.6291e-04
2.5256e-04
1.0701e-04
3.4190e-05
5.3521e-05
3.7220e-05
-3.8628e-05
-1.6091e-04
-2.0924e-04
-1.2513e-04
-7.7590e-05
-1.9448e-04
-3.5177e-04
-4.0490e-04
-3.6400e-04
-2.8283e-04
-2.4923e-04
-2.6095e-04
-2.1499e-04
-1.5483e-04
-1.3755e-04
-1.2511e-04
-8.9031e-05
-2.4592e-05
-3.0150e-05
-6.9549e-05
-8.4394e-05
-6.9073e-05
-7.4469e-05
-1.0712e-04
-1.4868e-04
-1.6714e-04
-1.5804e-04
-1.4325e-04
-1.3391e-04
-1.9857e-04
-3.1342e-04
-3.8126e-04
-3.8556e-04
-3.9715e-04
-4.6191e-04
-5.1854e-04
-4.7441e-04
-4.0790e-04
-4.2040e-04
-5.2797e-04
-5.5486e-04
-5.6723e-04
-6.2132e-04
-6.4114e-04
-6.2179e-04
-6.2827e-04
-7.1180e-04
-8.8270e-04
-1.0379e-03
-1.0747e-03
-1.0447e-03
-1.0020e-03
-1.0011e-03
-1.0109e-03
-1.0501e-03
-1.1318e-03
-1.2128e-03
-1.1922e-03
-1.0765e-03
-9.7980e-04
-9.9518e-04
-1.1401e-03
-1.2238e-03
-1.1858e-03
-1.1601e-03
-1.1508e-03
-1.0928e-03
-1.0203e-03
-9.4801e-04
-9.1152e-04
-8.9691e-04
-9.0266e-04
-9.1216e-04
-8.9414e-04
-8.5399e-04
-8.2410e-04
-7.9777e-04
-7.7310e-04
-7.7799e-04
-7.3077e-04
-5.9980e-04
-5.0902e-04
-5.0758e-04
-5.2056e-04
-4.8160e-04
-4.1661e-04
-3.6523e-04
-3.2874e-04
-3.0896e-04
-2.8876e-04
-2.5037e-04
-2.4831e-04
-2.7521e-04
-2.4628e-04
-1.2366e-04
-1.4850e-05
-1.3740e-05
-6.4333e-05
-6.6085e-05
1.0716e-05
9.2157e-05
1.5057e-04
2.0017e-04
2.3512e-04
2.7330e-04
2.7101e-04
1.6816e-04
1.0428e-04
1.4764e-04
2.2755e-04
2.4044e-04
2.0650e-04
1.6232e-04
1.1517e-04
8.0802e-05
8.3703e-05
1.2744e-04
1.2194e-04
7.0403e-05
8.5217e-05
1.2175e-04
1.3167e-04
1.6102e-04
2.0409e-04
2.3423e-04
2.4300e-04
2.6961e-04
2.8775e-04
3.3320e-04
3.5459e-04
3.7107e-04
4.6569e-04
5.2163e-04
4.8400e-04
4.9297e-04
5.4050e-04
5.4658e-04
5.1613e-04
4.0632e-04
3.3489e-04
3.5096e-04
3.8845e-04
3.9507e-04
4.2284e-04
4.7607e-04
4.6462e-04
3.5207e-04
2.6641e-04
3.1405e-04
3.3685e-04
3.1353e-04
3.1508e-04
3.5400e-04
3.9355e-04
4.3992e-04
4.5688e-04
3.9884e-04
2.9198e-04
2.3191e-04
3.1523e-04
4.1207e-04
4.5383e-04
3.8943e-04
3.1782e-04
3.5315e-04
4.5625e-04
5.8273e-04
5.9919e-04
5.5448e-04
5.3808e-04
5.5624e-04
5.9354e-04
5.9404e-04
4.7209e-04
3.5542e-04
4.0096e-04
5.5619e-04
6.6169e-04
6.6563e-04
6.7178e-04
6.9151e-04
6.4511e-04
5.5616e-04
5.4322e-04
6.3727e-04
7.4018e-04
7.7915e-04
7.6507e-04
7.4463e-04
7.4174e-04
7.4614e-04
7.2828e-04
6.9547e-04
7.0046e-04
7.2802e-04
7.1517e-04
6.7648e-04
6.2226e-04
6.1740e-04
6.5136e-04
7.0955e-04
7.4687e-04
6.9346e-04
5.7209e-04
4.5969e-04
4.0388e-04
3.6407e-04
3.2941e-04
3.3536e-04
3.1393e-04
2.6552e-04
2.5092e-04
2.7074e-04
2.7050e-04
2.4739e-04
2.2617e-04
2.2144e-04
2.2722e-04
2.3198e-04
2.3178e-04
2.2963e-04
2.2878e-04
2.2949e-04
2.2342e-04
1.9401e-04
1.5605e-04
1.2074e-04
1.1962e-04
1.2413e-04
1.5414e-04
1.5740e-04
1.0036e-04
5.1713e-05
1.4168e-05
-5.2922e-05
-9.1810e-05
-2.8129e-05
4.0052e-05
6.8605e-05
1.8966e-05
-4.9719e-05
-1.1753e-04
-1.9901e-04
-2.4344e-04
-2.0343e-04
-2.1671e-04
-2.7498e-04
-3.0806e-04
-3.1510e-04
-3.2613e-04
-3.1586e-04
-3.1104e-04
-3.5709e-04
-3.6521e-04
-3.3816e-04
-3.4185e-04
-3.8945e-04
-4.3271e-04
-4.1920e-04
-3.7715e-04
-3.5911e-04
-3.6567e-04
-3.6173e-04
-3.4313e-04
-3.3068e-04
-3.3240e-04
-3.9382e-04
-4.5468e-04
-4.6899e-04
-5.0256e-04
-5.7218e-04
-6.0783e-04
-6.2010e-04
-5.9089e-04
-5.6323e-04
-5.5494e-04
-5.8502e-04
-6.0322e-04
-5.5161e-04
-5.4232e-04
-5.6136e-04
-4.8134e-04
-3.9863e-04
-4.0293e-04
-4.1138e-04
-4.0772e-04
-3.9841e-04
-4.0010e-04
-4.4435e-04
-5.0310e-04
-5.6721e-04
-6.5865e-04
-6.4994e-04
-4.9845e-04
-4.0292e-04
-4.7987e-04
-6.5938e-04
-7.5911e-04
-7.4063e-04
-6.7333e-04
-6.0512e-04
-5.1505e-04
-3.8925e-04
-3.1490e-04
-2.7940e-04
-2.9132e-04
-3.4678e-04
-3.2877e-04
-1.6660e-04
5.4515e-06
7.3697e-05
8.6019e-05
1.5172e-04
2.5146e-04
3.5441e-04
4.9003e-04
5.4084e-04
5.2844e-04
5.5699e-04
5.5304e-04
5.1764e-04
4.7372e-04
4.9278e-04
5.5486e-04
5.8403e-04
5.6772e-04
5.1657e-04
4.4661e-04
3.8818e-04
3.5482e-04
3.2053e-04
2.9578e-04
3.1242e-04
3.4754e-04
3.2219e-04
2.8826e-04
3.0499e-04
3.2797e-04
3.0955e-04
2.7259e-04
2.7879e-04
2.9307e-04
2.8732e-04
3.1539e-04
3.8684e-04
4.2382e-04
4.1010e-04
3.8327e-04
3.9938e-04
4.5529e-04
5.6178e-04
5.8955e-04
5.1981e-04
5.0620e-04
5.3281e-04
5.1309e-04
4.8356e-04
5.0909e-04
5.4798e-04
5.5403e-04
5.1549e-04
4.1489e-04
3.2832e-04
2.9572e-04
2.7374e-04
2.9390e-04
2.7036e-04
1.3517e-04
1.4380e-05
-4.9361e-05
-6.0430e-05
-8.4135e-05
-1.2881e-04
-1.6374e-04
-1.7251e-04
-1.6562e-04
-1.5985e-04
-1.7038e-04
-2.1046e-04
-2.6716e-04
-4.0448e-04
-5.2172e-04
-5.2918e-04
-5.1047e-04
-5.3431e-04
-5.3479e-04
-5.4518e-04
-5.3883e-04
-4.7448e-04
-3.5329e-04
-3.0939e-04
-4.0991e-04
-4.8708e-04
-4.4978e-04
-3.7899e-04
-3.5965e-04
-4.3190e-04
-5.2990e-04
-5.7718e-04
-5.6950e-04
-5.1813e-04
-4.8860e-04
-5.0893e-04
-5.2753e-04
-5.0921e-04
-5.3257e-04
-5.6735e-04
-5.5245e-04
-4.9763e-04
-4.8396e-04
-5.0941e-04
-4.8642e-04
-4.4807e-04
-4.4427e-04
-4.3169e-04
-3.8188e-04
-3.1519e-04
-2.6827e-04
-2.6530e-04
-2.6704e-04
-3.0693e-04
-3.1206e-04
-2.6663e-04
-1.6064e-04
-4.2351e-05
-6.4238e-06
-4.1229e-05
-6.8971e-05
-4.2506e-05
-1.4645e-05
3.6510e-05
8.3617e-05
1.3664e-04
1.8034e-04
2.0340e-04
2.0998e-04
2.0951e-04
2.2978e-04
3.0217e-04
3.7579e-04
4.3551e-04
4.6757e-04
4.5187e-04
4.0787e-04
4.5776e-04
5.2500e-04
5.6338e-04
5.3427e-04
4.5541e-04
3.6603e-04
2.8262e-04
2.2381e-04
2.5565e-04
3.3349e-04
4.1549e-04
4.7758e-04
4.7665e-04
4.6096e-04
4.4880e-04
4.2423e-04
3.9309e-04
3.8192e-04
4.0828e-04
4.2550e-04
3.8537e-04
3.1436e-04
2.8153e-04
2.9246e-04
2.9436e-04
3.0328e-04
3.1800e-04
3.2782e-04
3.2754e-04
3.0048e-04
2.0224e-04
1.6109e-04
1.6718e-04
1.4398e-04
1.4102e-04
1.9759e-04
2.1817e-04
2.0145e-04
1.7978e-04
1.4742e-04
9.4770e-05
4.7329e-05
4.7973e-06
-7.5571e-05
-1.6336e-04
-2.1348e-04
-2.3978e-04
-2.5247e-04
-2.4399e-04
-2.7729e-04
-3.5460e-04
-4.4448e-04
-4.9893e-04
-5.0245e-04
-5.1116e-04
-5.2379e-04
-5.6459e-04
-5.5980e-04
-5.3363e-04
-5.6128e-04
-6.2059e-04
-6.5878e-04
-6.5133e-04
-5.7824e-04
-4.8583e-04
-4.3196e-04
-4.0426e-04
-3.9729e-04
-3.8619e-04
-3.5904e-04
-3.7458e-04
-4.0604e-04
-4.4773e-04
-4.3888e-04
-3.7685e-04
-3.4054e-04
-3.8337e-04
-4.6441e-04
-4.7953e-04
-5.0032e-04
-5.2941e-04
-5.2776e-04
-5.0481e-04
-4.9454e-04
-4.9018e-04
-4.4136e-04
-4.2776e-04
-4.4482e-04
-4.2457e-04
-4.1583e-04
-4.1339e-04
-3.9574e-04
-3.2289e-04
-2.6741e-04
-2.8814e-04
-2.9172e-04
-2.5878e-04
-1.9892e-04
-1.4529e-04
-9.7483e-05
-7.5076e-05
-9.0947e-05
-9.6007e-05
-7.0720e-05
-2.4688e-05
2.8394e-05
5.6888e-05
4.3535e-05
-1.4231e-05
-7.0171e-05
-8.0638e-05
-5.7266e-05
-3.8309e-05
-1.6136e-05
4.7110e-06
1.7451e-05
5.0610e-05
1.0950e-04
1.4317e-04
1.6025e-04
1.6911e-04
1.7315e-04
1.4395e-04
1.0212e-04
1.0889e-04
1.4749e-04
1.7579e-04
1.6930e-04
1.3291e-04
9.0901e-05
6.9291e-05
9.6153e-05
1.0509e-04
7.8579e-05
3.5258e-05
1.0046e-05
-2.6152e-05
-5.8563e-05
-3.9847e-05
2.1759e-05
3.8546e-05
-3.1950e-05
-1.3006e-04
-1.8221e-04
-1.6966e-04
-1.2841e-04
-1.1925e-04
-1.2662e-04
-8.9859e-05
-5.0247e-06
5.2867e-05
4.9271e-05
-1.1565e-05
-8.2006e-05
-1.0047e-04
-9.0832e-05
-8.1679e-05
-6.7696e-05
-8.7019e-05
-1.2159e-04
-1.3257e-04
-1.2449e-04
-1.6743e-04
-1.8200e-04
-1.1870e-04
-7.3050e-05
-5.8512e-05
-4.5308e-05
2.8467e-06
5.3920e-05
7.8322e-05
7.8923e-05
4.6111e-05
-1.0227e-05
-2.3898e-05
2.3095e-05
6.1017e-05
8.0746e-05
9.1714e-05
9.3519e-05
9.0503e-05
8.8610e-05
1.0511e-04
1.1512e-04
1.0706e-04
1.1135e-04
1.3456e-04
1.5547e-04
1.7008e-04
1.9311e-04
2.2184e-04
2.1389e-04
1.7777e-04
1.6321e-04
1.7241e-04
1.8615e-04
1.9055e-04
1.8516e-04
2.0430e-04
2.6270e-04
3.0939e-04
2.8164e-04
2.0784e-04
1.7165e-04
1.9333e-04
2.0156e-04
1.6581e-04
1.2876e-04
1.2266e-04
1.2194e-04
1.1333e-04
9.4164e-05
6.5206e-05
5.0698e-05
6.5935e-05
8.1112e-05
5.5570e-05
2.2523e-05
8.1660e-06
2.0757e-05
5.3229e-05
7.4055e-05
3.6362e-05
-1.6016e-05
-3.3518e-05
7.3743e-07
2.4980e-05
-2.4139e-06
-2.7195e-05
-1.8645e-05
-1.6444e-06
-1.0309e-05
-4.4068e-05
-7.8024e-05
-7.2550e-05
-5.2055e-05
-4.6439e-05
-4.3707e-05
-2.6531e-05
-2.0120e-05
-2.8758e-05
-3.2892e-05
-1.5988e-05
-1.2191e-05
-8.0244e-06
-4.8125e-06
-1.5070e-05
-1.9781e-05
-1.3993e-05
-4.5899e-06
-1.9040e-05
-4.5525e-05
-5.3960e-05
-4.4186e-05
-3.8599e-05
-4.1646e-05
-3.8384e-05
-2.8778e-05
-1.9914e-05
-1.6155e-05
-2.0343e-05
-1.9060e-05
-3.5000e-05
-5.6361e-05
-4.9937e-05
-2.4467e-05
-4.2506e-06
1.1173e-06
-2.3750e-07
8.4870e-07
1.1436e-05
2.1747e-05
3.8221e-05
6.2100e-05
7.4457e-05
8.1719e-05
7.2911e-05
5.4994e-05
5.8130e-05
7.4791e-05
8.6518e-05
8.0961e-05
6.9199e-05
5.7944e-05
5.2516e-05
5.3381e-05
6.4397e-05
8.0073e-05
8.2749e-05
7.2293e-05
6.5073e-05
6.2979e-05
6.5644e-05
6.9774e-05
6.8042e-05
6.1563e-05
5.2397e-05
4.2316e-05
3.9054e-05
5.0301e-05
6.5102e-05
6.7058e-05
6.0380e-05
5.5392e-05
5.2153e-05
5.0337e-05
5.3795e-05
5.7633e-05
6.1902e-05
6.5266e-05
6.5697e-05
6.5758e-05
5.7941e-05
4.9717e-05
4.7058e-05
4.8157e-05
5.2705e-05
5.9098e-05
6.5280e-05
6.9279e-05
7.0409e-05
7.0151e-05
6.9166e-05
6.9599e-05
6.8978e-05
6.7552e-05
6.7620e-05
7.0632e-05
7.0589e-05
6.6310e-05
6.4822e-05
6.5507e-05
6.4355e-05
6.3085e-05
6.4864e-05
6.5323e-05
6.4887e-05
6.2855e-05
6.0134e-05
5.9530e-05
6.0086e-05
6.0677e-05
6.0771e-05
6.0651e-05
6.2158e-05
6.3064e-05
6.2414e-05
6.2269e-05
6.0788e-05
5.9109e-05
5.9977e-05
6.2129e-05
6.4596e-05
6.4166e-05
5.9644e-05
5.6302e-05
5.5750e-05
5.4937e-05
5.3663e-05
5.3925e-05
5.4645e-05
5.4939e-05
5.4560e-05
5.3621e-05
5.2891e-05
5.2244e-05
5.2247e-05
5.2286e-05
5.1057e-05
4.8810e-05
4.7045e-05
4.5248e-05
4.3659e-05
4.2708e-05
4.2344e-05
4.1833e-05
4.0650e-05
3.8721e-05
3.7065e-05
3.6105e-05
3.4782e-05
3.3055e-05
3.1077e-05
2.8951e-05
2.7711e-05
2.7379e-05
2.6966e-05
2.5355e-05
2.3217e-05
2.1699e-05
2.0932e-05
2.0304e-05
1.9742e-05
1.9028e-05
1.8192e-05
1.7060e-05
1.5956e-05
1.5015e-05
1.4242e-05
1.3380e-05
1.2601e-05
1.1839e-05
1.0766e-05
9.5021e-06
8.3877e-06
7.5435e-06
6.8009e-06
6.1605e-06
5.3705e-06
4.4617e-06
3.6305e-06
2.9402e-06
2.2805e-06
1.6406e-06
1.0587e-06
5.0243e-07
-3.6639e-08
-6.5742e-07
-1.2887e-06
-1.8613e-06
-2.4458e-06
-3.0087e-06
-3.5707e-06
-4.0936e-06
-4.5928e-06
-5.0907e-06
-5.5483e-06
-5.9723e-06
-6.4183e-06
-6.8900e-06
-7.3533e-06
-7.7945e-06
-8.2207e-06
-8.6329e-06
-9.0280e-06
-9.4294e-06
-9.8307e-06
-1.0221e-05
-1.0609e-05
-1.0983e-05
-1.1351e-05
-1.1712e-05
-1.2063e-05
-1.2402e-05
-1.2729e-05
-1.3039e-05
-1.3340e-05
-1.3641e-05
-1.3936e-05
-1.4220e-05
-1.4487e-05
-1.4746e-05
-1.4999e-05
-1.5245e-05
-1.5483e-05
-1.5709e-05
-1.5921e-05
-1.6123e-05
-1.6317e-05
-1.6503e-05
-1.6678e-05
-1.6845e-05
-1.7001e-05
-1.7149e-05
-1.7287e-05
-1.7417e-05
-1.7537e-05
-1.7648e-05
-1.7752e-05
-1.7846e-05
-1.7931e-05
-1.8008e-05
-1.8076e-05
-1.8136e-05
-1.8187e-05
-1.8230e-05
-1.8265e-05
-1.8291e-05
-1.8309e-05
-1.8319e-05
-1.8320e-05
-1.8314e-05
-1.8300e-05
-1.8277e-05
-1.8247e-05
-1.8209e-05
-1.8163e-05
-1.8110e-05
-1.8049e-05
-1.7980e-05
-1.7904e-05
-1.7821e-05
-1.7730e-05
-1.7631e-05
-1.7526e-05
-1.7413e-05
-1.7294e-05
