0.00340935 0.000449662 -8.0708e-05 -0.000236337 -0.000514291
0.1962 0.0200563 -0.000677291 0.000344166 0.000298176
-0.0130322 0.0494505 0.00663261 0.000120601 0.000879903
0.3924 0.0904392 0.0258475 0.00209595 0.00152511
-0.0151096 0.132193 0.0604052 0.00908207 0.00164354
0.5886 0.181353 0.103706 0.0268336 0.00368869
-0.0260479 0.229156 0.15375 0.0562098 0.0112527
0.7848 0.282305 0.203995 0.0979904 0.0308777
-0.0239769 0.333014 0.258842 0.148341 0.06728
0.981 0.387651 0.313483 0.207152 0.123897
-0.0199805 0.437617 0.371942 0.27419 0.199513
1.1772 0.490705 0.42345 0.350051 0.291694
-0.0107052 0.542727 0.480096 0.429372 0.396128
1.3734 0.600907 0.536318 0.512888 0.508083
-7.47087e-05 0.671441 0.612753 0.591604 0.618244
1.5696 0.740124 0.688675 0.679554 0.720335
-0.0288119 0.799493 0.785806 0.770988 0.808887
1.7658 0.86038 0.8685 0.873715 0.886829
-0.0325156 0.933287 0.952218 0.966909 0.961625
1.962 0.992696 1.02994 1.04551 1.03436
-0.00662856 1.02906 1.08351 1.12936 1.11494
2.1582 1.08485 1.13224 1.18513 1.19797
0.00347159 1.16059 1.17091 1.23189 1.28165
2.3544 1.21268 1.2169 1.27081 1.35012
-0.0142932 1.21715 1.26973 1.31836 1.39799
2.5506 1.23678 1.30404 1.35971 1.42864
-0.0194046 1.25027 1.34319 1.39512 1.44332
2.7468 1.26994 1.35434 1.43478 1.44628
-0.00379117 1.32681 1.35228 1.46804 1.45083
2.943 1.35002 1.37277 1.48118 1.46295
0.00481353 1.37921 1.4013 1.47554 1.48139
3.1392 1.4035 1.43349 1.46669 1.49757
-0.0201104 1.42891 1.46548 1.46185 1.50426
3.3354 1.43865 1.49824 1.46899 1.4991
-0.0207465 1.46238 1.51229 1.48635 1.4866
3.5316 1.48091 1.52117 1.50548 1.47729
0.0143641 1.53138 1.50711 1.5208 1.47654
