6.67249e-04
-9.24028e-04
-1.03966e-03
-9.70026e-04
-2.56773e-03
3.19627e-04
-3.96987e-04
-1.61552e-03
8.30261e-04
-3.64554e-04
3.36342e-04
-2.48272e-03
-3.24020e-03
-1.07226e-03
1.49638e-03
3.36095e-04
3.53501e-05
1.42136e-03
-4.75819e-03
6.97132e-04
-2.19673e-04
-2.93738e-03
2.28962e-03
6.96301e-03
-4.28747e-03
-7.66864e-03
6.42296e-03
-4.93951e-03
-7.34910e-03
5.73436e-03
5.34113e-03
4.33827e-03
4.28757e-03
4.99343e-04
-1.17345e-03
1.92318e-03
-1.77454e-03
3.60341e-03
-2.73966e-03
-6.62478e-03
8.16923e-03
9.06347e-04
-2.82363e-03
-8.36960e-03
2.35515e-03
5.95380e-03
4.68182e-04
-3.96833e-03
4.82414e-03
8.09969e-03
1.19880e-03
-3.06965e-03
-3.41529e-03
1.09897e-03
7.27504e-04
4.68815e-03
-5.30182e-03
3.67383e-03
3.98744e-03
-8.18257e-03
-5.91939e-03
1.81763e-03
3.98819e-03
1.16477e-02
1.63838e-03
-1.18736e-02
5.93002e-03
1.41044e-02
-3.84742e-03
-7.29066e-03
1.10563e-03
-3.51416e-04
6.35383e-03
-1.93584e-04
-8.98567e-03
7.59183e-04
1.79459e-03
-1.41377e-03
1.18382e-02
-1.67101e-02
-9.91001e-03
1.66851e-02
1.21502e-03
-9.44901e-03
4.59636e-04
4.92892e-03
-2.03104e-02
1.95475e-03
1.24020e-02
-6.85482e-04
-3.44998e-03
1.27188e-02
-7.32022e-03
-2.15472e-02
8.28789e-03
1.34444e-02
6.40603e-03
-5.40608e-03
-6.98140e-03
1.31189e-04
1.73764e-03
-1.79153e-03
4.34308e-03
-2.55956e-03
-3.31840e-03
7.95585e-04
3.07634e-03
2.81802e-04
-2.64199e-03
2.14027e-02
-7.04244e-04
-1.44378e-02
-8.11142e-03
-5.35884e-03
3.20721e-02
-1.25096e-02
-1.78848e-02
2.30295e-02
1.40599e-04
-1.23909e-02
-6.34878e-03
2.62734e-03
1.56488e-03
1.50088e-02
-1.05500e-04
1.75962e-03
-3.53584e-03
-3.03755e-02
2.36710e-02
2.74297e-02
-2.04156e-02
-2.14027e-02
2.30813e-02
1.23702e-02
-2.39328e-02
-1.14970e-02
2.50574e-02
1.35880e-02
-2.62544e-02
-1.83832e-02
1.23311e-02
1.16177e-02
-2.12989e-02
1.86498e-03
4.16320e-03
1.08453e-03
4.89716e-03
-1.96029e-02
-1.63159e-02
3.55915e-02
2.65134e-02
-1.23982e-02
-2.96688e-02
1.28011e-02
1.81605e-02
-1.60766e-02
3.27052e-02
-1.68784e-02
-6.90254e-03
1.68452e-02
-3.12563e-02
-2.91820e-02
5.11268e-03
3.11116e-02
2.36363e-02
-9.15743e-03
-7.13172e-02
-5.98657e-02
5.15475e-02
6.10021e-02
2.57505e-02
2.49597e-02
-3.20041e-02
-4.31200e-03
-6.28758e-03
1.26671e-02
1.60189e-02
-4.10569e-02
-6.25367e-02
-4.32093e-02
2.54925e-02
8.30958e-02
1.02111e-01
1.05613e-01
3.06448e-02
-1.20285e-01
-1.29702e-01
-2.45269e-02
1.18949e-01
-4.83807e-02
-1.22692e-01
1.72018e-02
-4.17568e-02
6.22137e-02
1.36348e-01
-1.59604e-02
-1.27234e-01
-1.17923e-01
-2.49416e-02
1.04156e-01
1.96592e-01
1.94537e-01
1.41443e-01
3.97963e-02
-3.13304e-01
-4.43241e-01
-3.18190e-01
-1.64138e-01
1.53723e-01
3.98863e-01
3.77375e-01
1.44299e-01
2.10371e-02
-2.18488e-02
7.22232e-02
1.42782e-01
-1.03948e-01
-2.80089e-01
-3.21960e-01
-3.24756e-01
-1.59485e-01
-1.18361e-02
6.65727e-02
9.15507e-02
1.22423e-01
1.90140e-01
1.70188e-01
1.83716e-01
8.73135e-02
-2.26544e-02
-4.04201e-02
-6.21904e-02
-4.71842e-02
-5.87523e-02
-1.06853e-01
-5.54476e-02
-3.78779e-02
-4.96398e-02
8.62842e-02
7.55498e-02
1.19827e-01
1.72099e-01
-2.01139e-02
-1.84170e-01
-1.81858e-01
-1.29765e-01
-6.54166e-02
1.70753e-01
3.10542e-01
1.69050e-01
7.19123e-03
-7.32661e-02
-1.32834e-01
-8.56354e-02
2.44726e-02
6.53897e-02
1.24353e-01
8.07946e-02
-1.73789e-02
6.53104e-02
1.78505e-01
1.30814e-01
1.08154e-01
7.30488e-02
-3.96247e-02
-1.34347e-01
-2.53834e-01
-3.12375e-01
-2.17990e-01
-2.24206e-02
3.10857e-02
-8.01164e-02
-1.86353e-01
-1.62478e-01
-9.50920e-02
-3.25984e-02
2.33222e-03
7.28848e-02
1.42981e-01
2.16986e-01
3.21213e-01
3.64313e-01
1.67692e-01
-1.63489e-01
-1.64355e-01
-1.28351e-01
-2.12880e-01
-2.83577e-01
-9.91893e-02
1.00827e-01
9.68243e-02
1.15342e-01
1.06837e-01
1.37781e-02
-1.48166e-01
-1.06312e-01
2.13727e-03
1.06987e-01
1.97453e-01
3.01842e-01
2.43973e-01
5.39534e-03
-4.72188e-02
-6.58762e-02
-1.21976e-01
-1.50571e-01
8.25858e-02
1.41064e-01
1.21717e-01
9.36956e-02
-1.39570e-01
-1.91155e-01
-2.13944e-01
-2.44117e-01
-3.13687e-01
-2.01483e-01
-7.68420e-03
8.45160e-02
1.66434e-01
1.59302e-01
8.16882e-02
9.09213e-02
7.42027e-02
2.37514e-02
9.83754e-02
1.65561e-01
6.33162e-02
-2.69082e-01
-4.48833e-01
-3.91085e-01
1.15636e-01
5.78071e-01
2.50996e-01
-1.56504e-01
-2.16860e-01
-5.22420e-02
7.35423e-02
1.49782e-01
2.14441e-01
1.55943e-01
8.04453e-02
-1.72895e-01
-2.89410e-01
-1.98244e-01
-5.59150e-02
1.59150e-01
-1.89462e-02
-7.74649e-02
1.34503e-01
8.82413e-02
3.76996e-02
1.99556e-02
3.62546e-02
7.27578e-02
1.20181e-01
-5.87150e-02
-1.36158e-01
-7.94358e-02
-1.62573e-01
-1.11320e-01
2.79435e-02
1.39779e-01
1.65063e-01
1.65464e-01
4.60148e-03
-8.44273e-02
-1.33200e-01
-1.75836e-01
-5.94205e-02
-3.58166e-02
2.18215e-02
1.29017e-01
9.40999e-02
7.17439e-02
1.40954e-01
7.44242e-02
-1.35822e-01
-2.29452e-01
-8.86893e-02
1.24422e-02
-4.99579e-03
-6.20044e-02
-8.48495e-02
5.10897e-02
1.56713e-01
1.00779e-01
9.87480e-02
3.10588e-02
-1.34897e-01
-2.50017e-02
1.13318e-01
1.62135e-01
2.71543e-01
1.44544e-01
-1.91176e-01
-4.92458e-02
7.54679e-02
7.62523e-02
3.28087e-02
-1.13173e-01
-2.49196e-01
-4.44537e-01
-3.67827e-01
-4.68741e-02
1.03617e-01
1.01713e-01
1.91922e-01
7.50485e-02
1.37010e-01
2.16132e-01
-8.80994e-02
-2.24038e-01
7.33738e-02
2.01872e-01
-7.28123e-03
-6.97465e-02
-5.64504e-02
2.10344e-02
5.49246e-02
7.03361e-02
1.12983e-01
2.49238e-02
-7.41780e-02
-1.17158e-01
-2.99107e-02
-5.57870e-03
-4.18079e-02
6.93580e-02
2.07596e-03
-8.31506e-02
-7.03501e-02
-1.31773e-01
-1.35312e-01
-3.98543e-02
6.95946e-02
8.28411e-02
2.66058e-02
1.56756e-02
9.28652e-03
4.08825e-02
3.45645e-02
4.62233e-02
6.52280e-02
2.09205e-02
3.19331e-02
2.29576e-03
-5.49908e-02
-1.12618e-01
-1.08300e-01
-6.14124e-03
-2.13841e-02
-2.66531e-02
1.17517e-01
1.68467e-01
4.20798e-02
-2.68437e-03
-1.89204e-02
-7.67067e-02
-3.72909e-02
3.00002e-02
4.25444e-02
-3.41041e-02
-9.22566e-02
-9.32581e-02
8.48195e-02
1.11099e-01
1.96833e-02
-3.25408e-02
-1.18355e-01
-6.23437e-02
2.14810e-02
3.37752e-02
3.59469e-02
8.88911e-02
8.17587e-02
7.41676e-02
6.01978e-02
9.65607e-03
5.42546e-03
-2.88736e-02
-7.38553e-02
-4.89136e-02
-6.44325e-03
-3.09406e-02
-5.13558e-02
-1.93031e-02
1.27732e-02
-8.98401e-03
-2.45436e-02
-1.67214e-02
-1.33802e-03
1.71044e-02
1.47264e-02
2.61891e-02
6.31339e-02
1.96451e-02
-4.89381e-02
-6.60293e-02
-2.07283e-02
3.09125e-02
4.48462e-02
1.16242e-02
-2.83274e-02
-1.05162e-02
-1.96261e-02
-1.08896e-03
2.09574e-02
2.38227e-02
3.91113e-02
5.76878e-03
-3.48162e-02
-4.09272e-03
2.66740e-03
-6.60623e-04
1.01968e-02
1.13427e-03
-1.69328e-02
-1.50800e-02
-9.07252e-04
5.57066e-03
2.82267e-02
2.78391e-02
2.24409e-02
-4.88713e-03
-2.97357e-02
-2.12264e-02
-2.10452e-02
-4.01915e-02
-4.02344e-02
-8.99177e-03
1.27724e-02
2.01464e-02
1.93715e-03
-2.18364e-03
-1.14831e-02
3.49488e-02
5.52804e-02
6.33460e-02
5.49943e-02
-3.86251e-02
-3.45900e-02
-4.00572e-02
-4.28489e-02
-4.45290e-02
-2.24115e-02
1.12287e-02
-1.15819e-02
-4.29191e-03
-4.32570e-02
-4.73972e-02
3.87389e-02
7.16963e-02
4.81554e-02
2.30113e-03
2.64543e-02
3.10472e-02
-2.37943e-02
-5.16459e-02
-4.32033e-02
7.06006e-04
1.99971e-02
5.18928e-03
9.60774e-03
2.77679e-02
3.07656e-03
-2.98734e-03
1.59053e-03
-1.97575e-02
-2.66227e-02
-6.46566e-03
8.95648e-03
6.49225e-03
3.10817e-03
7.27673e-03
1.51893e-02
1.75785e-02
1.49893e-02
6.06608e-02
5.36059e-02
5.65275e-04
-1.63321e-02
-3.46944e-02
-5.60575e-02
-5.55037e-02
-2.96078e-02
-1.04245e-02
7.80243e-03
2.84851e-02
2.96550e-02
5.08432e-03
1.59417e-02
8.02298e-03
-2.09940e-02
-3.70922e-02
-6.09951e-03
3.56018e-02
4.30490e-02
2.39478e-02
-1.80504e-02
-1.62493e-02
-9.23079e-03
2.25740e-02
6.59771e-02
4.78647e-02
3.69505e-03
-2.25409e-02
-2.29199e-02
-3.35895e-02
-2.47054e-02
-6.30619e-03
-4.02779e-02
-5.91486e-02
-7.80939e-03
9.56011e-03
-1.97563e-02
-1.42307e-02
1.17212e-02
1.14047e-02
8.01193e-03
-7.30002e-03
-1.31464e-02
2.24326e-02
2.63685e-02
3.86368e-02
3.47120e-02
-2.80986e-03
-1.64049e-02
-1.54508e-03
2.90706e-02
3.17549e-02
2.74854e-02
1.03251e-02
-4.33985e-02
-5.41048e-02
-1.88446e-02
4.34983e-03
-1.08027e-02
-3.21055e-02
-3.95784e-02
-4.25597e-02
-8.43262e-03
3.61574e-02
4.59010e-02
3.35640e-02
1.11625e-02
-4.01377e-03
1.80626e-02
4.11644e-02
1.52387e-02
-2.26817e-02
-2.92045e-02
-2.58223e-02
-2.75865e-02
-3.17828e-02
-4.28380e-02
-4.13752e-02
-5.12200e-03
-2.00476e-03
2.47032e-02
6.30158e-02
1.24460e-02
-1.31070e-03
1.60652e-02
5.91254e-03
8.05823e-03
2.22868e-02
2.77931e-02
2.20134e-02
8.72856e-03
-1.92609e-02
-3.26018e-02
-1.83646e-02
-2.71709e-02
-8.77821e-03
1.59952e-02
2.97111e-02
2.05472e-02
1.80790e-03
1.17906e-02
4.77872e-03
7.01055e-03
9.72494e-03
1.01494e-02
-3.47587e-03
-1.42231e-02
-2.37252e-02
-5.55643e-02
-6.47907e-02
-3.77381e-02
-1.22775e-02
2.20951e-02
4.14356e-02
3.43096e-02
3.22287e-02
4.98666e-03
-2.07819e-02
2.75478e-02
3.77868e-02
-3.22920e-03
7.96842e-03
1.26022e-02
1.09478e-02
2.35263e-02
-1.00879e-02
-3.26186e-02
-5.63931e-03
-1.89738e-02
-2.64510e-02
6.66999e-03
2.17344e-02
1.03387e-02
6.38388e-04
-1.95508e-02
-4.08352e-03
3.26845e-02
3.23657e-02
-3.28583e-04
-2.86412e-02
-9.26197e-03
-6.47438e-03
-1.43781e-02
6.03518e-03
-9.09806e-03
5.12190e-03
3.84561e-02
7.03923e-03
-3.49910e-03
3.17696e-02
1.32305e-02
-4.15509e-02
-5.45299e-02
-5.08828e-02
-4.46420e-02
3.93829e-04
3.70110e-02
3.23838e-02
1.94953e-02
-2.38215e-02
-4.58718e-02
-1.33067e-02
1.08894e-02
2.94543e-02
4.17635e-02
2.39327e-03
-3.67982e-02
-5.52834e-02
-3.48098e-02
2.81129e-03
2.12126e-02
4.52298e-02
6.48676e-02
2.42048e-02
7.66915e-03
1.90240e-02
-1.95147e-02
-7.27235e-03
3.57536e-02
3.29165e-02
2.07948e-02
1.70918e-02
6.03517e-04
-1.52687e-02
-1.26857e-02
-2.36183e-02
-2.79892e-02
2.41743e-03
-4.46955e-03
-1.43315e-02
-9.64177e-03
-2.40318e-02
-3.98243e-02
-3.68838e-02
-1.63241e-02
-1.67506e-02
-7.86235e-03
7.71687e-03
2.11333e-02
2.56873e-02
9.31531e-03
-2.00551e-02
-1.44499e-02
3.56462e-02
4.45129e-02
2.85653e-02
1.97352e-02
-6.24235e-03
-2.53437e-02
-1.35451e-02
1.91562e-03
1.70704e-02
1.52114e-02
6.14000e-03
2.01254e-03
3.44293e-03
6.82071e-03
-3.20927e-03
-2.51736e-02
-2.78685e-02
-2.08738e-02
-1.72375e-02
-3.20285e-03
6.40920e-03
-1.49244e-03
-2.09563e-03
-2.98533e-03
-1.27159e-02
-2.36657e-02
7.98384e-03
2.61976e-02
-1.05739e-03
-2.74846e-03
-6.08318e-03
-1.56500e-02
8.94253e-04
1.78500e-02
2.92823e-02
3.95643e-02
5.66358e-03
-1.04520e-02
-6.91917e-03
1.38646e-02
1.34746e-02
-2.31964e-02
-2.60529e-02
-1.47175e-02
-7.99211e-03
1.83646e-02
4.45877e-02
1.79703e-02
1.03271e-02
2.66495e-02
1.82935e-04
-2.94094e-02
-1.34856e-02
9.51055e-03
-6.24533e-03
-3.06353e-02
-1.42698e-02
9.84217e-03
1.14470e-02
-5.06068e-03
-9.71380e-03
-6.93922e-03
-1.30787e-02
-1.39017e-02
-1.87479e-03
1.35794e-02
1.11193e-02
1.03050e-02
1.43096e-02
-5.74178e-03
-2.13297e-02
-4.47518e-03
9.75330e-03
4.28612e-02
3.62370e-02
-4.57875e-03
-2.26482e-02
-8.23883e-03
-8.49737e-03
-3.33806e-02
-4.36907e-02
-4.70212e-02
-2.17244e-02
1.21677e-02
1.78224e-02
1.49487e-02
4.47489e-03
-1.16494e-02
-7.19453e-03
3.15853e-03
5.22205e-02
7.45337e-02
4.92627e-02
2.80588e-02
4.42280e-03
-2.03506e-02
-3.06736e-02
-2.90752e-02
-2.96224e-02
-1.15038e-03
2.01503e-02
1.04284e-02
-7.47098e-03
-1.83412e-02
1.50549e-03
1.16604e-02
2.09563e-03
-1.65405e-02
-7.16110e-03
1.37045e-02
9.11165e-03
2.11493e-02
1.24032e-02
-1.79992e-02
-6.03910e-03
-4.36534e-03
-2.38717e-02
-3.32318e-02
-1.76979e-02
-4.06148e-04
1.64890e-03
-7.34066e-03
-9.72327e-03
5.65985e-03
2.55884e-02
1.57285e-02
-9.65027e-03
-1.41203e-02
-1.82715e-02
-1.38038e-02
1.42439e-02
2.50300e-02
1.04998e-02
2.41552e-02
2.12427e-02
3.23820e-02
3.73733e-02
1.82072e-02
-1.15485e-03
-1.39509e-02
-4.47798e-02
-4.76708e-02
-1.26026e-02
-2.25335e-02
-2.61806e-02
1.21216e-03
6.78718e-03
-3.50353e-03
2.48802e-02
1.44969e-02
-9.59798e-03
-1.27647e-02
-1.45442e-02
3.51230e-03
1.54724e-02
1.79238e-02
4.51292e-02
3.12927e-02
-3.19463e-02
-4.14744e-02
-4.09294e-02
-6.45827e-02
-6.38762e-02
-2.81099e-03
4.26384e-02
2.81103e-02
4.56993e-02
4.69444e-02
9.85968e-03
1.60012e-02
3.22353e-02
2.05335e-02
1.81574e-02
1.73193e-02
-3.63678e-02
-2.90501e-02
2.33121e-02
2.59251e-02
1.33854e-02
-1.06621e-02
-4.23505e-02
-5.73676e-02
-3.91064e-02
-3.42811e-02
-2.84390e-02
1.34366e-02
3.50388e-02
1.50262e-02
1.54591e-02
2.28458e-02
2.03059e-02
3.43103e-02
1.86600e-02
-9.25429e-03
-7.42545e-03
8.09983e-03
-1.76171e-02
-5.09578e-02
-4.08138e-02
-2.22705e-02
-2.05558e-02
1.69984e-02
5.90355e-02
3.16598e-02
1.60482e-02
1.60610e-02
3.80469e-04
5.77237e-03
1.37709e-02
-7.29180e-04
-4.46680e-03
-2.69397e-03
-1.64293e-02
5.43800e-03
1.09333e-02
-1.78814e-02
-3.02660e-02
-1.76360e-02
-8.79953e-03
-3.59936e-03
1.26390e-02
-5.30134e-03
-9.21346e-03
1.16306e-02
1.20549e-02
-5.20902e-03
-1.41081e-02
-2.93923e-02
-4.41035e-02
-3.14152e-02
2.75991e-02
5.28873e-02
3.97853e-02
2.07119e-02
-1.05629e-02
-9.44067e-03
2.17651e-02
2.52203e-02
8.00187e-04
8.84391e-03
-1.19033e-02
-3.56363e-02
-6.07635e-03
1.69714e-02
-7.58876e-03
-1.78972e-03
9.86015e-03
-2.30131e-02
-8.74804e-03
7.36965e-03
1.59110e-02
2.37931e-02
8.45944e-03
-1.88728e-03
3.67910e-03
-8.23588e-03
-1.91750e-02
-9.73752e-03
-1.24002e-02
-2.03342e-02
-2.12304e-02
-1.60712e-02
-6.23467e-04
2.92208e-02
1.48974e-02
9.83281e-03
9.46006e-03
9.23379e-03
7.65037e-03
-1.13046e-02
-1.58780e-02
-1.35444e-03
2.04460e-02
3.14496e-02
3.42694e-02
-2.19273e-03
-3.22849e-02
-2.77353e-02
-1.42371e-02
-1.40627e-02
-3.12491e-04
-1.89375e-03
-9.39262e-03
8.56692e-03
3.05591e-02
-5.55190e-03
-8.75312e-03
3.34951e-02
3.78530e-02
1.59748e-02
-1.57561e-03
-7.96721e-03
-4.23721e-02
-5.64456e-02
-4.55325e-02
-2.97164e-02
6.15970e-03
2.78460e-02
2.07564e-02
2.53039e-02
-1.15417e-02
-4.18256e-02
1.74430e-02
4.67703e-02
8.84325e-03
-8.41847e-03
-3.63952e-02
-3.00748e-02
-3.98581e-04
2.91226e-02
5.22414e-02
3.72718e-02
1.25587e-02
-2.44097e-02
-2.62796e-02
-1.49917e-02
2.12334e-02
3.65799e-02
-4.13899e-03
-1.14095e-02
-1.64504e-02
-2.42186e-02
-1.24617e-03
2.29304e-02
3.80099e-03
-8.02997e-03
1.06038e-02
4.36734e-03
-3.57959e-03
-8.54589e-04
8.01851e-03
1.63769e-03
6.87619e-04
1.87226e-02
7.26427e-03
4.37542e-03
-1.55123e-02
-4.91761e-02
-4.07295e-02
5.48888e-03
1.89267e-02
1.62619e-02
1.98702e-02
-6.19148e-03
1.20653e-02
1.06047e-02
-1.55388e-02
-6.37700e-03
-5.59940e-03
-2.21524e-02
-2.66009e-02
-2.57078e-03
1.01562e-02
1.91284e-02
4.25381e-02
2.97722e-02
8.75142e-03
1.98715e-03
-2.59336e-02
-5.99679e-02
-4.07675e-02
-6.25939e-03
-5.80060e-03
8.44940e-03
4.20635e-02
3.19732e-02
1.42699e-02
2.55966e-02
3.79316e-02
3.38364e-02
8.34344e-03
-1.65183e-02
-3.18822e-02
-5.17591e-02
-4.74809e-02
-2.78346e-02
-3.85259e-02
-3.94825e-02
1.67357e-03
2.47903e-02
2.78901e-02
3.89412e-02
4.15369e-02
4.06192e-02
1.75950e-02
-9.22633e-04
-1.76436e-02
-2.43562e-02
-1.60712e-02
-2.81208e-03
-8.96885e-03
-2.43952e-02
-1.89472e-02
-1.27195e-02
-1.07226e-02
8.56828e-03
4.77510e-02
5.67965e-02
6.34930e-03
-5.45588e-02
-1.32239e-02
3.53232e-02
1.07200e-02
9.11074e-03
-7.36251e-03
-4.60197e-02
-3.04557e-02
1.90845e-02
3.94503e-02
3.05664e-02
1.57712e-02
4.22894e-03
-1.38923e-02
-4.09556e-02
-4.31271e-02
-8.43796e-03
2.58722e-03
-4.14902e-03
-6.18264e-03
-3.51362e-03
2.45449e-02
6.30254e-02
8.01297e-02
7.42186e-02
2.00963e-02
-2.84186e-02
-7.20219e-02
-7.11991e-02
-8.51670e-02
-9.75128e-02
-2.90694e-02
-5.18792e-03
2.71380e-02
3.00419e-02
2.96993e-02
6.34123e-03
1.81118e-02
3.27754e-02
8.29283e-03
6.79993e-03
8.45864e-03
8.01914e-03
6.91831e-03
2.46258e-02
-7.83043e-04
-7.56882e-03
-1.08540e-02
-2.62068e-03
4.14780e-03
9.37602e-03
2.87746e-02
1.95503e-02
-7.53889e-03
-1.69248e-02
1.01212e-02
6.35995e-03
6.46968e-04
-9.47567e-03
-1.17986e-03
3.10685e-02
1.75918e-02
1.71962e-03
-1.55938e-02
-3.83056e-02
-4.09962e-02
-2.45058e-02
-1.21988e-02
-1.90607e-03
-2.97458e-03
-2.61172e-02
-3.17505e-02
-1.28237e-02
1.30849e-02
3.05900e-02
2.28176e-02
1.26820e-02
1.69926e-02
1.29663e-02
3.05532e-02
5.93011e-02
2.21819e-02
-3.85451e-02
-3.48442e-02
-3.43897e-02
-4.37088e-02
-1.86619e-02
-1.11868e-02
-1.94805e-02
-2.69621e-02
-4.73996e-04
4.98590e-02
4.73989e-02
2.49305e-02
1.47605e-02
4.90928e-03
-1.08552e-02
-6.48219e-03
1.99779e-02
1.76276e-02
1.63566e-02
1.67250e-02
1.75758e-03
-1.80008e-02
-2.47349e-02
-7.99455e-03
1.75952e-02
2.27668e-03
-1.68721e-02
-9.32589e-03
-2.88042e-02
-2.10491e-02
6.59150e-03
-6.41129e-03
-1.97027e-02
-1.35525e-02
-4.56409e-05
1.82716e-02
2.05141e-02
1.45835e-02
1.58502e-02
1.84309e-02
8.46989e-03
-8.05071e-03
-2.25937e-02
-2.78285e-02
-9.70300e-03
4.75602e-03
-1.56012e-03
-5.48724e-03
6.33719e-03
9.34877e-03
1.31962e-02
1.62487e-02
-1.69605e-02
-1.29386e-02
2.33963e-02
1.52793e-02
1.58931e-03
1.98893e-02
2.43679e-02
3.68536e-03
-1.10774e-02
-2.59328e-02
-2.21780e-02
-9.07615e-03
9.10751e-04
3.16405e-03
-4.55009e-04
-8.63452e-03
-8.12397e-03
1.22807e-02
1.89740e-03
-9.19244e-03
-1.19520e-02
-1.41686e-02
1.02062e-02
1.50553e-02
6.86719e-03
6.90382e-03
-5.60565e-03
-2.23955e-02
-1.53297e-02
2.38553e-02
3.46694e-02
-2.89776e-03
-9.76321e-03
3.69843e-03
2.23707e-04
-4.60386e-03
-5.08423e-03
-9.18798e-03
-1.63270e-02
-5.85109e-03
6.99660e-03
5.73855e-03
-4.93549e-04
-4.12122e-03
-1.21995e-02
2.34143e-03
2.61907e-02
2.01934e-02
4.78218e-03
-1.61954e-02
-3.56393e-02
-3.26277e-02
-5.65918e-03
3.52794e-02
3.30842e-02
1.86120e-03
-2.06159e-03
7.49663e-03
1.01722e-02
-1.87379e-04
6.58331e-03
9.86849e-03
-1.60694e-03
2.87598e-03
-8.93860e-04
-4.62277e-03
4.37321e-03
-9.86822e-03
-2.79743e-02
-1.55445e-02
1.46748e-04
6.10961e-03
5.31473e-03
-9.30153e-03
-1.21666e-02
-9.14853e-03
-5.21278e-03
2.30267e-02
2.32249e-02
1.93689e-02
1.82445e-02
-5.74258e-03
-1.04473e-02
1.42011e-02
1.81433e-02
2.22808e-03
-1.02684e-02
-2.99578e-02
-2.51453e-02
-1.35794e-02
-3.99313e-03
4.08517e-03
-9.79004e-03
-9.40656e-03
2.37036e-02
3.09590e-02
2.74455e-02
2.90052e-02
-2.13166e-03
-1.84411e-02
-9.13061e-03
-9.43433e-03
-7.34471e-03
-1.02141e-02
-2.71117e-02
-1.04337e-02
9.12216e-03
-9.18640e-03
-7.38760e-03
4.11588e-03
-1.19250e-04
-5.35824e-03
-1.84685e-03
5.89585e-04
6.97684e-03
6.36292e-03
-1.63130e-03
-5.74364e-03
3.81245e-03
1.63629e-02
6.07659e-03
-5.91583e-03
-2.59616e-03
3.35745e-04
-6.86573e-03
8.74370e-04
1.34636e-02
6.06824e-03
7.60422e-03
1.23564e-02
-1.08809e-02
-1.82871e-02
-1.63590e-02
-7.04418e-03
2.54391e-02
2.86662e-02
-1.15016e-03
-1.39978e-02
-1.32395e-02
5.86836e-03
1.62215e-02
4.16151e-04
-5.96284e-04
-7.55654e-04
-8.66155e-03
-4.56205e-03
7.72773e-03
-2.34960e-03
-1.74721e-02
-2.16792e-02
5.59524e-03
2.38479e-02
1.78678e-02
6.04129e-03
-2.08649e-03
-3.71287e-03
-1.18773e-02
-6.95055e-03
-2.25003e-03
-6.82121e-03
-1.47939e-02
7.85379e-04
8.92186e-03
9.67803e-03
2.04836e-02
1.54815e-02
1.98676e-02
2.54492e-02
1.44864e-02
-2.04612e-02
-4.28929e-02
-3.34337e-02
-1.05668e-02
6.14775e-03
-3.06574e-03
-5.65936e-03
-5.69593e-03
-1.21994e-02
-3.09571e-03
5.43499e-03
5.16361e-03
1.36878e-02
1.84401e-02
1.42265e-02
3.55676e-03
-3.73302e-03
-5.11812e-03
-3.55628e-03
-4.11417e-03
-9.42208e-03
-2.04603e-03
-3.42467e-03
-4.58143e-03
-5.28150e-03
-1.55312e-02
-3.79715e-03
1.84580e-02
1.67325e-02
9.87789e-03
6.45060e-03
-4.41300e-03
-2.63142e-03
4.55075e-03
-1.20150e-02
-9.47303e-03
1.71832e-02
8.99938e-03
-9.72707e-03
-7.46941e-03
-7.47367e-03
6.19482e-03
4.10529e-03
-1.67280e-02
-1.01468e-02
-1.06896e-02
-4.45101e-03
6.47948e-03
1.56047e-02
2.81746e-02
1.89805e-02
-9.38818e-03
-2.11609e-02
-9.37300e-03
2.65398e-03
9.31053e-03
1.65056e-02
6.92377e-03
-1.20830e-03
2.54869e-03
-1.02235e-02
-1.84892e-02
-1.82069e-02
-9.42633e-03
-2.49404e-03
1.17539e-02
3.95360e-03
-5.69934e-03
8.03378e-03
1.31702e-03
3.55529e-03
1.23445e-02
4.18012e-03
-1.20750e-03
1.69525e-02
1.64528e-02
4.35482e-03
-2.60105e-03
-7.54705e-03
-2.53632e-03
3.04528e-03
-1.89426e-03
-4.21643e-03
-8.33522e-03
-1.35850e-02
-7.79441e-03
-9.86670e-03
3.92253e-06
8.84053e-03
1.66086e-02
1.31490e-02
-2.53567e-03
-1.07388e-02
-1.22580e-03
4.45489e-03
2.10471e-03
9.22102e-04
-1.22559e-03
-6.26206e-03
-1.29250e-02
-4.18530e-03
5.38924e-04
-5.29030e-03
-1.69014e-02
-5.11139e-03
6.73463e-03
6.30169e-03
6.76706e-03
8.06424e-04
-5.16713e-03
-4.85472e-03
8.53803e-03
2.31565e-02
1.86564e-02
-4.31811e-03
-1.00956e-02
-8.67811e-03
-6.26319e-03
-5.97448e-03
7.85475e-04
6.62558e-03
-6.80584e-03
-8.82643e-03
-7.32274e-03
-6.16372e-03
8.34060e-03
2.31939e-02
1.58287e-02
2.69889e-03
-3.75290e-03
-1.61372e-03
1.56394e-02
1.68867e-02
-8.67505e-03
-2.09260e-02
-1.49523e-02
-1.34658e-02
-1.41767e-02
-5.38962e-03
-4.06473e-03
-7.55820e-04
1.56700e-02
6.42640e-03
3.03358e-03
1.34061e-02
1.34299e-02
3.10698e-03
-5.01432e-03
-1.52230e-03
-2.35808e-03
-1.46392e-02
-1.23406e-02
-2.38378e-03
-1.25061e-03
-2.82744e-03
2.31255e-03
1.08454e-02
1.34068e-02
7.10365e-03
-3.72549e-03
-2.58156e-03
2.20729e-03
8.33175e-03
4.50378e-03
5.19748e-03
8.43961e-03
1.92535e-03
-1.59888e-03
-2.56871e-06
2.43060e-04
-5.22211e-03
-1.77875e-02
-1.57755e-02
-6.70621e-03
-5.68507e-03
-9.70261e-03
-7.14552e-03
-5.29285e-03
-2.69268e-03
1.33454e-02
2.84658e-02
3.22659e-02
3.32677e-02
1.96725e-02
-3.48611e-02
-6.24090e-02
-4.01992e-02
-1.22095e-02
1.31778e-02
3.28781e-02
2.59998e-02
8.54428e-03
6.28456e-03
5.24628e-03
-2.10598e-03
-1.54060e-02
-1.62719e-02
-7.28239e-03
9.63833e-06
2.67659e-03
6.85364e-03
3.61376e-03
-1.11059e-02
-3.73845e-03
1.25474e-02
2.05374e-02
9.80086e-03
3.65280e-03
-9.67091e-03
-2.09201e-02
-6.57954e-03
4.66912e-04
4.68058e-03
-5.93530e-03
-6.00419e-03
3.72209e-03
3.27836e-03
-3.25576e-04
-1.62452e-03
1.26277e-02
1.42807e-03
-1.87428e-03
9.33194e-03
5.12051e-03
-2.07880e-03
-2.60439e-03
-5.50821e-03
-9.39651e-03
-1.38837e-02
-1.89762e-02
-3.22890e-03
-8.85087e-04
7.94719e-03
1.43538e-02
1.38821e-02
6.37474e-03
-3.73059e-03
-3.57068e-04
-7.81407e-04
-1.43409e-03
3.99885e-03
-1.69037e-03
-1.07014e-02
-9.27094e-03
-9.25366e-03
-4.57685e-03
2.27988e-02
2.48992e-02
3.11103e-05
4.42357e-03
6.42702e-03
-3.81188e-03
-6.90097e-03
-1.67564e-02
-2.08149e-02
-6.97411e-03
1.01803e-03
1.07852e-02
1.10955e-02
6.12576e-03
1.21834e-02
8.34250e-03
-4.31988e-03
-1.04486e-02
-1.64213e-03
-4.40053e-04
-1.11960e-02
-3.01641e-03
3.27605e-03
4.00636e-03
6.51173e-03
8.29545e-03
7.69446e-03
-2.51859e-03
-6.12254e-03
2.07208e-03
4.34049e-03
-5.73469e-03
-9.26325e-03
-9.74145e-03
-7.07667e-03
6.70381e-03
1.40971e-02
4.90296e-03
-2.58718e-03
5.34463e-03
9.92666e-03
2.26849e-03
-3.80849e-03
-9.49987e-03
-1.74252e-02
-1.77806e-02
-9.39423e-03
1.11505e-02
1.04805e-02
3.70773e-03
6.28204e-03
6.27130e-03
1.60191e-02
1.49420e-02
6.23260e-03
-1.13931e-02
-1.97707e-02
-1.88121e-02
-1.83080e-02
-1.68323e-02
-5.97080e-03
7.06863e-03
1.55110e-02
1.34516e-02
1.12091e-02
1.49747e-02
5.90118e-03
-9.70707e-04
-3.17443e-03
-7.16460e-04
6.36659e-03
1.16056e-02
-2.51076e-04
-1.75924e-02
-1.39992e-02
-5.41032e-03
-4.92129e-03
4.42798e-03
5.95534e-03
-4.52054e-03
-1.14918e-03
8.56630e-03
4.04250e-03
-2.96080e-03
-9.20366e-03
-1.03906e-02
-2.36186e-03
9.96452e-03
9.33767e-03
-1.94662e-04
-9.11089e-03
-8.46030e-03
2.33229e-03
1.17333e-02
5.70582e-03
-6.91350e-03
1.86788e-04
7.14920e-03
1.02879e-02
-1.32109e-03
-1.06165e-02
-1.14501e-02
-1.44401e-02
-1.35978e-03
2.73538e-03
-1.12062e-03
5.11582e-03
1.18671e-02
1.17465e-02
9.19164e-03
-3.20364e-03
-8.97042e-03
-8.88639e-03
-4.85801e-03
-2.99675e-03
3.24400e-03
8.74155e-03
6.80279e-03
1.09201e-03
-1.04710e-03
6.42802e-03
-1.90228e-03
-2.20600e-03
1.87624e-03
-6.78149e-03
-3.13871e-03
6.31611e-03
-5.10542e-04
-5.39411e-03
-6.13083e-03
-5.42423e-03
1.83546e-03
3.98323e-03
5.33393e-03
1.05040e-02
9.50163e-04
-7.79374e-03
-3.58871e-03
-5.47793e-03
-9.18314e-03
-3.04795e-03
5.10358e-03
1.00863e-02
1.35223e-02
1.16180e-02
4.70514e-03
-5.70827e-03
-6.29851e-03
-3.69836e-03
7.79783e-05
-1.73369e-03
-4.65262e-03
1.79494e-03
1.96299e-03
-1.26184e-03
3.35895e-03
-2.58018e-03
-7.44435e-03
-3.65078e-03
-7.14703e-03
-2.62102e-03
3.72313e-03
7.13541e-03
7.96480e-03
5.51764e-03
-2.82342e-03
-3.82295e-03
-5.30072e-03
-6.98313e-03
-9.24933e-03
-2.55620e-03
5.34114e-03
-1.56737e-03
7.44108e-04
6.66388e-03
1.59291e-03
-2.06707e-03
7.48502e-04
-4.69731e-03
-5.09510e-04
5.12807e-03
2.27161e-03
3.07085e-03
-3.24957e-03
-6.20296e-03
3.43067e-03
1.11988e-02
7.16180e-03
1.45749e-03
2.38812e-03
-3.14816e-03
-6.67888e-03
2.48945e-03
2.07371e-03
-7.56892e-04
2.47660e-03
2.94411e-04
-6.36180e-04
3.65551e-04
-5.65543e-03
-1.53709e-02
-5.01557e-03
2.80206e-03
7.61458e-03
1.44995e-02
4.43072e-03
-8.84346e-03
-1.19175e-02
-1.16797e-03
3.60578e-03
-2.05544e-03
-2.04680e-03
-2.22772e-03
-3.67532e-03
7.49452e-04
4.68737e-03
1.03271e-02
1.01957e-02
4.97536e-04
-2.69496e-03
-2.38257e-03
4.15978e-03
1.71626e-02
5.78843e-03
-1.10596e-02
-4.34919e-03
6.49942e-03
1.39399e-03
-6.53560e-03
-1.02817e-02
-5.31625e-03
1.96931e-03
5.94968e-04
-1.92972e-03
-4.43287e-03
-5.77274e-03
-6.54176e-03
-4.77527e-03
-3.18327e-03
4.74612e-04
2.69779e-03
2.74356e-04
4.33810e-04
9.13038e-03
6.33427e-03
3.87636e-03
4.99875e-03
-3.46508e-03
-5.49429e-03
-6.95264e-03
-1.05329e-02
-1.17047e-02
7.34281e-03
1.95701e-02
1.19917e-02
-2.01275e-03
-7.57486e-03
-2.54690e-03
5.15660e-03
8.99760e-03
5.08131e-03
5.30540e-03
2.95953e-03
-2.26867e-03
-3.16046e-03
-1.55121e-03
7.94779e-04
-2.89316e-03
-7.95333e-03
-2.74871e-03
-5.75053e-04
-1.44314e-03
-3.83424e-03
-3.47442e-03
-3.05214e-03
5.03482e-03
1.34708e-02
5.53688e-03
-1.69041e-03
3.30095e-03
5.33674e-03
-2.31276e-03
-8.13766e-03
-6.38838e-03
-4.34082e-04
5.09799e-03
1.63410e-03
-2.91678e-04
-1.29546e-03
-1.25511e-02
-1.22193e-02
-1.87040e-03
1.64986e-02
1.51695e-02
-1.70643e-03
-6.72564e-03
-1.06764e-02
-1.27334e-02
-1.92796e-04
1.37937e-03
-1.05806e-02
-2.95919e-03
1.12383e-02
2.01882e-02
1.68366e-02
8.24616e-03
-6.02207e-03
-1.47335e-02
-1.19383e-02
-4.49323e-03
-5.32864e-04
-2.34226e-03
-5.58824e-03
-9.98736e-03
-3.43386e-03
4.47003e-03
1.00588e-02
6.68801e-03
-4.77676e-03
-8.76143e-03
3.68172e-03
1.07997e-02
4.58780e-03
8.84068e-03
1.58249e-03
-4.38085e-03
1.33490e-03
2.25229e-03
1.63166e-03
4.56091e-03
1.18388e-03
-2.82168e-03
7.63223e-04
-2.09344e-04
3.78062e-03
-1.47083e-03
-1.12613e-02
-5.76707e-03
-2.56782e-03
-3.40712e-03
4.59746e-03
1.80182e-03
-3.45455e-03
3.80185e-03
2.49702e-03
-7.11603e-04
-6.69466e-04
-5.56565e-03
-7.54964e-03
-2.59687e-03
-8.49889e-04
7.43369e-03
1.17878e-02
8.52180e-03
3.91843e-03
-4.94486e-03
-1.26782e-03
4.18400e-03
3.15490e-03
-2.42663e-04
-4.42911e-03
-5.61276e-03
-5.18355e-03
-1.12424e-03
2.22781e-03
1.37483e-03
-2.65717e-03
-4.99345e-03
-5.50777e-04
-4.84345e-04
-4.76867e-03
-2.90380e-03
6.95219e-04
4.66316e-03
8.17710e-03
4.79246e-03
-9.63903e-04
2.23643e-03
3.83372e-03
3.18450e-03
1.97384e-03
1.27226e-03
1.06545e-04
-6.44024e-03
-6.52498e-03
2.55221e-04
6.40639e-03
4.34331e-03
-2.23978e-03
-5.94452e-03
-4.87400e-03
-2.57948e-04
3.14352e-03
4.46362e-03
3.87515e-03
1.31117e-03
6.29351e-04
-2.45096e-03
-3.54513e-03
-3.58062e-04
8.26175e-04
2.52924e-03
4.02518e-03
6.26471e-03
2.09884e-03
-4.76436e-03
-5.87673e-03
-2.55201e-03
-2.84752e-03
-3.45327e-03
1.64401e-03
1.09447e-03
-2.80784e-03
7.61462e-04
4.15678e-03
-2.28114e-04
-1.68732e-03
5.69797e-04
2.13999e-03
-1.24001e-03
-1.88114e-03
-7.37471e-04
-3.70845e-03
-2.85275e-03
-7.89886e-04
1.12814e-03
2.45171e-03
4.22293e-03
2.39628e-03
8.12123e-06
-1.97026e-03
-3.37599e-03
-2.82751e-03
-1.72442e-03
1.65642e-03
2.29191e-03
1.17966e-03
2.50365e-04
-9.34450e-04
-2.74609e-03
-4.26136e-03
-1.76952e-03
7.57161e-04
1.00452e-03
1.67457e-03
-1.91800e-04
-3.74354e-03
-1.24961e-03
9.86681e-04
3.52086e-03
1.81071e-03
-1.14435e-03
6.75392e-04
1.15364e-03
7.28327e-04
-7.44634e-04
-1.16744e-03
-1.63695e-03
-6.70560e-04
7.24275e-04
1.88102e-03
1.67941e-03
5.00464e-04
3.75918e-04
3.36529e-05
-8.93158e-04
-5.40724e-04
-4.61610e-04
-3.60954e-04
6.22724e-04
3.28870e-04
-1.33327e-04
-9.24292e-04
-1.10692e-03
-5.22430e-04
6.71381e-04
1.21814e-03
7.56270e-04
2.75275e-05
-1.85580e-04
-2.55008e-05
2.50972e-05
-2.37851e-05
1.23090e-04
1.74607e-04
1.68578e-04
4.36896e-04
3.23653e-04
-2.65800e-05
-2.63713e-04
-1.94211e-04
-2.13271e-04
-1.50226e-04
-9.80685e-05
1.14143e-04
2.18344e-04
1.67149e-04
1.47602e-04
3.44051e-05
3.05504e-05
1.28238e-04
9.99054e-05
9.46362e-05
1.66326e-04
1.15995e-04
6.08688e-06
-8.94143e-05
-1.28191e-04
-2.90451e-05
3.84121e-05
8.91548e-05
7.79583e-05
2.93316e-05
1.47960e-05
2.81856e-05
5.17417e-05
5.68298e-05
5.66166e-05
5.80182e-05
5.49042e-05
5.08061e-05
5.29895e-05
