-2.39981e-04
-5.69177e-05
4.84484e-04
5.14109e-05
-1.29021e-04
5.18078e-04
5.02012e-05
-2.86199e-04
-3.02930e-04
-4.25278e-05
2.86190e-04
-5.31003e-04
1.68943e-04
2.58910e-05
-2.56432e-05
2.01244e-04
-3.78776e-04
-2.13760e-04
-2.93653e-04
-2.73004e-04
-1.09278e-04
1.05986e-03
1.64036e-04
-3.46379e-04
-2.52259e-04
-1.13024e-04
5.25049e-04
3.78349e-05
-2.79233e-04
-2.86943e-04
-2.41805e-04
-3.01075e-04
-2.32736e-04
-3.04896e-04
-2.45580e-04
-1.46305e-04
5.85863e-04
-7.79434e-05
5.09779e-05
9.99818e-05
-1.02367e-04
8.11548e-04
-3.51098e-04
-1.20722e-05
2.67660e-04
-5.30202e-04
1.76185e-04
3.48198e-06
3.50327e-06
1.53047e-04
-3.10968e-04
-3.28993e-04
1.64772e-05
1.81488e-04
-3.83068e-04
-6.59562e-05
5.25710e-04
-3.11128e-05
3.71009e-06
1.63565e-04
-3.32676e-04
-2.99142e-04
-3.87469e-05
3.91795e-04
3.81503e-04
8.63437e-05
3.80252e-04
6.58693e-04
-4.63644e-05
-2.08758e-04
-3.73730e-04
-1.35248e-04
-4.70366e-04
1.58679e-04
-1.14491e-05
4.14178e-05
5.69040e-05
-1.01052e-05
9.81879e-05
-4.61608e-05
1.26582e-04
4.50135e-04
3.23832e-04
-2.76819e-04
5.93266e-04
5.50467e-06
-3.10280e-04
-8.34010e-05
4.70881e-04
6.17843e-04
-2.12249e-04
-3.12773e-04
-2.39284e-04
-3.15318e-04
-2.25072e-04
-3.42354e-04
-1.78636e-04
-4.31261e-04
1.10130e-04
2.89400e-05
5.11038e-04
2.91926e-04
-4.11847e-04
-2.35239e-04
-2.51981e-04
-3.87309e-04
5.98783e-04
2.34014e-04
-3.58905e-04
-3.11198e-04
-1.21371e-05
7.08423e-04
-2.17056e-04
-3.97500e-04
7.04175e-05
9.36339e-05
-2.67268e-04
-4.03887e-04
9.75441e-05
3.05310e-05
-2.10144e-05
1.43990e-04
-3.09720e-04
-3.62555e-04
4.34908e-05
1.15688e-04
-2.98064e-04
-3.68945e-04
4.74122e-05
9.25402e-05
-1.08529e-04
2.58846e-04
-4.86176e-04
2.94325e-05
3.76183e-04
1.54490e-04
-4.31987e-04
-1.39374e-04
-4.68053e-04
1.19738e-04
2.43656e-05
-4.26494e-05
1.73913e-04
-3.62294e-04
-2.99121e-04
-5.16235e-05
7.39828e-04
-1.40540e-04
5.37480e-04
-3.22411e-05
-7.47660e-05
4.02171e-04
3.08087e-04
3.23566e-04
3.84160e-04
6.96580e-05
-1.43014e-04
3.09432e-04
-5.72225e-04
1.58643e-04
1.17089e-05
-7.72205e-05
3.73936e-04
3.72658e-04
6.33114e-05
-1.28737e-04
2.81172e-04
-5.29592e-04
7.23761e-05
2.94093e-04
3.99800e-04
6.16360e-04
-2.13739e-04
-3.77430e-04
-1.26366e-05
1.98767e-04
-4.52162e-04
-1.47951e-04
-4.65033e-04
9.43979e-05
4.28479e-05
-8.21746e-05
2.07857e-04
-4.23738e-04
-2.34247e-04
-1.68500e-04
5.31430e-04
-2.02481e-05
-2.54835e-04
-3.97904e-04
3.00491e-05
1.02241e-04
3.54892e-04
6.16565e-04
1.04845e-04
1.08449e-03
3.78345e-05
-8.59001e-05
2.29910e-04
-5.04805e-04
6.49363e-05
1.21660e-04
-3.92639e-04
-9.61633e-05
1.01882e-03
1.32004e-04
-3.52649e-04
-3.22994e-04
-5.48768e-05
2.08084e-04
4.82575e-05
1.65563e-04
7.40521e-05
1.41087e-04
6.10286e-04
8.25555e-04
-4.19602e-04
2.51067e-05
1.24366e-04
-2.36544e-04
5.69081e-04
-9.60304e-05
-1.22394e-05
1.42446e-04
-3.91189e-04
-2.58416e-04
-3.17703e-04
-2.98362e-04
-2.81598e-04
-3.57642e-04
-4.95676e-05
2.15970e-04
-5.11013e-04
5.61481e-05
1.21893e-04
-4.04009e-04
-2.15810e-04
-4.28487e-04
5.56306e-04
2.55977e-04
-4.58117e-04
-2.28671e-04
-1.89996e-04
5.16376e-04
5.12515e-04
-1.51309e-04
-4.59372e-04
3.17382e-05
6.59481e-04
-2.67297e-04
-3.22718e-04
-3.02089e-04
-1.48694e-04
4.99672e-04
-1.46289e-05
-2.93046e-04
-3.49756e-04
-2.42765e-04
-3.81971e-04
-2.05375e-04
-4.51567e-04
5.24326e-05
6.66161e-05
-1.73131e-04
9.72784e-04
3.85010e-04
1.13038e-04
-4.56691e-04
4.77165e-06
1.56877e-04
-4.47655e-04
3.29610e-04
-2.60743e-04
-3.17454e-04
2.26503e-04
-1.64057e-04
-4.29584e-04
-9.36995e-06
1.73670e-04
-4.87577e-04
1.38434e-05
2.90980e-04
3.97970e-04
8.69869e-06
-1.39531e-04
4.23760e-04
9.76497e-05
-4.77236e-04
5.25421e-05
7.05913e-05
-3.14813e-04
-4.08906e-04
5.48816e-04
7.60214e-04
-2.87731e-04
-3.85691e-04
-2.73490e-05
2.96190e-04
4.14780e-04
-3.76518e-05
-4.92497e-05
1.14455e-04
-2.01345e-04
4.52176e-04
2.21449e-04
3.64530e-04
2.80748e-04
1.76343e-04
-5.30020e-04
8.86969e-05
2.29611e-05
-1.07224e-04
2.03425e-04
-4.66847e-04
-2.03891e-04
-3.94659e-04
-2.34822e-04
1.35120e-04
4.63814e-04
-4.13985e-04
5.13424e-05
3.32987e-05
-9.55981e-05
1.51890e-04
-2.19337e-04
3.10440e-04
-7.62552e-05
2.78219e-04
-1.05898e-04
6.24579e-06
9.13209e-05
-3.45645e-04
-3.55955e-04
-6.59305e-05
3.49126e-04
3.41393e-04
6.55513e-05
-2.10291e-04
5.10256e-04
-2.33842e-05
-2.95359e-04
-3.73986e-04
-7.23615e-05
3.95543e-04
1.01655e-04
-4.66788e-04
2.30291e-05
1.17127e-04
-3.86867e-04
-3.01792e-04
-1.29067e-04
4.29066e-04
2.38297e-04
2.20252e-04
-5.77631e-04
1.49360e-04
-5.04321e-05
-7.89456e-06
5.65558e-05
-1.07145e-04
1.77722e-04
-4.08767e-04
-3.08225e-04
-7.87839e-05
2.02216e-04
-4.66768e-04
-1.92213e-04
-4.25519e-04
-3.10879e-05
3.46586e-04
3.18229e-04
1.39060e-04
-4.83521e-04
3.33642e-05
1.17149e-04
-3.90712e-04
-2.74703e-04
2.11246e-04
-1.62560e-04
-4.16490e-04
-5.29954e-05
4.02018e-04
7.97710e-05
-3.95866e-04
-2.37320e-04
-3.91998e-04
-3.88153e-05
2.11249e-04
-5.29920e-04
8.75059e-05
5.78592e-05
-3.08214e-04
-3.91998e-04
1.27446e-05
9.65288e-05
-1.85760e-04
4.57445e-04
2.15115e-04
4.14909e-04
5.52805e-05
-3.62352e-04
-2.69545e-04
-3.30128e-04
-2.69546e-04
-3.61064e-04
-6.20190e-05
2.43471e-04
-5.62147e-04
1.42929e-04
-3.62407e-05
5.20602e-04
2.16400e-04
-2.15412e-04
3.16940e-04
-5.82774e-04
1.05545e-04
2.22843e-04
4.84507e-04
-8.00709e-05
5.32198e-04
2.44753e-04
-4.25522e-04
-2.51509e-04
-2.95335e-04
-3.55918e-04
-4.14060e-05
3.41423e-04
3.80092e-04
5.65548e-05
-3.08230e-04
-3.63657e-04
-3.23879e-05
8.64747e-04
5.34765e-04
-7.62162e-05
1.12222e-06
1.17130e-04
-3.32728e-04
-3.43041e-04
-4.78632e-05
8.81497e-04
1.04004e-03
1.28725e-04
-3.49491e-04
2.07351e-04
6.10804e-04
8.09307e-04
-3.63674e-04
-6.72078e-05
9.56248e-04
4.00693e-04
1.49339e-04
-4.79689e-04
8.35979e-05
7.07067e-05
-1.35533e-04
4.32910e-04
7.92536e-04
1.06580e-03
1.55774e-04
-3.99782e-04
-1.96123e-04
-3.98496e-04
-6.64450e-06
8.73733e-04
1.05290e-03
1.40296e-04
-3.53388e-04
-2.77339e-04
-1.29107e-04
1.04774e-03
1.44156e-04
-3.61129e-04
-2.51567e-04
-2.92816e-04
-2.87662e-04
-2.55439e-04
-3.45669e-04
-3.37357e-05
3.76161e-04
8.84021e-04
8.05391e-04
-3.40522e-04
-2.09046e-04
-3.68883e-04
-3.63252e-05
9.47171e-04
8.14404e-04
-4.11426e-04
6.00428e-04
7.78307e-04
2.73022e-04
-2.01328e-04
-1.22701e-04
9.90983e-04
9.53601e-04
2.78169e-04
-1.04176e-03
-2.99031e-05
2.18870e-04
-4.61718e-04
5.63026e-04
1.03866e-03
2.66555e-04
-1.19774e-03
-1.34340e-03
-2.42601e-04
-3.14786e-04
-1.04683e-04
1.69603e-03
2.90381e-03
1.40601e-03
-1.42590e-03
-2.59373e-03
-6.77006e-04
2.67823e-03
2.71045e-03
-2.02664e-04
-1.40014e-03
6.95757e-04
2.35855e-03
1.28869e-03
-1.36534e-03
-2.60793e-03
-1.33312e-03
6.32584e-04
2.43845e-03
1.05924e-03
-2.59892e-03
-3.81959e-03
-2.60666e-03
-4.18879e-06
1.21390e-03
8.14315e-04
1.08887e-03
7.44705e-04
-9.87698e-04
-1.53036e-03
3.47690e-04
4.36804e-03
5.82202e-03
1.23580e-03
-6.75980e-03
-7.23673e-03
3.46445e-03
1.05964e-02
4.56911e-03
-7.26768e-03
-9.13542e-03
2.22057e-03
9.14888e-03
2.21798e-03
-6.94544e-03
-4.86630e-03
3.91686e-03
4.92614e-03
-1.97897e-03
-5.24270e-03
-3.03466e-03
1.72341e-04
-6.35857e-04
-8.20996e-03
-5.93489e-03
4.88359e-03
1.05629e-02
4.50849e-03
-6.26489e-03
-3.70109e-03
8.29037e-03
1.33110e-02
1.95628e-03
-1.11424e-02
-6.50852e-03
6.06041e-03
6.67268e-03
-4.68847e-03
-1.24379e-02
-4.71812e-03
3.92841e-03
2.52341e-03
1.15576e-04
-8.73080e-04
-3.04639e-04
2.74769e-03
4.02894e-03
-2.83751e-03
-9.60083e-03
-8.44204e-03
9.10667e-05
6.85826e-03
1.78222e-03
-8.42168e-04
5.15549e-03
8.36378e-03
3.78143e-03
9.70140e-04
3.15111e-03
5.41586e-03
3.72728e-03
1.41483e-03
-2.11042e-05
-3.00383e-03
-5.00176e-03
-5.74422e-03
-7.67642e-03
-5.51865e-03
-6.15342e-04
-8.29925e-05
1.55402e-03
-1.72589e-05
-6.24308e-03
-4.75430e-03
6.21371e-03
1.08270e-02
3.05310e-03
-6.02009e-03
-8.78320e-04
8.95279e-03
4.39364e-03
-4.76334e-03
-1.37588e-03
8.99183e-04
-2.56949e-03
-1.06395e-03
5.08968e-03
8.38175e-03
3.78651e-03
2.91011e-05
-2.68680e-03
-3.10701e-03
-1.39395e-03
-4.85747e-03
-1.01281e-02
-7.43673e-03
-7.27460e-05
1.69582e-04
-1.67496e-03
4.06490e-03
8.41524e-03
5.13476e-03
-5.05986e-03
-8.99514e-03
-1.05240e-03
6.39409e-03
3.21673e-03
-3.58913e-03
-2.40069e-03
1.62482e-03
3.27859e-03
-7.71414e-04
-1.43009e-03
-1.14136e-03
-6.80518e-03
-8.07226e-03
-1.48844e-04
8.61499e-03
8.59565e-03
3.96431e-03
-8.90022e-04
3.29919e-03
1.45856e-02
9.87432e-03
-6.98179e-03
-1.20333e-02
-3.69230e-03
4.28525e-03
3.19348e-03
-9.92070e-03
-1.64146e-02
-5.09989e-03
9.95035e-03
1.56683e-02
1.06322e-02
4.27363e-03
-1.89676e-03
-9.54691e-03
-1.18465e-02
-3.08521e-03
5.48269e-03
8.92599e-04
-8.89856e-03
-1.14611e-02
-3.18835e-03
6.93279e-03
7.33367e-03
-2.66760e-03
-1.01192e-02
-3.08524e-03
1.16698e-02
1.45507e-02
-2.79780e-03
-1.40210e-02
-4.55083e-03
2.40971e-03
-6.34253e-03
-1.13387e-02
2.22286e-04
5.94282e-03
-1.08217e-03
-4.48124e-03
6.81545e-03
1.78221e-02
1.67922e-02
8.19853e-03
8.29627e-06
5.25179e-04
7.84263e-04
9.66008e-04
-3.24125e-03
-8.87800e-03
-5.58077e-03
2.62622e-03
6.93015e-03
-5.95072e-03
-1.94258e-02
-1.11505e-02
1.39899e-02
2.89138e-02
1.59556e-02
-5.21085e-03
-8.75171e-03
8.53492e-03
1.63990e-02
6.82396e-04
-2.17125e-02
-2.72139e-02
-8.12656e-03
6.21215e-03
4.06469e-03
1.05490e-03
9.14399e-04
6.97847e-04
4.72078e-03
6.12964e-03
-9.64955e-04
-8.15236e-03
-1.50523e-02
-1.33689e-02
2.55140e-03
1.24676e-02
5.75324e-03
-1.09258e-03
-8.11582e-04
4.88317e-03
8.30930e-03
2.47018e-03
-1.00859e-02
-1.53888e-02
-7.56976e-03
3.85875e-04
1.24821e-03
-1.59273e-03
-3.54168e-03
-5.82448e-03
-6.57854e-03
-1.24857e-03
7.31160e-03
6.32810e-03
-9.59847e-04
-6.53086e-03
1.59879e-03
1.57248e-02
1.19829e-02
1.75604e-03
-4.16042e-03
-1.99492e-03
5.20408e-03
3.62636e-03
-4.39631e-03
-5.10010e-03
-2.96940e-03
-1.98720e-03
2.12854e-03
4.21026e-03
2.07946e-04
-1.61984e-03
5.62685e-03
1.25410e-02
9.09036e-03
2.47398e-03
2.98313e-03
7.39791e-03
7.26386e-03
2.37988e-03
-5.78071e-03
-2.05448e-02
-2.62086e-02
-1.98242e-02
-6.08621e-03
1.12919e-02
9.42805e-03
-4.89906e-03
-8.16407e-03
6.34608e-03
1.66683e-02
7.59897e-03
-1.14166e-03
8.24475e-03
1.17121e-02
-3.62039e-03
-1.37493e-02
-8.91427e-03
3.70106e-03
1.02027e-02
5.10605e-03
-3.34585e-03
-8.55594e-03
-8.31748e-03
-5.76142e-03
-3.17700e-03
-8.56820e-04
7.95857e-03
1.44370e-02
6.82039e-03
2.00860e-03
5.58482e-04
9.36154e-04
-2.14969e-03
-1.09535e-02
-7.96432e-03
6.46204e-03
1.10057e-02
5.68783e-04
-8.66940e-03
-5.15949e-03
4.53757e-03
1.04399e-02
5.64224e-03
-4.27009e-03
-6.85709e-03
-4.29587e-03
-1.47557e-03
-1.63540e-03
-4.58461e-03
4.05290e-03
1.72857e-02
8.95879e-03
-9.88365e-03
-1.45305e-02
-4.53693e-03
7.37614e-04
-9.08190e-03
-1.09909e-02
-4.68883e-04
3.79896e-03
-3.33302e-03
-1.47586e-02
-8.55343e-03
9.73990e-03
8.79120e-03
-6.84681e-03
-1.20891e-02
-5.09121e-03
-4.10900e-03
-6.65604e-03
-1.86610e-04
3.31170e-03
2.39394e-03
3.12867e-03
2.18512e-03
-3.20671e-04
3.89561e-04
7.31401e-03
9.51560e-03
3.31170e-03
-3.22992e-03
-7.29669e-03
1.61280e-03
1.57092e-02
1.54140e-02
6.58314e-03
3.07709e-03
7.34235e-03
6.42201e-03
-7.04806e-04
-1.06313e-02
-1.08556e-02
9.55409e-04
2.46224e-03
-7.06597e-03
-1.26692e-02
-9.80507e-03
5.45505e-04
1.00634e-02
6.35626e-03
-2.21446e-04
-4.22376e-03
-1.53235e-03
6.36013e-03
-1.46017e-03
-1.56081e-02
-7.80328e-03
1.05107e-02
1.28089e-02
-1.21913e-03
-1.36953e-02
-1.05231e-02
1.77647e-03
1.05674e-02
8.67772e-03
5.98502e-03
1.24261e-02
1.04140e-02
-4.07554e-03
-1.52150e-02
-1.67038e-02
-1.22877e-02
-1.12140e-02
-1.02073e-02
2.49314e-03
1.60133e-02
6.72231e-03
-1.71034e-02
-2.64034e-02
-8.65404e-03
1.17429e-02
1.17674e-02
-2.97733e-03
-8.43362e-03
4.28998e-03
2.03289e-02
2.35307e-02
3.84786e-03
-1.25159e-02
-2.39987e-03
1.56640e-02
1.17687e-02
-5.95490e-03
-1.28845e-02
-5.39162e-03
4.95123e-03
7.76380e-03
5.20973e-04
-7.40760e-03
-2.16330e-04
7.30363e-03
-6.21271e-03
-1.89299e-02
-1.16948e-02
4.02315e-03
1.66656e-02
1.51832e-02
1.30467e-03
-1.58260e-02
-2.16870e-02
-8.55738e-03
7.26882e-03
5.34178e-03
-1.09227e-02
-2.00513e-02
-1.76989e-02
-3.15781e-03
1.16359e-02
1.55802e-02
1.12634e-02
1.81768e-03
-3.74430e-03
-6.66902e-03
-8.67727e-03
-7.33156e-03
-3.84742e-03
-2.32126e-03
1.36138e-03
2.22371e-03
4.13399e-03
1.08303e-02
1.06589e-02
3.09120e-03
-3.09337e-03
1.02034e-04
-2.28517e-03
-1.39570e-02
-2.09459e-02
-1.46118e-02
-6.82962e-04
-3.93250e-03
-1.74372e-02
-7.99540e-03
2.02064e-02
3.07194e-02
1.53289e-02
8.67381e-03
2.49473e-02
3.52102e-02
2.14812e-02
-9.38493e-03
-2.31449e-02
-2.26455e-03
1.49383e-02
9.45880e-03
-7.30321e-03
-1.20763e-02
-2.86780e-03
6.53408e-03
2.35776e-03
-1.69487e-02
-1.78446e-02
4.09403e-03
2.06614e-02
2.04925e-02
2.43234e-02
4.27121e-02
4.93311e-02
3.58727e-02
2.55763e-02
2.80499e-02
3.71166e-02
3.17879e-02
6.07520e-03
-9.81932e-03
-4.33983e-03
-4.54736e-03
-2.28072e-02
-3.91554e-02
-3.07770e-02
-9.09362e-03
-7.49141e-03
-2.69758e-02
-4.10232e-02
-4.02137e-02
-3.87391e-02
-3.98669e-02
-5.16470e-02
-7.16637e-02
-7.61288e-02
-7.26575e-02
-7.56505e-02
-7.52858e-02
-5.89994e-02
-2.46427e-02
1.34186e-02
4.16668e-02
6.03970e-02
7.47409e-02
7.97963e-02
7.56703e-02
5.99034e-02
3.88400e-02
4.24066e-02
7.11086e-02
9.83359e-02
1.04654e-01
9.35241e-02
9.55594e-02
1.06026e-01
9.75960e-02
6.33836e-02
2.02270e-02
-8.20035e-03
-1.85471e-02
-2.29425e-02
-3.37223e-02
-3.87107e-02
-2.99598e-02
-3.63415e-02
-7.87918e-02
-1.33088e-01
-1.61951e-01
-1.36505e-01
-6.74216e-02
1.05364e-02
6.46017e-02
8.19954e-02
6.74878e-02
2.92151e-02
-2.98734e-02
-1.00632e-01
-1.34890e-01
-1.14431e-01
-6.09045e-02
-2.36914e-02
-3.21665e-02
-5.91695e-02
-6.90316e-02
-3.90897e-02
2.56047e-02
8.25664e-02
9.80355e-02
7.38167e-02
2.44020e-02
-1.80998e-02
-2.48502e-02
2.08496e-02
8.47770e-02
9.33204e-02
3.44691e-02
-2.57925e-02
-3.19551e-02
6.80801e-04
3.66861e-02
4.52308e-02
7.44799e-03
-3.56184e-02
-3.10799e-02
1.33877e-02
6.56652e-02
8.66190e-02
4.88142e-02
-9.61177e-03
-4.80082e-02
-7.11184e-02
-7.65219e-02
-5.55320e-02
-1.83795e-02
6.77644e-03
-1.06449e-06
-9.36428e-03
8.22268e-03
3.12311e-02
3.72868e-02
2.47217e-02
1.04965e-02
-2.77368e-03
-2.94673e-02
-5.74088e-02
-7.14832e-02
-6.33200e-02
-3.63364e-02
-1.19208e-03
2.35423e-02
3.13884e-02
4.18021e-02
7.35435e-02
9.50077e-02
6.69142e-02
8.58748e-03
-6.34288e-03
2.11461e-02
3.45954e-02
1.84328e-02
-3.87081e-02
-7.28006e-02
-4.59084e-02
-1.49714e-02
5.53258e-03
2.72894e-02
5.50787e-02
6.41816e-02
7.43156e-02
1.07726e-01
8.99278e-02
4.16887e-02
-2.92856e-02
-1.01513e-01
-1.50700e-01
-1.62442e-01
-1.34610e-01
-1.04560e-01
-8.95767e-02
-8.10539e-02
-4.67359e-02
-8.68624e-03
6.38978e-03
2.03547e-02
7.29132e-02
1.38322e-01
1.67560e-01
1.36245e-01
6.76258e-02
-3.57926e-03
-2.47315e-02
-2.84453e-03
-4.10920e-04
-1.67579e-02
-3.76176e-02
-4.93422e-02
-3.34490e-02
1.04501e-02
5.23809e-02
6.09411e-02
3.03315e-02
-1.89325e-03
-1.63119e-02
-2.45343e-02
-3.18197e-02
-3.25854e-02
-2.23147e-02
-2.75816e-03
2.91314e-02
7.19400e-02
1.03546e-01
1.07579e-01
8.16281e-02
3.24261e-02
-1.22000e-02
-4.03115e-02
-4.20169e-02
-4.03283e-02
-5.29075e-02
-3.73353e-02
1.79121e-02
6.17403e-02
4.26491e-02
-1.50847e-02
-4.06248e-02
-1.14266e-02
2.28979e-02
2.79842e-02
-8.28518e-04
-4.60450e-02
-7.55241e-02
-7.09199e-02
-4.27194e-02
-3.30610e-02
-5.79436e-02
-8.49183e-02
-7.16275e-02
-3.44453e-02
-2.32492e-02
-5.48217e-02
-7.42983e-02
-3.94118e-02
2.17391e-02
7.72636e-02
1.12820e-01
1.18929e-01
9.68098e-02
6.27406e-02
3.43957e-02
1.57273e-02
-3.85891e-03
-3.90586e-02
-8.83083e-02
-1.15082e-01
-9.22822e-02
-3.75776e-02
1.79199e-02
5.64709e-02
5.52683e-02
1.53973e-02
-2.15516e-02
-3.85752e-02
-3.95768e-02
-2.30558e-02
-3.35747e-03
6.07019e-03
-9.27393e-03
-3.77180e-02
-4.51877e-02
-2.45884e-02
6.62833e-03
2.81493e-02
3.14968e-02
2.71465e-02
3.73449e-02
6.43467e-02
8.27276e-02
7.54423e-02
5.50672e-02
5.97772e-02
1.03139e-01
1.34285e-01
1.18144e-01
7.09515e-02
2.52517e-02
-1.01105e-02
-4.66829e-02
-6.48525e-02
-4.00111e-02
1.08227e-02
4.81054e-02
4.54553e-02
1.11024e-02
-6.44457e-03
8.76163e-03
1.22780e-02
-2.19833e-02
-7.08747e-02
-8.42647e-02
-5.77386e-02
-3.29539e-02
-3.63852e-02
-5.93098e-02
-7.23815e-02
-5.82245e-02
-3.42326e-02
-3.44633e-02
-5.91616e-02
-8.24652e-02
-8.81613e-02
-7.08502e-02
-4.65334e-02
-4.76935e-02
-8.29164e-02
-1.28714e-01
-1.34609e-01
-7.57032e-02
1.17044e-02
7.84199e-02
9.87859e-02
8.72301e-02
8.22147e-02
8.37976e-02
8.06937e-02
7.73062e-02
7.38066e-02
7.81402e-02
7.03109e-02
5.27858e-02
4.65948e-02
2.57982e-02
-1.19227e-02
-3.60732e-02
-9.70824e-03
6.58639e-02
1.28924e-01
1.33776e-01
9.15122e-02
4.39420e-02
2.52943e-03
-3.45045e-02
-5.67292e-02
-4.72797e-02
-1.83947e-02
-9.70171e-04
-1.10501e-02
-4.27025e-02
-8.29705e-02
-1.21645e-01
-1.36369e-01
-1.21180e-01
-9.44863e-02
-6.90906e-02
-3.82297e-02
-8.70022e-03
9.71556e-03
2.63255e-02
5.88982e-02
1.17179e-01
1.76683e-01
1.97364e-01
1.66397e-01
1.07340e-01
6.11720e-02
2.86714e-02
-5.37333e-03
-4.20296e-02
-5.59520e-02
-3.21572e-02
-1.17770e-02
-3.50201e-02
-8.26521e-02
-1.34056e-01
-1.75638e-01
-1.78140e-01
-1.38367e-01
-6.91679e-02
-1.02496e-02
1.05805e-02
4.38433e-03
8.02702e-03
4.08885e-02
6.49939e-02
2.86573e-02
-2.88445e-02
-4.62639e-02
-1.37840e-02
5.12520e-02
1.01809e-01
1.09715e-01
7.40993e-02
2.83943e-02
1.13616e-02
1.41240e-02
9.41785e-03
9.83291e-03
3.52788e-02
6.24262e-02
5.41664e-02
2.18850e-02
-9.85252e-03
-2.32103e-02
-2.24253e-02
-3.35506e-02
-6.63618e-02
-1.05342e-01
-1.32520e-01
-1.48729e-01
-1.38691e-01
-8.54672e-02
-1.19536e-02
4.46369e-02
6.04103e-02
4.79367e-02
5.91935e-02
9.66798e-02
1.15116e-01
7.25667e-02
-5.08195e-03
-5.74304e-02
-5.24226e-02
-9.64626e-03
1.80064e-02
6.14386e-03
-2.87336e-02
-5.48550e-02
-5.24935e-02
-1.24150e-02
4.75281e-02
9.57801e-02
9.95479e-02
4.27937e-02
-3.57225e-02
-6.66814e-02
-4.33456e-02
-8.38690e-03
1.49578e-03
-2.04866e-02
-4.65693e-02
-5.15190e-02
-3.34281e-02
-1.31394e-02
8.23977e-03
3.45893e-02
4.12237e-02
1.64004e-02
-3.23879e-02
-7.32527e-02
-7.28015e-02
-2.99517e-02
2.27216e-02
5.04026e-02
4.09221e-02
3.74379e-04
-3.69805e-02
-4.20333e-02
-1.84694e-02
2.52571e-03
1.56541e-03
-1.29898e-02
-2.95817e-02
-2.37271e-02
1.58758e-02
6.59697e-02
8.63512e-02
5.46795e-02
1.11041e-03
-2.19096e-02
-1.16867e-02
3.49633e-03
1.53009e-02
2.08616e-02
-5.25848e-03
-5.23427e-02
-6.97298e-02
-3.69663e-02
1.55316e-02
4.52093e-02
5.24534e-02
5.59414e-02
6.20383e-02
6.06759e-02
5.03201e-02
3.59312e-02
2.74019e-02
3.70938e-02
6.04400e-02
6.60342e-02
3.81469e-02
-1.08501e-02
-5.57185e-02
-7.45893e-02
-7.04439e-02
-5.49683e-02
-5.02699e-02
-5.71415e-02
-6.72704e-02
-6.69649e-02
-4.05213e-02
-8.23473e-03
-7.86948e-04
-2.50109e-02
-4.80052e-02
-3.03911e-02
2.28312e-02
7.26313e-02
8.22922e-02
4.90441e-02
4.84336e-03
-1.20450e-02
9.84980e-03
4.23246e-02
4.36754e-02
8.35071e-03
-3.18760e-02
-5.01114e-02
-4.52454e-02
-3.23195e-02
-2.43870e-02
-2.57559e-02
-4.64790e-02
-8.70770e-02
-1.10575e-01
-9.44964e-02
-5.67922e-02
-3.73439e-02
-5.37167e-02
-5.24547e-02
8.84183e-03
1.01454e-01
1.68890e-01
1.81903e-01
1.61180e-01
1.38466e-01
1.14338e-01
9.17431e-02
6.75888e-02
3.29356e-02
3.10068e-03
-1.20785e-02
-5.94544e-03
2.08861e-02
4.81637e-02
4.27513e-02
1.06142e-02
-1.43458e-02
-2.56442e-03
3.96551e-02
7.13204e-02
6.46280e-02
4.94953e-02
6.73207e-02
1.05338e-01
1.16231e-01
8.88120e-02
6.31237e-02
5.14339e-02
3.34229e-02
-1.41331e-02
-7.85761e-02
-1.31728e-01
-1.54062e-01
-1.37135e-01
-9.16000e-02
-3.15628e-02
2.80529e-02
6.95816e-02
7.35865e-02
5.07340e-02
2.43071e-02
6.49590e-03
3.45776e-03
2.00135e-02
5.36342e-02
8.38314e-02
8.02183e-02
2.92298e-02
-5.23116e-02
-1.38716e-01
-1.92047e-01
-1.99623e-01
-1.78767e-01
-1.56031e-01
-1.41836e-01
-1.24344e-01
-1.00556e-01
-6.97014e-02
-3.08744e-02
8.51189e-03
2.32979e-02
5.58834e-04
-2.42284e-02
-3.48988e-03
5.27577e-02
8.09440e-02
4.20346e-02
-1.55252e-02
-2.65795e-02
5.30876e-03
4.06283e-02
3.58114e-02
-1.03525e-02
-5.61231e-02
-7.37514e-02
-7.20177e-02
-5.54915e-02
-2.42245e-02
2.27256e-02
8.61722e-02
1.50422e-01
1.98431e-01
2.10719e-01
1.67274e-01
8.82307e-02
2.33765e-02
-8.03613e-04
1.96771e-02
4.83726e-02
6.47002e-02
4.71764e-02
-1.76803e-02
-1.11815e-01
-2.14554e-01
-2.70260e-01
-2.69455e-01
-2.10758e-01
-1.18676e-01
-4.59285e-02
-3.22859e-02
-8.00429e-02
-1.12464e-01
-9.45737e-02
-4.22897e-02
3.19355e-03
3.05601e-02
3.57830e-02
1.28893e-02
-2.40467e-02
-6.31662e-02
-9.08562e-02
-1.04619e-01
-9.82821e-02
-6.24585e-02
-6.43648e-03
3.96449e-02
6.95146e-02
9.40840e-02
1.18552e-01
1.48753e-01
1.95172e-01
2.43599e-01
2.57987e-01
2.31127e-01
1.80939e-01
1.15238e-01
4.71120e-02
-4.57904e-03
-4.26711e-03
2.61492e-02
4.67588e-02
6.19044e-02
4.54685e-02
4.00844e-02
4.77578e-02
3.07122e-02
-3.39422e-02
-9.72341e-02
-1.13251e-01
-1.47225e-01
-1.57634e-01
-1.21610e-01
-7.01074e-02
-3.13655e-02
6.06801e-03
5.28377e-02
9.95609e-02
1.17905e-01
9.77628e-02
7.23916e-02
5.79421e-02
7.02635e-02
7.11233e-02
4.72602e-02
8.26187e-03
-3.13707e-02
-5.17148e-02
-5.71878e-02
-6.29960e-02
-7.11179e-02
-6.95106e-02
-7.03123e-02
-7.95337e-02
-8.83298e-02
-8.23992e-02
-5.12069e-02
-1.63243e-02
1.38754e-02
3.18143e-02
4.93059e-02
1.02011e-01
1.63403e-01
2.10151e-01
2.12135e-01
1.76855e-01
1.41417e-01
1.00461e-01
1.01631e-01
1.19382e-01
8.93986e-02
8.42299e-03
-7.85515e-02
-1.63993e-01
-2.12622e-01
-2.03928e-01
-1.73813e-01
-1.31169e-01
-1.06847e-01
-1.02529e-01
-9.85682e-02
-8.62158e-02
-8.33917e-02
-1.04998e-01
-1.44902e-01
-1.39509e-01
-8.63099e-02
-2.54903e-02
4.28712e-02
9.84808e-02
1.04489e-01
5.66118e-02
5.20954e-03
-6.77419e-03
2.40378e-02
6.59892e-02
9.43547e-02
9.29239e-02
9.94965e-02
1.25109e-01
1.18896e-01
9.43444e-02
5.39810e-02
3.20645e-03
-3.98393e-02
-7.50455e-02
-9.25422e-02
-8.48959e-02
-5.32152e-02
-2.13642e-02
-2.62379e-02
-5.27666e-02
-7.15484e-02
-6.63422e-02
-3.03240e-02
2.28611e-03
1.93033e-02
2.32799e-02
2.81522e-02
4.79008e-02
6.48588e-02
6.36407e-02
5.81483e-02
6.92826e-02
7.10859e-02
4.97724e-02
2.19110e-02
-2.16311e-02
-6.87720e-02
-9.80320e-02
-1.10671e-01
-1.09303e-01
-9.13602e-02
-7.57660e-02
-6.37011e-02
-7.17367e-02
-8.65923e-02
-6.03188e-02
-9.59193e-03
3.86214e-02
4.68065e-02
8.85994e-03
-3.98174e-02
-6.15034e-02
-3.90750e-02
8.69499e-04
2.73595e-02
2.96075e-02
4.44644e-03
-2.46615e-02
-3.13668e-02
-9.86649e-03
2.08772e-02
4.37503e-02
5.89939e-02
6.78222e-02
7.09995e-02
6.83313e-02
6.64068e-02
7.49838e-02
9.45996e-02
1.09820e-01
1.01424e-01
6.93896e-02
2.81123e-02
-1.56966e-02
-4.91291e-02
-6.86934e-02
-8.26725e-02
-8.58034e-02
-7.29483e-02
-4.88739e-02
-2.40647e-02
-6.52416e-03
8.63036e-04
-6.19933e-03
-2.19663e-02
-2.47105e-02
-1.52571e-02
1.83275e-02
6.68077e-02
9.51551e-02
1.00226e-01
8.11709e-02
4.14056e-02
-1.98950e-03
-2.60859e-02
-2.87257e-02
-2.90995e-02
-3.95545e-02
-5.07507e-02
-5.16942e-02
-4.19611e-02
-2.84924e-02
-1.38688e-02
5.15149e-03
2.29021e-02
2.19857e-02
-4.03901e-03
-3.54839e-02
-4.28015e-02
-1.76610e-02
1.78222e-02
3.62896e-02
2.56271e-02
2.84805e-03
-7.10294e-03
3.31080e-03
2.48859e-02
5.02339e-02
6.28775e-02
4.32514e-02
5.35513e-03
-2.62212e-02
-3.81611e-02
-2.63514e-02
-1.15298e-03
2.53306e-02
3.63166e-02
2.63296e-02
1.02314e-02
7.94857e-03
2.33894e-02
3.74857e-02
3.47441e-02
7.60440e-03
-2.44927e-02
-3.09054e-02
-1.16441e-02
4.88205e-03
5.04318e-03
-5.00449e-03
-1.68103e-02
-2.60666e-02
-2.96977e-02
-2.01553e-02
2.45746e-03
2.62470e-02
3.43341e-02
3.63424e-02
4.71093e-02
6.12302e-02
5.53318e-02
2.04569e-02
-2.14288e-02
-4.65654e-02
-5.19031e-02
-5.26404e-02
-5.93483e-02
-7.45171e-02
-8.71995e-02
-8.49592e-02
-6.32230e-02
-2.66454e-02
5.21587e-03
1.11310e-02
-8.62014e-03
-3.22537e-02
-3.72911e-02
-2.18323e-02
-6.23255e-04
1.62006e-02
2.12921e-02
2.33507e-02
3.00972e-02
3.97711e-02
4.93418e-02
6.14867e-02
7.71994e-02
8.36727e-02
7.12830e-02
4.16826e-02
8.50664e-03
-1.34075e-02
-1.53848e-02
-5.86559e-03
-4.41419e-03
-2.53564e-02
-5.49890e-02
-6.96860e-02
-7.16504e-02
-8.08332e-02
-1.07462e-01
-1.43910e-01
-1.72969e-01
-1.77320e-01
-1.51595e-01
-1.04138e-01
-4.85634e-02
1.61181e-03
3.16556e-02
3.53562e-02
2.88958e-02
3.06721e-02
4.48342e-02
5.83028e-02
5.33505e-02
3.75295e-02
3.47104e-02
5.00262e-02
6.52724e-02
6.63087e-02
5.50197e-02
4.84459e-02
5.26635e-02
5.33067e-02
4.34060e-02
2.88468e-02
1.40003e-02
-8.21831e-04
-2.26586e-02
-5.54002e-02
-8.63488e-02
-1.02745e-01
-9.62379e-02
-6.66698e-02
-3.12832e-02
-8.74139e-03
-3.48876e-03
-1.21069e-02
-2.58347e-02
-3.23002e-02
-2.04751e-02
9.86902e-03
4.58872e-02
6.96601e-02
7.50558e-02
7.34922e-02
7.82344e-02
8.99642e-02
9.12815e-02
6.45647e-02
1.80244e-02
-2.53990e-02
-5.21417e-02
-6.27513e-02
-6.43948e-02
-6.08591e-02
-5.27411e-02
-3.90778e-02
-1.60294e-02
2.03046e-02
5.84484e-02
7.72418e-02
6.96613e-02
4.72741e-02
2.96562e-02
2.68643e-02
3.48418e-02
3.97800e-02
2.92386e-02
3.94349e-03
-2.60294e-02
-4.97377e-02
-5.25490e-02
-2.83908e-02
2.45856e-03
1.14261e-02
-9.05598e-03
-3.29835e-02
-2.88858e-02
2.65061e-03
3.34471e-02
4.03535e-02
1.76776e-02
-1.28172e-02
-3.28507e-02
-3.13052e-02
-5.89282e-03
2.46266e-02
4.24623e-02
4.33775e-02
4.09825e-02
5.23218e-02
7.35140e-02
8.45207e-02
7.98172e-02
6.80371e-02
5.97489e-02
6.03083e-02
6.09361e-02
5.58626e-02
5.39020e-02
6.07015e-02
7.20897e-02
7.88594e-02
7.39755e-02
5.54823e-02
2.80346e-02
-7.96199e-04
-1.72849e-02
-1.07511e-02
9.91622e-04
-7.04007e-03
-4.12060e-02
-8.35467e-02
-1.06703e-01
-9.94567e-02
-7.74562e-02
-6.34901e-02
-6.45277e-02
-6.34282e-02
-4.70387e-02
-2.52960e-02
-1.72656e-02
-3.39336e-02
-6.12640e-02
-7.80801e-02
-7.75516e-02
-6.25246e-02
-4.17319e-02
-3.35623e-02
-4.46451e-02
-6.14625e-02
-6.17023e-02
-3.69704e-02
-2.36496e-03
2.39717e-02
3.09142e-02
2.34445e-02
1.96935e-02
2.74906e-02
4.13176e-02
5.42513e-02
5.85475e-02
4.55248e-02
2.55558e-02
1.19956e-02
7.98044e-03
7.54863e-03
3.15704e-03
3.45222e-03
1.41263e-02
2.91095e-02
3.15818e-02
1.85798e-02
7.02786e-03
1.09683e-02
2.64220e-02
3.58625e-02
2.59631e-02
1.69272e-03
-1.98398e-02
-3.09174e-02
-3.44067e-02
-3.75454e-02
-3.98913e-02
-3.45485e-02
-2.62010e-02
-3.00461e-02
-4.86449e-02
-6.55332e-02
-6.74164e-02
-5.31873e-02
-3.45911e-02
-2.09806e-02
-9.74580e-03
-1.49278e-04
7.91592e-03
1.33980e-02
1.37576e-02
7.98939e-03
-1.37899e-03
-4.43131e-03
1.20239e-02
4.23538e-02
6.44200e-02
6.43749e-02
4.82741e-02
3.97733e-02
4.52334e-02
4.84597e-02
3.83283e-02
2.34418e-02
2.26954e-02
3.80821e-02
5.52346e-02
6.48428e-02
6.54357e-02
6.06780e-02
5.68897e-02
5.90049e-02
6.37433e-02
6.12156e-02
4.63496e-02
2.05299e-02
-7.26199e-03
-2.86837e-02
-4.21034e-02
-4.91077e-02
-5.10838e-02
-5.29695e-02
-5.85264e-02
-6.31435e-02
-6.04096e-02
-4.65259e-02
-2.80457e-02
-1.69823e-02
-1.30122e-02
-1.58325e-02
-2.61650e-02
-4.36489e-02
-6.04032e-02
-6.51711e-02
-5.08569e-02
-2.50179e-02
-4.70984e-03
7.31256e-03
1.39586e-02
1.57773e-02
1.51316e-02
1.49137e-02
1.75046e-02
2.79905e-02
3.83282e-02
4.01882e-02
3.52527e-02
2.63960e-02
1.85809e-02
1.62065e-02
1.77856e-02
2.65107e-02
4.19141e-02
5.41144e-02
5.88424e-02
5.76475e-02
5.74993e-02
5.34287e-02
3.75122e-02
1.56175e-02
-6.16073e-04
-9.37733e-03
-1.46377e-02
-1.50837e-02
-1.41788e-02
-1.60143e-02
-1.73162e-02
-1.86258e-02
-2.27029e-02
-3.03079e-02
-3.91839e-02
-4.01481e-02
-3.03234e-02
-1.87303e-02
-1.60169e-02
-2.27996e-02
-3.20468e-02
-3.41389e-02
-2.53750e-02
-7.58053e-03
7.16808e-03
7.39880e-03
-5.08634e-03
-1.55555e-02
-1.43812e-02
-9.83370e-03
-7.77518e-03
-8.05619e-03
-4.69064e-03
1.33538e-03
3.84117e-03
6.13815e-03
1.19992e-02
1.81760e-02
2.35872e-02
2.53686e-02
2.53337e-02
2.82920e-02
3.28434e-02
3.19192e-02
2.49870e-02
1.95836e-02
1.79053e-02
1.99045e-02
2.08622e-02
1.72427e-02
6.16518e-03
-7.34472e-03
-1.67531e-02
-2.16989e-02
-2.67956e-02
-4.08223e-02
-5.54936e-02
-5.51856e-02
-3.52011e-02
-1.14102e-02
-1.76084e-03
-7.79589e-03
-2.04138e-02
-2.94367e-02
-3.16061e-02
-2.93362e-02
-2.67956e-02
-2.29029e-02
-1.95038e-02
-1.46675e-02
-1.19284e-02
-1.72558e-02
-3.37678e-02
-5.64411e-02
-7.20765e-02
-7.23176e-02
-5.40642e-02
-2.71050e-02
-4.15712e-03
3.39506e-03
-1.07386e-03
-3.32315e-03
-9.70750e-04
4.38112e-04
-2.69542e-03
-1.07400e-02
-2.07284e-02
-2.72558e-02
-2.38903e-02
-8.71630e-03
5.78224e-03
1.11663e-02
8.36537e-03
1.26819e-03
-3.24842e-03
-4.64827e-03
-6.61914e-03
-6.81506e-03
-1.91175e-03
9.31276e-03
2.03968e-02
1.95473e-02
5.36071e-03
-8.82204e-03
-1.08548e-02
-1.09198e-03
1.03942e-02
1.56404e-02
1.95602e-02
2.06120e-02
1.29902e-02
-3.84269e-03
-2.72391e-02
-4.83038e-02
-5.72043e-02
-5.57928e-02
-4.50891e-02
-3.05725e-02
-2.22778e-02
-2.37718e-02
-2.71244e-02
-2.63871e-02
-2.66643e-02
-3.13846e-02
-3.65302e-02
-3.17996e-02
-1.85346e-02
-3.99870e-03
6.73470e-03
1.72683e-02
2.99816e-02
3.77014e-02
3.31177e-02
1.91464e-02
1.30185e-02
2.36269e-02
3.74745e-02
3.78676e-02
2.46233e-02
1.01041e-02
7.98241e-03
1.79824e-02
2.90097e-02
3.13105e-02
2.12358e-02
4.66326e-03
-9.50531e-03
-1.55816e-02
-9.41122e-03
1.84552e-03
1.29166e-02
1.69022e-02
1.47148e-02
1.86372e-02
2.65889e-02
3.52754e-02
3.62125e-02
2.87080e-02
1.68416e-02
3.94654e-03
-4.49376e-03
-6.52263e-03
-1.77142e-03
4.71993e-03
1.01968e-02
1.60617e-02
1.85379e-02
1.03180e-02
-6.27645e-03
-2.06977e-02
-1.93146e-02
-7.10657e-03
7.71731e-04
-2.33216e-03
-1.02659e-02
-1.40594e-02
-1.25332e-02
-9.93075e-03
-9.77608e-03
-1.23798e-02
-1.74971e-02
-2.43262e-02
-2.83053e-02
-2.37565e-02
-6.89907e-03
1.41617e-02
2.69562e-02
2.88317e-02
2.50305e-02
2.66546e-02
3.18234e-02
3.26213e-02
2.38123e-02
9.17846e-03
-1.66838e-03
-4.87667e-03
-3.85451e-03
-3.79397e-04
4.67215e-03
9.30219e-03
9.94540e-03
6.50508e-03
5.18258e-03
4.32540e-03
6.68534e-04
-5.71067e-03
-7.53717e-03
-2.62484e-03
2.52181e-04
-6.07289e-03
-1.74263e-02
-2.19880e-02
-1.35142e-02
4.22316e-04
9.86673e-03
1.25994e-02
1.27515e-02
1.69265e-02
2.03875e-02
1.70632e-02
7.33257e-03
-1.13738e-03
-2.22529e-03
3.14335e-03
1.19807e-02
1.79371e-02
1.88870e-02
1.85364e-02
1.65282e-02
1.18440e-02
7.05284e-03
4.95952e-03
9.45422e-03
2.02559e-02
2.51631e-02
2.07909e-02
1.11196e-02
5.39776e-03
5.05102e-03
3.72851e-03
2.54780e-03
1.47149e-03
8.57929e-04
-8.21625e-04
-2.96651e-03
-3.54269e-03
-1.38468e-04
5.95458e-03
1.06736e-02
1.37658e-02
1.81690e-02
2.26637e-02
2.73415e-02
2.60202e-02
1.17550e-02
-9.38440e-03
-2.96602e-02
-3.99786e-02
-3.72034e-02
-3.40737e-02
-3.83351e-02
-4.81379e-02
-5.65331e-02
-5.77060e-02
-5.17277e-02
-4.26919e-02
-3.57649e-02
-3.29678e-02
-3.51346e-02
-3.13488e-02
-1.88572e-02
-8.92298e-03
-7.89823e-03
-7.30917e-03
4.28629e-04
1.25993e-02
1.76598e-02
1.32476e-02
1.08913e-02
1.74407e-02
2.76534e-02
3.21725e-02
3.15628e-02
2.96474e-02
3.12084e-02
3.44553e-02
3.42981e-02
2.89526e-02
2.23092e-02
1.84538e-02
1.66866e-02
1.34177e-02
1.11053e-02
9.56366e-03
5.88230e-03
3.25147e-03
3.05555e-03
9.70930e-03
2.03551e-02
3.23478e-02
4.09080e-02
4.36252e-02
4.02003e-02
3.19804e-02
2.56180e-02
2.32089e-02
2.37077e-02
2.08642e-02
1.23659e-02
2.48192e-03
6.36090e-04
3.81345e-03
3.17024e-03
-5.18241e-03
-1.28596e-02
-1.04415e-02
-2.60573e-03
-4.80186e-04
-7.59025e-03
-1.57418e-02
-1.51321e-02
-7.56319e-03
-4.20666e-03
-2.19971e-03
5.61156e-03
1.70475e-02
2.67329e-02
2.88791e-02
2.72073e-02
2.50624e-02
2.69237e-02
3.29961e-02
4.04478e-02
4.42748e-02
3.85581e-02
3.01255e-02
2.16195e-02
1.56631e-02
1.11374e-02
5.07661e-03
8.03611e-04
7.81697e-04
4.92966e-03
8.23076e-03
4.47980e-03
-3.16527e-04
-5.70460e-04
8.24225e-04
-2.07342e-03
-9.92852e-03
-1.18659e-02
4.06587e-04
1.83222e-02
2.97143e-02
2.89164e-02
2.00366e-02
1.13243e-02
6.32690e-03
5.39239e-03
5.81904e-03
7.43156e-03
9.01702e-03
8.45115e-03
5.08044e-03
1.46612e-03
-1.82499e-04
-9.19802e-04
-4.74037e-03
-1.07767e-02
-1.53797e-02
-1.57110e-02
-1.30595e-02
-1.15733e-02
-1.56955e-02
-2.54712e-02
-3.50316e-02
-4.29950e-02
-4.69818e-02
-4.44876e-02
-3.83521e-02
-3.40017e-02
-3.47171e-02
-3.71585e-02
-3.68246e-02
-3.21572e-02
-2.53732e-02
-1.95186e-02
-1.54042e-02
-1.33160e-02
-1.24099e-02
-9.15002e-03
-3.95926e-03
5.39305e-04
2.18663e-03
4.93862e-03
1.04490e-02
1.68953e-02
2.33480e-02
2.55869e-02
2.20835e-02
1.44836e-02
1.00082e-02
1.14390e-02
1.50133e-02
1.70860e-02
1.59015e-02
1.33261e-02
8.80300e-03
3.85844e-03
-1.26272e-03
-7.94741e-03
-1.43189e-02
-1.89476e-02
-2.16391e-02
-2.15630e-02
-1.67370e-02
-1.08232e-02
-8.06085e-03
-4.64245e-03
3.08555e-04
2.30133e-03
-2.61745e-03
-1.39979e-02
-2.43820e-02
-3.06388e-02
-3.56310e-02
-4.33662e-02
-5.13425e-02
-5.31510e-02
-4.96411e-02
-4.31910e-02
-3.54029e-02
-2.54300e-02
-1.08116e-02
3.49235e-03
1.46601e-02
1.84536e-02
1.81701e-02
1.74804e-02
1.39525e-02
1.11451e-02
1.10110e-02
1.22472e-02
1.35748e-02
1.39796e-02
1.39925e-02
1.42502e-02
1.33570e-02
1.02273e-02
5.93240e-03
1.84630e-03
-1.50378e-03
-4.88222e-03
-6.29108e-03
-1.75900e-03
3.45109e-03
3.85841e-03
-1.97942e-03
-1.05022e-02
-1.45754e-02
-1.34579e-02
-1.32555e-02
-1.53797e-02
-2.26045e-02
-3.07509e-02
-3.35403e-02
-2.95264e-02
-2.11067e-02
-1.31872e-02
-9.90154e-03
-1.31034e-02
-1.82426e-02
-2.12769e-02
-1.69807e-02
-7.44473e-03
-3.95157e-03
-1.35017e-02
-2.50085e-02
-2.76638e-02
-1.65179e-02
-2.81984e-03
4.56478e-03
4.94245e-03
1.64006e-03
3.23454e-03
9.02339e-03
1.47040e-02
1.59195e-02
1.58383e-02
1.43057e-02
1.20796e-02
1.08447e-02
9.62922e-03
7.81174e-03
7.19689e-03
7.43665e-03
7.08476e-03
6.11672e-03
5.99169e-03
4.45393e-03
1.65167e-03
-1.97168e-03
-3.70923e-03
-2.27072e-03
-1.23566e-03
-2.26041e-03
-7.09541e-03
-1.25259e-02
-1.42080e-02
-1.16790e-02
-3.61771e-03
6.09997e-03
1.11747e-02
1.12289e-02
6.88368e-03
3.00769e-03
-1.96007e-03
-4.31247e-03
-4.58445e-03
-4.83838e-03
-3.67700e-03
-3.19105e-03
-4.24415e-03
-5.96882e-03
-5.33721e-03
-1.84277e-03
3.15851e-03
4.93861e-03
2.64549e-03
1.35522e-03
6.48539e-03
1.71505e-02
2.87205e-02
3.34266e-02
2.77589e-02
1.94191e-02
1.41407e-02
1.13230e-02
5.60502e-03
-5.37458e-03
-1.59069e-02
-2.17254e-02
-2.42028e-02
-2.48422e-02
-2.36885e-02
-2.11157e-02
-1.66532e-02
-1.45032e-02
-1.27179e-02
-1.02405e-02
-1.21624e-02
-1.64689e-02
-2.02108e-02
-2.09249e-02
-1.87672e-02
-1.63387e-02
-1.67048e-02
-1.73054e-02
-1.47339e-02
-8.27221e-03
1.70585e-03
1.25063e-02
2.15885e-02
2.54813e-02
2.62044e-02
2.40518e-02
1.88623e-02
8.99123e-03
-4.54186e-03
-1.85828e-02
-2.69844e-02
-3.10035e-02
-3.41177e-02
-3.29486e-02
-2.96294e-02
-2.38393e-02
-2.05795e-02
-1.97029e-02
-1.73080e-02
-1.42918e-02
-1.22242e-02
-9.51605e-03
-5.16829e-03
6.68250e-04
2.52182e-03
2.86713e-04
-2.72694e-03
-3.87285e-03
-5.49836e-04
1.92760e-03
1.01113e-03
-5.44283e-03
-1.33624e-02
-1.90197e-02
-2.11118e-02
-1.76444e-02
-1.07496e-02
-3.06850e-03
2.42388e-03
3.83017e-03
6.00340e-03
1.04427e-02
1.33506e-02
1.65048e-02
1.91163e-02
2.17110e-02
2.39268e-02
2.05870e-02
1.31315e-02
6.43008e-03
3.86241e-03
8.80182e-03
1.75541e-02
2.64197e-02
3.35981e-02
3.84421e-02
4.00430e-02
3.84189e-02
3.61593e-02
3.25076e-02
2.61400e-02
2.04711e-02
1.67278e-02
1.30246e-02
9.96452e-03
8.57499e-03
9.39092e-03
1.37632e-02
1.91370e-02
1.89346e-02
1.53615e-02
1.04131e-02
7.84930e-03
6.23936e-03
2.62375e-03
1.07439e-03
2.35435e-03
9.00554e-03
1.61929e-02
1.95301e-02
1.86678e-02
1.46371e-02
9.22339e-03
4.21438e-03
2.26286e-03
2.59026e-03
1.34639e-03
-3.28366e-03
-9.63063e-03
-1.22640e-02
-7.13772e-03
2.81069e-03
1.05060e-02
1.23763e-02
9.09323e-03
4.28402e-03
-1.86961e-03
-1.11078e-02
-1.96783e-02
-2.31315e-02
-2.14429e-02
-1.80322e-02
-1.52957e-02
-1.70371e-02
-1.94398e-02
-1.98213e-02
-1.67974e-02
-1.14829e-02
-5.43105e-03
1.48180e-03
8.99531e-03
1.30711e-02
1.10757e-02
5.12320e-03
-7.58451e-04
-5.84738e-03
-1.04091e-02
-1.45107e-02
-1.82887e-02
-1.85800e-02
-1.55573e-02
-7.36707e-03
1.81568e-03
1.08141e-02
1.98332e-02
2.95431e-02
3.63735e-02
3.49814e-02
2.44929e-02
1.11738e-02
4.17198e-03
6.70485e-03
1.37195e-02
1.83315e-02
1.55499e-02
5.11296e-03
-2.24716e-03
-1.26495e-03
6.44707e-03
1.52109e-02
1.83328e-02
1.53811e-02
9.12174e-03
3.42055e-03
7.89722e-04
-1.24167e-04
-9.10447e-04
-2.39665e-03
-4.93080e-03
-6.40540e-03
-3.25510e-03
1.07461e-03
4.36669e-03
3.13958e-03
-3.15455e-03
-7.99856e-03
-9.75416e-03
-1.07995e-02
-1.23347e-02
-1.45840e-02
-1.19544e-02
-4.59690e-03
5.52682e-03
1.53347e-02
1.80519e-02
1.38137e-02
7.60340e-03
6.09142e-03
1.03760e-02
1.60308e-02
1.72206e-02
1.25557e-02
8.51731e-03
6.98987e-03
8.11645e-03
9.71093e-03
9.39384e-03
7.50032e-03
4.82825e-03
3.16288e-03
2.09818e-03
-4.15343e-05
-2.17352e-03
-1.49293e-03
7.02225e-04
2.36116e-03
4.26758e-03
6.97188e-03
1.14060e-02
1.25365e-02
5.92008e-03
-2.76126e-03
-7.59754e-03
-3.48179e-03
7.44883e-03
1.51145e-02
1.41168e-02
8.40528e-03
6.93841e-03
1.37301e-02
2.24102e-02
2.56081e-02
2.24488e-02
1.43720e-02
7.55071e-03
4.83095e-03
2.42054e-03
-9.46292e-04
-6.25434e-03
-1.20780e-02
-1.46521e-02
-1.39419e-02
-1.40011e-02
-1.32149e-02
-1.19040e-02
-1.05802e-02
-7.83847e-03
-3.68535e-03
1.85490e-04
-4.39450e-05
-4.91374e-03
-8.70981e-03
-9.01014e-03
-9.88922e-03
-1.21914e-02
-1.59655e-02
-1.55440e-02
-7.73272e-03
-8.99791e-04
9.89872e-04
-7.22502e-05
4.51084e-04
6.13424e-03
1.28756e-02
1.57939e-02
1.77377e-02
1.95423e-02
1.76424e-02
1.35937e-02
9.51271e-03
8.82311e-03
1.10260e-02
1.21809e-02
1.00593e-02
4.25109e-03
-1.47975e-03
-7.22735e-03
-1.30729e-02
-1.77661e-02
-1.87419e-02
-1.77004e-02
-1.84621e-02
-1.92033e-02
-1.71074e-02
-9.05122e-03
-2.04814e-03
1.82527e-03
3.24832e-03
3.27024e-03
2.43369e-03
1.92326e-03
1.81885e-03
6.08499e-04
-1.44099e-03
-3.11538e-03
-2.18988e-03
-1.50542e-03
-3.45952e-03
-6.28756e-03
-4.41079e-03
1.94777e-04
4.35435e-03
5.54280e-03
3.51523e-03
9.37256e-04
-8.01584e-04
-1.76187e-03
-4.90056e-03
-1.21369e-02
-1.84001e-02
-1.79735e-02
-1.12024e-02
-4.01113e-03
-9.03370e-04
-2.29805e-03
-6.29262e-03
-6.56330e-03
-5.32071e-03
-3.30602e-03
-1.56717e-03
-2.73627e-03
-5.20855e-03
-8.18095e-03
-1.03722e-02
-1.15710e-02
-1.24539e-02
-1.22786e-02
-1.07086e-02
-1.05153e-02
-1.25544e-02
-1.56519e-02
-1.75544e-02
-1.83897e-02
-2.10373e-02
-2.58374e-02
-3.09625e-02
-3.16791e-02
-2.68815e-02
-1.99480e-02
-1.54623e-02
-1.38743e-02
-1.28856e-02
-9.17464e-03
-2.52861e-03
1.03158e-03
-1.90473e-03
-8.38189e-03
-1.28405e-02
-1.40083e-02
-1.20207e-02
-8.64224e-03
-2.68324e-03
1.82952e-03
3.22936e-03
1.67614e-03
-4.31352e-04
-3.26583e-03
-5.24700e-03
-5.64529e-03
-6.94330e-03
-8.78268e-03
-1.14547e-02
-1.07819e-02
-7.54008e-03
-4.23381e-03
-3.95281e-03
-6.61585e-03
-1.03745e-02
-1.07883e-02
-8.21547e-03
-5.82568e-03
-6.34771e-03
-8.99400e-03
-1.14057e-02
-1.37323e-02
-1.42891e-02
-1.30981e-02
-8.42166e-03
-1.37732e-03
5.27386e-03
8.88175e-03
9.43215e-03
8.56209e-03
1.14597e-02
1.73736e-02
2.29434e-02
2.54363e-02
2.38096e-02
1.89076e-02
1.59390e-02
1.68052e-02
1.82566e-02
1.75812e-02
1.34217e-02
8.78259e-03
5.21467e-03
3.32373e-03
1.07832e-03
5.73045e-04
7.36753e-04
5.66614e-04
9.52028e-04
1.16085e-03
2.72744e-04
-3.48723e-03
-8.92676e-03
-1.16955e-02
-8.47688e-03
-1.44158e-03
3.10856e-03
3.69119e-03
2.24108e-03
1.96782e-03
4.64764e-03
5.92246e-03
4.43626e-03
2.32873e-04
-2.98186e-03
-4.12003e-03
-2.74596e-03
-2.65186e-03
-5.95424e-03
-9.96041e-03
-1.38428e-02
-1.45350e-02
-1.18913e-02
-5.11765e-03
-1.00900e-04
7.54995e-04
-1.62834e-03
-3.68040e-03
-5.34448e-03
-6.75720e-03
-6.67986e-03
-6.65665e-03
-3.38519e-03
-2.56796e-03
-1.02117e-03
1.15594e-03
1.73599e-03
2.10594e-03
1.61871e-03
7.55092e-04
1.39959e-03
5.96004e-03
1.42843e-02
2.19925e-02
2.49121e-02
2.39144e-02
2.31178e-02
2.41503e-02
2.40639e-02
2.12578e-02
1.80908e-02
1.58673e-02
1.38642e-02
1.39119e-02
1.43308e-02
1.42973e-02
1.36232e-02
1.20184e-02
9.79748e-03
8.70958e-03
9.41596e-03
1.16627e-02
1.60440e-02
1.97330e-02
2.30303e-02
2.54781e-02
2.45977e-02
2.02512e-02
1.17091e-02
4.92261e-03
2.44389e-03
1.05179e-03
-2.40012e-03
-9.81309e-03
-1.75096e-02
-2.26114e-02
-2.37342e-02
-2.24490e-02
-1.83513e-02
-1.39984e-02
-1.01056e-02
-8.09223e-03
-8.58333e-03
-9.43405e-03
-1.01533e-02
-8.23914e-03
-5.46910e-03
-1.21414e-03
1.75827e-03
1.87816e-03
-7.50084e-04
-5.02823e-03
-9.40047e-03
-1.11612e-02
-9.39402e-03
-6.99649e-03
-6.55307e-03
-6.63040e-03
-6.63297e-03
-6.31587e-03
-3.05086e-03
7.61979e-04
4.22421e-03
6.59596e-03
7.00844e-03
6.86150e-03
4.79139e-03
2.32041e-03
5.05521e-04
2.76641e-03
6.93759e-03
1.05661e-02
1.10611e-02
8.58236e-03
7.36427e-03
4.02064e-03
1.69152e-04
-5.53848e-03
-1.18391e-02
-1.71252e-02
-1.95975e-02
-1.87918e-02
-1.68944e-02
-1.63208e-02
-1.65116e-02
-1.62564e-02
-1.41978e-02
-1.01929e-02
-6.84157e-03
-1.98852e-03
1.09088e-03
2.84649e-03
2.73951e-03
1.67352e-03
1.00326e-03
1.95069e-04
9.64603e-04
3.07340e-03
7.72923e-03
9.42168e-03
8.08243e-03
6.25465e-03
6.42480e-03
7.25234e-03
7.39929e-03
7.49082e-03
8.19203e-03
1.13049e-02
1.42232e-02
1.65022e-02
1.32681e-02
6.62466e-03
5.22225e-03
9.86906e-03
1.75334e-02
2.30116e-02
2.50327e-02
2.57842e-02
2.52403e-02
2.37038e-02
1.96977e-02
1.62573e-02
1.40480e-02
1.26237e-02
1.24162e-02
1.13102e-02
9.67967e-03
8.22312e-03
5.30744e-03
-5.07187e-04
-7.52572e-03
-1.41473e-02
-1.74548e-02
-1.90222e-02
-2.06979e-02
-2.29729e-02
-2.62805e-02
-3.01062e-02
-3.21015e-02
-2.98329e-02
-2.42658e-02
-1.70603e-02
-9.96827e-03
-4.14848e-03
1.46765e-03
7.45888e-03
1.26213e-02
1.55344e-02
1.48100e-02
1.23854e-02
8.91676e-03
4.05985e-03
1.11839e-03
-1.12831e-03
-4.67174e-03
-9.49770e-03
-1.23528e-02
-1.17882e-02
-8.92022e-03
-5.51083e-03
-2.33863e-03
1.72427e-03
6.57990e-03
1.08026e-02
1.19614e-02
1.23971e-02
1.18197e-02
9.85526e-03
8.95684e-03
7.39588e-03
7.22961e-03
6.20744e-03
3.56373e-03
-1.78192e-04
-1.29058e-03
-1.83335e-04
1.98991e-03
3.48256e-03
3.59858e-03
4.72903e-03
4.59369e-03
5.43670e-03
6.16111e-03
7.87934e-03
7.75174e-03
3.83709e-03
-5.97029e-04
-1.62564e-03
9.12390e-04
2.04928e-03
1.53189e-04
-2.60524e-03
-3.97672e-03
-3.89937e-03
-4.69854e-03
-5.28760e-03
-5.80061e-03
-6.69516e-03
-5.99266e-03
-5.52604e-03
-6.28009e-03
-6.68354e-03
-7.59871e-03
-7.65285e-03
-8.29604e-03
-9.79384e-03
-1.01560e-02
-9.29241e-03
-6.48886e-03
-5.17279e-03
-5.79408e-03
-7.53034e-03
-8.89924e-03
-8.85670e-03
-8.89536e-03
-8.81931e-03
-9.50891e-03
-8.09230e-03
-5.18563e-03
-1.68086e-03
-6.31767e-05
1.94507e-03
3.59498e-03
2.77648e-03
4.92401e-04
-2.53801e-03
-4.89040e-03
-6.69241e-03
-7.63723e-03
-7.42325e-03
-6.44104e-03
-5.67150e-03
-4.90068e-03
-3.64649e-03
-5.51623e-04
2.14624e-03
5.73994e-03
7.90803e-03
8.76263e-03
8.83095e-03
8.30763e-03
8.34888e-03
6.17307e-03
4.54380e-03
5.73741e-03
1.04860e-02
1.64592e-02
1.91029e-02
1.95090e-02
1.72172e-02
1.51187e-02
1.34894e-02
1.14026e-02
9.92538e-03
9.82742e-03
1.09553e-02
1.30950e-02
1.46663e-02
1.44794e-02
1.53082e-02
1.61151e-02
1.69594e-02
1.77290e-02
1.91894e-02
1.88272e-02
1.73255e-02
1.40399e-02
1.17171e-02
1.03134e-02
7.88499e-03
3.99096e-03
-9.32974e-04
-5.85175e-03
-7.59704e-03
-6.27969e-03
-6.53490e-03
-6.23327e-03
-7.91798e-03
-9.95071e-03
-1.22580e-02
-1.48321e-02
-1.70543e-02
-1.83188e-02
-1.88808e-02
-1.84799e-02
-1.74358e-02
-1.58182e-02
-1.38434e-02
-1.37931e-02
-1.38357e-02
-1.42868e-02
-1.46903e-02
-1.52394e-02
-1.65026e-02
-1.74925e-02
-1.75312e-02
-1.74925e-02
-1.75686e-02
-1.66959e-02
-1.37519e-02
-1.11790e-02
-9.34479e-03
-8.82919e-03
-8.72607e-03
-7.51957e-03
-5.46492e-03
-3.74412e-03
-1.67142e-03
1.88748e-03
3.32342e-03
1.78179e-03
-6.14578e-05
-7.00793e-04
-5.19042e-04
1.15143e-04
9.31076e-04
3.32473e-03
4.63435e-03
4.80707e-03
3.58383e-03
-7.58773e-04
-3.76856e-03
-2.94489e-03
1.65938e-03
5.97492e-03
8.60832e-03
9.55444e-03
1.03162e-02
1.10561e-02
9.23607e-03
4.37530e-03
-3.08886e-04
-1.38777e-03
-2.39833e-03
-5.67880e-03
-8.85100e-03
-1.00124e-02
-8.12401e-03
-7.58908e-03
-7.70251e-03
-7.81207e-03
-9.02629e-03
-8.09177e-03
-8.12400e-03
-8.41917e-03
-7.51430e-03
-6.30910e-03
-4.43104e-03
-3.91544e-03
-3.86517e-03
-2.51044e-03
-1.52952e-03
-1.53983e-03
-1.45604e-03
-2.27970e-03
-2.90486e-03
-1.87754e-03
9.58240e-04
3.66770e-03
4.53132e-03
2.40836e-03
8.68016e-04
9.44067e-04
1.11679e-03
2.20986e-03
2.00878e-03
6.90141e-04
-2.09573e-04
-1.08737e-03
-1.60039e-03
-1.65711e-03
-2.99121e-03
-4.03529e-03
-3.76202e-03
-3.46813e-03
-4.34722e-03
-5.28303e-03
-6.82852e-03
-6.75634e-03
-4.25699e-03
-2.40987e-03
-2.49494e-03
-4.85637e-03
-5.86823e-03
-5.16573e-03
-3.78264e-03
-2.11856e-03
-1.16729e-03
-4.51897e-04
-4.19990e-05
9.72435e-04
3.15211e-03
4.83682e-03
6.06652e-03
6.90823e-03
5.68497e-03
3.74247e-03
1.21476e-03
1.05621e-03
2.35422e-03
2.89173e-03
2.35422e-03
7.12050e-04
1.91725e-03
4.25290e-03
7.00102e-03
7.56818e-03
6.85408e-03
4.94379e-03
2.41351e-03
-1.78652e-04
-1.53467e-03
-2.47692e-03
-4.84609e-03
-6.22917e-03
-8.03763e-03
-8.97343e-03
-8.11110e-03
-6.09513e-03
-5.45321e-03
-4.94020e-03
-4.69529e-03
-4.02373e-03
-4.81775e-03
-5.25343e-03
-3.58419e-03
-1.46123e-03
4.28425e-04
9.98155e-04
7.95781e-04
1.21728e-03
4.33663e-03
5.90661e-03
5.69264e-03
2.95998e-03
-2.83121e-04
-2.19598e-03
-1.32463e-03
1.22756e-03
4.97723e-03
7.52427e-03
8.11075e-03
8.40077e-03
8.15199e-03
9.14451e-03
1.26377e-02
1.74108e-02
1.81300e-02
1.59207e-02
1.36431e-02
1.30411e-02
1.40478e-02
1.44680e-02
1.44706e-02
1.43352e-02
1.52685e-02
1.55572e-02
1.42592e-02
1.23295e-02
9.70386e-03
7.33728e-03
4.76960e-03
3.05525e-03
2.13232e-03
2.04853e-03
2.79099e-03
4.21274e-03
4.58911e-03
4.57106e-03
4.48985e-03
5.33800e-03
5.74918e-03
4.24750e-03
3.42512e-03
2.54860e-03
1.93762e-03
2.25212e-03
1.07914e-03
-1.13535e-03
-2.52231e-03
-2.17300e-03
-1.42153e-03
-2.05958e-03
-4.27021e-03
-5.46640e-03
-6.79148e-03
-8.38339e-03
-1.02292e-02
-1.05141e-02
-5.82993e-03
-1.70517e-03
-5.46377e-04
-2.34839e-03
-3.37982e-03
-1.73435e-03
1.27452e-04
1.12103e-03
3.04418e-03
4.10024e-03
3.41908e-03
5.84149e-04
-3.41092e-03
-5.52605e-03
-6.39680e-03
-6.45751e-03
-6.43619e-03
-6.41892e-03
-6.99014e-03
-6.37870e-03
-4.89436e-03
-4.02242e-03
-3.98930e-03
-6.17625e-03
-7.62112e-03
-7.42985e-03
-4.70291e-03
-1.45225e-03
-2.51371e-04
-1.57999e-04
-8.18750e-04
-9.32020e-05
1.01981e-03
1.58645e-03
3.22855e-03
4.78207e-03
5.05408e-03
4.09323e-03
3.43726e-03
2.42977e-03
1.49313e-03
1.86672e-03
2.28509e-03
3.05454e-03
3.96887e-03
6.42176e-03
7.89467e-03
8.82796e-03
8.45318e-03
7.41807e-03
5.11577e-03
2.01000e-03
7.56747e-04
2.44706e-04
-1.65149e-03
-3.85859e-03
-6.30879e-03
-7.97428e-03
-1.03167e-02
-1.16379e-02
-1.06369e-02
-9.56079e-03
-8.07179e-03
-8.04736e-03
-8.04007e-03
-7.46519e-03
-6.10594e-03
-5.50286e-03
-3.56422e-03
-1.17787e-03
2.40717e-03
3.95132e-03
4.23737e-03
3.96699e-03
2.56163e-03
2.88554e-03
3.72565e-03
5.76343e-03
5.91322e-03
6.03563e-03
6.89387e-03
7.90867e-03
8.53526e-03
8.50556e-03
8.21060e-03
8.49721e-03
1.06461e-02
1.26828e-02
1.35038e-02
1.27912e-02
1.11162e-02
9.98121e-03
8.93274e-03
7.39240e-03
6.35766e-03
4.84456e-03
3.53553e-03
1.62518e-03
-4.73594e-04
-3.17033e-03
-4.78583e-03
-5.26466e-03
-4.27348e-03
-3.22085e-03
-3.15626e-03
-3.89974e-03
-5.02633e-03
-4.74466e-03
-3.44097e-03
-3.11085e-03
-4.55408e-03
-6.74638e-03
-8.68232e-03
-8.57190e-03
-7.17869e-03
-4.83573e-03
-4.16442e-03
-4.31133e-03
-5.08342e-03
-5.60452e-03
-5.69424e-03
-6.21954e-03
-6.07509e-03
-4.16824e-03
-2.23546e-03
-2.05243e-03
-2.09585e-03
-3.14486e-03
-2.57686e-03
-1.93693e-03
-1.45318e-03
-6.68390e-04
1.18248e-04
1.57330e-03
2.39705e-03
2.07799e-03
1.51821e-03
1.26686e-03
6.84397e-04
5.91264e-04
6.31451e-04
2.97798e-05
-9.99993e-04
-1.04298e-03
-7.50635e-04
-6.09681e-04
-4.02229e-04
-1.33882e-03
-2.10587e-03
-2.02323e-03
-1.93232e-03
-1.31572e-03
-1.76694e-03
-1.80648e-03
-2.74146e-04
7.80110e-04
8.87767e-04
1.70944e-04
-5.48200e-04
-1.36062e-03
-1.96761e-03
-2.83969e-03
-3.75343e-03
-3.91892e-03
-3.30520e-03
-2.55794e-03
-2.89913e-03
-4.20116e-03
-6.39733e-03
-8.30183e-03
-9.03685e-03
-8.62532e-03
-7.70487e-03
-7.28845e-03
-7.32063e-03
-7.80641e-03
-7.54586e-03
-6.58346e-03
-6.17433e-03
-5.29989e-03
-4.50409e-03
-3.39626e-03
-1.71748e-03
3.13599e-04
1.26862e-03
1.29241e-03
8.69212e-04
1.09029e-03
1.65216e-03
1.59119e-03
1.38752e-03
5.55630e-04
8.61114e-05
9.13342e-05
4.22883e-04
7.76415e-04
9.95261e-04
1.53074e-03
2.45535e-03
2.91569e-03
2.88845e-03
2.65398e-03
2.40230e-03
2.72610e-03
2.65323e-03
2.18928e-03
1.77384e-03
1.43673e-03
1.30035e-03
1.08790e-03
1.14470e-03
1.55910e-03
1.82662e-03
1.97058e-03
2.10692e-03
2.28339e-03
2.74484e-03
3.02131e-03
2.96093e-03
2.72648e-03
2.48284e-03
2.39559e-03
2.37253e-03
2.47908e-03
2.51601e-03
2.59310e-03
2.59506e-03
2.24019e-03
1.89615e-03
1.49028e-03
1.36220e-03
1.35426e-03
1.29081e-03
1.37175e-03
1.52555e-03
1.42629e-03
1.27093e-03
1.28896e-03
1.46890e-03
1.76787e-03
1.94919e-03
2.22349e-03
2.38679e-03
2.17534e-03
1.87226e-03
1.75684e-03
1.75526e-03
1.65709e-03
1.51086e-03
1.36973e-03
1.21442e-03
1.13740e-03
1.14493e-03
1.11558e-03
1.10150e-03
1.07167e-03
9.87179e-04
8.18607e-04
5.65177e-04
3.15051e-04
1.49773e-04
-7.40033e-05
-4.20472e-04
-7.70534e-04
-9.88633e-04
-9.54623e-04
-8.41229e-04
-8.80019e-04
-1.00387e-03
-1.15117e-03
-1.15625e-03
-1.04296e-03
-1.02034e-03
-9.65146e-04
-9.07845e-04
-8.48415e-04
-6.88721e-04
-5.61325e-04
-4.73345e-04
-4.27537e-04
-4.80485e-04
-5.43463e-04
-5.37397e-04
-4.47162e-04
-3.49802e-04
-2.78946e-04
-1.91428e-04
-5.07125e-05
4.49560e-05
1.26048e-04
1.28846e-04
1.57422e-04
1.86232e-04
1.47779e-04
8.11685e-05
-1.22065e-06
-6.67360e-05
-1.40160e-04
-1.99530e-04
-2.47398e-04
-2.64108e-04
-3.19986e-04
-3.17313e-04
-2.85748e-04
-2.24929e-04
-1.57872e-04
-1.14871e-04
-1.06970e-04
-1.09659e-04
-1.13316e-04
-1.18508e-04
-9.37760e-05
-8.06156e-05
-4.81840e-05
-2.34020e-05
-1.46655e-05
-1.77170e-05
-2.12651e-05
-2.53523e-05
-1.97021e-05
-1.78882e-05
-2.35636e-05
-3.34850e-05
-4.29229e-05
-3.99045e-05
-3.57194e-05
-3.67138e-05
-4.62153e-05
-5.06202e-05
-5.54859e-05
-6.40684e-05
-6.90380e-05
-7.01241e-05
-6.45785e-05
-5.81168e-05
-5.56611e-05
-5.50901e-05
-5.18119e-05
-4.74164e-05
-4.52395e-05
-4.42905e-05
-4.60418e-05
-5.08310e-05
-5.38796e-05
-4.94789e-05
-4.54903e-05
-4.07457e-05
-3.65053e-05
-3.45105e-05
-3.42892e-05
-3.58858e-05
-3.50674e-05
-3.45164e-05
-3.38479e-05
-3.42704e-05
-3.32012e-05
-3.19854e-05
-3.02200e-05
-2.83249e-05
-2.70365e-05
-2.55888e-05
-2.45829e-05
-2.23185e-05
-2.18129e-05
-2.22608e-05
-2.29199e-05
-2.23239e-05
-2.14416e-05
-1.99957e-05
-1.87785e-05
-1.82096e-05
-1.76516e-05
-1.71866e-05
-1.66282e-05
-1.60140e-05
-1.53913e-05
-1.48903e-05
-1.42909e-05
-1.37678e-05
-1.33203e-05
-1.27975e-05
-1.21804e-05
-1.14810e-05
-1.07071e-05
-9.98475e-06
-9.27862e-06
-8.64617e-06
-8.04717e-06
-7.47219e-06
-6.93763e-06
-6.44248e-06
-5.98244e-06
-5.56231e-06
-5.19479e-06
-4.87524e-06
-4.59971e-06
-4.36250e-06
-4.16062e-06
-3.98855e-06
-3.83887e-06
-3.70489e-06
-3.58073e-06
-3.46097e-06
-3.34031e-06
