-2.10574e-03
-2.12435e-03
-2.14122e-03
-2.16006e-03
-2.18228e-03
-2.20519e-03
-2.22402e-03
-2.24464e-03
-2.28129e-03
-2.34930e-03
-2.43493e-03
-2.48366e-03
-2.44862e-03
-2.35674e-03
-2.30633e-03
-2.38802e-03
-2.60749e-03
-2.85096e-03
-2.94957e-03
-2.79860e-03
-2.41536e-03
-1.90915e-03
-1.40996e-03
-1.09940e-03
-1.13889e-03
-1.62851e-03
-2.60628e-03
-3.94286e-03
-5.41665e-03
-6.49875e-03
-6.59618e-03
-5.39434e-03
-2.83304e-03
4.46650e-04
3.21177e-03
4.50146e-03
4.65151e-03
3.84195e-03
1.75433e-03
-1.82914e-03
-6.62196e-03
-1.12143e-02
-1.32712e-02
-1.25410e-02
-8.56189e-03
-2.59779e-03
2.79354e-03
6.29482e-03
7.49503e-03
6.85746e-03
4.63683e-03
1.15104e-03
-2.35583e-03
-5.57228e-03
-8.56869e-03
-1.12416e-02
-1.23843e-02
-1.10142e-02
-6.64070e-03
-1.43362e-04
5.74141e-03
8.76942e-03
8.41695e-03
5.53236e-03
8.62843e-04
-4.55974e-03
-9.43233e-03
-1.33451e-02
-1.51862e-02
-1.29631e-02
-6.48647e-03
2.39304e-03
1.00877e-02
1.37887e-02
1.31317e-02
8.09791e-03
-1.31943e-03
-1.24873e-02
-2.09835e-02
-2.16316e-02
-1.54229e-02
-4.50876e-03
7.06462e-03
1.51849e-02
1.81603e-02
1.65108e-02
1.14571e-02
4.38490e-03
-2.08477e-03
-6.29622e-03
-8.24090e-03
-9.10009e-03
-9.72633e-03
-9.59083e-03
-7.42298e-03
-2.79278e-03
3.95787e-03
1.14494e-02
1.74647e-02
1.96096e-02
1.62738e-02
6.70365e-03
-6.66355e-03
-1.84123e-02
-2.11385e-02
-1.68929e-02
-9.15802e-03
-9.15811e-04
5.00852e-03
8.81832e-03
1.14822e-02
1.36902e-02
1.37564e-02
9.65392e-03
1.17609e-03
-8.50483e-03
-1.43241e-02
-1.21145e-02
-2.00139e-03
1.19627e-02
2.12745e-02
2.09106e-02
1.22889e-02
-1.94391e-03
-1.46977e-02
-1.93281e-02
-1.34786e-02
-4.81910e-04
1.30052e-02
2.06868e-02
1.96826e-02
1.23507e-02
2.37369e-03
-6.18753e-03
-1.18908e-02
-1.48959e-02
-1.44940e-02
-1.03270e-02
-2.66810e-03
5.82594e-03
9.63944e-03
5.24765e-03
-6.58630e-03
-2.18744e-02
-3.18162e-02
-2.99441e-02
-1.54286e-02
6.46821e-03
2.62670e-02
3.69759e-02
3.78774e-02
3.12079e-02
2.01868e-02
7.34655e-03
-7.20200e-03
-2.00685e-02
-2.67239e-02
-2.38270e-02
-1.13196e-02
7.89750e-03
2.65971e-02
3.69180e-02
3.33297e-02
1.70718e-02
-6.23016e-03
-2.58324e-02
-3.34936e-02
-2.81542e-02
-1.28126e-02
6.58704e-03
2.25731e-02
3.19902e-02
3.43535e-02
3.24840e-02
2.76841e-02
1.83725e-02
3.27098e-03
-1.54378e-02
-3.23100e-02
-3.89906e-02
-3.09934e-02
-1.40715e-02
3.59784e-03
1.54264e-02
2.02215e-02
1.97018e-02
1.53139e-02
8.72963e-03
2.36512e-03
-2.19056e-03
-5.10472e-03
-7.35830e-03
-7.64930e-03
-4.11842e-03
3.67746e-03
1.38371e-02
2.33426e-02
2.89261e-02
2.74382e-02
1.88304e-02
6.91648e-03
-1.41579e-03
-4.02004e-03
-2.95650e-03
-1.76276e-03
-2.85093e-03
-5.27193e-03
-6.32372e-03
-3.06920e-03
3.79967e-03
9.76062e-03
1.07479e-02
6.77931e-03
2.30580e-03
2.30447e-03
6.07318e-03
9.23517e-03
7.38603e-03
-4.08359e-05
-9.06713e-03
-1.39157e-02
-1.17999e-02
-5.25072e-03
2.64022e-03
9.37272e-03
1.27942e-02
1.27759e-02
1.05381e-02
9.38757e-03
1.18283e-02
1.64796e-02
2.01202e-02
1.98184e-02
1.53520e-02
8.78236e-03
1.82752e-03
-4.16630e-03
-9.20196e-03
-1.30397e-02
-1.53505e-02
-1.54545e-02
-1.19631e-02
-5.73625e-03
5.80507e-04
4.73159e-03
5.55355e-03
4.32975e-03
3.34192e-03
2.98814e-03
1.44109e-03
-3.47109e-03
-1.01863e-02
-1.40875e-02
-1.37457e-02
-9.69469e-03
-4.18135e-03
1.53534e-03
7.54613e-03
1.39392e-02
1.96526e-02
2.14301e-02
1.65618e-02
4.31313e-03
-1.09909e-02
-2.30500e-02
-2.39349e-02
-1.33655e-02
4.79970e-03
2.31722e-02
3.45158e-02
3.68966e-02
3.00929e-02
1.56708e-02
-2.30497e-03
-1.95377e-02
-2.89479e-02
-2.67566e-02
-1.56062e-02
-1.52561e-03
8.88614e-03
1.29733e-02
9.86684e-03
7.86634e-04
-1.11517e-02
-2.13233e-02
-2.62154e-02
-2.28467e-02
-1.31331e-02
-7.92804e-04
9.09632e-03
1.35721e-02
1.21178e-02
6.81965e-03
5.46674e-04
-3.67685e-03
-5.75335e-03
-7.16779e-03
-9.03905e-03
-1.09380e-02
-1.13444e-02
-8.17941e-03
-2.25282e-04
1.14054e-02
2.34357e-02
3.25857e-02
3.58657e-02
3.33850e-02
2.54322e-02
1.27048e-02
-3.25358e-03
-1.72367e-02
-2.47147e-02
-2.19977e-02
-9.82966e-03
5.99028e-03
2.08255e-02
2.99758e-02
3.17232e-02
2.73372e-02
1.75344e-02
3.17495e-03
-1.27327e-02
-2.53582e-02
-2.88323e-02
-2.53152e-02
-1.87297e-02
-1.27112e-02
-8.19221e-03
-2.84828e-03
5.97248e-03
1.65690e-02
2.41649e-02
2.54152e-02
2.02787e-02
1.09270e-02
1.50806e-03
-4.09103e-03
-5.75473e-03
-5.19065e-03
-5.48305e-03
-8.47756e-03
-1.46762e-02
-2.22368e-02
-2.97902e-02
-3.47734e-02
-3.46762e-02
-2.75396e-02
-1.13605e-02
1.05327e-02
3.06873e-02
4.25939e-02
3.89386e-02
2.09226e-02
-6.22505e-03
-3.32111e-02
-4.85798e-02
-4.93628e-02
-3.73731e-02
-1.57480e-02
5.17940e-03
1.66015e-02
1.68470e-02
9.73922e-03
2.40668e-03
-1.15467e-03
-1.22088e-04
4.69261e-03
8.80539e-03
1.12503e-02
1.33618e-02
1.57202e-02
1.65315e-02
1.37813e-02
6.63627e-03
-3.36873e-03
-1.22521e-02
-1.66983e-02
-1.62049e-02
-1.07445e-02
-2.09955e-03
6.28537e-03
1.20276e-02
1.31656e-02
8.87923e-03
-1.54058e-04
-1.05978e-02
-1.78336e-02
-1.90833e-02
-1.39879e-02
-3.10927e-03
9.91608e-03
1.97384e-02
2.39942e-02
2.29315e-02
1.64243e-02
5.53188e-03
-6.91093e-03
-1.76700e-02
-2.50922e-02
-2.74413e-02
-2.52833e-02
-2.17090e-02
-1.96251e-02
-2.06002e-02
-2.47446e-02
-3.14406e-02
-3.73182e-02
-3.86718e-02
-3.49567e-02
-2.80294e-02
-2.07973e-02
-1.42253e-02
-8.16704e-03
-2.13245e-03
2.69452e-03
5.48757e-03
7.27353e-03
8.91095e-03
9.99788e-03
9.89785e-03
6.41001e-03
-9.91961e-04
-1.05831e-02
-1.87489e-02
-2.25203e-02
-2.03919e-02
-1.46124e-02
-8.83034e-03
-4.51973e-03
-3.46129e-04
5.16289e-03
1.04619e-02
1.31153e-02
9.86746e-03
8.63035e-04
-9.53440e-03
-1.59106e-02
-1.74061e-02
-1.57352e-02
-1.39400e-02
-1.44972e-02
-1.72393e-02
-1.96377e-02
-1.86785e-02
-1.17628e-02
1.93223e-03
1.89788e-02
3.24472e-02
3.68451e-02
3.15437e-02
1.83795e-02
-4.13250e-05
-1.80761e-02
-2.80803e-02
-2.30492e-02
-3.11479e-03
2.55703e-02
5.12006e-02
6.29384e-02
5.83134e-02
4.01024e-02
1.22656e-02
-1.85961e-02
-4.42376e-02
-5.86880e-02
-6.30239e-02
-5.52020e-02
-3.73811e-02
-1.35102e-02
8.29898e-03
2.06645e-02
2.18346e-02
1.74180e-02
1.28107e-02
1.02621e-02
1.10754e-02
1.40484e-02
1.67628e-02
1.62067e-02
1.00017e-02
-2.47725e-03
-1.87761e-02
-3.17397e-02
-3.64519e-02
-3.28684e-02
-2.32660e-02
-1.16578e-02
-1.27880e-03
5.13628e-03
6.13822e-03
9.23653e-04
-7.81779e-03
-1.75530e-02
-2.61596e-02
-3.39690e-02
-3.78347e-02
-3.40347e-02
-2.21132e-02
-4.78443e-03
1.32206e-02
2.46324e-02
2.41272e-02
1.28268e-02
-4.67207e-03
-2.18485e-02
-3.25429e-02
-3.45805e-02
-2.70489e-02
-1.37944e-02
4.16932e-05
1.10876e-02
1.60042e-02
1.36313e-02
6.27633e-03
-1.10059e-03
-5.31913e-03
-5.70080e-03
-4.10053e-03
-3.57750e-03
-5.76819e-03
-1.07989e-02
-1.60192e-02
-1.96155e-02
-2.02494e-02
-1.79157e-02
-1.20361e-02
-2.80074e-03
7.53856e-03
1.58134e-02
1.80928e-02
1.43578e-02
6.76566e-03
-2.06465e-04
-3.61405e-03
-3.10425e-03
-1.34335e-04
5.48925e-03
1.40712e-02
2.41262e-02
3.07060e-02
3.04569e-02
2.32072e-02
1.04719e-02
-2.79683e-03
-1.21863e-02
-1.46189e-02
-1.16664e-02
-6.34191e-03
-2.04159e-03
-4.67330e-04
-3.58388e-04
-1.50024e-04
6.64852e-04
2.48011e-03
5.40546e-03
8.99533e-03
1.25447e-02
1.40363e-02
1.24062e-02
8.75587e-03
4.16995e-03
-8.88081e-04
-5.30011e-03
-7.49180e-03
-7.81644e-03
-6.65877e-03
-4.05682e-03
-4.61700e-04
3.06518e-03
5.88468e-03
6.82346e-03
5.33260e-03
3.96315e-04
-6.18734e-03
-1.06129e-02
-1.11112e-02
-7.92426e-03
-1.91105e-03
5.49890e-03
1.29401e-02
1.94580e-02
2.33378e-02
2.16942e-02
1.33284e-02
1.45342e-03
-8.48433e-03
-1.37577e-02
-1.26054e-02
-6.46019e-03
1.16838e-03
7.41819e-03
1.06870e-02
9.62276e-03
4.81752e-03
-1.79904e-03
-6.04319e-03
-4.56787e-03
2.67730e-03
1.23366e-02
2.00741e-02
2.39896e-02
2.46230e-02
2.34027e-02
2.16486e-02
1.87777e-02
1.53823e-02
1.34481e-02
1.49474e-02
1.84780e-02
2.14631e-02
2.18576e-02
1.81817e-02
9.90091e-03
-2.25619e-03
-1.54364e-02
-2.50209e-02
-2.69679e-02
-1.81761e-02
3.49607e-04
2.39458e-02
4.49494e-02
5.67226e-02
5.62057e-02
4.42238e-02
2.51100e-02
3.87539e-03
-1.52000e-02
-2.86700e-02
-3.56639e-02
-3.32582e-02
-2.01170e-02
1.04420e-03
2.35364e-02
4.03470e-02
4.79519e-02
4.71924e-02
4.02481e-02
3.12154e-02
2.51539e-02
2.55565e-02
3.32887e-02
4.66887e-02
6.27997e-02
7.96842e-02
9.73837e-02
1.17147e-01
1.39156e-01
1.59793e-01
1.76321e-01
1.88739e-01
1.96181e-01
2.00516e-01
2.04001e-01
2.07455e-01
2.11755e-01
2.16821e-01
2.22142e-01
2.28209e-01
2.35466e-01
2.43144e-01
2.51786e-01
2.60813e-01
2.68591e-01
2.71788e-01
2.70071e-01
2.66408e-01
2.65908e-01
2.74631e-01
2.92313e-01
3.09074e-01
3.10354e-01
2.85024e-01
2.30164e-01
1.57079e-01
8.08136e-02
1.91519e-02
-2.49365e-02
-3.88718e-02
-3.37698e-02
-1.66488e-02
5.20771e-03
3.01033e-02
5.12240e-02
5.86232e-02
5.25956e-02
2.60116e-02
-2.91432e-02
-1.18086e-01
-2.37763e-01
-3.80389e-01
-5.12387e-01
-6.14286e-01
-6.88105e-01
-7.44795e-01
-7.88304e-01
-8.17431e-01
-8.28976e-01
-8.17286e-01
-7.75316e-01
-6.96958e-01
-5.95339e-01
-4.83522e-01
-3.35037e-01
-1.82972e-01
-5.67449e-02
3.01534e-02
6.23109e-02
6.03497e-02
3.44302e-02
-1.52810e-02
-7.98999e-02
-1.36610e-01
-1.67948e-01
-1.69809e-01
-1.50047e-01
-1.19066e-01
-8.97252e-02
-7.34815e-02
-7.56204e-02
-9.06513e-02
-1.11799e-01
-1.27727e-01
-1.28381e-01
-1.08183e-01
-6.67892e-02
-8.07559e-03
5.62850e-02
1.12973e-01
1.49321e-01
1.65295e-01
1.63381e-01
1.43532e-01
1.08481e-01
6.47790e-02
2.25086e-02
-1.21394e-02
-3.50031e-02
-4.36478e-02
-3.98444e-02
-2.44359e-02
5.19987e-04
3.31931e-02
7.02312e-02
1.04436e-01
1.29121e-01
1.42587e-01
1.44847e-01
1.32614e-01
1.11946e-01
9.17685e-02
7.74267e-02
7.44729e-02
8.09670e-02
9.25522e-02
1.06210e-01
1.19527e-01
1.28597e-01
1.30828e-01
1.25447e-01
1.10318e-01
8.39797e-02
4.97496e-02
1.35732e-02
-1.92341e-02
-4.24621e-02
-5.31510e-02
-4.92409e-02
-3.43285e-02
-1.36172e-02
8.13485e-03
2.58174e-02
3.38926e-02
3.01261e-02
1.53580e-02
-7.35928e-03
-3.31996e-02
-5.70504e-02
-7.49058e-02
-8.77020e-02
-9.73514e-02
-1.03522e-01
-1.06034e-01
-1.05076e-01
-1.00175e-01
-9.06571e-02
-7.60443e-02
-5.78239e-02
-3.81571e-02
-1.84786e-02
2.43672e-04
1.65620e-02
3.22390e-02
4.89372e-02
6.93163e-02
9.23208e-02
1.12625e-01
1.25372e-01
1.25887e-01
1.11072e-01
7.95682e-02
3.37257e-02
-1.98873e-02
-6.93014e-02
-1.04732e-01
-1.20786e-01
-1.19202e-01
-1.00461e-01
-6.50745e-02
-1.46719e-02
4.48380e-02
9.81065e-02
1.39046e-01
1.65027e-01
1.77107e-01
1.77263e-01
1.67186e-01
1.48650e-01
1.21941e-01
9.04366e-02
5.59751e-02
2.18724e-02
-2.94067e-03
-1.90434e-02
-2.35603e-02
-1.53231e-02
3.51694e-04
1.74741e-02
2.87214e-02
2.88333e-02
1.74936e-02
-1.60813e-04
-1.52883e-02
-2.15079e-02
-1.49699e-02
4.21233e-03
3.41916e-02
6.96134e-02
1.02284e-01
1.26540e-01
1.38941e-01
1.38396e-01
1.26795e-01
1.07613e-01
8.42192e-02
6.27826e-02
4.97562e-02
4.65951e-02
5.21026e-02
6.13045e-02
6.78838e-02
6.71925e-02
5.77500e-02
4.03708e-02
1.89701e-02
-2.82682e-03
-2.11836e-02
-3.11778e-02
-3.45982e-02
-3.14010e-02
-2.30957e-02
-1.28451e-02
-4.29898e-03
-2.90896e-03
-1.11976e-02
-2.92090e-02
-5.46519e-02
-8.30746e-02
-1.09731e-01
-1.27722e-01
-1.33908e-01
-1.31604e-01
-1.23335e-01
-1.12943e-01
-1.03547e-01
-9.55383e-02
-8.91471e-02
-8.47157e-02
-8.05496e-02
-7.45036e-02
-6.42074e-02
-4.77797e-02
-2.39191e-02
3.39953e-03
3.09592e-02
5.59571e-02
7.41953e-02
8.60521e-02
9.12690e-02
8.93319e-02
7.94934e-02
6.19081e-02
3.60350e-02
4.59188e-03
-2.32940e-02
-3.64500e-02
-3.03888e-02
-5.75689e-03
3.32017e-02
7.61295e-02
1.09176e-01
1.22571e-01
1.12467e-01
8.11446e-02
3.62576e-02
-7.45451e-03
-3.59828e-02
-4.80234e-02
-4.03694e-02
-1.61263e-02
2.16583e-02
6.54240e-02
1.00421e-01
1.16680e-01
1.12107e-01
8.70107e-02
4.43734e-02
-4.45565e-03
-4.59576e-02
-7.46857e-02
-8.55439e-02
-7.78781e-02
-5.86443e-02
-3.49023e-02
-1.35533e-02
3.41261e-03
1.43968e-02
1.70685e-02
1.07708e-02
-3.19977e-03
-2.00746e-02
-3.58051e-02
-4.66858e-02
-5.08894e-02
-4.94142e-02
-4.32751e-02
-3.50137e-02
-2.77001e-02
-2.34057e-02
-2.21320e-02
-2.21074e-02
-2.18005e-02
-1.99904e-02
-1.63301e-02
-1.22318e-02
-1.06697e-02
-1.32124e-02
-1.83594e-02
-2.15556e-02
-1.71557e-02
-1.92425e-03
2.28852e-02
5.20457e-02
8.06397e-02
1.05372e-01
1.19038e-01
1.16172e-01
9.42789e-02
5.65161e-02
1.05737e-02
-3.15577e-02
-6.53501e-02
-7.68365e-02
-6.47073e-02
-3.51779e-02
3.43775e-03
3.72651e-02
5.18363e-02
4.57979e-02
2.25738e-02
-1.11900e-02
-4.31539e-02
-6.01377e-02
-6.00676e-02
-4.32606e-02
-1.44113e-02
2.01519e-02
5.25620e-02
7.44722e-02
8.22649e-02
7.36241e-02
5.07535e-02
1.88834e-02
-1.31439e-02
-3.72784e-02
-5.15804e-02
-5.40869e-02
-5.01339e-02
-4.63072e-02
-4.58367e-02
-5.18968e-02
-6.41755e-02
-7.83238e-02
-8.87868e-02
-9.11063e-02
-8.47434e-02
-7.22589e-02
-5.57260e-02
-3.56432e-02
-1.14573e-02
1.48180e-02
3.92052e-02
5.87592e-02
7.13524e-02
7.39423e-02
6.57323e-02
4.78987e-02
2.59704e-02
4.43535e-03
-1.28976e-02
-2.55521e-02
-3.48167e-02
-3.95628e-02
-4.18233e-02
-4.33617e-02
-4.34309e-02
-4.15568e-02
-3.86356e-02
-3.48031e-02
-2.62157e-02
-1.36933e-02
6.11465e-04
1.60536e-02
3.07180e-02
4.21493e-02
4.81854e-02
4.68420e-02
3.82380e-02
2.35202e-02
6.62226e-03
-6.05151e-03
-1.08955e-02
-1.08891e-02
-1.13193e-02
-1.64367e-02
-2.58082e-02
-3.63388e-02
-4.37116e-02
-4.37825e-02
-3.69275e-02
-2.41395e-02
-6.02692e-03
1.34878e-02
2.92286e-02
3.82738e-02
3.96736e-02
3.19668e-02
1.71095e-02
-1.02066e-03
-1.71474e-02
-2.86511e-02
-3.21229e-02
-2.77460e-02
-1.78216e-02
-4.69230e-03
8.23153e-03
1.78153e-02
2.27182e-02
2.39966e-02
2.31314e-02
2.21996e-02
2.28759e-02
2.65184e-02
3.19346e-02
3.75543e-02
4.23644e-02
4.54107e-02
4.70748e-02
4.78093e-02
4.77861e-02
4.59776e-02
4.37607e-02
4.49987e-02
4.73773e-02
4.90938e-02
4.97864e-02
4.88960e-02
4.61092e-02
4.20897e-02
3.83258e-02
3.61461e-02
3.52965e-02
3.56942e-02
3.67788e-02
3.67905e-02
3.39691e-02
2.76410e-02
1.84545e-02
7.14762e-03
-5.12091e-03
-1.55102e-02
-2.25778e-02
-2.58134e-02
-2.51557e-02
-2.17991e-02
-1.82730e-02
-1.74731e-02
-2.15199e-02
-3.20604e-02
-4.84460e-02
-6.65727e-02
-8.07649e-02
-8.61790e-02
-8.03890e-02
-6.50393e-02
-4.30151e-02
-1.83005e-02
4.09910e-03
1.83677e-02
2.38581e-02
1.89419e-02
5.85482e-03
-1.15801e-02
-2.96559e-02
-4.58037e-02
-5.72967e-02
-6.34696e-02
-6.59331e-02
-6.52510e-02
-6.11667e-02
-5.43887e-02
-4.55934e-02
-3.50543e-02
-2.41516e-02
-1.36662e-02
-6.52719e-03
-2.36650e-03
9.36063e-04
6.47699e-03
1.66700e-02
3.15456e-02
4.84750e-02
6.35206e-02
7.57614e-02
8.23611e-02
7.99457e-02
6.69175e-02
4.37339e-02
1.34291e-02
-1.96143e-02
-4.99567e-02
-7.64293e-02
-9.19282e-02
-9.24643e-02
-8.18525e-02
-6.53930e-02
-4.77151e-02
-3.14497e-02
-1.67496e-02
-1.36233e-03
1.47378e-02
2.99329e-02
4.16741e-02
4.85835e-02
5.05874e-02
4.66784e-02
3.77979e-02
2.71116e-02
1.73829e-02
1.18568e-02
1.20178e-02
1.66625e-02
2.39278e-02
3.14858e-02
3.65525e-02
3.91789e-02
3.96548e-02
3.78607e-02
3.43397e-02
2.99758e-02
2.50461e-02
1.94496e-02
1.28067e-02
4.77203e-03
-4.87097e-03
-1.57438e-02
-2.61364e-02
-3.47898e-02
-4.08458e-02
-4.35664e-02
-4.29517e-02
-3.94271e-02
-3.35638e-02
-2.72501e-02
-2.25220e-02
-1.96111e-02
-1.73687e-02
-1.41428e-02
-7.76299e-03
2.57916e-03
1.47523e-02
2.50279e-02
3.00260e-02
2.82691e-02
2.00535e-02
6.16633e-03
-1.02580e-02
-2.51695e-02
-3.49015e-02
-3.83717e-02
-3.58209e-02
-2.96697e-02
-2.29435e-02
-1.67282e-02
-1.18115e-02
-8.58087e-03
-6.70357e-03
-4.28314e-03
-2.60113e-03
-4.16266e-03
-1.03219e-02
-1.99434e-02
-2.95930e-02
-3.48250e-02
-3.29443e-02
-2.36885e-02
-9.21302e-03
7.56686e-03
2.24084e-02
3.28935e-02
3.83884e-02
3.79845e-02
3.20499e-02
2.06360e-02
6.49579e-03
-6.87817e-03
-1.76826e-02
-2.57654e-02
-3.20506e-02
-3.77810e-02
-4.07258e-02
-3.91134e-02
-3.33798e-02
-2.36269e-02
-9.67763e-03
8.65652e-03
2.81500e-02
4.54115e-02
5.89232e-02
6.70965e-02
6.93267e-02
6.63457e-02
5.86294e-02
4.72368e-02
3.46377e-02
2.41958e-02
1.63488e-02
1.08797e-02
8.19990e-03
8.44946e-03
1.02425e-02
1.27397e-02
1.51053e-02
1.76962e-02
2.16834e-02
2.63998e-02
2.98818e-02
3.10532e-02
2.86020e-02
2.22199e-02
1.27802e-02
1.80793e-03
-9.43540e-03
-1.96113e-02
-2.74498e-02
-3.21650e-02
-3.44908e-02
-3.38681e-02
-3.04275e-02
-2.52285e-02
-1.84891e-02
-1.08676e-02
-4.52482e-03
-1.13502e-03
-1.11337e-03
-2.98989e-03
-5.35327e-03
-7.02535e-03
-8.02084e-03
-8.14635e-03
-7.36748e-03
-5.69653e-03
-3.79884e-03
-2.72760e-03
-2.60071e-03
-2.16037e-03
-8.95098e-04
1.18256e-03
3.55701e-03
5.51411e-03
6.55501e-03
6.71874e-03
5.42167e-03
3.00748e-03
6.96278e-04
-8.63370e-05
8.48878e-04
3.45529e-03
8.27198e-03
1.40235e-02
1.90324e-02
2.08839e-02
1.73168e-02
7.95098e-03
-6.41214e-03
-2.35623e-02
-4.08185e-02
-5.51550e-02
-5.97185e-02
-5.21805e-02
-3.47548e-02
-1.05296e-02
1.30970e-02
3.06542e-02
4.01586e-02
4.17627e-02
3.53824e-02
2.24185e-02
7.40193e-03
-7.19638e-03
-2.02594e-02
-3.06225e-02
-3.87362e-02
-4.63672e-02
-5.30395e-02
-5.74485e-02
-5.84700e-02
-5.56641e-02
-5.00391e-02
-4.28310e-02
-3.34292e-02
-2.09269e-02
-6.88322e-03
6.74126e-03
1.88408e-02
2.96339e-02
3.80198e-02
4.22929e-02
4.23171e-02
3.89510e-02
3.24038e-02
2.38288e-02
1.48418e-02
7.30873e-03
2.01670e-03
-2.04820e-04
2.70450e-04
2.50462e-03
4.58696e-03
3.82804e-03
-5.39004e-04
-6.49421e-03
-1.09669e-02
-1.16869e-02
-8.74365e-03
-2.63929e-03
4.17579e-03
9.96772e-03
1.25403e-02
1.03919e-02
2.99717e-03
-8.47618e-03
-2.02683e-02
-2.94664e-02
-3.07012e-02
-2.36976e-02
-1.03086e-02
7.54665e-03
2.69310e-02
4.36762e-02
5.41130e-02
5.88755e-02
5.70299e-02
5.06777e-02
4.17481e-02
3.25724e-02
2.32039e-02
1.37447e-02
6.79146e-03
3.84345e-03
4.68404e-03
7.83738e-03
1.15291e-02
1.36943e-02
1.40122e-02
1.03782e-02
2.30254e-03
-8.31650e-03
-1.93571e-02
-2.76190e-02
-3.24056e-02
-3.46149e-02
-3.49707e-02
-3.34767e-02
-3.07044e-02
-2.83020e-02
-2.72482e-02
-2.86068e-02
-3.34524e-02
-4.00562e-02
-4.58785e-02
-4.84342e-02
-4.47311e-02
-3.52850e-02
-2.33377e-02
-1.24430e-02
-3.70461e-03
4.02222e-03
9.88883e-03
1.28873e-02
1.24033e-02
9.49777e-03
5.91509e-03
1.91462e-03
-1.83908e-03
-4.93958e-03
-6.66783e-03
-6.87378e-03
-5.70014e-03
-3.37079e-03
-1.71478e-03
-9.37468e-04
-4.37419e-04
7.21045e-04
2.87198e-03
6.14559e-03
9.88853e-03
1.40030e-02
1.82018e-02
2.23411e-02
2.68270e-02
3.18066e-02
3.57405e-02
3.56807e-02
2.99797e-02
1.88080e-02
4.52850e-03
-1.03537e-02
-2.29172e-02
-3.03164e-02
-3.33086e-02
-3.30379e-02
-3.00951e-02
-2.48511e-02
-1.86973e-02
-1.27497e-02
-7.53356e-03
-3.90500e-03
-2.96575e-03
-4.05261e-03
-6.47343e-03
-9.11806e-03
-9.80950e-03
-7.34580e-03
-1.63603e-03
6.57184e-03
1.39749e-02
1.91968e-02
2.16633e-02
2.03092e-02
1.53001e-02
8.22753e-03
9.86043e-04
-5.84311e-03
-1.12198e-02
-1.43746e-02
-1.27830e-02
-7.14219e-03
-1.83256e-03
2.36224e-03
6.76420e-03
1.11368e-02
1.52562e-02
1.92294e-02
2.29027e-02
2.64906e-02
2.93100e-02
3.10052e-02
3.19027e-02
3.16687e-02
3.07231e-02
3.00861e-02
2.99333e-02
2.91329e-02
2.77599e-02
2.60413e-02
2.32644e-02
1.87939e-02
1.27878e-02
6.10569e-03
5.00215e-04
-3.81149e-03
-7.67818e-03
-1.03942e-02
-1.23067e-02
-1.41262e-02
-1.58147e-02
-1.68181e-02
-1.70562e-02
-1.63192e-02
-1.45882e-02
-1.23752e-02
-9.80039e-03
-7.58150e-03
-7.22807e-03
-9.65322e-03
-1.47428e-02
-2.07471e-02
-2.52051e-02
-2.79024e-02
-2.99652e-02
-3.07656e-02
-2.92500e-02
-2.53514e-02
-1.93553e-02
-1.25721e-02
-6.04822e-03
-2.44183e-04
3.93718e-03
6.15957e-03
6.76979e-03
5.59924e-03
4.25209e-03
3.35902e-03
2.67381e-03
1.91671e-03
1.78262e-03
3.93531e-03
7.72945e-03
1.18353e-02
1.50558e-02
1.68145e-02
1.70097e-02
1.46964e-02
1.00240e-02
3.26463e-03
-3.98716e-03
-8.65443e-03
-9.22012e-03
-7.14223e-03
-2.61745e-03
4.01020e-03
1.24275e-02
2.11563e-02
2.89014e-02
3.45206e-02
3.69411e-02
3.66918e-02
3.36532e-02
2.87623e-02
2.39251e-02
2.08576e-02
2.01252e-02
2.07041e-02
2.16206e-02
2.08466e-02
1.61930e-02
7.20876e-03
-4.54238e-03
-1.76260e-02
-2.96217e-02
-3.74098e-02
-3.89991e-02
-3.26476e-02
-2.09168e-02
-7.24475e-03
5.36252e-03
1.39993e-02
1.72651e-02
1.56971e-02
1.16127e-02
7.38079e-03
4.85309e-03
6.64966e-03
1.30792e-02
2.14550e-02
2.83483e-02
3.13379e-02
2.97068e-02
2.40453e-02
1.72286e-02
1.22098e-02
1.11960e-02
1.39312e-02
1.93027e-02
2.55805e-02
3.01416e-02
3.18952e-02
2.90807e-02
2.14958e-02
1.02571e-02
-3.80291e-03
-1.92492e-02
-3.53089e-02
-4.92694e-02
-5.73863e-02
-5.76137e-02
-5.16435e-02
-4.10892e-02
-2.77899e-02
-1.31628e-02
2.13230e-03
1.63310e-02
2.68607e-02
3.20750e-02
3.17233e-02
2.53470e-02
1.35927e-02
1.12486e-03
-7.68809e-03
-1.18579e-02
-1.24446e-02
-1.17211e-02
-1.11842e-02
-1.25716e-02
-1.51983e-02
-1.83049e-02
-2.07327e-02
-2.10958e-02
-1.91379e-02
-1.57469e-02
-1.14372e-02
-7.53925e-03
-5.34436e-03
-5.28963e-03
-7.80808e-03
-1.38575e-02
-2.32423e-02
-3.52489e-02
-4.85364e-02
-6.15158e-02
-7.22760e-02
-7.75276e-02
-7.78015e-02
-7.40219e-02
-6.80952e-02
-6.18465e-02
-5.46004e-02
-4.59247e-02
-3.81965e-02
-3.19979e-02
-2.59781e-02
-2.00482e-02
-1.32631e-02
-4.88135e-03
3.95500e-03
1.26038e-02
2.05567e-02
2.66867e-02
3.17845e-02
3.63294e-02
3.98339e-02
4.29835e-02
4.64271e-02
4.97864e-02
5.26783e-02
5.43410e-02
5.43959e-02
5.22819e-02
4.74112e-02
4.05396e-02
3.48865e-02
3.19049e-02
3.30912e-02
3.90584e-02
4.82670e-02
5.80765e-02
6.62482e-02
7.09627e-02
7.13022e-02
6.72707e-02
5.82184e-02
4.61545e-02
3.35277e-02
2.12145e-02
1.08900e-02
3.43968e-03
-6.46252e-04
-1.70009e-03
-1.58935e-03
-2.48746e-03
-5.78091e-03
-1.14143e-02
-1.78097e-02
-2.21046e-02
-2.32260e-02
-1.91922e-02
-1.06100e-02
-3.75776e-04
8.22123e-03
1.37713e-02
1.45490e-02
1.01160e-02
9.58082e-04
-1.20165e-02
-2.53081e-02
-3.63009e-02
-4.25217e-02
-4.32779e-02
-3.92486e-02
-3.17044e-02
-2.24625e-02
-1.34431e-02
-5.53838e-03
4.10559e-04
2.98304e-03
2.93677e-03
9.73242e-04
-2.38677e-03
-6.56594e-03
-1.11193e-02
-1.64822e-02
-2.26198e-02
-3.03628e-02
-3.81944e-02
-4.36735e-02
-4.70031e-02
-4.78098e-02
-4.65821e-02
-4.30348e-02
-3.56807e-02
-2.44536e-02
-1.18112e-02
8.58913e-04
1.17594e-02
1.95293e-02
2.31759e-02
2.30187e-02
1.95354e-02
1.44789e-02
1.07970e-02
9.83968e-03
1.12003e-02
1.40957e-02
1.89509e-02
2.42861e-02
2.91214e-02
3.32134e-02
3.66432e-02
3.83608e-02
3.76861e-02
3.51973e-02
3.13364e-02
2.53700e-02
1.86356e-02
1.16427e-02
4.71014e-03
-2.08373e-03
-9.03487e-03
-1.49335e-02
-1.85706e-02
-2.01297e-02
-1.90103e-02
-1.64200e-02
-1.34105e-02
-1.10346e-02
-9.51179e-03
-8.22064e-03
-7.55090e-03
-7.50891e-03
-7.43298e-03
-6.28131e-03
-3.60603e-03
5.72403e-04
5.78020e-03
1.11128e-02
1.48870e-02
1.58089e-02
1.32823e-02
7.21457e-03
-1.18110e-03
-1.05028e-02
-1.94265e-02
-2.63093e-02
-3.19963e-02
-3.61380e-02
-3.81605e-02
-3.73860e-02
-3.46541e-02
-3.10569e-02
-2.79768e-02
-2.61467e-02
-2.59449e-02
-2.82313e-02
-3.21359e-02
-3.65552e-02
-4.04414e-02
-4.29728e-02
-4.40171e-02
-4.38858e-02
-4.35077e-02
-4.38873e-02
-4.52243e-02
-4.66221e-02
-4.55773e-02
-4.07111e-02
-3.32549e-02
-2.47036e-02
-1.53615e-02
-5.12692e-03
4.33124e-03
1.33178e-02
2.19832e-02
2.83972e-02
3.25453e-02
3.40214e-02
3.30734e-02
3.15846e-02
3.04017e-02
2.98207e-02
2.89455e-02
2.64840e-02
2.19097e-02
1.62315e-02
1.03241e-02
5.02127e-03
1.19622e-03
-1.10138e-04
1.67785e-03
6.82771e-03
1.39703e-02
2.20963e-02
2.93879e-02
3.53239e-02
4.04179e-02
4.43237e-02
4.72281e-02
4.89554e-02
4.83345e-02
4.57888e-02
4.28843e-02
4.04911e-02
3.86670e-02
3.64729e-02
3.36423e-02
2.98281e-02
2.54986e-02
2.16866e-02
1.83562e-02
1.49506e-02
1.20189e-02
8.93069e-03
4.96548e-03
4.72115e-04
-4.31888e-03
-8.82344e-03
-1.25209e-02
-1.45834e-02
-1.41208e-02
-1.07787e-02
-5.39623e-03
8.75504e-04
6.62030e-03
1.03418e-02
1.12437e-02
8.93770e-03
3.11649e-03
-5.48784e-03
-1.58233e-02
-2.59304e-02
-3.40713e-02
-3.98134e-02
-4.26821e-02
-4.24523e-02
-4.01832e-02
-3.77150e-02
-3.68805e-02
-3.79708e-02
-4.09245e-02
-4.56104e-02
-5.06684e-02
-5.47081e-02
-5.65806e-02
-5.53917e-02
-5.21557e-02
-4.77150e-02
-4.33337e-02
-4.08772e-02
-4.04961e-02
-4.16093e-02
-4.36292e-02
-4.47147e-02
-4.35168e-02
-3.94776e-02
-3.23199e-02
-2.18213e-02
-8.20539e-03
7.15532e-03
2.33926e-02
3.92060e-02
5.33921e-02
6.51823e-02
7.53557e-02
8.37927e-02
9.07579e-02
9.69639e-02
1.01558e-01
1.06128e-01
1.12286e-01
1.18949e-01
1.24268e-01
1.27691e-01
1.28825e-01
1.28373e-01
1.26975e-01
1.23279e-01
1.16043e-01
1.06029e-01
9.51376e-02
8.59505e-02
7.85212e-02
7.12909e-02
6.39397e-02
5.58856e-02
4.64973e-02
3.58614e-02
2.49561e-02
1.48749e-02
5.60696e-03
-3.22467e-03
-1.27065e-02
-2.23110e-02
-3.31273e-02
-4.49671e-02
-5.72094e-02
-6.95254e-02
-8.04432e-02
-9.06647e-02
-9.93460e-02
-1.06055e-01
-1.10690e-01
-1.11851e-01
-1.10707e-01
-1.09170e-01
-1.07696e-01
-1.06685e-01
-1.06568e-01
-1.05816e-01
-1.02506e-01
-9.64298e-02
-8.81548e-02
-7.89663e-02
-6.96902e-02
-6.22798e-02
-5.77123e-02
-5.58374e-02
-5.57241e-02
-5.61056e-02
-5.53464e-02
-5.25414e-02
-4.69873e-02
-3.95432e-02
-3.13927e-02
-2.40039e-02
-1.86334e-02
-1.54994e-02
-1.52294e-02
-1.75621e-02
-2.14501e-02
-2.54587e-02
-2.88604e-02
-3.15877e-02
-3.29537e-02
-3.32153e-02
-3.24200e-02
-3.05549e-02
-2.68042e-02
-2.20681e-02
-1.70740e-02
-1.19813e-02
-6.27501e-03
-1.08810e-04
6.42708e-03
1.29905e-02
1.98979e-02
2.64703e-02
3.22805e-02
3.71029e-02
3.99053e-02
4.11647e-02
4.24893e-02
4.46949e-02
4.80072e-02
5.28204e-02
5.80914e-02
6.24173e-02
6.58408e-02
6.81919e-02
6.94729e-02
6.93878e-02
6.71199e-02
6.25141e-02
5.53429e-02
4.76085e-02
4.07861e-02
3.80238e-02
3.75073e-02
3.68416e-02
3.42225e-02
2.97934e-02
2.36319e-02
1.63160e-02
1.00974e-02
6.33369e-03
4.46672e-03
4.01641e-03
4.37330e-03
5.19138e-03
6.02237e-03
5.97011e-03
5.11859e-03
3.00641e-03
-4.88715e-04
-4.68376e-03
-7.75481e-03
-9.92638e-03
-1.12222e-02
-1.09601e-02
-9.37400e-03
-6.63304e-03
-3.72806e-03
-1.41781e-03
4.45471e-04
1.68168e-03
2.93408e-03
3.54950e-03
3.00073e-03
1.84896e-03
6.83785e-04
1.08180e-04
1.64625e-03
6.68195e-03
1.43643e-02
2.17432e-02
2.68415e-02
2.81836e-02
2.59050e-02
2.17344e-02
1.69357e-02
1.18775e-02
7.85244e-03
5.01120e-03
2.39717e-03
-5.32922e-04
-3.95044e-03
-8.17018e-03
-1.33299e-02
-1.92769e-02
-2.52082e-02
-2.98963e-02
-3.27133e-02
-3.31431e-02
-3.21767e-02
-3.02734e-02
-2.83012e-02
-2.65556e-02
-2.56843e-02
-2.59303e-02
-2.70770e-02
-2.83571e-02
-2.89325e-02
-2.84450e-02
-2.66757e-02
-2.37608e-02
-2.06791e-02
-1.82792e-02
-1.56912e-02
-1.25896e-02
-9.03460e-03
-6.25387e-03
-3.88009e-03
-1.06386e-03
2.40688e-03
5.71644e-03
8.81605e-03
1.14309e-02
1.30990e-02
1.38359e-02
1.36475e-02
1.20895e-02
9.06205e-03
5.64185e-03
2.31792e-03
-5.18252e-04
-1.40567e-03
-9.75747e-05
3.16841e-03
7.92285e-03
1.27672e-02
1.66486e-02
1.88807e-02
2.02489e-02
2.06439e-02
1.94907e-02
1.76049e-02
1.52984e-02
1.31104e-02
1.11889e-02
9.87992e-03
9.53215e-03
9.59073e-03
1.02042e-02
1.11602e-02
1.22795e-02
1.32320e-02
1.22027e-02
8.47661e-03
4.55743e-03
2.31652e-03
1.19696e-03
3.76845e-04
-8.52798e-04
-2.22080e-03
-3.91905e-03
-5.63156e-03
-7.30896e-03
-8.38724e-03
-8.48511e-03
-7.73982e-03
-5.58478e-03
-3.13354e-03
-1.35568e-03
-8.34057e-04
-1.47454e-03
-3.25611e-03
-6.13099e-03
-9.43052e-03
-1.28310e-02
-1.71015e-02
-2.16008e-02
-2.59955e-02
-2.90508e-02
-2.90006e-02
-2.68740e-02
-2.36956e-02
-1.89137e-02
-1.21474e-02
-4.41930e-03
4.25303e-03
1.34818e-02
2.17463e-02
2.79205e-02
3.16363e-02
3.33930e-02
3.28830e-02
3.03862e-02
2.73990e-02
2.55151e-02
2.51515e-02
2.56982e-02
2.71353e-02
2.95259e-02
3.26856e-02
3.66399e-02
4.11794e-02
4.55096e-02
4.86995e-02
5.01225e-02
4.98924e-02
4.87168e-02
4.66777e-02
4.54782e-02
4.60213e-02
4.74214e-02
4.87785e-02
4.96964e-02
5.02641e-02
4.93064e-02
4.65025e-02
4.12731e-02
3.34450e-02
2.41716e-02
1.45808e-02
6.64087e-03
9.49247e-04
-2.37467e-03
-4.32106e-03
-5.75862e-03
-6.46892e-03
-6.93060e-03
-8.20386e-03
-1.01787e-02
-1.23526e-02
-1.38711e-02
-1.42235e-02
-1.49255e-02
-1.68650e-02
-2.04737e-02
-2.56883e-02
-3.08299e-02
-3.45432e-02
-3.72750e-02
-4.06779e-02
-4.49509e-02
-4.90411e-02
-5.11949e-02
-5.04909e-02
-4.83113e-02
-4.59391e-02
-4.38241e-02
-4.15158e-02
-3.94809e-02
-3.74779e-02
-3.55824e-02
-3.36963e-02
-3.25683e-02
-3.29123e-02
-3.42688e-02
-3.49462e-02
-3.50279e-02
-3.51969e-02
-3.58343e-02
-3.74846e-02
-4.03573e-02
-4.34773e-02
-4.60708e-02
-4.72368e-02
-4.66571e-02
-4.41631e-02
-3.99769e-02
-3.50042e-02
-3.01776e-02
-2.64777e-02
-2.50367e-02
-2.48660e-02
-2.59840e-02
-2.75405e-02
-2.83598e-02
-2.87519e-02
-2.91069e-02
-2.88530e-02
-2.61158e-02
-1.97000e-02
-1.06967e-02
-1.32745e-03
5.31455e-03
9.77468e-03
1.29949e-02
1.57794e-02
1.92247e-02
2.33437e-02
2.76480e-02
3.14343e-02
3.54005e-02
3.87422e-02
4.10898e-02
4.18887e-02
4.12716e-02
4.00460e-02
3.86758e-02
3.76547e-02
3.63617e-02
3.44768e-02
3.18642e-02
2.92412e-02
2.60779e-02
2.19364e-02
1.73372e-02
1.31096e-02
1.06648e-02
1.07743e-02
1.36369e-02
1.85102e-02
2.46756e-02
3.09772e-02
3.59294e-02
3.85878e-02
3.86730e-02
3.62320e-02
3.14500e-02
2.55863e-02
1.84640e-02
1.10786e-02
4.26188e-03
-1.54231e-03
-7.81119e-03
-1.49024e-02
-2.28985e-02
-3.13253e-02
-3.95389e-02
-4.63548e-02
-5.16603e-02
-5.49347e-02
-5.48702e-02
-5.18560e-02
-4.70810e-02
-4.20214e-02
-3.75362e-02
-3.32985e-02
-2.89996e-02
-2.55237e-02
-2.31771e-02
-2.20199e-02
-2.11047e-02
-1.94839e-02
-1.66850e-02
-1.31894e-02
-9.15344e-03
-4.48123e-03
9.65644e-04
6.62134e-03
1.24617e-02
1.78234e-02
2.18797e-02
2.47422e-02
2.57843e-02
2.50106e-02
2.41493e-02
2.45996e-02
2.75446e-02
3.21192e-02
3.66719e-02
4.06278e-02
4.35793e-02
4.45618e-02
4.39038e-02
4.17233e-02
3.97704e-02
3.86973e-02
3.76089e-02
3.68693e-02
3.58088e-02
3.44141e-02
3.23272e-02
2.96577e-02
2.56293e-02
2.11367e-02
1.63244e-02
1.19003e-02
8.92686e-03
7.48141e-03
6.82285e-03
6.02290e-03
4.08380e-03
5.37518e-04
-4.70432e-03
-1.07153e-02
-1.63111e-02
-2.00647e-02
-2.18156e-02
-2.16048e-02
-2.01464e-02
-1.81003e-02
-1.62236e-02
-1.51243e-02
-1.51704e-02
-1.62614e-02
-1.82392e-02
-2.08230e-02
-2.38986e-02
-2.70934e-02
-2.90703e-02
-2.95249e-02
-2.93771e-02
-2.87284e-02
-2.77998e-02
-2.63629e-02
-2.46966e-02
-2.31319e-02
-2.24601e-02
-2.25894e-02
-2.33402e-02
-2.46696e-02
-2.59772e-02
-2.59744e-02
-2.46049e-02
-2.22009e-02
-1.88574e-02
-1.54796e-02
-1.27813e-02
-1.12241e-02
-1.05767e-02
-1.09413e-02
-1.18399e-02
-1.29204e-02
-1.33560e-02
-1.27739e-02
-1.10567e-02
-8.80482e-03
-6.50286e-03
-4.19380e-03
-1.35892e-03
2.46830e-03
6.91757e-03
1.17995e-02
1.60613e-02
1.95425e-02
2.15539e-02
2.25997e-02
2.32522e-02
2.29448e-02
2.14517e-02
1.88988e-02
1.57631e-02
1.35459e-02
1.28515e-02
1.33675e-02
1.40889e-02
1.49401e-02
1.46910e-02
1.31132e-02
9.45331e-03
5.08930e-03
1.70470e-03
-2.68497e-04
-2.65780e-03
-5.92519e-03
-9.16817e-03
-1.07766e-02
-1.04572e-02
-9.16579e-03
-8.28911e-03
-7.69726e-03
-8.00939e-03
-9.29745e-03
-1.13118e-02
-1.32347e-02
-1.46274e-02
-1.52414e-02
-1.50281e-02
-1.38149e-02
-1.15552e-02
-9.02208e-03
-7.18956e-03
-6.42267e-03
-5.77180e-03
-4.94324e-03
-4.39264e-03
-4.12801e-03
-3.28779e-03
-1.17888e-03
3.23611e-03
9.45256e-03
1.60869e-02
2.09569e-02
2.26494e-02
2.07356e-02
1.62827e-02
1.09492e-02
5.78079e-03
2.53967e-03
2.48018e-04
-7.23684e-04
-2.86083e-04
1.60077e-03
4.88593e-03
8.87663e-03
1.29401e-02
1.69557e-02
2.02497e-02
2.25569e-02
2.40933e-02
2.43837e-02
2.33751e-02
2.18820e-02
1.96544e-02
1.65612e-02
1.34411e-02
1.15091e-02
1.09514e-02
1.21558e-02
1.44199e-02
1.62726e-02
1.69190e-02
1.60098e-02
1.37680e-02
1.03739e-02
6.09560e-03
1.23408e-03
-2.92794e-03
-4.86022e-03
-4.76020e-03
-3.28418e-03
-1.27943e-03
7.52052e-05
6.77550e-04
-8.56303e-05
-1.21704e-03
-1.96734e-03
-2.22964e-03
-1.84370e-03
-9.90445e-04
6.92807e-04
2.28671e-03
2.26685e-03
1.48172e-04
-4.11677e-03
-9.64241e-03
-1.60469e-02
-2.21519e-02
-2.61138e-02
-2.81033e-02
-2.77052e-02
-2.47242e-02
-2.11414e-02
-1.74852e-02
-1.42101e-02
-1.17444e-02
-9.93926e-03
-8.44593e-03
-7.57816e-03
-7.94884e-03
-9.07051e-03
-9.83335e-03
-9.47811e-03
-8.50092e-03
-8.45253e-03
-1.01039e-02
-1.32472e-02
-1.61636e-02
-1.77544e-02
-1.82133e-02
-1.77201e-02
-1.64298e-02
-1.49103e-02
-1.33446e-02
-1.17397e-02
-1.00341e-02
-8.09794e-03
-5.14467e-03
-1.04434e-03
3.55710e-03
7.77602e-03
1.00960e-02
1.00555e-02
9.59562e-03
1.03460e-02
1.28328e-02
1.65534e-02
1.96881e-02
2.17291e-02
2.31504e-02
2.41671e-02
2.41238e-02
2.21625e-02
1.86693e-02
1.47915e-02
1.12359e-02
8.32363e-03
6.57430e-03
6.40616e-03
8.37948e-03
1.20847e-02
1.60402e-02
1.90495e-02
2.03654e-02
2.08442e-02
2.11076e-02
2.18848e-02
2.26894e-02
2.30547e-02
2.21817e-02
1.96759e-02
1.66183e-02
1.36631e-02
1.01872e-02
6.34894e-03
1.88822e-03
-3.35792e-03
-8.91715e-03
-1.39574e-02
-1.76855e-02
-1.93011e-02
-1.89341e-02
-1.73002e-02
-1.52723e-02
-1.37774e-02
-1.24845e-02
-1.17490e-02
-1.12729e-02
-1.07287e-02
-1.02729e-02
-1.02321e-02
-1.02798e-02
-1.04106e-02
-1.01686e-02
-9.79783e-03
-9.29175e-03
-8.57504e-03
-7.39173e-03
-5.32002e-03
-2.83697e-03
-3.39354e-04
2.04111e-03
4.74691e-03
6.93161e-03
8.62273e-03
1.00643e-02
1.12551e-02
1.21403e-02
1.23963e-02
1.11584e-02
7.95073e-03
2.87334e-03
-2.33506e-03
-5.05035e-03
-6.30344e-03
-7.26279e-03
-7.08439e-03
-6.12418e-03
-4.29905e-03
-2.16001e-03
-1.79447e-04
1.94083e-03
3.16757e-03
2.41017e-03
3.84086e-04
-1.78042e-03
-3.49274e-03
-4.57610e-03
-4.54258e-03
-4.29532e-03
-5.91468e-03
-8.90341e-03
-1.20701e-02
-1.46823e-02
-1.67403e-02
-1.76027e-02
-1.73820e-02
-1.65791e-02
-1.52431e-02
-1.33610e-02
-1.05726e-02
-7.42164e-03
-3.46412e-03
4.12228e-04
3.18370e-03
4.91379e-03
5.13464e-03
4.86077e-03
6.31944e-03
1.02580e-02
1.58156e-02
2.14635e-02
2.56029e-02
2.72736e-02
2.73141e-02
2.70685e-02
2.66649e-02
2.64960e-02
2.66282e-02
2.78222e-02
2.92841e-02
3.05101e-02
3.04418e-02
2.78753e-02
2.30160e-02
1.74989e-02
1.34033e-02
1.18101e-02
1.21324e-02
1.36888e-02
1.54649e-02
1.66208e-02
1.64634e-02
1.47674e-02
1.27922e-02
1.08538e-02
8.55872e-03
5.20780e-03
1.19508e-03
-1.51770e-03
-4.31207e-03
-6.49148e-03
-8.70082e-03
-1.11381e-02
-1.45209e-02
-1.79651e-02
-2.08498e-02
-2.32880e-02
-2.51881e-02
-2.68875e-02
-2.86001e-02
-3.01394e-02
-3.13768e-02
-3.24939e-02
-3.27180e-02
-3.21208e-02
-3.11351e-02
-3.00742e-02
-2.88219e-02
-2.75298e-02
-2.63158e-02
-2.57145e-02
-2.53630e-02
-2.52424e-02
-2.44353e-02
-2.24644e-02
-2.00570e-02
-1.70167e-02
-1.36548e-02
-1.04192e-02
-8.10420e-03
-6.29908e-03
-5.13369e-03
-4.07528e-03
-2.66634e-03
-3.56515e-04
2.15019e-03
3.61038e-03
4.19253e-03
5.05968e-03
7.47991e-03
1.16932e-02
1.72997e-02
2.21571e-02
2.47492e-02
2.58605e-02
2.61696e-02
2.64567e-02
2.64384e-02
2.48182e-02
2.09766e-02
1.62056e-02
1.25953e-02
1.11511e-02
1.12153e-02
1.31368e-02
1.61384e-02
1.93060e-02
2.21891e-02
2.41067e-02
2.49244e-02
2.40876e-02
2.24243e-02
2.04901e-02
1.76917e-02
1.38786e-02
8.69282e-03
1.70572e-03
-5.63737e-03
-1.17790e-02
-1.55177e-02
-1.79873e-02
-2.01841e-02
-2.25042e-02
-2.48088e-02
-2.67521e-02
-2.88695e-02
-3.14269e-02
-3.42741e-02
-3.55013e-02
-3.54544e-02
-3.36821e-02
-2.97901e-02
-2.42534e-02
-1.85645e-02
-1.39146e-02
-1.02177e-02
-8.26077e-03
-7.42208e-03
-7.10739e-03
-6.25410e-03
-5.06800e-03
-4.36960e-03
-5.19970e-03
-7.95373e-03
-1.11511e-02
-1.31740e-02
-1.23279e-02
-8.88838e-03
-3.61403e-03
1.88964e-03
7.10452e-03
1.16439e-02
1.56496e-02
1.86393e-02
1.98971e-02
1.98863e-02
1.84231e-02
1.53850e-02
1.15431e-02
8.65208e-03
6.98826e-03
6.46185e-03
7.06726e-03
8.21872e-03
9.42303e-03
1.02857e-02
1.07251e-02
1.11603e-02
1.21565e-02
1.42282e-02
1.70543e-02
2.05411e-02
2.36829e-02
2.59566e-02
2.70011e-02
2.68160e-02
2.52252e-02
2.19567e-02
1.71892e-02
9.88907e-03
1.04353e-03
-6.84318e-03
-1.18605e-02
-1.20760e-02
-8.47540e-03
-3.05695e-03
2.63127e-03
7.84987e-03
1.19846e-02
1.39764e-02
1.33471e-02
1.11072e-02
8.26383e-03
4.50657e-03
-3.13340e-04
-5.12305e-03
-8.18534e-03
-9.54065e-03
-9.40078e-03
-8.62405e-03
-8.17047e-03
-8.41110e-03
-9.21614e-03
-9.67627e-03
-8.72592e-03
-6.00865e-03
-1.94227e-03
2.55890e-03
6.91937e-03
1.04955e-02
1.24891e-02
1.28921e-02
1.28674e-02
1.20703e-02
1.02131e-02
6.66139e-03
9.76241e-04
-5.78169e-03
-1.22130e-02
-1.56937e-02
-1.64036e-02
-1.54156e-02
-1.44317e-02
-1.50744e-02
-1.58899e-02
-1.56471e-02
-1.41559e-02
-1.20976e-02
-1.02235e-02
-8.63960e-03
-7.94823e-03
-8.75684e-03
-1.09418e-02
-1.41729e-02
-1.73336e-02
-2.09453e-02
-2.41569e-02
-2.55873e-02
-2.50921e-02
-2.25698e-02
-1.87951e-02
-1.46662e-02
-1.10256e-02
-7.66959e-03
-5.40874e-03
-4.70603e-03
-4.55812e-03
-4.26159e-03
-3.30523e-03
-2.36120e-03
-1.82491e-03
-7.54335e-04
6.50196e-04
1.16303e-03
-1.58875e-04
-2.39893e-03
-3.07769e-03
-1.55285e-03
7.01856e-04
1.84482e-03
1.37857e-03
4.40954e-04
6.04559e-05
1.04315e-03
3.47720e-03
6.86523e-03
1.10705e-02
1.55053e-02
1.88923e-02
2.00238e-02
1.78961e-02
1.30138e-02
8.31958e-03
5.93033e-03
5.52666e-03
4.96978e-03
2.63209e-03
-4.29973e-04
-1.75977e-03
-7.15274e-04
2.05450e-03
5.50223e-03
8.78330e-03
1.21420e-02
1.56832e-02
1.88843e-02
2.05737e-02
1.98079e-02
1.63020e-02
1.17275e-02
9.03616e-03
7.75642e-03
5.76703e-03
1.65790e-03
-3.57909e-03
-8.40141e-03
-1.23552e-02
-1.53397e-02
-1.69623e-02
-1.70532e-02
-1.64818e-02
-1.53363e-02
-1.45287e-02
-1.47794e-02
-1.71661e-02
-2.03705e-02
-2.30258e-02
-2.36024e-02
-2.16916e-02
-1.84549e-02
-1.44343e-02
-9.98310e-03
-5.45569e-03
-1.68582e-03
5.56753e-04
7.21531e-04
-6.95767e-04
-2.38808e-03
-2.89714e-03
-2.20444e-03
-2.15993e-04
1.86255e-03
4.78656e-03
8.20923e-03
1.12416e-02
1.43243e-02
1.74040e-02
2.04907e-02
2.20067e-02
2.10560e-02
1.79347e-02
1.27284e-02
6.66646e-03
3.29890e-04
-5.14542e-03
-8.66124e-03
-1.07251e-02
-1.17147e-02
-1.18422e-02
-1.14500e-02
-1.06416e-02
-9.87015e-03
-9.27488e-03
-8.22178e-03
-6.61787e-03
-5.05962e-03
-3.97780e-03
-2.13817e-03
1.60893e-03
6.06313e-03
9.26192e-03
1.01408e-02
9.22267e-03
7.15080e-03
4.91015e-03
3.29203e-03
1.53534e-03
-7.17077e-06
-1.07117e-03
-9.14023e-04
7.51548e-04
3.59124e-03
6.71797e-03
1.00512e-02
1.35622e-02
1.69176e-02
2.11134e-02
2.55174e-02
2.91731e-02
3.08742e-02
2.96227e-02
2.63355e-02
2.20976e-02
1.72540e-02
1.22647e-02
6.46128e-03
9.79836e-04
-3.36031e-03
-6.94904e-03
-1.07894e-02
-1.41944e-02
-1.59881e-02
-1.42973e-02
-9.56695e-03
-3.97110e-03
1.06144e-03
5.09795e-03
7.36907e-03
7.50035e-03
6.60865e-03
5.34553e-03
3.45280e-03
4.44943e-05
-5.12934e-03
-1.08848e-02
-1.57253e-02
-1.79059e-02
-1.84921e-02
-1.85800e-02
-1.82885e-02
-1.76921e-02
-1.67440e-02
-1.55293e-02
-1.40874e-02
-1.24415e-02
-1.09469e-02
-9.89771e-03
-9.04461e-03
-9.18221e-03
-1.03878e-02
-1.27015e-02
-1.54258e-02
-1.73438e-02
-1.82810e-02
-1.78603e-02
-1.57512e-02
-1.19313e-02
-6.80565e-03
-1.83153e-04
8.06641e-03
1.63599e-02
2.33376e-02
2.69024e-02
2.74776e-02
2.58912e-02
2.35404e-02
2.14843e-02
2.06380e-02
2.05835e-02
2.07517e-02
2.06903e-02
2.02398e-02
1.90484e-02
1.71889e-02
1.44673e-02
1.10529e-02
6.58975e-03
2.48034e-03
-1.37145e-03
-4.00847e-03
-4.71993e-03
-3.47524e-03
1.53255e-04
5.28797e-03
1.12744e-02
1.69054e-02
2.13698e-02
2.42073e-02
2.47307e-02
2.25134e-02
1.70615e-02
8.60744e-03
-1.88244e-03
-1.06055e-02
-1.62981e-02
-1.74976e-02
-1.18252e-02
-1.92906e-04
1.44844e-02
2.80505e-02
3.73203e-02
3.98166e-02
3.34469e-02
1.93532e-02
9.45250e-05
-1.75837e-02
-3.05601e-02
-3.76801e-02
-3.52161e-02
-2.51976e-02
-1.26811e-02
-1.53334e-03
4.36117e-03
4.90161e-03
1.23725e-04
-8.12926e-03
-1.59785e-02
-1.97079e-02
-1.65447e-02
-7.93806e-03
2.86100e-03
1.25316e-02
1.90976e-02
2.23175e-02
2.25454e-02
2.05793e-02
1.70659e-02
1.32165e-02
1.05439e-02
9.65979e-03
1.03497e-02
1.22495e-02
1.39414e-02
1.38236e-02
1.09247e-02
5.88362e-03
-2.40912e-04
-5.58739e-03
-9.33348e-03
-1.23302e-02
-1.49627e-02
-1.81734e-02
-2.22503e-02
-2.67927e-02
-3.16427e-02
-3.57522e-02
-3.84062e-02
-4.00557e-02
-4.07810e-02
-3.99595e-02
-3.72586e-02
-3.41730e-02
-3.16143e-02
-2.92771e-02
-2.67160e-02
-2.30636e-02
-1.88167e-02
-1.50596e-02
-1.12086e-02
-6.38586e-03
-1.93891e-03
9.33851e-04
3.13482e-03
5.34313e-03
7.43661e-03
9.47961e-03
1.01772e-02
8.62672e-03
4.57991e-03
-1.67122e-03
-8.82251e-03
-1.48034e-02
-1.78139e-02
-1.73376e-02
-1.43582e-02
-1.04828e-02
-6.51631e-03
-3.74941e-03
-2.35954e-03
-2.63891e-03
-4.05392e-03
-5.16077e-03
-5.16630e-03
-4.12526e-03
-2.15429e-03
2.14226e-04
2.29080e-03
5.01832e-03
8.14464e-03
1.13688e-02
1.48783e-02
1.90623e-02
2.25495e-02
2.38767e-02
2.44734e-02
2.44997e-02
2.44971e-02
2.50671e-02
2.61785e-02
2.76508e-02
2.82878e-02
2.66309e-02
2.22950e-02
1.60282e-02
8.31454e-03
1.23153e-03
-3.31374e-03
-4.41040e-03
-2.28144e-03
1.69369e-03
5.59967e-03
7.73282e-03
6.55343e-03
2.39622e-03
-3.55930e-03
-9.26359e-03
-1.41769e-02
-1.63988e-02
-1.50040e-02
-1.07737e-02
-5.94190e-03
-2.39989e-03
1.51187e-04
9.84743e-04
-5.30898e-04
-4.66557e-03
-9.72711e-03
-1.34374e-02
-1.49330e-02
-1.37690e-02
-1.12362e-02
-8.86320e-03
-7.69659e-03
-8.88650e-03
-1.19605e-02
-1.57181e-02
-1.76203e-02
-1.74321e-02
-1.55753e-02
-1.29197e-02
-1.11949e-02
-1.05911e-02
-1.02037e-02
-1.01747e-02
-1.05024e-02
-1.07595e-02
-1.01144e-02
-8.60070e-03
-6.62801e-03
-4.43297e-03
-2.20902e-03
4.03464e-04
3.33779e-03
6.24075e-03
8.72559e-03
1.04094e-02
1.14047e-02
1.22614e-02
1.33734e-02
1.46483e-02
1.60080e-02
1.71816e-02
1.77309e-02
1.76720e-02
1.71638e-02
1.66076e-02
1.58377e-02
1.43532e-02
1.24359e-02
1.05441e-02
8.79295e-03
7.85135e-03
8.57577e-03
1.11055e-02
1.53100e-02
2.00468e-02
2.37553e-02
2.50058e-02
2.41095e-02
2.12140e-02
1.74602e-02
1.41420e-02
1.22374e-02
1.13601e-02
1.23488e-02
1.47745e-02
1.67379e-02
1.73538e-02
1.69357e-02
1.49563e-02
1.14241e-02
7.60413e-03
4.16979e-03
1.45258e-03
-9.36121e-04
-2.25924e-03
-2.33762e-03
-2.38325e-03
-2.89805e-03
-4.59362e-03
-7.23995e-03
-9.90325e-03
-1.22385e-02
-1.36955e-02
-1.36579e-02
-1.21085e-02
-9.26409e-03
-6.41104e-03
-4.64415e-03
-2.95079e-03
-1.06394e-03
1.09027e-03
3.20164e-03
4.68068e-03
4.60151e-03
3.11502e-03
1.49013e-03
1.05526e-04
-5.19854e-04
1.79210e-04
1.68345e-03
3.37431e-03
4.13579e-03
3.69191e-03
2.13534e-03
-8.34323e-05
-2.35617e-03
-4.61356e-03
-7.06556e-03
-8.79943e-03
-8.05753e-03
-5.46659e-03
-2.49024e-03
-9.97575e-04
-1.74064e-03
-2.98388e-03
-3.30260e-03
-2.80135e-03
-2.25607e-03
-1.69646e-03
-1.13598e-03
-1.02828e-03
-1.06821e-03
-9.66440e-04
-1.00111e-03
-1.04668e-03
-7.12453e-04
1.25603e-04
8.33580e-04
9.66912e-04
-8.43835e-05
-1.98215e-03
-4.89255e-03
-8.54229e-03
-1.31772e-02
-1.93371e-02
-2.56498e-02
-3.05941e-02
-3.12254e-02
-2.57723e-02
-1.57145e-02
-2.82313e-03
1.07154e-02
2.28803e-02
3.10333e-02
3.40854e-02
3.19349e-02
2.38301e-02
9.82718e-03
-7.70856e-03
-2.44412e-02
-3.55674e-02
-3.97750e-02
-3.91041e-02
-3.35322e-02
-2.44340e-02
-1.48265e-02
-7.05510e-03
-1.95125e-03
4.35722e-04
7.43822e-04
-1.59234e-04
-1.88500e-03
-5.29006e-03
-9.14490e-03
-1.14544e-02
-1.24481e-02
-1.30639e-02
-1.34299e-02
-1.40030e-02
-1.46484e-02
-1.40533e-02
-1.13973e-02
-6.70075e-03
-1.74086e-03
2.10966e-03
3.47670e-03
1.36733e-03
-4.51778e-03
-1.28056e-02
-2.11226e-02
-2.70184e-02
-2.90734e-02
-2.72222e-02
-2.20108e-02
-1.45230e-02
-6.40347e-03
5.38226e-04
4.11257e-03
3.89870e-03
7.82018e-04
-4.77526e-03
-1.17879e-02
-1.89245e-02
-2.41091e-02
-2.55953e-02
-2.30743e-02
-1.70928e-02
-9.32147e-03
-2.53082e-03
1.68648e-03
2.26718e-03
-3.47102e-04
-4.04637e-03
-6.76457e-03
-8.03132e-03
-7.01733e-03
-3.59975e-03
1.90900e-03
9.07872e-03
1.66426e-02
2.30892e-02
2.74450e-02
2.88707e-02
2.66013e-02
2.16773e-02
1.61270e-02
1.23275e-02
1.12233e-02
1.29772e-02
1.63939e-02
2.01902e-02
2.25296e-02
2.26872e-02
2.08656e-02
1.76469e-02
1.38586e-02
1.06529e-02
8.57109e-03
7.54957e-03
7.17081e-03
7.26184e-03
7.99873e-03
9.34277e-03
1.04604e-02
1.02651e-02
8.33251e-03
4.55174e-03
-1.14070e-04
-2.88653e-03
-2.15059e-03
1.54005e-03
6.74877e-03
1.17434e-02
1.48154e-02
1.62449e-02
1.72719e-02
1.78303e-02
1.77432e-02
1.68770e-02
1.49598e-02
1.19993e-02
8.96073e-03
6.85007e-03
5.55669e-03
5.00893e-03
4.66976e-03
4.06525e-03
3.14079e-03
1.96072e-03
1.02217e-03
1.16299e-03
2.43431e-03
3.32318e-03
3.25673e-03
2.15097e-03
6.71358e-04
-7.92079e-04
-6.59170e-04
1.87209e-03
6.99031e-03
1.33590e-02
1.99490e-02
2.54714e-02
2.78942e-02
2.63621e-02
2.08466e-02
1.22509e-02
3.66246e-03
-3.73383e-03
-8.19723e-03
-8.35135e-03
-5.90557e-03
-2.18061e-03
2.08547e-03
6.19604e-03
8.47649e-03
7.80038e-03
3.73692e-03
-2.27756e-03
-7.94958e-03
-1.17918e-02
-1.30346e-02
-1.15017e-02
-8.58195e-03
-6.05584e-03
-5.13078e-03
-5.87503e-03
-7.29689e-03
-8.45659e-03
-8.80644e-03
-8.96245e-03
-9.24198e-03
-1.00961e-02
-1.16567e-02
-1.34800e-02
-1.49547e-02
-1.61547e-02
-1.76315e-02
-1.89562e-02
-2.01650e-02
-2.08289e-02
-2.10213e-02
-2.12544e-02
-2.13620e-02
-2.09094e-02
-1.91140e-02
-1.58820e-02
-1.15746e-02
-6.90485e-03
-2.12339e-03
2.15766e-03
5.86554e-03
8.57134e-03
9.82649e-03
9.97007e-03
9.69382e-03
8.66274e-03
6.52381e-03
3.77626e-03
7.29494e-04
-2.16321e-03
-4.27667e-03
-5.49647e-03
-5.60755e-03
-5.49793e-03
-5.63274e-03
-5.02734e-03
-3.25418e-03
-9.58626e-04
9.25968e-04
2.27497e-03
2.85074e-03
2.81635e-03
2.46729e-03
2.08619e-03
1.62178e-03
5.81105e-04
-6.38581e-04
-1.89950e-03
-3.61285e-03
-5.26716e-03
-7.20481e-03
-9.56890e-03
-1.15689e-02
-1.27925e-02
-1.31951e-02
-1.27756e-02
-1.11813e-02
-8.88309e-03
-6.36629e-03
-4.21696e-03
-2.80963e-03
-2.34305e-03
-1.97993e-03
-1.26414e-03
1.22878e-05
1.85403e-03
3.38270e-03
4.31565e-03
4.91022e-03
4.62362e-03
3.56611e-03
2.37967e-03
1.01309e-03
2.34171e-04
6.93110e-05
2.53145e-04
8.08385e-04
1.48654e-03
2.21515e-03
2.87044e-03
3.17444e-03
3.37162e-03
4.32544e-03
6.14740e-03
7.96242e-03
8.93455e-03
9.24650e-03
8.71268e-03
6.72470e-03
3.69045e-03
5.86540e-04
-1.62483e-03
-2.86663e-03
-3.28714e-03
-2.84696e-03
-1.33367e-03
1.00261e-03
3.38559e-03
5.37805e-03
7.25928e-03
9.07558e-03
9.83907e-03
9.66942e-03
8.55518e-03
6.68735e-03
4.77405e-03
3.21185e-03
2.51932e-03
3.01653e-03
4.33361e-03
5.74281e-03
6.19661e-03
5.51266e-03
4.65469e-03
4.01904e-03
3.62547e-03
3.60883e-03
3.79282e-03
3.97838e-03
3.89010e-03
3.79670e-03
3.94222e-03
3.89752e-03
3.32593e-03
2.57331e-03
2.24134e-03
2.56688e-03
3.42237e-03
4.51226e-03
5.63069e-03
6.15495e-03
5.87539e-03
5.22147e-03
3.95990e-03
1.55713e-03
-1.66294e-03
-4.40537e-03
-5.90967e-03
-6.13906e-03
-4.20382e-03
-7.22723e-04
2.01127e-03
3.67438e-03
4.72615e-03
5.56254e-03
5.98392e-03
5.71583e-03
4.99086e-03
3.70128e-03
1.93509e-03
5.43937e-04
-1.71627e-04
-1.44170e-04
5.20155e-04
1.21370e-03
1.35795e-03
1.11255e-03
4.55373e-04
-3.20842e-04
-9.98631e-04
-1.16369e-03
-1.01444e-03
-5.32417e-04
1.96967e-04
1.09802e-03
1.56327e-03
1.47902e-03
8.84277e-04
-8.00796e-05
-1.09750e-03
-1.95174e-03
-2.60515e-03
-3.01820e-03
-3.28828e-03
-3.32540e-03
-2.96415e-03
-2.50362e-03
-1.94708e-03
-1.47276e-03
-1.15073e-03
-1.05980e-03
-9.62907e-04
-8.91588e-04
-8.52864e-04
-6.95120e-04
-3.30208e-04
1.51008e-04
4.33595e-04
4.61218e-04
1.45156e-04
-6.09702e-04
-1.65224e-03
-2.62010e-03
-3.22667e-03
-3.46531e-03
-3.18168e-03
-2.34689e-03
-1.18395e-03
-1.54666e-04
3.83265e-04
1.04531e-04
-3.01348e-04
-4.00008e-04
-4.13551e-04
-3.56285e-04
-3.89307e-04
-4.10961e-04
-5.38211e-04
-5.47826e-04
-4.22767e-04
-2.86146e-04
-4.00443e-04
-1.03902e-03
-1.81133e-03
-2.19989e-03
-2.11859e-03
-1.69790e-03
-1.12898e-03
-5.43229e-04
-2.10326e-04
-1.30366e-04
-1.62830e-04
-2.97293e-04
-5.12978e-04
-7.06916e-04
-7.79282e-04
-6.71142e-04
-5.20504e-04
-4.17834e-04
-3.46632e-04
-3.51499e-04
-4.18579e-04
-6.70053e-04
-1.10403e-03
-1.62311e-03
-2.09651e-03
-2.37214e-03
-2.31410e-03
-1.96368e-03
-1.55266e-03
-1.16743e-03
-7.95926e-04
-4.33917e-04
-1.77412e-04
-1.30039e-04
-2.02860e-04
-3.48207e-04
-5.43785e-04
-7.35577e-04
-9.02554e-04
-1.07187e-03
-1.19778e-03
-1.25649e-03
-1.30995e-03
-1.32667e-03
-1.24958e-03
-1.10628e-03
-9.32752e-04
-7.04554e-04
-4.60147e-04
-2.55237e-04
-9.18612e-05
2.90738e-06
7.09088e-05
1.30862e-04
1.59814e-04
1.55977e-04
1.38564e-04
8.49663e-05
2.87302e-05
1.58235e-05
3.68705e-05
7.69663e-05
9.76421e-05
9.84006e-05
9.62785e-05
8.21986e-05
4.57986e-05
6.04499e-06
-2.15892e-05
-3.40015e-05
-6.94236e-05
-1.18821e-04
-1.71837e-04
-2.22451e-04
-2.68656e-04
-3.12124e-04
-3.54203e-04
-3.86493e-04
-3.95054e-04
-3.92238e-04
-3.84571e-04
-3.66114e-04
-3.47905e-04
-3.38020e-04
-3.33962e-04
-3.31772e-04
-3.33547e-04
-3.35538e-04
-3.36250e-04
-3.28739e-04
-3.07170e-04
-2.73457e-04
-2.37317e-04
-2.06596e-04
-1.83137e-04
-1.64575e-04
-1.50472e-04
-1.38344e-04
-1.24716e-04
-1.10202e-04
-9.71546e-05
-8.74721e-05
-7.76172e-05
-6.37337e-05
-4.69893e-05
-2.83478e-05
-8.56123e-06
1.00106e-05
2.58129e-05
3.87187e-05
4.95154e-05
5.90908e-05
6.76669e-05
7.47191e-05
8.03469e-05
8.53597e-05
9.03275e-05
9.58516e-05
1.01975e-04
1.08193e-04
1.14119e-04
1.19707e-04
1.24973e-04
1.29671e-04
1.33981e-04
1.38102e-04
1.42132e-04
1.45985e-04
1.49673e-04
1.53208e-04
1.56574e-04
1.59750e-04
1.62752e-04
1.65583e-04
1.68245e-04
1.70726e-04
1.73031e-04
1.75169e-04
1.77144e-04
1.78954e-04
1.80599e-04
1.82079e-04
1.83394e-04
1.84548e-04
1.85544e-04
