5.47174e-04
5.47787e-04
5.48968e-04
5.50487e-04
5.52008e-04
5.53092e-04
5.53305e-04
5.52349e-04
5.50166e-04
5.46332e-04
5.40255e-04
5.31612e-04
5.20347e-04
5.06710e-04
4.90934e-04
4.73273e-04
4.54244e-04
4.34856e-04
4.16936e-04
4.02380e-04
3.93016e-04
3.91006e-04
3.97924e-04
4.13772e-04
4.37886e-04
4.68792e-04
5.03567e-04
5.38680e-04
5.72126e-04
6.01608e-04
6.23973e-04
6.36274e-04
6.37059e-04
6.28643e-04
6.13025e-04
5.88753e-04
5.58407e-04
5.27838e-04
4.96389e-04
4.62919e-04
4.31021e-04
3.98102e-04
3.54339e-04
3.00368e-04
2.40892e-04
1.75244e-04
1.05661e-04
3.95219e-05
-1.68613e-05
-5.79160e-05
-7.69307e-05
-7.04643e-05
-4.12179e-05
8.52083e-06
7.59606e-05
1.53974e-04
2.38799e-04
3.38399e-04
4.52206e-04
5.68143e-04
6.90601e-04
8.28452e-04
9.78621e-04
1.13685e-03
1.29926e-03
1.44774e-03
1.55413e-03
1.59537e-03
1.55193e-03
1.41113e-03
1.17492e-03
8.62160e-04
4.86136e-04
7.03783e-05
-3.44110e-04
-7.27547e-04
-1.06869e-03
-1.34891e-03
-1.55294e-03
-1.67621e-03
-1.72436e-03
-1.71318e-03
-1.65238e-03
-1.54743e-03
-1.39833e-03
-1.19978e-03
-9.43071e-04
-6.30177e-04
-2.75157e-04
1.19403e-04
5.45270e-04
9.77529e-04
1.39979e-03
1.80819e-03
2.18000e-03
2.48077e-03
2.67044e-03
2.71650e-03
2.60713e-03
2.35091e-03
1.97337e-03
1.47366e-03
8.65234e-04
1.96161e-04
-5.01510e-04
-1.21165e-03
-1.90257e-03
-2.54335e-03
-3.11485e-03
-3.59141e-03
-3.93751e-03
-4.10272e-03
-4.03652e-03
-3.70940e-03
-3.11278e-03
-2.26542e-03
-1.19579e-03
4.40200e-05
1.37677e-03
2.69896e-03
3.88844e-03
4.82683e-03
5.42180e-03
5.65224e-03
5.55009e-03
5.15912e-03
4.51978e-03
3.66810e-03
2.68354e-03
1.66676e-03
6.95214e-04
-1.66324e-04
-8.69805e-04
-1.37991e-03
-1.68090e-03
-1.77225e-03
-1.68609e-03
-1.49364e-03
-1.26237e-03
-1.05310e-03
-9.24725e-04
-9.32240e-04
-1.12049e-03
-1.47812e-03
-1.92709e-03
-2.38758e-03
-2.76797e-03
-2.98340e-03
-2.96917e-03
-2.69940e-03
-2.21305e-03
-1.60464e-03
-9.74049e-04
-3.91647e-04
1.13621e-04
4.16326e-04
3.76621e-04
-1.13095e-05
-7.24474e-04
-1.74794e-03
-3.04909e-03
-4.57088e-03
-6.24478e-03
-7.93859e-03
-9.43581e-03
-1.05843e-02
-1.12992e-02
-1.14850e-02
-1.10729e-02
-1.00284e-02
-8.36014e-03
-6.14048e-03
-3.46415e-03
-5.00014e-04
2.49345e-03
5.26553e-03
7.60609e-03
9.35375e-03
1.04272e-02
1.08290e-02
1.05217e-02
9.43220e-03
7.71498e-03
5.62584e-03
3.27794e-03
8.04555e-04
-1.62361e-03
-4.00179e-03
-6.38666e-03
-8.63835e-03
-1.06147e-02
-1.22459e-02
-1.34276e-02
-1.40539e-02
-1.40856e-02
-1.35456e-02
-1.25135e-02
-1.10743e-02
-9.32457e-03
-7.32926e-03
-5.13165e-03
-2.75737e-03
-3.01017e-04
2.07977e-03
4.35161e-03
6.47428e-03
8.29279e-03
9.63494e-03
1.03512e-02
1.03941e-02
9.76589e-03
8.42756e-03
6.47385e-03
4.18588e-03
1.83732e-03
-2.85757e-04
-1.94404e-03
-3.01177e-03
-3.51099e-03
-3.41666e-03
-2.74692e-03
-1.68398e-03
-4.39784e-04
8.13852e-04
1.87290e-03
2.55286e-03
2.84614e-03
2.81209e-03
2.48892e-03
1.82687e-03
7.34277e-04
-6.75543e-04
-2.28189e-03
-4.09633e-03
-5.96122e-03
-7.56162e-03
-8.86385e-03
-9.87213e-03
-1.04228e-02
-1.04434e-02
-9.98963e-03
-9.01247e-03
-7.46030e-03
-5.37520e-03
-2.83918e-03
1.20982e-05
2.94833e-03
5.67108e-03
7.93727e-03
9.54244e-03
1.03613e-02
1.04182e-02
9.86478e-03
8.74888e-03
7.13976e-03
5.15720e-03
2.83925e-03
1.66643e-04
-2.81058e-03
-6.02496e-03
-9.41445e-03
-1.27973e-02
-1.58796e-02
-1.85235e-02
-2.05872e-02
-2.17873e-02
-2.18717e-02
-2.07140e-02
-1.84592e-02
-1.54237e-02
-1.18327e-02
-7.94800e-03
-4.08070e-03
-5.36872e-04
2.43867e-03
4.75889e-03
6.35274e-03
7.11925e-03
7.18123e-03
6.82325e-03
6.17937e-03
5.39572e-03
4.67051e-03
4.05124e-03
3.41857e-03
2.55314e-03
1.24355e-03
-5.69848e-04
-2.92935e-03
-5.84063e-03
-9.25141e-03
-1.29345e-02
-1.63945e-02
-1.91097e-02
-2.06463e-02
-2.08136e-02
-1.96312e-02
-1.71839e-02
-1.37339e-02
-9.73428e-03
-5.59350e-03
-1.66945e-03
1.81419e-03
4.67503e-03
6.74188e-03
8.04502e-03
8.74754e-03
8.81404e-03
8.23182e-03
7.12742e-03
5.64788e-03
3.96292e-03
2.20542e-03
5.09126e-04
-9.90197e-04
-2.26246e-03
-3.36157e-03
-4.07094e-03
-4.16701e-03
-3.67892e-03
-2.64946e-03
-1.13591e-03
6.00623e-04
2.22564e-03
3.59987e-03
4.57338e-03
4.95575e-03
4.67446e-03
3.77648e-03
2.38061e-03
7.49812e-04
-7.11990e-04
-1.74940e-03
-2.22699e-03
-1.95940e-03
-8.36572e-04
1.11620e-03
3.71382e-03
6.61207e-03
9.52270e-03
1.22063e-02
1.45334e-02
1.63609e-02
1.75399e-02
1.81311e-02
1.83439e-02
1.84121e-02
1.85297e-02
1.87902e-02
1.92379e-02
1.98192e-02
2.03174e-02
2.04566e-02
1.99911e-02
1.85908e-02
1.59232e-02
1.19416e-02
6.77801e-03
6.03328e-04
-6.19708e-03
-1.29859e-02
-1.90815e-02
-2.38007e-02
-2.66240e-02
-2.72260e-02
-2.55196e-02
-2.14220e-02
-1.50477e-02
-7.00161e-03
1.89543e-03
1.08940e-02
1.93508e-02
2.67821e-02
3.28270e-02
3.73317e-02
4.03338e-02
4.18253e-02
4.17288e-02
4.02989e-02
3.79194e-02
3.46053e-02
3.04403e-02
2.57575e-02
2.08376e-02
1.59486e-02
1.14110e-02
7.63728e-03
5.12456e-03
4.04112e-03
4.12704e-03
5.09895e-03
6.52985e-03
7.93508e-03
8.88248e-03
9.06077e-03
8.20174e-03
6.14308e-03
2.83015e-03
-1.65816e-03
-7.08998e-03
-1.30705e-02
-1.90657e-02
-2.47140e-02
-2.97770e-02
-3.41577e-02
-3.77571e-02
-4.04856e-02
-4.24144e-02
-4.36321e-02
-4.40190e-02
-4.37138e-02
-4.32519e-02
-4.28869e-02
-4.27240e-02
-4.29643e-02
-4.37936e-02
-4.53196e-02
-4.73300e-02
-4.93594e-02
-5.13394e-02
-5.31686e-02
-5.44029e-02
-5.47828e-02
-5.43369e-02
-5.30371e-02
-5.08855e-02
-4.79205e-02
-4.43668e-02
-4.07014e-02
-3.73785e-02
-3.48273e-02
-3.33839e-02
-3.33465e-02
-3.49862e-02
-3.82947e-02
-4.29269e-02
-4.85348e-02
-5.46618e-02
-6.07997e-02
-6.63685e-02
-7.07664e-02
-7.36644e-02
-7.49672e-02
-7.46289e-02
-7.26679e-02
-6.91467e-02
-6.43515e-02
-5.87693e-02
-5.26554e-02
-4.62436e-02
-3.98371e-02
-3.37749e-02
-2.84027e-02
-2.38377e-02
-2.00487e-02
-1.69962e-02
-1.45847e-02
-1.26891e-02
-1.13257e-02
-1.06196e-02
-1.06659e-02
-1.14076e-02
-1.25102e-02
-1.38555e-02
-1.55619e-02
-1.75381e-02
-1.95882e-02
-2.14829e-02
-2.29601e-02
-2.37500e-02
-2.35553e-02
-2.21113e-02
-1.92518e-02
-1.48201e-02
-8.59409e-03
-4.47523e-04
9.54160e-03
2.09819e-02
3.32271e-02
4.55839e-02
5.73033e-02
6.76347e-02
7.58967e-02
8.16022e-02
8.46138e-02
8.51823e-02
8.39191e-02
8.12351e-02
7.74222e-02
7.30943e-02
6.88252e-02
6.47942e-02
6.11267e-02
5.79552e-02
5.53406e-02
5.33568e-02
5.22671e-02
5.23363e-02
5.37409e-02
5.68520e-02
6.21030e-02
6.96305e-02
7.93932e-02
9.12857e-02
1.05026e-01
1.20106e-01
1.36097e-01
1.52511e-01
1.68743e-01
1.84097e-01
1.97803e-01
2.09077e-01
2.17218e-01
2.21749e-01
2.22409e-01
2.19122e-01
2.12074e-01
2.01851e-01
1.89200e-01
1.74978e-01
1.59693e-01
1.43687e-01
1.27163e-01
1.10156e-01
9.25646e-02
7.42040e-02
5.48951e-02
3.45656e-02
1.33696e-02
-8.20302e-03
-2.92985e-02
-4.87282e-02
-6.51403e-02
-7.71079e-02
-8.33662e-02
-8.31706e-02
-7.65103e-02
-6.38979e-02
-4.65138e-02
-2.60965e-02
-4.29015e-03
1.73088e-02
3.71033e-02
5.36718e-02
6.59627e-02
7.35909e-02
7.69564e-02
7.63134e-02
7.20993e-02
6.49161e-02
5.55882e-02
4.51606e-02
3.42314e-02
2.31544e-02
1.23724e-02
2.11435e-03
-7.75057e-03
-1.73627e-02
-2.68207e-02
-3.60845e-02
-4.50633e-02
-5.37134e-02
-6.19085e-02
-6.94508e-02
-7.62594e-02
-8.22904e-02
-8.73480e-02
-9.11923e-02
-9.36219e-02
-9.47412e-02
-9.49683e-02
-9.47957e-02
-9.48248e-02
-9.56859e-02
-9.80892e-02
-1.02698e-01
-1.09715e-01
-1.18850e-01
-1.29338e-01
-1.40284e-01
-1.50759e-01
-1.59604e-01
-1.65703e-01
-1.68395e-01
-1.67333e-01
-1.62506e-01
-1.54464e-01
-1.44279e-01
-1.32722e-01
-1.20571e-01
-1.08651e-01
-9.77016e-02
-8.83253e-02
-8.08929e-02
-7.54450e-02
-7.16054e-02
-6.86898e-02
-6.57855e-02
-6.22317e-02
-5.75767e-02
-5.15607e-02
-4.42543e-02
-3.60813e-02
-2.74575e-02
-1.87998e-02
-1.05457e-02
-3.06327e-03
3.42790e-03
8.95916e-03
1.38451e-02
1.84239e-02
2.31036e-02
2.82651e-02
3.39455e-02
3.97373e-02
4.53781e-02
5.05859e-02
5.48350e-02
5.75834e-02
5.84176e-02
5.70867e-02
5.35650e-02
4.77926e-02
3.98158e-02
2.98058e-02
1.81879e-02
5.75052e-03
-6.39631e-03
-1.70064e-02
-2.51872e-02
-3.01651e-02
-3.13317e-02
-2.83417e-02
-2.13299e-02
-1.09400e-02
1.81554e-03
1.57547e-02
2.95749e-02
4.18693e-02
5.11983e-02
5.62565e-02
5.60988e-02
5.04762e-02
4.01010e-02
2.62207e-02
1.05844e-02
-5.22684e-03
-1.95828e-02
-3.08802e-02
-3.78150e-02
-3.96595e-02
-3.65391e-02
-2.91452e-02
-1.84916e-02
-5.39985e-03
9.41571e-03
2.52720e-02
4.15640e-02
5.77757e-02
7.34585e-02
8.82027e-02
1.01615e-01
1.13316e-01
1.22975e-01
1.30396e-01
1.35578e-01
1.38371e-01
1.38664e-01
1.36462e-01
1.31733e-01
1.24407e-01
1.14593e-01
1.02677e-01
8.92625e-02
7.50140e-02
6.04859e-02
4.62420e-02
3.28380e-02
2.07515e-02
1.03136e-02
1.61534e-03
-5.61800e-03
-1.20598e-02
-1.82262e-02
-2.46497e-02
-3.18645e-02
-4.01172e-02
-4.92607e-02
-5.91025e-02
-6.92666e-02
-7.91285e-02
-8.79902e-02
-9.52229e-02
-1.00358e-01
-1.03079e-01
-1.02861e-01
-9.93202e-02
-9.24116e-02
-8.21774e-02
-6.89054e-02
-5.32532e-02
-3.61377e-02
-1.84499e-02
-1.25694e-03
1.41817e-02
2.64934e-02
3.43186e-02
3.65105e-02
3.24688e-02
2.24389e-02
7.20934e-03
-1.19120e-02
-3.40964e-02
-5.85052e-02
-8.41532e-02
-1.09979e-01
-1.34794e-01
-1.57292e-01
-1.76057e-01
-1.89673e-01
-1.96903e-01
-1.97024e-01
-1.90210e-01
-1.77492e-01
-1.60229e-01
-1.39648e-01
-1.16676e-01
-9.21700e-02
-6.68997e-02
-4.15252e-02
-1.66104e-02
7.33303e-03
2.98205e-02
5.03732e-02
6.85495e-02
8.40077e-02
9.66271e-02
1.06699e-01
1.14910e-01
1.21360e-01
1.25903e-01
1.28174e-01
1.27410e-01
1.22560e-01
1.12702e-01
9.71758e-02
7.56890e-02
4.88608e-02
1.84374e-02
-1.40614e-02
-4.69257e-02
-7.80540e-02
-1.05148e-01
-1.25907e-01
-1.38369e-01
-1.41372e-01
-1.35072e-01
-1.20693e-01
-1.00012e-01
-7.45425e-02
-4.55688e-02
-1.44142e-02
1.75981e-02
4.91440e-02
7.88803e-02
1.05427e-01
1.27412e-01
1.43593e-01
1.53084e-01
1.55757e-01
1.52522e-01
1.44471e-01
1.33077e-01
1.19707e-01
1.05695e-01
9.22491e-02
8.03629e-02
7.07576e-02
6.38476e-02
5.97292e-02
5.82336e-02
5.90730e-02
6.18107e-02
6.59425e-02
7.08786e-02
7.60515e-02
8.09332e-02
8.50449e-02
8.78566e-02
8.88803e-02
8.78290e-02
8.46322e-02
7.94796e-02
7.26945e-02
6.47742e-02
5.62051e-02
4.74474e-02
3.88519e-02
3.06344e-02
2.29197e-02
1.60716e-02
1.05087e-02
6.54842e-03
4.48006e-03
4.48932e-03
6.56939e-03
1.05479e-02
1.63067e-02
2.36206e-02
3.21226e-02
4.15415e-02
5.16189e-02
6.20416e-02
7.24226e-02
8.22861e-02
9.11579e-02
9.85833e-02
1.04169e-01
1.07623e-01
1.08788e-01
1.07536e-01
1.03851e-01
9.78778e-02
8.97894e-02
7.94812e-02
6.69796e-02
5.25845e-02
3.66181e-02
1.94606e-02
1.34635e-03
-1.74793e-02
-3.66855e-02
-5.58418e-02
-7.43691e-02
-9.15392e-02
-1.06483e-01
-1.18266e-01
-1.26037e-01
-1.29191e-01
-1.27343e-01
-1.20363e-01
-1.08290e-01
-9.17836e-02
-7.22562e-02
-5.07066e-02
-2.82220e-02
-6.11183e-03
1.41949e-02
3.11984e-02
4.34714e-02
4.98732e-02
4.98041e-02
4.30078e-02
2.97057e-02
1.10548e-02
-1.10372e-02
-3.51790e-02
-5.99301e-02
-8.37242e-02
-1.05035e-01
-1.22484e-01
-1.35028e-01
-1.42219e-01
-1.44379e-01
-1.41770e-01
-1.34797e-01
-1.24510e-01
-1.12093e-01
-9.82635e-02
-8.35680e-02
-6.84250e-02
-5.30881e-02
-3.76779e-02
-2.22232e-02
-6.72254e-03
8.79394e-03
2.42031e-02
3.92427e-02
5.34848e-02
6.63415e-02
7.71112e-02
8.50765e-02
8.96260e-02
9.03305e-02
8.70504e-02
7.99973e-02
6.93503e-02
5.54654e-02
3.90151e-02
2.09145e-02
2.19473e-03
-1.60977e-02
-3.29129e-02
-4.72342e-02
-5.82124e-02
-6.53245e-02
-6.84896e-02
-6.81840e-02
-6.48759e-02
-5.92137e-02
-5.19127e-02
-4.39744e-02
-3.66845e-02
-3.07833e-02
-2.66635e-02
-2.45925e-02
-2.46154e-02
-2.65213e-02
-2.98512e-02
-3.39607e-02
-3.83751e-02
-4.26431e-02
-4.63265e-02
-4.91244e-02
-5.08471e-02
-5.11952e-02
-4.99864e-02
-4.72998e-02
-4.32952e-02
-3.82416e-02
-3.24350e-02
-2.62407e-02
-2.00667e-02
-1.43882e-02
-9.72814e-03
-6.49597e-03
-4.93674e-03
-5.06675e-03
-6.86879e-03
-1.02923e-02
-1.50615e-02
-2.07064e-02
-2.67491e-02
-3.28062e-02
-3.86427e-02
-4.38484e-02
-4.79885e-02
-5.09213e-02
-5.26283e-02
-5.31378e-02
-5.23792e-02
-5.03278e-02
-4.73327e-02
-4.37606e-02
-3.97761e-02
-3.56815e-02
-3.19185e-02
-2.89119e-02
-2.69539e-02
-2.60682e-02
-2.62385e-02
-2.73585e-02
-2.91246e-02
-3.11799e-02
-3.32996e-02
-3.51788e-02
-3.64417e-02
-3.68684e-02
-3.62965e-02
-3.45239e-02
-3.14295e-02
-2.70170e-02
-2.12424e-02
-1.41399e-02
-5.90963e-03
2.98862e-03
1.18294e-02
2.01276e-02
2.74827e-02
3.34242e-02
3.75966e-02
3.98254e-02
3.99056e-02
3.77559e-02
3.35440e-02
2.75427e-02
2.00683e-02
1.14669e-02
2.17593e-03
-7.29400e-03
-1.64485e-02
-2.49007e-02
-3.23684e-02
-3.87095e-02
-4.39156e-02
-4.80349e-02
-5.10792e-02
-5.30541e-02
-5.39790e-02
-5.38477e-02
-5.25985e-02
-5.00804e-02
-4.62870e-02
-4.14133e-02
-3.55761e-02
-2.89386e-02
-2.17253e-02
-1.42779e-02
-7.05506e-03
-4.01204e-04
5.36839e-03
9.93402e-03
1.31687e-02
1.52240e-02
1.63744e-02
1.69119e-02
1.68197e-02
1.61141e-02
1.49302e-02
1.32356e-02
1.08926e-02
7.72054e-03
3.66908e-03
-1.07515e-03
-6.27406e-03
-1.16321e-02
-1.69454e-02
-2.19916e-02
-2.65029e-02
-3.02763e-02
-3.31969e-02
-3.52202e-02
-3.64083e-02
-3.69321e-02
-3.69271e-02
-3.65111e-02
-3.58183e-02
-3.50421e-02
-3.44526e-02
-3.41655e-02
-3.41302e-02
-3.42851e-02
-3.44634e-02
-3.43673e-02
-3.37350e-02
-3.23793e-02
-3.00573e-02
-2.66186e-02
-2.21125e-02
-1.66499e-02
-1.04183e-02
-3.77230e-03
2.93593e-03
9.63832e-03
1.62442e-02
2.25823e-02
2.86000e-02
3.43976e-02
4.02896e-02
4.64793e-02
5.29244e-02
5.95730e-02
6.63236e-02
7.30536e-02
7.96038e-02
8.57822e-02
9.14027e-02
9.63203e-02
1.00475e-01
1.03796e-01
1.06169e-01
1.07613e-01
1.08276e-01
1.08254e-01
1.07634e-01
1.06459e-01
1.04557e-01
1.01601e-01
9.73626e-02
9.16109e-02
8.40698e-02
7.46032e-02
6.33142e-02
5.04563e-02
3.65802e-02
2.25490e-02
9.16499e-03
-2.90141e-03
-1.28903e-02
-2.01607e-02
-2.43407e-02
-2.51129e-02
-2.23084e-02
-1.62073e-02
-7.39413e-03
3.68395e-03
1.64643e-02
3.02120e-02
4.42531e-02
5.78972e-02
7.04177e-02
8.10909e-02
8.92577e-02
9.44282e-02
9.63957e-02
9.52439e-02
9.11019e-02
8.40390e-02
7.44530e-02
6.29950e-02
4.99775e-02
3.57221e-02
2.07068e-02
5.57863e-03
-8.89123e-03
-2.21991e-02
-3.40448e-02
-4.43594e-02
-5.31725e-02
-6.06384e-02
-6.69319e-02
-7.21654e-02
-7.62595e-02
-7.91935e-02
-8.10540e-02
-8.18190e-02
-8.15206e-02
-8.03020e-02
-7.80774e-02
-7.45420e-02
-6.96868e-02
-6.37078e-02
-5.69218e-02
-4.96855e-02
-4.23565e-02
-3.52420e-02
-2.86341e-02
-2.28578e-02
-1.81846e-02
-1.47905e-02
-1.27980e-02
-1.22250e-02
-1.29960e-02
-1.49549e-02
-1.78771e-02
-2.15612e-02
-2.57941e-02
-3.03711e-02
-3.50545e-02
-3.95767e-02
-4.38411e-02
-4.78680e-02
-5.15863e-02
-5.49062e-02
-5.77252e-02
-5.98525e-02
-6.10611e-02
-6.12563e-02
-6.02542e-02
-5.76194e-02
-5.29778e-02
-4.61602e-02
-3.73620e-02
-2.69822e-02
-1.53485e-02
-2.76879e-03
1.04516e-02
2.39844e-02
3.74783e-02
5.05607e-02
6.28413e-02
7.39233e-02
8.34435e-02
9.11387e-02
9.69233e-02
1.00846e-01
1.03111e-01
1.03883e-01
1.03364e-01
1.01728e-01
9.91186e-02
9.56775e-02
9.17098e-02
8.75669e-02
8.32933e-02
7.89379e-02
7.46529e-02
7.04225e-02
6.61484e-02
6.18794e-02
5.75952e-02
5.31343e-02
4.85979e-02
4.42506e-02
4.00555e-02
3.60231e-02
3.24111e-02
2.95531e-02
2.77883e-02
2.72604e-02
2.79852e-02
2.99050e-02
3.28816e-02
3.66629e-02
4.09655e-02
4.54418e-02
4.97109e-02
5.34244e-02
5.62877e-02
5.79843e-02
5.82627e-02
5.70106e-02
5.42604e-02
5.02228e-02
4.50820e-02
3.90994e-02
3.26143e-02
2.59492e-02
1.93690e-02
1.31010e-02
7.30899e-03
2.08121e-03
-2.41604e-03
-5.90844e-03
-8.40216e-03
-1.01073e-02
-1.11822e-02
-1.17923e-02
-1.20863e-02
-1.21107e-02
-1.18790e-02
-1.15680e-02
-1.13224e-02
-1.11588e-02
-1.12263e-02
-1.17914e-02
-1.30910e-02
-1.52063e-02
-1.79506e-02
-2.13032e-02
-2.53570e-02
-2.99149e-02
-3.46771e-02
-3.93914e-02
-4.39129e-02
-4.81908e-02
-5.19691e-02
-5.49557e-02
-5.69604e-02
-5.79280e-02
-5.79622e-02
-5.70080e-02
-5.50200e-02
-5.20827e-02
-4.83327e-02
-4.39395e-02
-3.89578e-02
-3.34226e-02
-2.74800e-02
-2.13916e-02
-1.55380e-02
-1.02400e-02
-5.75411e-03
-2.26051e-03
8.41127e-05
1.13281e-03
1.07393e-03
4.09331e-04
-5.44296e-04
-1.50119e-03
-2.21275e-03
-2.57500e-03
-2.62582e-03
-2.27863e-03
-1.53202e-03
-6.49540e-04
3.14980e-05
1.84360e-04
-2.07201e-04
-1.01714e-03
-2.24433e-03
-3.74628e-03
-5.21270e-03
-6.60676e-03
-7.98307e-03
-9.10706e-03
-9.78927e-03
-1.00144e-02
-9.75980e-03
-8.98420e-03
-7.54664e-03
-5.41785e-03
-2.80388e-03
2.17003e-04
3.65453e-03
7.38880e-03
1.11936e-02
1.47610e-02
1.80658e-02
2.13652e-02
2.45897e-02
2.76620e-02
3.07287e-02
3.38839e-02
3.71088e-02
4.02894e-02
4.32349e-02
4.57513e-02
4.77191e-02
4.91366e-02
4.99506e-02
5.00532e-02
4.91731e-02
4.71085e-02
4.38719e-02
3.95457e-02
3.43193e-02
2.83864e-02
2.20342e-02
1.56559e-02
9.63362e-03
4.29270e-03
-2.27802e-04
-3.86780e-03
-6.53290e-03
-8.11893e-03
-8.55898e-03
-7.99004e-03
-6.65024e-03
-4.73640e-03
-2.58554e-03
-6.77618e-04
7.56737e-04
1.61308e-03
1.76791e-03
1.15078e-03
-2.33835e-04
-2.29718e-03
-4.83869e-03
-7.55510e-03
-1.02040e-02
-1.26971e-02
-1.48384e-02
-1.64042e-02
-1.73631e-02
-1.76836e-02
-1.72329e-02
-1.60325e-02
-1.42641e-02
-1.20205e-02
-9.41405e-03
-6.61229e-03
-3.84106e-03
-1.38131e-03
5.50031e-04
1.75030e-03
1.99060e-03
1.27291e-03
-1.04144e-04
-2.08695e-03
-4.70083e-03
-7.82972e-03
-1.12677e-02
-1.47258e-02
-1.80093e-02
-2.09980e-02
-2.35705e-02
-2.56142e-02
-2.70300e-02
-2.78718e-02
-2.83495e-02
-2.85388e-02
-2.85712e-02
-2.87557e-02
-2.93312e-02
-3.03986e-02
-3.20004e-02
-3.40959e-02
-3.65987e-02
-3.93677e-02
-4.22272e-02
-4.50657e-02
-4.78181e-02
-5.04099e-02
-5.27264e-02
-5.45817e-02
-5.57981e-02
-5.62550e-02
-5.60146e-02
-5.52040e-02
-5.38921e-02
-5.21613e-02
-5.01226e-02
-4.78821e-02
-4.55078e-02
-4.29732e-02
-4.03485e-02
-3.78345e-02
-3.54093e-02
-3.30345e-02
-3.10125e-02
-2.95893e-02
-2.87778e-02
-2.86033e-02
-2.90713e-02
-3.01847e-02
-3.18596e-02
-3.38784e-02
-3.59596e-02
-3.77644e-02
-3.89604e-02
-3.92342e-02
-3.83444e-02
-3.62722e-02
-3.32823e-02
-2.96614e-02
-2.57573e-02
-2.18701e-02
-1.83389e-02
-1.55411e-02
-1.37023e-02
-1.29201e-02
-1.32860e-02
-1.46846e-02
-1.67250e-02
-1.92114e-02
-2.20468e-02
-2.48318e-02
-2.71504e-02
-2.87745e-02
-2.94929e-02
-2.91629e-02
-2.79089e-02
-2.59499e-02
-2.33359e-02
-2.01594e-02
-1.66042e-02
-1.29250e-02
-9.33944e-03
-5.79774e-03
-2.33800e-03
7.83341e-04
3.48285e-03
5.80703e-03
7.80493e-03
9.45825e-03
1.06260e-02
1.13840e-02
1.19890e-02
1.24201e-02
1.25687e-02
1.23363e-02
1.16891e-02
1.06684e-02
9.17634e-03
7.12173e-03
4.53520e-03
1.52135e-03
-1.72618e-03
-4.95319e-03
-7.90446e-03
-1.04816e-02
-1.26167e-02
-1.42294e-02
-1.51587e-02
-1.52639e-02
-1.46069e-02
-1.32950e-02
-1.13939e-02
-8.84085e-03
-5.56055e-03
-1.79529e-03
2.18726e-03
6.27868e-03
1.03175e-02
1.41028e-02
1.75420e-02
2.05877e-02
2.31948e-02
2.53799e-02
2.72353e-02
2.88239e-02
3.01675e-02
3.11984e-02
3.19448e-02
3.25903e-02
3.33465e-02
3.44102e-02
3.58208e-02
3.77097e-02
4.03450e-02
4.37107e-02
4.75926e-02
5.18385e-02
5.63029e-02
6.08410e-02
6.51001e-02
6.86111e-02
7.11373e-02
7.25864e-02
7.29862e-02
7.23211e-02
7.05993e-02
6.80410e-02
6.48006e-02
6.07069e-02
5.58517e-02
5.06308e-02
4.49959e-02
3.88849e-02
3.25882e-02
2.63474e-02
2.02938e-02
1.46726e-02
9.71028e-03
5.41634e-03
1.77492e-03
-1.18945e-03
-3.43764e-03
-4.97587e-03
-5.94022e-03
-6.42757e-03
-6.41391e-03
-5.96337e-03
-5.22636e-03
-4.33762e-03
-3.43184e-03
-2.62485e-03
-2.05651e-03
-1.86823e-03
-2.10851e-03
-2.77662e-03
-3.86378e-03
-5.29405e-03
-6.90795e-03
-8.52797e-03
-1.00203e-02
-1.14055e-02
-1.26287e-02
-1.35193e-02
-1.40373e-02
-1.41927e-02
-1.39395e-02
-1.33186e-02
-1.24986e-02
-1.15671e-02
-1.05612e-02
-9.48897e-03
-8.35686e-03
-7.20923e-03
-6.18911e-03
-5.51219e-03
-5.33193e-03
-5.75781e-03
-6.83308e-03
-8.52923e-03
-1.08013e-02
-1.39114e-02
-1.79108e-02
-2.22771e-02
-2.67506e-02
-3.13284e-02
-3.58048e-02
-3.99549e-02
-4.36400e-02
-4.67397e-02
-4.91503e-02
-5.07094e-02
-5.13140e-02
-5.10214e-02
-4.98487e-02
-4.77760e-02
-4.49149e-02
-4.14314e-02
-3.73990e-02
-3.28890e-02
-2.80026e-02
-2.28857e-02
-1.77140e-02
-1.26240e-02
-7.65321e-03
-2.74319e-03
1.93731e-03
6.13638e-03
9.81372e-03
1.29301e-02
1.53853e-02
1.71045e-02
1.80886e-02
1.84400e-02
1.82076e-02
1.72963e-02
1.57541e-02
1.37527e-02
1.13861e-02
8.76812e-03
6.06772e-03
3.52197e-03
1.39236e-03
-2.57031e-04
-1.42705e-03
-2.07713e-03
-2.12294e-03
-1.46909e-03
-1.50361e-04
1.82878e-03
4.65730e-03
8.46582e-03
1.32454e-02
1.88604e-02
2.50647e-02
3.16116e-02
3.82411e-02
4.46887e-02
5.06908e-02
5.60186e-02
6.05072e-02
6.39388e-02
6.60574e-02
6.68774e-02
6.65764e-02
6.52046e-02
6.28983e-02
5.99244e-02
5.64132e-02
5.24604e-02
4.82844e-02
4.40605e-02
3.98507e-02
3.57914e-02
3.20858e-02
2.89470e-02
2.65091e-02
2.47455e-02
2.35638e-02
2.28100e-02
2.24233e-02
2.24427e-02
2.30219e-02
2.41326e-02
2.55618e-02
2.72500e-02
2.91528e-02
3.12098e-02
3.34519e-02
3.59709e-02
3.86270e-02
4.12337e-02
4.37320e-02
4.60005e-02
4.78252e-02
4.89480e-02
4.91389e-02
4.83103e-02
4.64426e-02
4.35780e-02
3.97412e-02
3.50493e-02
2.98177e-02
2.43981e-02
1.90794e-02
1.40657e-02
9.49322e-03
5.52156e-03
2.20671e-03
-5.52903e-04
-2.80743e-03
-4.56589e-03
-5.84329e-03
-6.72227e-03
-7.41643e-03
-8.09139e-03
-8.86826e-03
-9.97114e-03
-1.16185e-02
-1.38988e-02
-1.68185e-02
-2.02904e-02
-2.42239e-02
-2.84924e-02
-3.29585e-02
-3.74586e-02
-4.18032e-02
-4.58240e-02
-4.94145e-02
-5.25928e-02
-5.52733e-02
-5.71875e-02
-5.83799e-02
-5.91039e-02
-5.93912e-02
-5.93104e-02
-5.90465e-02
-5.85622e-02
-5.76731e-02
-5.65140e-02
-5.52762e-02
-5.40269e-02
-5.28159e-02
-5.16783e-02
-5.06146e-02
-4.95731e-02
-4.84492e-02
-4.71608e-02
-4.56861e-02
-4.40687e-02
-4.23564e-02
-4.04637e-02
-3.82913e-02
-3.57846e-02
-3.30249e-02
-3.01740e-02
-2.73075e-02
-2.44737e-02
-2.17209e-02
-1.92891e-02
-1.74754e-02
-1.62064e-02
-1.52863e-02
-1.45456e-02
-1.38825e-02
-1.32718e-02
-1.27313e-02
-1.22878e-02
-1.19049e-02
-1.14956e-02
-1.09394e-02
-1.03016e-02
-9.68405e-03
-9.07497e-03
-8.39822e-03
-7.55375e-03
-6.74961e-03
-6.23703e-03
-5.91045e-03
-5.73380e-03
-5.84367e-03
-6.22933e-03
-6.76157e-03
-7.27450e-03
-7.72051e-03
-8.26512e-03
-8.99720e-03
-9.90944e-03
-1.08324e-02
-1.16042e-02
-1.22127e-02
-1.26769e-02
-1.30424e-02
-1.33109e-02
-1.34790e-02
-1.35390e-02
-1.33709e-02
-1.27610e-02
-1.17306e-02
-1.04488e-02
-9.12829e-03
-7.83977e-03
-6.45362e-03
-5.10519e-03
-4.02101e-03
-3.20370e-03
-2.57296e-03
-2.02020e-03
-1.52355e-03
-1.14428e-03
-9.78344e-04
-1.03569e-03
-1.12670e-03
-1.15847e-03
-1.14409e-03
-1.04227e-03
-8.07811e-04
-4.05527e-04
2.80865e-04
1.41903e-03
2.86176e-03
4.38770e-03
6.08955e-03
7.92620e-03
9.60615e-03
1.10999e-02
1.24843e-02
1.35458e-02
1.41810e-02
1.45925e-02
1.48338e-02
1.48358e-02
1.46107e-02
1.41599e-02
1.34383e-02
1.25158e-02
1.15761e-02
1.05656e-02
9.37388e-03
8.00228e-03
6.45035e-03
4.71159e-03
2.84833e-03
9.83104e-04
-7.56876e-04
-2.29403e-03
-3.63299e-03
-4.66473e-03
-5.20661e-03
-5.11887e-03
-4.41829e-03
-3.36074e-03
-1.95555e-03
-1.12408e-05
2.33090e-03
4.80949e-03
7.19705e-03
9.39479e-03
1.14420e-02
1.31746e-02
1.44025e-02
1.51050e-02
1.53252e-02
1.51410e-02
1.45438e-02
1.34817e-02
1.19212e-02
9.86862e-03
7.41372e-03
4.77331e-03
2.22572e-03
-2.81831e-04
-2.78632e-03
-5.06796e-03
-7.01650e-03
-8.64521e-03
-9.82240e-03
-1.04002e-02
-1.03254e-02
-9.64876e-03
-8.53876e-03
-7.07083e-03
-5.29600e-03
-3.27276e-03
-1.05682e-03
1.29263e-03
3.70428e-03
6.07903e-03
8.29044e-03
1.03174e-02
1.23223e-02
1.42432e-02
1.58272e-02
1.70123e-02
1.78479e-02
1.84756e-02
1.89214e-02
1.90825e-02
1.90501e-02
1.89760e-02
1.89275e-02
1.88815e-02
1.87363e-02
1.86378e-02
1.88042e-02
1.91512e-02
1.95252e-02
1.98001e-02
1.99077e-02
1.98562e-02
1.97402e-02
1.96338e-02
1.94791e-02
1.92808e-02
1.91210e-02
1.91201e-02
1.93540e-02
1.97416e-02
2.02512e-02
2.09480e-02
2.19480e-02
2.33534e-02
2.51064e-02
2.70112e-02
2.87578e-02
3.02356e-02
3.14642e-02
3.23973e-02
3.29407e-02
3.29250e-02
3.21943e-02
3.06500e-02
2.83434e-02
2.54327e-02
2.21113e-02
1.85159e-02
1.47294e-02
1.09623e-02
7.35858e-03
3.77371e-03
1.47537e-04
-3.38543e-03
-6.66584e-03
-9.51735e-03
-1.18456e-02
-1.35929e-02
-1.47308e-02
-1.51923e-02
-1.49413e-02
-1.40900e-02
-1.28205e-02
-1.13214e-02
-9.78600e-03
-8.41241e-03
-7.39602e-03
-6.90521e-03
-7.05058e-03
-7.83397e-03
-9.14862e-03
-1.10436e-02
-1.35006e-02
-1.61762e-02
-1.88147e-02
-2.13829e-02
-2.37782e-02
-2.58745e-02
-2.75744e-02
-2.88656e-02
-2.98396e-02
-3.03600e-02
-3.01498e-02
-2.91903e-02
-2.75462e-02
-2.52634e-02
-2.23008e-02
-1.85780e-02
-1.42690e-02
-9.63801e-03
-4.85176e-03
-1.68128e-04
4.04117e-03
7.43898e-03
9.74492e-03
1.07791e-02
1.04890e-02
8.96311e-03
6.22866e-03
2.36656e-03
-2.31055e-03
-7.35813e-03
-1.22969e-02
-1.68480e-02
-2.09253e-02
-2.43542e-02
-2.69464e-02
-2.85045e-02
-2.90492e-02
-2.88485e-02
-2.79350e-02
-2.63232e-02
-2.41624e-02
-2.15753e-02
-1.86341e-02
-1.54515e-02
-1.21641e-02
-8.85062e-03
-5.56879e-03
-2.37199e-03
5.92120e-04
3.13636e-03
5.25480e-03
6.97524e-03
8.26541e-03
9.11550e-03
9.56214e-03
9.70284e-03
9.66961e-03
9.57421e-03
9.54117e-03
9.69805e-03
1.00862e-02
1.06641e-02
1.13280e-02
1.19769e-02
1.25660e-02
1.31373e-02
1.37879e-02
1.45228e-02
1.52439e-02
1.57365e-02
1.59492e-02
1.59736e-02
1.58123e-02
1.54749e-02
1.50001e-02
1.43921e-02
1.36227e-02
1.27186e-02
1.17361e-02
1.07353e-02
9.74609e-03
8.76271e-03
7.86322e-03
7.15306e-03
6.66991e-03
6.50086e-03
6.81039e-03
7.61836e-03
8.84193e-03
1.05079e-02
1.25644e-02
1.47928e-02
1.70760e-02
1.93930e-02
2.16349e-02
2.36556e-02
2.52997e-02
2.65268e-02
2.74247e-02
2.79134e-02
2.78863e-02
2.73490e-02
2.62665e-02
2.45368e-02
2.20882e-02
1.89194e-02
1.51319e-02
1.08801e-02
6.33619e-03
1.75657e-03
-2.53905e-03
-6.31439e-03
-9.33114e-03
-1.13162e-02
-1.21882e-02
-1.20981e-02
-1.10891e-02
-9.25897e-03
-6.82098e-03
-4.03778e-03
-1.19261e-03
1.61733e-03
4.28832e-03
6.39469e-03
7.66576e-03
8.19341e-03
8.07538e-03
7.42030e-03
6.21122e-03
4.54999e-03
2.78068e-03
1.02048e-03
-7.82345e-04
-2.36454e-03
-3.49892e-03
-4.26885e-03
-4.76900e-03
-5.04534e-03
-4.97176e-03
-4.43714e-03
-3.60056e-03
-2.59460e-03
-1.45582e-03
-2.74482e-04
8.22178e-04
1.71630e-03
2.31982e-03
2.59927e-03
2.52692e-03
2.08577e-03
1.23237e-03
1.61280e-05
-1.34039e-03
-2.65834e-03
-3.82436e-03
-4.76469e-03
-5.44567e-03
-5.85096e-03
-5.92803e-03
-5.61178e-03
-5.11312e-03
-4.67790e-03
-4.18826e-03
-3.65784e-03
-3.38429e-03
-3.52855e-03
-4.13020e-03
-5.12839e-03
-6.44190e-03
-8.02609e-03
-9.71382e-03
-1.12483e-02
-1.25176e-02
-1.34218e-02
-1.37931e-02
-1.35710e-02
-1.28265e-02
-1.15472e-02
-9.75409e-03
-7.58580e-03
-5.21483e-03
-2.83819e-03
-7.03944e-04
9.73559e-04
2.20053e-03
2.98336e-03
3.24454e-03
3.01874e-03
2.42133e-03
1.48146e-03
2.22900e-04
-1.29998e-03
-3.00629e-03
-4.77730e-03
-6.47957e-03
-7.98155e-03
-9.19799e-03
-1.00966e-02
-1.07055e-02
-1.10285e-02
-1.11180e-02
-1.11354e-02
-1.10926e-02
-1.08077e-02
-1.04844e-02
-1.04634e-02
-1.06366e-02
-1.08793e-02
-1.12268e-02
-1.16242e-02
-1.19661e-02
-1.22978e-02
-1.26417e-02
-1.28781e-02
-1.30545e-02
-1.33831e-02
-1.38494e-02
-1.43905e-02
-1.50462e-02
-1.58798e-02
-1.69645e-02
-1.83475e-02
-1.99841e-02
-2.16238e-02
-2.31089e-02
-2.45061e-02
-2.57762e-02
-2.68258e-02
-2.75912e-02
-2.80302e-02
-2.81304e-02
-2.78950e-02
-2.73453e-02
-2.64701e-02
-2.52987e-02
-2.39556e-02
-2.25462e-02
-2.11425e-02
-1.98045e-02
-1.85695e-02
-1.74464e-02
-1.64897e-02
-1.58003e-02
-1.52865e-02
-1.47819e-02
-1.43182e-02
-1.39525e-02
-1.37014e-02
-1.35466e-02
-1.34456e-02
-1.33902e-02
-1.33787e-02
-1.33990e-02
-1.33252e-02
-1.29564e-02
-1.23773e-02
-1.17429e-02
-1.10729e-02
-1.03477e-02
-9.51349e-03
-8.53399e-03
-7.40559e-03
-6.20511e-03
-4.99780e-03
-3.79661e-03
-2.59118e-03
-1.33789e-03
4.42800e-05
1.60919e-03
3.33271e-03
5.20843e-03
7.23210e-03
9.37305e-03
1.15646e-02
1.37067e-02
1.57597e-02
1.77430e-02
1.95389e-02
2.09940e-02
2.20090e-02
2.24357e-02
2.20983e-02
2.10329e-02
1.94072e-02
1.72969e-02
1.48373e-02
1.22520e-02
9.66854e-03
7.15473e-03
4.85591e-03
2.94621e-03
1.59745e-03
8.38221e-04
5.36396e-04
5.69350e-04
8.25756e-04
1.28539e-03
1.88363e-03
2.48932e-03
3.00716e-03
3.38998e-03
3.68399e-03
3.89678e-03
3.94460e-03
3.71313e-03
3.13610e-03
2.40157e-03
1.65152e-03
8.32934e-04
8.57712e-05
-3.29169e-04
-3.97057e-04
-1.68586e-04
3.47258e-04
1.09028e-03
1.94849e-03
2.87494e-03
3.87049e-03
4.97157e-03
6.12573e-03
7.15409e-03
7.91450e-03
8.32741e-03
8.47799e-03
8.40411e-03
8.01247e-03
7.28766e-03
6.27320e-03
4.99948e-03
3.54872e-03
2.08307e-03
7.55726e-04
-2.93534e-04
-9.39049e-04
-1.16246e-03
-1.12637e-03
-9.35382e-04
-6.04515e-04
-2.23984e-04
1.31180e-04
4.95746e-04
9.26267e-04
1.45568e-03
1.99611e-03
2.40119e-03
2.64050e-03
2.74953e-03
2.82104e-03
2.87010e-03
2.84764e-03
2.69287e-03
2.34910e-03
1.80809e-03
1.14796e-03
5.38164e-04
9.49913e-05
-1.75801e-04
-4.68581e-04
-7.25557e-04
-5.69767e-04
5.09986e-05
9.96790e-04
2.05174e-03
3.13766e-03
4.41088e-03
5.82631e-03
7.18085e-03
8.19887e-03
8.72311e-03
8.85930e-03
8.56279e-03
7.73051e-03
6.60332e-03
5.47739e-03
4.45699e-03
3.62856e-03
3.07166e-03
2.91500e-03
3.18476e-03
3.64993e-03
4.16612e-03
4.76836e-03
5.39285e-03
5.92863e-03
6.25933e-03
6.33324e-03
6.19502e-03
5.77420e-03
4.99446e-03
4.09439e-03
3.24906e-03
2.32239e-03
1.34523e-03
5.16128e-04
-5.31617e-05
-3.19286e-04
-3.41632e-04
-1.96127e-04
5.39750e-05
4.39293e-04
9.80029e-04
1.53754e-03
2.04347e-03
2.56423e-03
3.08245e-03
3.53771e-03
3.91308e-03
4.23240e-03
4.56966e-03
4.98662e-03
5.52925e-03
6.23120e-03
7.15861e-03
8.44664e-03
1.01381e-02
1.21647e-02
1.45390e-02
1.72060e-02
1.99247e-02
2.24464e-02
2.45685e-02
2.61185e-02
2.70463e-02
2.75406e-02
2.76980e-02
2.73743e-02
2.65156e-02
2.51577e-02
2.34313e-02
2.14741e-02
1.93578e-02
1.72149e-02
1.52382e-02
1.35917e-02
1.23785e-02
1.15879e-02
1.11751e-02
1.10839e-02
1.13958e-02
1.21606e-02
1.31837e-02
1.43088e-02
1.54890e-02
1.66148e-02
1.75562e-02
1.82425e-02
1.85811e-02
1.84504e-02
1.79507e-02
1.73283e-02
1.65715e-02
1.56461e-02
1.46255e-02
1.36256e-02
1.27985e-02
1.22623e-02
1.20738e-02
1.21837e-02
1.26172e-02
1.34826e-02
1.46925e-02
1.60870e-02
1.76155e-02
1.91272e-02
2.03245e-02
2.10492e-02
2.12948e-02
2.12044e-02
2.08660e-02
2.01612e-02
1.90629e-02
1.76624e-02
1.61662e-02
1.47098e-02
1.31619e-02
1.14859e-02
9.78235e-03
8.12226e-03
6.59986e-03
5.34506e-03
4.40008e-03
3.68857e-03
3.22430e-03
3.01910e-03
2.96233e-03
2.93799e-03
2.88073e-03
2.78966e-03
2.68854e-03
2.47326e-03
2.03672e-03
1.35545e-03
5.04695e-04
-3.92948e-04
-1.56502e-03
-3.20031e-03
-5.09377e-03
-7.11677e-03
-9.28331e-03
-1.15784e-02
-1.39507e-02
-1.62746e-02
-1.84050e-02
-2.02121e-02
-2.16496e-02
-2.27801e-02
-2.37903e-02
-2.47971e-02
-2.57102e-02
-2.64330e-02
-2.68937e-02
-2.71854e-02
-2.74437e-02
-2.77341e-02
-2.80213e-02
-2.81743e-02
-2.81599e-02
-2.80331e-02
-2.79660e-02
-2.79849e-02
-2.79213e-02
-2.78263e-02
-2.78390e-02
-2.80077e-02
-2.82952e-02
-2.85634e-02
-2.87300e-02
-2.87800e-02
-2.88154e-02
-2.89201e-02
-2.90536e-02
-2.91884e-02
-2.92968e-02
-2.92860e-02
-2.91039e-02
-2.88408e-02
-2.85122e-02
-2.80189e-02
-2.71910e-02
-2.59236e-02
-2.43994e-02
-2.27496e-02
-2.09558e-02
-1.90453e-02
-1.70678e-02
-1.50749e-02
-1.31215e-02
-1.12658e-02
-9.57070e-03
-8.10203e-03
-6.91730e-03
-5.98546e-03
-5.12945e-03
-4.23586e-03
-3.28798e-03
-2.37791e-03
-1.52983e-03
-4.84243e-04
8.07192e-04
2.08250e-03
3.17968e-03
4.04571e-03
4.86323e-03
5.76404e-03
6.68972e-03
7.45879e-03
7.87128e-03
8.06033e-03
8.15160e-03
8.08779e-03
7.87069e-03
7.55691e-03
7.15879e-03
6.66407e-03
6.05536e-03
5.47546e-03
5.20617e-03
5.18092e-03
5.17713e-03
5.00775e-03
4.61400e-03
4.11343e-03
3.47556e-03
2.63819e-03
1.63737e-03
5.28821e-04
-6.48199e-04
-1.92667e-03
-3.34092e-03
-4.69858e-03
-5.83998e-03
-6.81476e-03
-7.67122e-03
-8.42137e-03
-8.90087e-03
-9.03189e-03
-9.07397e-03
-9.12492e-03
-9.04173e-03
-8.75228e-03
-8.21715e-03
-7.46603e-03
-6.59510e-03
-5.76233e-03
-5.07652e-03
-4.60589e-03
-4.37395e-03
-4.31185e-03
-4.26692e-03
-4.28667e-03
-4.53347e-03
-4.84498e-03
-5.04689e-03
-5.15562e-03
-5.13715e-03
-4.91311e-03
-4.56446e-03
-4.20574e-03
-3.84447e-03
-3.48198e-03
-3.13505e-03
-2.88446e-03
-2.80572e-03
-2.85264e-03
-3.00527e-03
-3.32622e-03
-3.89110e-03
-4.74304e-03
-5.76547e-03
-6.83908e-03
-7.94724e-03
-9.05883e-03
-1.01123e-02
-1.09652e-02
-1.14437e-02
-1.14130e-02
-1.09480e-02
-1.03244e-02
-9.42040e-03
-8.04077e-03
-6.26216e-03
-4.25411e-03
-2.22965e-03
-1.72818e-04
1.97609e-03
3.96031e-03
5.60075e-03
6.96570e-03
7.99732e-03
8.59606e-03
8.88296e-03
8.97728e-03
8.84656e-03
8.57364e-03
8.35514e-03
8.27868e-03
8.38725e-03
8.70208e-03
9.21265e-03
9.86866e-03
1.05630e-02
1.12188e-02
1.19388e-02
1.26651e-02
1.30774e-02
1.31227e-02
1.29063e-02
1.24111e-02
1.15604e-02
1.02381e-02
8.53394e-03
6.70591e-03
4.81765e-03
2.88890e-03
9.54871e-04
-9.18213e-04
-2.63694e-03
-4.16909e-03
-5.49818e-03
-6.57239e-03
-7.30074e-03
-7.58072e-03
-7.50203e-03
-7.24120e-03
-6.81826e-03
-6.32104e-03
-5.96163e-03
-5.79005e-03
-5.74095e-03
-5.84368e-03
-6.16881e-03
-6.81536e-03
-7.74986e-03
-8.82500e-03
-1.00863e-02
-1.16133e-02
-1.34008e-02
-1.53321e-02
-1.71630e-02
-1.86991e-02
-1.98373e-02
-2.06880e-02
-2.12871e-02
-2.15005e-02
-2.12894e-02
-2.06854e-02
-1.97514e-02
-1.86025e-02
-1.73940e-02
-1.61362e-02
-1.47626e-02
-1.34564e-02
-1.23911e-02
-1.15420e-02
-1.08349e-02
-1.01748e-02
-9.64419e-03
-9.29935e-03
-8.96445e-03
-8.54947e-03
-8.11668e-03
-7.68319e-03
-7.24349e-03
-6.76209e-03
-6.21886e-03
-5.63526e-03
-5.06386e-03
-4.55143e-03
-4.01500e-03
-3.37411e-03
-2.63713e-03
-1.84101e-03
-1.05289e-03
-3.54956e-04
1.61053e-04
4.23211e-04
4.29446e-04
2.57010e-04
-7.61426e-05
-5.77472e-04
-1.27567e-03
-2.07498e-03
-2.74975e-03
-3.34121e-03
-3.93735e-03
-4.36848e-03
-4.49369e-03
-4.29039e-03
-3.74015e-03
-2.83899e-03
-1.57468e-03
1.02610e-05
1.79113e-03
3.64721e-03
5.51359e-03
7.55930e-03
9.83080e-03
1.20129e-02
1.39907e-02
1.58370e-02
1.75243e-02
1.90171e-02
2.02999e-02
2.13835e-02
2.22986e-02
2.29862e-02
2.34369e-02
2.38321e-02
2.42035e-02
2.43660e-02
2.42390e-02
2.38127e-02
2.31607e-02
2.23826e-02
2.15725e-02
2.08255e-02
2.02339e-02
1.98747e-02
1.97315e-02
1.96659e-02
1.96448e-02
1.97084e-02
1.98488e-02
2.00609e-02
2.03461e-02
2.06719e-02
2.09712e-02
2.12171e-02
2.14433e-02
2.17721e-02
2.22691e-02
2.29078e-02
2.36209e-02
2.43296e-02
2.50236e-02
2.57436e-02
2.65695e-02
2.74852e-02
2.84221e-02
2.93195e-02
3.01411e-02
3.08872e-02
3.14831e-02
3.18355e-02
3.19408e-02
3.18368e-02
3.15656e-02
3.10356e-02
3.00925e-02
2.87778e-02
2.72079e-02
2.55008e-02
2.36768e-02
2.17074e-02
1.98237e-02
1.82754e-02
1.71236e-02
1.64134e-02
1.61704e-02
1.63739e-02
1.69302e-02
1.76807e-02
1.84911e-02
1.92716e-02
1.98532e-02
2.00613e-02
1.98261e-02
1.91347e-02
1.80203e-02
1.65027e-02
1.46158e-02
1.24335e-02
1.00819e-02
7.73215e-03
5.43365e-03
3.18598e-03
1.16997e-03
-5.22699e-04
-2.04258e-03
-3.43807e-03
-4.67040e-03
-5.73308e-03
-6.66449e-03
-7.56154e-03
-8.34952e-03
-8.83884e-03
-9.20503e-03
-9.61143e-03
-9.90259e-03
-1.00354e-02
-1.01148e-02
-1.01400e-02
-1.01425e-02
-1.02807e-02
-1.05351e-02
-1.06818e-02
-1.07892e-02
-1.10349e-02
-1.15134e-02
-1.21323e-02
-1.26069e-02
-1.30231e-02
-1.35857e-02
-1.42574e-02
-1.49595e-02
-1.56208e-02
-1.62395e-02
-1.68354e-02
-1.73586e-02
-1.77475e-02
-1.79548e-02
-1.79776e-02
-1.78504e-02
-1.75922e-02
-1.72398e-02
-1.68467e-02
-1.63773e-02
-1.57636e-02
-1.51116e-02
-1.44592e-02
-1.36358e-02
-1.26212e-02
-1.15486e-02
-1.05299e-02
-9.70346e-03
-9.21390e-03
-9.06211e-03
-9.10804e-03
-9.39733e-03
-1.00015e-02
-1.09190e-02
-1.20744e-02
-1.33205e-02
-1.46236e-02
-1.59801e-02
-1.73548e-02
-1.86792e-02
-1.98515e-02
-2.08148e-02
-2.15508e-02
-2.20784e-02
-2.23660e-02
-2.23235e-02
-2.20199e-02
-2.15859e-02
-2.10128e-02
-2.02725e-02
-1.93616e-02
-1.83538e-02
-1.74006e-02
-1.66935e-02
-1.62572e-02
-1.58531e-02
-1.55119e-02
-1.54216e-02
-1.55701e-02
-1.58367e-02
-1.60259e-02
-1.61397e-02
-1.63078e-02
-1.64172e-02
-1.63188e-02
-1.59476e-02
-1.53447e-02
-1.46445e-02
-1.38678e-02
-1.29842e-02
-1.19302e-02
-1.06730e-02
-9.25445e-03
-7.90663e-03
-6.84217e-03
-5.98692e-03
-5.20348e-03
-4.36067e-03
-3.61898e-03
-3.13440e-03
-2.69503e-03
-2.17090e-03
-1.61241e-03
-1.01962e-03
-4.18101e-04
7.11594e-05
4.37192e-04
8.37099e-04
1.24720e-03
1.58802e-03
1.92441e-03
2.24783e-03
2.41153e-03
2.37794e-03
2.14277e-03
1.54908e-03
6.55407e-04
-1.01168e-04
-5.54447e-04
-7.63726e-04
-7.57866e-04
-5.37072e-04
-3.58236e-06
1.00941e-03
2.65663e-03
4.75716e-03
7.06380e-03
9.48176e-03
1.19558e-02
1.44316e-02
1.66577e-02
1.84150e-02
1.97267e-02
2.06416e-02
2.12153e-02
2.14581e-02
2.13855e-02
2.10501e-02
2.04758e-02
1.96539e-02
1.86035e-02
1.74002e-02
1.62019e-02
1.50435e-02
1.37868e-02
1.24525e-02
1.11488e-02
9.98743e-03
9.02190e-03
8.20674e-03
7.54419e-03
7.06353e-03
6.82110e-03
6.81523e-03
6.95339e-03
7.26868e-03
7.80328e-03
8.29466e-03
8.50995e-03
8.45013e-03
8.19042e-03
7.83023e-03
7.23680e-03
6.30871e-03
5.15293e-03
3.93051e-03
2.81344e-03
1.76098e-03
7.18431e-04
-2.22349e-04
-9.18774e-04
-1.22626e-03
-1.26154e-03
-1.23047e-03
-1.24252e-03
-1.23995e-03
-9.91979e-04
-4.40083e-04
3.73403e-04
1.32332e-03
2.40216e-03
3.72732e-03
5.02916e-03
5.93892e-03
6.42059e-03
6.50837e-03
6.26205e-03
5.75914e-03
5.09106e-03
4.29535e-03
3.44463e-03
2.65811e-03
1.85425e-03
8.56898e-04
-3.07202e-04
-1.51552e-03
-2.58388e-03
-3.37862e-03
-3.84443e-03
-4.06624e-03
-4.10738e-03
-3.89672e-03
-3.50816e-03
-3.09952e-03
-2.56968e-03
-1.81808e-03
-9.29246e-04
-1.72720e-05
7.86425e-04
1.41354e-03
1.84111e-03
2.09568e-03
2.20043e-03
2.15166e-03
1.82480e-03
1.12013e-03
1.28252e-04
-1.03768e-03
-2.26835e-03
-3.48494e-03
-4.64414e-03
-5.76295e-03
-6.79164e-03
-7.59362e-03
-8.19949e-03
-8.72679e-03
-9.25854e-03
-9.87282e-03
-1.06147e-02
-1.13707e-02
-1.19697e-02
-1.24436e-02
-1.28222e-02
-1.30471e-02
-1.29274e-02
-1.22881e-02
-1.13630e-02
-1.03935e-02
-9.40958e-03
-8.44428e-03
-7.54730e-03
-6.83436e-03
-6.31450e-03
-5.80168e-03
-5.33705e-03
-5.12884e-03
-5.07820e-03
-5.07827e-03
-5.19596e-03
-5.39086e-03
-5.49944e-03
-5.37992e-03
-4.99679e-03
-4.53291e-03
-4.03414e-03
-3.36269e-03
-2.50066e-03
-1.53580e-03
-6.96781e-04
-6.92299e-06
7.58652e-04
1.45475e-03
1.85740e-03
2.02003e-03
2.00311e-03
1.82475e-03
1.56183e-03
1.28481e-03
9.20151e-04
4.59303e-04
2.95884e-05
-3.60546e-04
-7.64751e-04
-1.17980e-03
-1.57964e-03
-1.92826e-03
-2.28086e-03
-2.68601e-03
-2.89126e-03
-2.67605e-03
-2.06832e-03
-1.19214e-03
-2.32963e-04
8.19830e-04
1.96912e-03
3.09704e-03
4.12867e-03
5.03529e-03
5.75276e-03
6.29389e-03
6.82112e-03
7.28133e-03
7.40601e-03
7.22967e-03
6.93304e-03
6.73813e-03
6.63079e-03
6.32594e-03
5.87805e-03
5.42299e-03
4.91397e-03
4.31545e-03
3.64927e-03
2.97626e-03
2.32289e-03
1.51889e-03
4.48046e-04
-8.17347e-04
-2.12509e-03
-3.25711e-03
-4.06736e-03
-4.50387e-03
-4.64985e-03
-4.58231e-03
-4.36261e-03
-3.97351e-03
-3.40858e-03
-2.74772e-03
-2.05971e-03
-1.40579e-03
-8.91805e-04
-6.06378e-04
-5.44988e-04
-7.02343e-04
-1.08086e-03
-1.65661e-03
-2.31736e-03
-2.79967e-03
-3.02483e-03
-3.20576e-03
-3.37715e-03
-3.46492e-03
-3.34169e-03
-3.01086e-03
-2.70419e-03
-2.49756e-03
-2.37980e-03
-2.44723e-03
-2.74115e-03
-3.17318e-03
-3.76985e-03
-4.64046e-03
-5.76336e-03
-7.02374e-03
-8.22260e-03
-9.19511e-03
-9.85640e-03
-1.02742e-02
-1.05406e-02
-1.05943e-02
-1.04752e-02
-1.03508e-02
-1.02478e-02
-1.01489e-02
-1.01053e-02
-1.01326e-02
-1.01871e-02
-1.02116e-02
-1.01744e-02
-1.01522e-02
-1.01815e-02
-1.01762e-02
-1.00286e-02
-9.65163e-03
-9.12942e-03
-8.54687e-03
-7.88629e-03
-7.18639e-03
-6.52714e-03
-5.89705e-03
-5.20613e-03
-4.30908e-03
-3.28473e-03
-2.42363e-03
-1.61940e-03
-7.20677e-04
1.68083e-04
9.80081e-04
1.74037e-03
2.52537e-03
3.37888e-03
4.17078e-03
4.87097e-03
5.62058e-03
6.35387e-03
6.95059e-03
7.52774e-03
8.14690e-03
8.69491e-03
9.15401e-03
9.57573e-03
9.98820e-03
1.03828e-02
1.06980e-02
1.09570e-02
1.12384e-02
1.14438e-02
1.14628e-02
1.13167e-02
1.11296e-02
1.11066e-02
1.12429e-02
1.14304e-02
1.15680e-02
1.15905e-02
1.15167e-02
1.14538e-02
1.15097e-02
1.15497e-02
1.14640e-02
1.12916e-02
1.10545e-02
1.07702e-02
1.04790e-02
1.02020e-02
9.91480e-03
9.68141e-03
9.64052e-03
9.79228e-03
1.01053e-02
1.06012e-02
1.12365e-02
1.18926e-02
1.25329e-02
1.31841e-02
1.39185e-02
1.46317e-02
1.49848e-02
1.49699e-02
1.47600e-02
1.43081e-02
1.35913e-02
1.26903e-02
1.15881e-02
1.02246e-02
8.76696e-03
7.36625e-03
5.96536e-03
4.61799e-03
3.50335e-03
2.63908e-03
1.99278e-03
1.57983e-03
1.33921e-03
1.12765e-03
9.44425e-04
8.56400e-04
8.70926e-04
9.52600e-04
1.02556e-03
1.13353e-03
1.37421e-03
1.68070e-03
1.92736e-03
1.99563e-03
1.83549e-03
1.47924e-03
9.77687e-04
3.55995e-04
-4.66272e-04
-1.43343e-03
-2.34125e-03
-3.25320e-03
-4.26277e-03
-5.19550e-03
-5.96890e-03
-6.69507e-03
-7.40914e-03
-8.05710e-03
-8.44373e-03
-8.51890e-03
-8.54392e-03
-8.65163e-03
-8.85222e-03
-9.08695e-03
-9.28112e-03
-9.43223e-03
-9.64628e-03
-1.01033e-02
-1.06729e-02
-1.11984e-02
-1.17739e-02
-1.23815e-02
-1.28326e-02
-1.30491e-02
-1.30383e-02
-1.28814e-02
-1.26217e-02
-1.22092e-02
-1.16409e-02
-1.09522e-02
-1.02013e-02
-9.41194e-03
-8.54500e-03
-7.71705e-03
-7.15716e-03
-6.85267e-03
-6.73147e-03
-6.78644e-03
-6.99562e-03
-7.29302e-03
-7.45429e-03
-7.31006e-03
-7.04627e-03
-6.75190e-03
-6.29390e-03
-5.63301e-03
-4.78586e-03
-3.79438e-03
-2.67172e-03
-1.38205e-03
-2.79393e-06
1.30958e-03
2.49796e-03
3.53961e-03
4.42094e-03
5.07475e-03
5.39505e-03
5.37791e-03
5.11615e-03
4.79442e-03
4.49385e-03
4.14167e-03
3.68718e-03
3.11381e-03
2.52672e-03
2.02789e-03
1.65096e-03
1.32678e-03
9.47231e-04
5.76196e-04
3.05243e-04
1.83010e-04
2.19000e-04
3.85394e-04
6.74187e-04
1.05940e-03
1.49144e-03
1.99123e-03
2.63841e-03
3.32377e-03
3.94461e-03
4.62021e-03
5.37636e-03
6.06608e-03
6.56474e-03
6.78105e-03
6.73181e-03
6.48528e-03
6.12797e-03
5.67196e-03
5.08573e-03
4.40315e-03
3.68947e-03
3.03421e-03
2.49737e-03
2.11084e-03
1.91352e-03
1.88788e-03
1.91341e-03
1.93852e-03
2.01709e-03
2.21023e-03
2.53803e-03
2.86411e-03
3.08732e-03
3.22307e-03
3.36514e-03
3.62095e-03
3.91249e-03
4.13277e-03
4.22905e-03
4.22413e-03
4.19068e-03
4.08798e-03
3.83111e-03
3.33309e-03
2.61773e-03
1.83383e-03
1.05965e-03
3.28652e-04
-3.94814e-04
-1.02777e-03
-1.34886e-03
-1.37666e-03
-1.25941e-03
-1.08777e-03
-8.20054e-04
-2.52189e-04
5.53766e-04
1.36940e-03
2.11893e-03
2.77187e-03
3.32814e-03
3.79243e-03
4.14092e-03
4.15975e-03
3.72865e-03
3.09455e-03
2.47264e-03
1.96804e-03
1.53542e-03
1.04922e-03
4.47813e-04
-1.55860e-04
-4.63324e-04
-5.33270e-04
-5.85118e-04
-6.11523e-04
-5.89941e-04
-5.38923e-04
-4.74244e-04
-4.03911e-04
-3.32493e-04
-3.32791e-04
-5.77337e-04
-1.00361e-03
-1.31847e-03
-1.44412e-03
-1.36899e-03
-1.09004e-03
-6.64314e-04
-2.03575e-04
2.55578e-04
6.89989e-04
1.01326e-03
1.20448e-03
1.33436e-03
1.34793e-03
1.14556e-03
7.95894e-04
4.47343e-04
2.72639e-04
2.24161e-04
1.04505e-04
3.49742e-05
1.58561e-04
4.36843e-04
8.27729e-04
1.28946e-03
1.74890e-03
2.14329e-03
2.49853e-03
2.86532e-03
3.30020e-03
3.80927e-03
4.35951e-03
4.90173e-03
5.36812e-03
5.68503e-03
5.80732e-03
5.74600e-03
5.61061e-03
5.42965e-03
5.02657e-03
4.45547e-03
3.96941e-03
3.52481e-03
3.06839e-03
2.73736e-03
2.49803e-03
2.12570e-03
1.70703e-03
1.37706e-03
9.95154e-04
4.94254e-04
-2.08102e-05
-4.71205e-04
-8.18676e-04
-1.13635e-03
-1.47158e-03
-1.76245e-03
-1.94174e-03
-1.96104e-03
-1.88153e-03
-1.78711e-03
-1.71004e-03
-1.62963e-03
-1.48993e-03
-1.38869e-03
-1.43192e-03
-1.58606e-03
-1.80169e-03
-2.04262e-03
-2.32982e-03
-2.72050e-03
-3.27851e-03
-4.06539e-03
-5.10640e-03
-6.26578e-03
-7.34016e-03
-8.40006e-03
-9.48657e-03
-1.04490e-02
-1.11919e-02
-1.16943e-02
-1.19925e-02
-1.21500e-02
-1.22101e-02
-1.22299e-02
-1.22640e-02
-1.22390e-02
-1.21090e-02
-1.20771e-02
-1.23028e-02
-1.28008e-02
-1.34848e-02
-1.42297e-02
-1.50811e-02
-1.60987e-02
-1.72729e-02
-1.84233e-02
-1.92934e-02
-1.99601e-02
-2.05008e-02
-2.07794e-02
-2.07186e-02
-2.03241e-02
-1.96265e-02
-1.87011e-02
-1.76621e-02
-1.66006e-02
-1.55636e-02
-1.45610e-02
-1.36124e-02
-1.28342e-02
-1.21958e-02
-1.14613e-02
-1.06893e-02
-1.00740e-02
-9.54220e-03
-9.08343e-03
-8.86920e-03
-8.76338e-03
-8.42437e-03
-7.97970e-03
-7.64486e-03
-7.45122e-03
-7.26591e-03
-6.83809e-03
-6.36923e-03
-6.09777e-03
-5.85433e-03
-5.54032e-03
-5.22112e-03
-4.81336e-03
-4.24619e-03
-3.73475e-03
-3.35777e-03
-2.87829e-03
-2.23423e-03
-1.52505e-03
-9.55158e-04
-6.14606e-04
-2.94034e-04
8.85776e-05
4.82207e-04
8.78359e-04
1.25309e-03
1.55557e-03
1.79735e-03
2.06256e-03
2.35167e-03
2.64669e-03
2.97283e-03
3.34512e-03
3.75607e-03
4.21512e-03
4.71795e-03
5.18315e-03
5.55254e-03
5.86311e-03
6.23692e-03
6.81459e-03
7.45571e-03
8.03187e-03
8.64374e-03
9.23748e-03
9.60885e-03
9.81689e-03
1.00118e-02
1.02834e-02
1.06826e-02
1.11958e-02
1.17659e-02
1.23117e-02
1.28280e-02
1.33701e-02
1.40355e-02
1.47734e-02
1.54477e-02
1.60427e-02
1.66029e-02
1.72158e-02
1.78729e-02
1.84816e-02
1.90238e-02
1.94693e-02
1.97353e-02
1.98382e-02
1.99134e-02
2.00192e-02
2.01529e-02
2.02164e-02
2.01612e-02
2.00457e-02
1.99378e-02
1.99171e-02
2.00287e-02
2.02401e-02
2.04197e-02
2.05275e-02
2.05870e-02
2.05685e-02
2.04610e-02
2.03017e-02
2.01156e-02
1.98959e-02
1.95322e-02
1.89238e-02
1.81236e-02
1.72602e-02
1.65183e-02
1.59854e-02
1.56361e-02
1.52849e-02
1.48602e-02
1.45138e-02
1.42516e-02
1.40180e-02
1.38609e-02
1.37649e-02
1.35773e-02
1.32595e-02
1.28798e-02
1.24834e-02
1.20847e-02
1.16222e-02
1.10551e-02
1.03786e-02
9.60970e-03
8.80496e-03
8.05967e-03
7.34126e-03
6.47792e-03
5.62217e-03
5.00165e-03
4.46816e-03
3.91185e-03
3.41650e-03
2.99578e-03
2.60782e-03
2.21880e-03
1.80595e-03
1.37685e-03
1.00445e-03
8.00897e-04
7.29683e-04
7.67523e-04
1.03375e-03
1.44943e-03
1.70717e-03
1.76625e-03
1.73082e-03
1.74501e-03
1.83368e-03
1.83748e-03
1.76308e-03
1.66487e-03
1.43242e-03
9.91247e-04
4.09075e-04
-1.89026e-04
-6.46422e-04
-9.27996e-04
-1.08033e-03
-1.21079e-03
-1.35303e-03
-1.43194e-03
-1.28658e-03
-8.53568e-04
-4.28987e-04
-2.01323e-04
-1.48888e-04
-3.44066e-04
-8.37371e-04
-1.53007e-03
-2.32183e-03
-3.18188e-03
-4.11105e-03
-5.10877e-03
-6.06815e-03
-6.98719e-03
-8.07741e-03
-9.28911e-03
-1.03511e-02
-1.12485e-02
-1.19800e-02
-1.24269e-02
-1.26259e-02
-1.27935e-02
-1.29685e-02
-1.30869e-02
-1.30122e-02
-1.27047e-02
-1.23048e-02
-1.19667e-02
-1.18178e-02
-1.17801e-02
-1.18087e-02
-1.19957e-02
-1.22855e-02
-1.25544e-02
-1.29379e-02
-1.35049e-02
-1.40428e-02
-1.44804e-02
-1.49099e-02
-1.53763e-02
-1.58616e-02
-1.62252e-02
-1.64749e-02
-1.68044e-02
-1.72167e-02
-1.76295e-02
-1.79809e-02
-1.82539e-02
-1.85048e-02
-1.87535e-02
-1.90021e-02
-1.92492e-02
-1.94807e-02
-1.96764e-02
-1.99135e-02
-2.03010e-02
-2.06497e-02
-2.07703e-02
-2.07244e-02
-2.06722e-02
-2.08141e-02
-2.09611e-02
-2.08545e-02
-2.05451e-02
-2.01932e-02
-2.00025e-02
-1.98342e-02
-1.94414e-02
-1.89149e-02
-1.83854e-02
-1.79081e-02
-1.73993e-02
-1.67404e-02
-1.61379e-02
-1.57109e-02
-1.52388e-02
-1.46311e-02
-1.39656e-02
-1.34273e-02
-1.31850e-02
-1.32007e-02
-1.33403e-02
-1.34132e-02
-1.34643e-02
-1.35888e-02
-1.36910e-02
-1.36540e-02
-1.33956e-02
-1.29545e-02
-1.24270e-02
-1.17926e-02
-1.10460e-02
-1.02449e-02
-9.37435e-03
-8.40153e-03
-7.49263e-03
-6.72133e-03
-5.85806e-03
-4.91199e-03
-4.14465e-03
-3.53054e-03
-2.98201e-03
-2.51395e-03
-2.13111e-03
-1.82212e-03
-1.64381e-03
-1.65822e-03
-1.80442e-03
-1.90725e-03
-1.71172e-03
-1.29083e-03
-9.02950e-04
-5.01492e-04
-2.08877e-05
5.12312e-04
1.16230e-03
2.02559e-03
2.88995e-03
3.57218e-03
4.22222e-03
4.85863e-03
5.34181e-03
5.80338e-03
6.40327e-03
7.03172e-03
7.57454e-03
7.98488e-03
8.26602e-03
8.45951e-03
8.60397e-03
8.72186e-03
8.80127e-03
8.83173e-03
8.80976e-03
8.76555e-03
8.71800e-03
8.64060e-03
8.50865e-03
8.30764e-03
8.06982e-03
7.83824e-03
7.62821e-03
7.47341e-03
7.41898e-03
7.39418e-03
7.30409e-03
7.19446e-03
7.13314e-03
7.16428e-03
7.23149e-03
7.23936e-03
7.24128e-03
7.32339e-03
7.54122e-03
7.84674e-03
8.11830e-03
8.36980e-03
8.63491e-03
8.90144e-03
9.18427e-03
9.52253e-03
9.89264e-03
1.02292e-02
1.04628e-02
1.06772e-02
1.11318e-02
1.18419e-02
1.26689e-02
1.34562e-02
1.41173e-02
1.47080e-02
1.52092e-02
1.55846e-02
1.59135e-02
1.61672e-02
1.60814e-02
1.56886e-02
1.53108e-02
1.50612e-02
1.49272e-02
1.47399e-02
1.43885e-02
1.38882e-02
1.33393e-02
1.28318e-02
1.22423e-02
1.15363e-02
1.08547e-02
1.02422e-02
9.70635e-03
9.32726e-03
9.14450e-03
9.10373e-03
9.19740e-03
9.43744e-03
9.76022e-03
1.00598e-02
1.02251e-02
1.03337e-02
1.06147e-02
1.08508e-02
1.08168e-02
1.07070e-02
1.05645e-02
1.01860e-02
9.55911e-03
8.82159e-03
8.22384e-03
7.86685e-03
7.57656e-03
7.35640e-03
7.31328e-03
7.49748e-03
7.87802e-03
8.30650e-03
8.70684e-03
9.09053e-03
9.53097e-03
1.00128e-02
1.02702e-02
1.01827e-02
9.85420e-03
9.45353e-03
9.09081e-03
8.55957e-03
7.80147e-03
7.03522e-03
6.34698e-03
5.74185e-03
5.18479e-03
4.63824e-03
4.11004e-03
3.74322e-03
3.71453e-03
3.82677e-03
3.89280e-03
4.00016e-03
4.10251e-03
4.04692e-03
3.97631e-03
3.99008e-03
3.81692e-03
3.44202e-03
3.19795e-03
3.10800e-03
3.09167e-03
3.19093e-03
3.41414e-03
3.71100e-03
4.12790e-03
4.69694e-03
5.14825e-03
5.31541e-03
5.36370e-03
5.31887e-03
5.12024e-03
4.90418e-03
4.78728e-03
4.69098e-03
4.49352e-03
4.07844e-03
3.57738e-03
3.16387e-03
2.79255e-03
2.40017e-03
1.96282e-03
1.59962e-03
1.44390e-03
1.38027e-03
1.24031e-03
9.09188e-04
4.86053e-04
1.88658e-04
-3.66934e-05
-2.83352e-04
-5.59573e-04
-7.62984e-04
-7.04688e-04
-3.43451e-04
2.52471e-04
9.15734e-04
1.60096e-03
2.40094e-03
3.16912e-03
3.73376e-03
4.15213e-03
4.40398e-03
4.33174e-03
4.03511e-03
3.73271e-03
3.40508e-03
2.98524e-03
2.43830e-03
1.84927e-03
1.35680e-03
8.41422e-04
1.83536e-04
-5.51544e-04
-1.30119e-03
-2.01775e-03
-2.67272e-03
-3.25151e-03
-3.75980e-03
-4.21361e-03
-4.63592e-03
-5.06936e-03
-5.54709e-03
-6.03718e-03
-6.55321e-03
-7.18067e-03
-7.83818e-03
-8.36394e-03
-8.79330e-03
-9.21038e-03
-9.66609e-03
-1.00943e-02
-1.03617e-02
-1.05995e-02
-1.09601e-02
-1.14204e-02
-1.19764e-02
-1.26450e-02
-1.33463e-02
-1.39689e-02
-1.44793e-02
-1.49007e-02
-1.53102e-02
-1.57195e-02
-1.61190e-02
-1.65414e-02
-1.69279e-02
-1.70875e-02
-1.70214e-02
-1.68889e-02
-1.67863e-02
-1.67714e-02
-1.68223e-02
-1.68825e-02
-1.68848e-02
-1.69199e-02
-1.70809e-02
-1.73078e-02
-1.75592e-02
-1.78311e-02
-1.80471e-02
-1.81292e-02
-1.81155e-02
-1.80636e-02
-1.80234e-02
-1.80682e-02
-1.82529e-02
-1.85161e-02
-1.88542e-02
-1.94122e-02
-2.01301e-02
-2.07747e-02
-2.12400e-02
-2.14913e-02
-2.15734e-02
-2.15051e-02
-2.12718e-02
-2.09018e-02
-2.04366e-02
-1.99016e-02
-1.92825e-02
-1.85369e-02
-1.77849e-02
-1.71362e-02
-1.63545e-02
-1.53932e-02
-1.46031e-02
-1.40162e-02
-1.34445e-02
-1.28500e-02
-1.22908e-02
-1.19331e-02
-1.17675e-02
-1.16319e-02
-1.15716e-02
-1.16082e-02
-1.15766e-02
-1.14212e-02
-1.12274e-02
-1.09242e-02
-1.04871e-02
-1.01849e-02
-1.01165e-02
-1.00655e-02
-9.95245e-03
-9.76148e-03
-9.46417e-03
-9.11878e-03
-8.89117e-03
-8.76447e-03
-8.56609e-03
-8.20247e-03
-7.61791e-03
-6.82829e-03
-5.92032e-03
-5.05284e-03
-4.32287e-03
-3.74316e-03
-3.17579e-03
-2.55961e-03
-1.97377e-03
-1.48379e-03
-1.13816e-03
-9.07453e-04
-7.65143e-04
-7.20147e-04
-7.84864e-04
-9.37037e-04
-1.02385e-03
-9.79871e-04
-9.62488e-04
-1.02510e-03
-1.09656e-03
-1.02591e-03
-7.30429e-04
-3.61131e-04
4.33536e-06
4.03809e-04
9.33201e-04
1.65984e-03
2.50316e-03
3.52984e-03
4.94984e-03
6.48169e-03
7.77351e-03
9.05365e-03
1.04814e-02
1.19415e-02
1.32899e-02
1.43901e-02
1.52675e-02
1.60123e-02
1.67310e-02
1.74254e-02
1.80271e-02
1.85382e-02
1.89368e-02
1.91455e-02
1.91579e-02
1.90418e-02
1.88351e-02
1.85748e-02
1.82853e-02
1.79416e-02
1.74857e-02
1.70238e-02
1.66922e-02
1.65042e-02
1.63880e-02
1.62193e-02
1.61394e-02
1.63502e-02
1.68006e-02
1.73710e-02
1.79243e-02
1.83882e-02
1.87465e-02
1.90386e-02
1.92979e-02
1.95081e-02
1.97011e-02
1.99110e-02
2.00249e-02
1.99338e-02
1.96492e-02
1.92845e-02
1.90137e-02
1.87625e-02
1.83883e-02
1.78227e-02
1.70939e-02
1.63449e-02
1.56881e-02
1.52107e-02
1.49108e-02
1.47686e-02
1.47575e-02
1.48428e-02
1.49856e-02
1.51640e-02
1.53184e-02
1.53465e-02
1.52667e-02
1.51551e-02
1.49915e-02
1.47286e-02
1.43202e-02
1.37704e-02
1.31209e-02
1.23894e-02
1.16499e-02
1.10530e-02
1.05492e-02
9.94136e-03
9.38207e-03
9.02841e-03
8.77330e-03
8.52369e-03
8.22909e-03
7.83557e-03
7.31379e-03
6.69358e-03
6.02185e-03
5.34573e-03
4.65057e-03
3.95443e-03
3.45223e-03
3.15165e-03
2.76181e-03
2.27887e-03
1.83604e-03
1.38353e-03
9.00589e-04
4.56650e-04
4.21071e-06
-5.56147e-04
-1.13192e-03
-1.67888e-03
-2.32770e-03
-3.09504e-03
-3.88217e-03
-4.57491e-03
-5.06416e-03
-5.30366e-03
-5.31380e-03
-5.19152e-03
-5.02278e-03
-4.86459e-03
-4.69448e-03
-4.49285e-03
-4.25863e-03
-4.02412e-03
-3.82354e-03
-3.65188e-03
-3.51555e-03
-3.43499e-03
-3.39755e-03
-3.39260e-03
-3.46097e-03
-3.64966e-03
-3.99477e-03
-4.48509e-03
-5.08209e-03
-5.76334e-03
-6.46571e-03
-7.07926e-03
-7.56302e-03
-7.90587e-03
-8.04491e-03
-7.98642e-03
-7.85098e-03
-7.72950e-03
-7.64684e-03
-7.45494e-03
-7.09366e-03
-6.74180e-03
-6.45969e-03
-6.19347e-03
-5.82888e-03
-5.36878e-03
-5.06075e-03
-4.97135e-03
-4.96880e-03
-4.88126e-03
-4.67231e-03
-4.63818e-03
-4.89358e-03
-5.33203e-03
-5.88478e-03
-6.51880e-03
-7.30085e-03
-8.15275e-03
-8.84520e-03
-9.38758e-03
-9.80016e-03
-9.90586e-03
-9.68964e-03
-9.35649e-03
-8.95927e-03
-8.52494e-03
-8.14862e-03
-7.76806e-03
-7.13231e-03
-6.22839e-03
-5.19470e-03
-4.18922e-03
-3.30085e-03
-2.48925e-03
-1.81848e-03
-1.34049e-03
-8.83278e-04
-3.76752e-04
-8.48401e-06
1.48165e-04
1.20081e-04
-3.41653e-06
-9.15804e-05
-2.93470e-05
9.92254e-05
8.84788e-05
2.58287e-05
-5.58824e-06
-9.15269e-05
-1.97163e-04
-1.86661e-04
-7.43638e-05
8.33418e-05
2.54765e-04
3.80104e-04
3.89451e-04
3.24579e-04
2.20249e-04
-1.52295e-05
-3.67878e-04
-6.93449e-04
-9.80193e-04
-1.30437e-03
-1.80323e-03
-2.44111e-03
-2.96009e-03
-3.32200e-03
-3.57476e-03
-3.71859e-03
-3.75334e-03
-3.68371e-03
-3.52720e-03
-3.31389e-03
-3.08754e-03
-2.87892e-03
-2.69853e-03
-2.60967e-03
-2.71364e-03
-3.09975e-03
-3.69559e-03
-4.20534e-03
-4.62961e-03
-5.15627e-03
-5.71467e-03
-6.17196e-03
-6.42589e-03
-6.56539e-03
-6.80078e-03
-7.02775e-03
-7.11412e-03
-7.08397e-03
-6.93664e-03
-6.66499e-03
-6.40128e-03
-6.23446e-03
-6.02884e-03
-5.74672e-03
-5.48888e-03
-5.32276e-03
-5.27345e-03
-5.27165e-03
-5.33565e-03
-5.58906e-03
-5.99065e-03
-6.41428e-03
-6.74611e-03
-7.01152e-03
-7.40831e-03
-7.96190e-03
-8.56819e-03
-9.02962e-03
-9.32852e-03
-9.72057e-03
-1.01492e-02
-1.04101e-02
-1.04772e-02
-1.04079e-02
-1.03234e-02
-1.02340e-02
-1.00803e-02
-9.84690e-03
-9.52277e-03
-9.09354e-03
-8.51661e-03
-7.74914e-03
-6.83324e-03
-5.87907e-03
-5.03906e-03
-4.33043e-03
-3.64625e-03
-2.98051e-03
-2.35214e-03
-1.78963e-03
-1.36147e-03
-1.13872e-03
-9.64490e-04
-7.05924e-04
-5.12250e-04
-4.64966e-04
-5.12216e-04
-5.24468e-04
-4.21574e-04
-3.64102e-04
-3.55700e-04
-1.88249e-04
3.29486e-05
1.47549e-04
2.79285e-04
4.91119e-04
7.04311e-04
9.85418e-04
1.43462e-03
1.98729e-03
2.52156e-03
2.91662e-03
3.23529e-03
3.62456e-03
4.03980e-03
4.47825e-03
5.05482e-03
5.73433e-03
6.41471e-03
7.22925e-03
8.19180e-03
9.00483e-03
9.52814e-03
9.80894e-03
1.00368e-02
1.03592e-02
1.06784e-02
1.08993e-02
1.09540e-02
1.08638e-02
1.07394e-02
1.07726e-02
1.09889e-02
1.12098e-02
1.13159e-02
1.12670e-02
1.12141e-02
1.12412e-02
1.13178e-02
1.14703e-02
1.16819e-02
1.18089e-02
1.18460e-02
1.19838e-02
1.22370e-02
1.25449e-02
1.28788e-02
1.31818e-02
1.33743e-02
1.34667e-02
1.35277e-02
1.35948e-02
1.36334e-02
1.35196e-02
1.32522e-02
1.29169e-02
1.25760e-02
1.22420e-02
1.18588e-02
1.15142e-02
1.13551e-02
1.12583e-02
1.10916e-02
1.08844e-02
1.07702e-02
1.09029e-02
1.10422e-02
1.09316e-02
1.06052e-02
1.01929e-02
9.87843e-03
9.60743e-03
9.26731e-03
8.82589e-03
8.28640e-03
7.68755e-03
7.03841e-03
6.36868e-03
5.75765e-03
5.23948e-03
4.78341e-03
4.41507e-03
4.18844e-03
4.15807e-03
4.20467e-03
4.02348e-03
3.69714e-03
3.44085e-03
3.15621e-03
2.76365e-03
2.29589e-03
1.76045e-03
1.16312e-03
5.47083e-04
-8.83424e-05
-8.12028e-04
-1.53176e-03
-2.07497e-03
-2.46882e-03
-2.78576e-03
-3.07404e-03
-3.38240e-03
-3.75795e-03
-4.24046e-03
-4.82297e-03
-5.42650e-03
-5.94728e-03
-6.30333e-03
-6.60860e-03
-6.92358e-03
-7.03385e-03
-6.87562e-03
-6.58492e-03
-6.28792e-03
-6.03933e-03
-5.69631e-03
-5.21198e-03
-4.66439e-03
-3.96819e-03
-3.12398e-03
-2.42292e-03
-1.93744e-03
-1.47584e-03
-1.12464e-03
-9.33088e-04
-6.85966e-04
-3.13979e-04
4.22820e-05
2.40535e-04
1.99484e-04
2.83989e-05
-2.56556e-04
-7.41353e-04
-1.30726e-03
-1.85043e-03
-2.48754e-03
-3.28662e-03
-4.20914e-03
-5.11441e-03
-5.88703e-03
-6.59976e-03
-7.29159e-03
-7.93140e-03
-8.46700e-03
-8.85256e-03
-9.08989e-03
-9.19317e-03
-9.18475e-03
-9.07471e-03
-8.94067e-03
-8.97669e-03
-9.09348e-03
-8.91592e-03
-8.54651e-03
-8.18540e-03
-7.82870e-03
-7.40960e-03
-6.82999e-03
-6.18271e-03
-5.63182e-03
-5.30569e-03
-5.21241e-03
-5.22552e-03
-5.31317e-03
-5.48051e-03
-5.76071e-03
-6.07096e-03
-6.22513e-03
-6.32269e-03
-6.51222e-03
-6.76994e-03
-6.96895e-03
-6.91075e-03
-6.62150e-03
-6.22347e-03
-5.83716e-03
-5.53947e-03
-5.33204e-03
-5.14549e-03
-4.87895e-03
-4.48411e-03
-3.97551e-03
-3.42760e-03
-2.79618e-03
-2.04921e-03
-1.27011e-03
-5.71889e-04
-5.62923e-05
3.76714e-04
8.47486e-04
1.29783e-03
1.64999e-03
1.84109e-03
1.90753e-03
1.85775e-03
1.55652e-03
9.94465e-04
3.31040e-04
-3.27102e-04
-8.90645e-04
-1.32035e-03
-1.65193e-03
-1.97887e-03
-2.23342e-03
-2.33051e-03
-2.28892e-03
-2.15676e-03
-1.99115e-03
-1.71645e-03
-1.24892e-03
-6.21913e-04
6.86818e-05
6.77525e-04
1.14790e-03
1.48205e-03
1.73808e-03
1.94157e-03
2.08332e-03
2.21765e-03
2.35040e-03
2.36040e-03
2.21209e-03
1.96261e-03
1.63244e-03
1.26054e-03
9.16338e-04
6.66534e-04
5.60441e-04
5.91127e-04
7.27328e-04
9.36695e-04
1.15924e-03
1.34211e-03
1.53899e-03
1.80266e-03
2.12191e-03
2.41079e-03
2.56052e-03
2.58318e-03
2.52882e-03
2.45757e-03
2.39990e-03
2.32852e-03
2.12002e-03
1.81201e-03
1.65155e-03
1.59854e-03
1.49305e-03
1.24752e-03
8.55831e-04
4.07757e-04
-5.93349e-05
-5.24602e-04
-9.89519e-04
-1.42199e-03
-1.76158e-03
-2.01671e-03
-2.23436e-03
-2.47082e-03
-2.67342e-03
-2.71002e-03
-2.63919e-03
-2.55148e-03
-2.45565e-03
-2.26534e-03
-1.85104e-03
-1.29029e-03
-7.10711e-04
-1.97906e-04
2.16477e-04
5.69820e-04
9.68700e-04
1.38910e-03
1.58170e-03
1.57206e-03
1.55508e-03
1.60257e-03
1.70886e-03
1.79450e-03
1.91002e-03
2.12388e-03
2.33239e-03
2.47618e-03
2.60881e-03
2.78735e-03
3.04874e-03
3.34814e-03
3.65065e-03
3.95207e-03
4.21201e-03
4.38091e-03
4.43410e-03
4.40732e-03
4.39296e-03
4.38685e-03
4.40099e-03
4.54754e-03
4.83705e-03
5.16446e-03
5.47588e-03
5.74084e-03
5.96011e-03
6.11786e-03
6.18151e-03
6.12126e-03
5.90840e-03
5.52897e-03
5.06039e-03
4.62810e-03
4.20300e-03
3.79524e-03
3.53384e-03
3.40265e-03
3.28930e-03
3.16106e-03
2.98365e-03
2.71525e-03
2.44154e-03
2.29596e-03
2.16540e-03
1.98001e-03
1.86529e-03
1.79309e-03
1.62431e-03
1.39316e-03
1.16254e-03
9.35811e-04
6.66709e-04
2.88959e-04
-9.88578e-05
-4.16603e-04
-7.55799e-04
-1.14415e-03
-1.51873e-03
-1.81966e-03
-2.02243e-03
-2.19548e-03
-2.41500e-03
-2.72893e-03
-3.05854e-03
-3.27862e-03
-3.34747e-03
-3.32679e-03
-3.38334e-03
-3.54657e-03
-3.78939e-03
-4.11991e-03
-4.52596e-03
-4.96516e-03
-5.39663e-03
-5.79220e-03
-6.16519e-03
-6.52640e-03
-6.86015e-03
-7.13957e-03
-7.34753e-03
-7.53265e-03
-7.70418e-03
-7.78251e-03
-7.79473e-03
-7.84572e-03
-7.96194e-03
-8.10876e-03
-8.19229e-03
-8.24888e-03
-8.39898e-03
-8.54110e-03
-8.56678e-03
-8.50967e-03
-8.39592e-03
-8.23941e-03
-8.07248e-03
-7.93096e-03
-7.82456e-03
-7.70063e-03
-7.45713e-03
-7.13904e-03
-6.84047e-03
-6.60300e-03
-6.43304e-03
-6.29872e-03
-6.19741e-03
-6.16454e-03
-6.30739e-03
-6.63073e-03
-6.98788e-03
-7.31785e-03
-7.60528e-03
-7.85951e-03
-8.12180e-03
-8.44272e-03
-8.74786e-03
-8.92255e-03
-9.02586e-03
-9.08744e-03
-9.02769e-03
-8.81414e-03
-8.45099e-03
-7.94080e-03
-7.30993e-03
-6.61791e-03
-5.93440e-03
-5.33231e-03
-4.85291e-03
-4.50177e-03
-4.24025e-03
-3.99523e-03
-3.68760e-03
-3.37500e-03
-3.09679e-03
-2.74089e-03
-2.25210e-03
-1.65413e-03
-9.86945e-04
-3.34274e-04
1.72095e-04
4.32153e-04
4.19218e-04
1.94324e-04
-1.14737e-04
-4.27456e-04
-7.43551e-04
-1.17199e-03
-1.69567e-03
-2.18576e-03
-2.53227e-03
-2.62820e-03
-2.41548e-03
-1.96409e-03
-1.46737e-03
-8.86860e-04
-9.60466e-05
9.28317e-04
2.12315e-03
3.32422e-03
4.44772e-03
5.48238e-03
6.46682e-03
7.37469e-03
8.01163e-03
8.43129e-03
8.94693e-03
9.51137e-03
9.99367e-03
1.04600e-02
1.09300e-02
1.13240e-02
1.16463e-02
1.19343e-02
1.20903e-02
1.20652e-02
1.19646e-02
1.18369e-02
1.16651e-02
1.14784e-02
1.12885e-02
1.10367e-02
1.07110e-02
1.03859e-02
1.01386e-02
1.00441e-02
1.01212e-02
1.03525e-02
1.06903e-02
1.10539e-02
1.13467e-02
1.15654e-02
1.17364e-02
1.18531e-02
1.18519e-02
1.16228e-02
1.12362e-02
1.08484e-02
1.05259e-02
1.03615e-02
1.04794e-02
1.07885e-02
1.10430e-02
1.12659e-02
1.15319e-02
1.18278e-02
1.20717e-02
1.21285e-02
1.20396e-02
1.19076e-02
1.17292e-02
1.15089e-02
1.12773e-02
1.09579e-02
1.04498e-02
9.93412e-03
9.51128e-03
8.93888e-03
8.19181e-03
7.49971e-03
6.89137e-03
6.32838e-03
5.78443e-03
5.24626e-03
4.73169e-03
4.28139e-03
3.94541e-03
3.72191e-03
3.58786e-03
3.50833e-03
3.41030e-03
3.20585e-03
2.98796e-03
2.90711e-03
3.02039e-03
3.28192e-03
3.53060e-03
3.71990e-03
3.85554e-03
3.92062e-03
3.95302e-03
4.05466e-03
4.19488e-03
4.22943e-03
4.09439e-03
3.78991e-03
3.40615e-03
2.93136e-03
2.25639e-03
1.52078e-03
9.08150e-04
3.73837e-04
-1.25654e-04
-5.62003e-04
-8.37428e-04
-8.50409e-04
-6.84463e-04
-4.08247e-04
3.24470e-05
5.88417e-04
1.11522e-03
1.54196e-03
1.83286e-03
1.98758e-03
2.04192e-03
2.05322e-03
1.96170e-03
1.71006e-03
1.43158e-03
1.19390e-03
9.19659e-04
6.84639e-04
6.20808e-04
6.28130e-04
5.83388e-04
4.69995e-04
3.26097e-04
2.34361e-04
1.89544e-04
1.70916e-04
1.90644e-04
2.63544e-04
3.91321e-04
4.84184e-04
4.46723e-04
3.45857e-04
2.33931e-04
7.55285e-05
-1.36561e-04
-3.85855e-04
-6.44131e-04
-8.66265e-04
-9.95191e-04
-1.02551e-03
-1.01712e-03
-1.05858e-03
-1.21866e-03
-1.45607e-03
-1.70525e-03
-1.90097e-03
-2.02087e-03
-2.11708e-03
-2.37007e-03
-2.86108e-03
-3.43878e-03
-4.01623e-03
-4.57175e-03
-5.16852e-03
-5.84420e-03
-6.50570e-03
-7.08800e-03
-7.57639e-03
-7.98168e-03
-8.33870e-03
-8.68912e-03
-9.07270e-03
-9.50955e-03
-9.95955e-03
-1.03374e-02
-1.05726e-02
-1.06399e-02
-1.05935e-02
-1.04859e-02
-1.03606e-02
-1.02049e-02
-1.00333e-02
-9.95977e-03
-1.00131e-02
-1.01098e-02
-1.01839e-02
-1.01983e-02
-1.02107e-02
-1.03032e-02
-1.05273e-02
-1.07099e-02
-1.06117e-02
-1.03965e-02
-1.01881e-02
-9.84327e-03
-9.36522e-03
-8.88558e-03
-8.40126e-03
-7.91466e-03
-7.51734e-03
-7.19759e-03
-6.82714e-03
-6.41209e-03
-6.03391e-03
-5.80116e-03
-5.68482e-03
-5.48437e-03
-5.28599e-03
-5.30238e-03
-5.56598e-03
-5.98346e-03
-6.35107e-03
-6.69715e-03
-7.15946e-03
-7.52105e-03
-7.65344e-03
-7.79059e-03
-7.95957e-03
-7.97551e-03
-7.86323e-03
-7.68380e-03
-7.42658e-03
-7.12593e-03
-6.86239e-03
-6.60312e-03
-6.26232e-03
-5.79534e-03
-5.24971e-03
-4.78930e-03
-4.49093e-03
-4.34521e-03
-4.24245e-03
-4.12355e-03
-4.08243e-03
-4.08737e-03
-4.02330e-03
-3.93894e-03
-3.87519e-03
-3.74475e-03
-3.56875e-03
-3.49184e-03
-3.55333e-03
-3.69322e-03
-3.72277e-03
-3.57884e-03
-3.40689e-03
-3.31013e-03
-3.32173e-03
-3.27223e-03
-3.09481e-03
-2.96433e-03
-2.91768e-03
-2.89936e-03
-2.90058e-03
-2.91176e-03
-2.91625e-03
-2.93232e-03
-2.98201e-03
-2.90532e-03
-2.58336e-03
-2.15603e-03
-1.70790e-03
-1.22824e-03
-7.86472e-04
-4.50658e-04
-1.94466e-04
-4.54199e-05
-1.09893e-04
-3.21809e-04
-5.18757e-04
-6.37719e-04
-6.59140e-04
-6.06973e-04
-5.55454e-04
-5.74340e-04
-4.98424e-04
-2.07438e-04
1.47193e-04
4.32497e-04
5.59311e-04
4.75565e-04
2.20355e-04
-2.47762e-05
-1.99466e-04
-4.21247e-04
-6.50056e-04
-8.25384e-04
-1.02953e-03
-1.20141e-03
-1.06714e-03
-7.11153e-04
-4.16533e-04
-1.46598e-04
1.71391e-04
5.28587e-04
9.08509e-04
1.28917e-03
1.63648e-03
1.93538e-03
2.22359e-03
2.45917e-03
2.52153e-03
2.46623e-03
2.41158e-03
2.40083e-03
2.39684e-03
2.28552e-03
2.12368e-03
2.05554e-03
2.14564e-03
2.38634e-03
2.67324e-03
2.88243e-03
2.91684e-03
2.89606e-03
2.93355e-03
2.96465e-03
2.97930e-03
3.02985e-03
3.15288e-03
3.37802e-03
3.72721e-03
4.24258e-03
4.95878e-03
5.69865e-03
6.22523e-03
6.52218e-03
6.68632e-03
6.89353e-03
7.17386e-03
7.42998e-03
7.49302e-03
7.34692e-03
7.28530e-03
7.37629e-03
7.48810e-03
7.57058e-03
7.62403e-03
7.72778e-03
7.85309e-03
7.86829e-03
7.84192e-03
7.85294e-03
7.79306e-03
7.62900e-03
7.45063e-03
7.20848e-03
6.84044e-03
6.48954e-03
6.25911e-03
6.10589e-03
6.02607e-03
6.01464e-03
5.97165e-03
5.84614e-03
5.73829e-03
5.68554e-03
5.66259e-03
5.68641e-03
5.72147e-03
5.61918e-03
5.40004e-03
5.29059e-03
5.35131e-03
5.53229e-03
5.67415e-03
5.67246e-03
5.56258e-03
5.41603e-03
5.30647e-03
5.15430e-03
4.90612e-03
4.62487e-03
4.38077e-03
4.23680e-03
4.19142e-03
4.20107e-03
4.20250e-03
4.21866e-03
4.35672e-03
4.60202e-03
4.87894e-03
5.08944e-03
5.19550e-03
5.24616e-03
5.25736e-03
5.24613e-03
5.24567e-03
5.29945e-03
5.45058e-03
5.66008e-03
5.84047e-03
5.98257e-03
6.07385e-03
6.07055e-03
5.99866e-03
5.94059e-03
5.88544e-03
5.76016e-03
5.44649e-03
4.94591e-03
4.40513e-03
3.87430e-03
3.37351e-03
2.91047e-03
2.48188e-03
2.07591e-03
1.65754e-03
1.23636e-03
1.00185e-03
9.84334e-04
9.01103e-04
7.57592e-04
7.41958e-04
7.91284e-04
8.35166e-04
9.17863e-04
1.00929e-03
1.01389e-03
9.79984e-04
9.53259e-04
8.43098e-04
6.47930e-04
4.82727e-04
3.22372e-04
1.14221e-04
-7.43452e-05
-2.06598e-04
-3.22043e-04
-4.43718e-04
-5.86196e-04
-7.67375e-04
-9.99906e-04
-1.28694e-03
-1.61661e-03
-1.95378e-03
-2.23837e-03
-2.44501e-03
-2.64126e-03
-2.86288e-03
-3.08583e-03
-3.21123e-03
-3.19066e-03
-3.21008e-03
-3.37795e-03
-3.62964e-03
-3.85153e-03
-3.95204e-03
-4.06228e-03
-4.25068e-03
-4.39905e-03
-4.44287e-03
-4.38081e-03
-4.31246e-03
-4.29314e-03
-4.22988e-03
-4.18475e-03
-4.33280e-03
-4.54553e-03
-4.65294e-03
-4.67360e-03
-4.67950e-03
-4.76417e-03
-4.84813e-03
-4.83815e-03
-4.83477e-03
-4.88076e-03
-4.88532e-03
-4.77278e-03
-4.50604e-03
-4.16314e-03
-3.79768e-03
-3.36157e-03
-2.84942e-03
-2.29745e-03
-1.76595e-03
-1.28473e-03
-8.06444e-04
-3.78657e-04
-1.34439e-04
-3.08772e-05
-2.09546e-06
-9.68606e-05
-2.69083e-04
-3.60304e-04
-4.26970e-04
-6.11282e-04
-9.24484e-04
-1.25563e-03
-1.37697e-03
-1.31010e-03
-1.24152e-03
-1.24344e-03
-1.35458e-03
-1.57217e-03
-1.81867e-03
-1.96634e-03
-2.04137e-03
-2.06839e-03
-1.95498e-03
-1.70753e-03
-1.45833e-03
-1.29619e-03
-1.28892e-03
-1.45920e-03
-1.75584e-03
-2.06033e-03
-2.38289e-03
-2.76923e-03
-3.11796e-03
-3.39161e-03
-3.69120e-03
-3.94425e-03
-3.99811e-03
-3.98666e-03
-4.03853e-03
-4.09052e-03
-4.12157e-03
-4.16134e-03
-4.21332e-03
-4.26950e-03
-4.31249e-03
-4.28254e-03
-4.09571e-03
-3.84088e-03
-3.61886e-03
-3.28223e-03
-2.82919e-03
-2.51751e-03
-2.36889e-03
-2.25724e-03
-2.13455e-03
-1.99020e-03
-1.87255e-03
-1.87075e-03
-2.06465e-03
-2.28613e-03
-2.36542e-03
-2.35180e-03
-2.31966e-03
-2.34040e-03
-2.36949e-03
-2.35501e-03
-2.35312e-03
-2.36566e-03
-2.31931e-03
-2.27373e-03
-2.36750e-03
-2.71060e-03
-3.28824e-03
-3.90383e-03
-4.47719e-03
-5.03097e-03
-5.65456e-03
-6.39249e-03
-7.13119e-03
-7.71540e-03
-8.01054e-03
-8.21851e-03
-8.56160e-03
-8.96201e-03
-9.32805e-03
-9.58154e-03
-9.59507e-03
-9.29006e-03
-8.80356e-03
-8.25802e-03
-7.67446e-03
-7.03657e-03
-6.33465e-03
-5.69827e-03
-5.21505e-03
-4.83629e-03
-4.50516e-03
-4.18379e-03
-3.96848e-03
-3.93062e-03
-3.97942e-03
-3.95126e-03
-3.65343e-03
-3.15930e-03
-2.61066e-03
-2.01565e-03
-1.40368e-03
-8.40731e-04
-3.59946e-04
4.67238e-05
4.31451e-04
8.01309e-04
1.08319e-03
1.31737e-03
1.58266e-03
1.78764e-03
1.87507e-03
1.94096e-03
2.03157e-03
2.14305e-03
2.28834e-03
2.47804e-03
2.70937e-03
2.92548e-03
3.03343e-03
3.10775e-03
3.23506e-03
3.34953e-03
3.37246e-03
3.25080e-03
3.04737e-03
2.89721e-03
2.92032e-03
3.08997e-03
3.19588e-03
3.27832e-03
3.48745e-03
3.80619e-03
4.16280e-03
4.46354e-03
4.70525e-03
4.92495e-03
5.03303e-03
4.99611e-03
4.94248e-03
4.93677e-03
4.98250e-03
5.11980e-03
5.34845e-03
5.57651e-03
5.74522e-03
5.84154e-03
5.80675e-03
5.64510e-03
5.52452e-03
5.54413e-03
5.65899e-03
5.74630e-03
5.69833e-03
5.64335e-03
5.75463e-03
6.14299e-03
6.57801e-03
6.73546e-03
6.82179e-03
6.98375e-03
7.06192e-03
7.04615e-03
7.04237e-03
7.12436e-03
7.30728e-03
7.49637e-03
7.57247e-03
7.43923e-03
7.22946e-03
7.09916e-03
7.02364e-03
6.93265e-03
6.74109e-03
6.55231e-03
6.47941e-03
6.44704e-03
6.36470e-03
6.17947e-03
5.99573e-03
5.95676e-03
6.02408e-03
6.04984e-03
5.83304e-03
5.52168e-03
5.40163e-03
5.36518e-03
5.29813e-03
5.23490e-03
5.19159e-03
5.14675e-03
4.99420e-03
4.68858e-03
4.34858e-03
4.04625e-03
3.79477e-03
3.57965e-03
3.35182e-03
3.04768e-03
2.70477e-03
2.45758e-03
2.25859e-03
1.96522e-03
1.41746e-03
6.31142e-04
-1.51310e-04
-8.46669e-04
-1.42419e-03
-1.82324e-03
-1.95394e-03
-1.72121e-03
-1.27568e-03
-8.86342e-04
-5.72631e-04
-3.44838e-04
-2.83123e-04
-3.82398e-04
-5.79213e-04
-8.81674e-04
-1.28963e-03
-1.75558e-03
-2.20689e-03
-2.56047e-03
-2.79624e-03
-2.92814e-03
-2.98888e-03
-3.02154e-03
-3.05716e-03
-3.00623e-03
-2.85012e-03
-2.80791e-03
-2.91529e-03
-2.99016e-03
-3.00403e-03
-2.96878e-03
-2.89126e-03
-2.78573e-03
-2.67426e-03
-2.59708e-03
-2.55909e-03
-2.46126e-03
-2.30852e-03
-2.24505e-03
-2.22266e-03
-2.13004e-03
-1.98233e-03
-1.83881e-03
-1.77512e-03
-1.75959e-03
-1.73791e-03
-1.80419e-03
-1.91445e-03
-1.80234e-03
-1.56024e-03
-1.46854e-03
-1.48082e-03
-1.50730e-03
-1.52808e-03
-1.58404e-03
-1.73707e-03
-1.93526e-03
-2.12237e-03
-2.30450e-03
-2.52764e-03
-2.84342e-03
-3.15416e-03
-3.34034e-03
-3.37070e-03
-3.33782e-03
-3.42089e-03
-3.51349e-03
-3.47076e-03
-3.32162e-03
-3.19275e-03
-3.27391e-03
-3.48405e-03
-3.70129e-03
-3.99811e-03
-4.36763e-03
-4.69317e-03
-5.01978e-03
-5.41300e-03
-5.76317e-03
-5.91818e-03
-5.73841e-03
-5.26529e-03
-4.68015e-03
-4.18786e-03
-3.82070e-03
-3.35993e-03
-2.89130e-03
-2.60783e-03
-2.39040e-03
-2.05869e-03
-1.49712e-03
-8.19217e-04
-2.66960e-04
1.66484e-04
4.95360e-04
6.45661e-04
6.44652e-04
5.74106e-04
3.14844e-04
-1.98362e-04
-8.08786e-04
-1.43593e-03
-2.06794e-03
-2.60931e-03
-2.95600e-03
-3.06290e-03
-3.01359e-03
-2.99685e-03
-2.92172e-03
-2.66344e-03
-2.27448e-03
-1.78220e-03
-1.17500e-03
-5.20842e-04
9.86256e-05
6.87929e-04
1.22728e-03
1.65439e-03
2.00285e-03
2.36286e-03
2.78245e-03
3.21658e-03
3.51144e-03
3.71806e-03
3.98478e-03
4.21508e-03
4.34682e-03
4.48710e-03
4.65723e-03
4.78661e-03
4.78390e-03
4.65724e-03
4.63299e-03
4.79540e-03
5.04844e-03
5.31509e-03
5.53440e-03
5.72603e-03
5.89458e-03
6.02239e-03
6.17787e-03
6.41292e-03
6.60482e-03
6.64314e-03
6.50827e-03
6.31116e-03
6.21203e-03
6.19680e-03
6.18038e-03
6.05098e-03
5.83840e-03
5.65535e-03
5.49609e-03
5.34724e-03
5.23288e-03
5.18918e-03
5.24413e-03
5.34175e-03
5.42898e-03
5.53262e-03
5.67403e-03
5.84626e-03
5.95477e-03
5.93130e-03
5.87075e-03
5.82526e-03
5.76905e-03
5.71051e-03
5.66948e-03
5.66445e-03
5.71518e-03
5.82986e-03
5.92724e-03
5.91390e-03
5.86273e-03
5.83018e-03
5.77849e-03
5.69300e-03
5.57655e-03
5.43301e-03
5.22311e-03
4.84326e-03
4.26519e-03
3.56352e-03
2.90799e-03
2.38967e-03
1.84545e-03
1.27212e-03
8.39143e-04
5.04743e-04
2.06909e-04
1.41821e-05
-4.37232e-05
-1.86931e-05
-2.38353e-05
-1.58749e-04
-3.57676e-04
-5.75941e-04
-8.45340e-04
-1.15234e-03
-1.47654e-03
-1.85892e-03
-2.28888e-03
-2.66257e-03
-3.01333e-03
-3.42920e-03
-3.77312e-03
-3.97472e-03
-4.19440e-03
-4.46797e-03
-4.70897e-03
-4.86150e-03
-4.91163e-03
-4.93797e-03
-5.02842e-03
-5.24966e-03
-5.54975e-03
-5.85548e-03
-6.21341e-03
-6.59486e-03
-6.86411e-03
-7.03263e-03
-7.16979e-03
-7.21999e-03
-7.18790e-03
-7.20615e-03
-7.29709e-03
-7.39312e-03
-7.45590e-03
-7.49855e-03
-7.62015e-03
-7.81134e-03
-7.95731e-03
-8.05662e-03
-8.15135e-03
-8.28841e-03
-8.42591e-03
-8.41867e-03
-8.21989e-03
-7.88271e-03
-7.60015e-03
-7.47100e-03
-7.39403e-03
-7.31802e-03
-7.23941e-03
-7.24932e-03
-7.31599e-03
-7.18211e-03
-6.91764e-03
-6.84481e-03
-6.95388e-03
-7.12297e-03
-7.22971e-03
-7.24859e-03
-7.25760e-03
-7.19031e-03
-6.98964e-03
-6.74703e-03
-6.49868e-03
-6.19033e-03
-5.89557e-03
-5.70957e-03
-5.56110e-03
-5.40361e-03
-5.28217e-03
-5.11198e-03
-4.76579e-03
-4.36124e-03
-4.01606e-03
-3.69188e-03
-3.35305e-03
-2.99666e-03
-2.77046e-03
-2.77861e-03
-2.88624e-03
-2.99524e-03
-3.08754e-03
-3.13610e-03
-3.16441e-03
-3.30130e-03
-3.54043e-03
-3.66552e-03
-3.63988e-03
-3.50932e-03
-3.22287e-03
-2.80684e-03
-2.41750e-03
-2.02254e-03
-1.46263e-03
-7.93510e-04
-1.20421e-04
4.90711e-04
9.91575e-04
1.35764e-03
1.59907e-03
1.76314e-03
1.91515e-03
2.03613e-03
2.01444e-03
1.91719e-03
1.84368e-03
1.69370e-03
1.41778e-03
1.10512e-03
8.04010e-04
5.27225e-04
2.45534e-04
-4.63932e-06
-5.76577e-05
8.53819e-05
2.76054e-04
4.94871e-04
7.27827e-04
9.10900e-04
9.54370e-04
7.82679e-04
5.80330e-04
5.33071e-04
4.55503e-04
2.04536e-04
-1.91500e-04
-6.14869e-04
-9.32295e-04
-1.20449e-03
-1.45944e-03
-1.60524e-03
-1.66543e-03
-1.72957e-03
-1.72956e-03
-1.55009e-03
-1.11156e-03
-5.46874e-04
-1.59998e-04
1.50634e-04
5.53394e-04
9.94665e-04
1.40545e-03
1.73874e-03
2.04855e-03
2.38329e-03
2.63083e-03
2.74317e-03
2.81415e-03
2.86562e-03
2.88429e-03
2.87387e-03
2.84027e-03
2.78474e-03
2.66749e-03
2.44894e-03
2.27178e-03
2.23387e-03
2.19469e-03
2.10841e-03
2.05199e-03
2.01420e-03
1.99687e-03
2.09252e-03
2.29108e-03
2.44013e-03
2.52192e-03
2.56245e-03
2.50358e-03
2.38592e-03
2.39870e-03
2.51204e-03
2.55977e-03
2.56234e-03
2.59016e-03
2.70096e-03
2.81046e-03
2.73842e-03
2.59477e-03
2.53520e-03
2.56029e-03
2.72136e-03
3.11566e-03
3.65172e-03
4.16267e-03
4.59010e-03
4.92377e-03
5.20085e-03
5.43368e-03
5.60566e-03
5.62732e-03
5.43081e-03
5.03845e-03
4.54964e-03
4.10959e-03
3.71932e-03
3.40452e-03
3.31551e-03
3.40560e-03
3.43736e-03
3.47830e-03
3.61548e-03
3.71196e-03
3.73725e-03
3.81681e-03
3.92856e-03
3.99408e-03
4.01236e-03
4.03987e-03
4.18396e-03
4.43222e-03
4.69126e-03
4.92429e-03
5.12360e-03
5.31937e-03
5.52747e-03
5.75071e-03
5.98961e-03
6.19144e-03
6.21955e-03
6.04659e-03
5.76843e-03
5.35774e-03
4.83115e-03
4.37194e-03
4.00195e-03
3.53247e-03
3.01984e-03
2.58354e-03
2.19395e-03
1.85851e-03
1.65128e-03
1.50095e-03
1.28058e-03
1.02961e-03
8.00350e-04
5.93250e-04
3.60107e-04
4.91854e-05
-2.30837e-04
-3.42879e-04
-2.16317e-04
7.79934e-05
3.47418e-04
5.38210e-04
6.64156e-04
7.91021e-04
8.88179e-04
8.38739e-04
7.44694e-04
6.67283e-04
3.78391e-04
-9.57503e-05
-4.01697e-04
-6.11281e-04
-8.86248e-04
-1.04153e-03
-1.01279e-03
-9.81436e-04
-9.79984e-04
-9.90401e-04
-1.12315e-03
-1.40966e-03
-1.71241e-03
-1.94759e-03
-2.08084e-03
-2.10510e-03
-2.05359e-03
-1.98488e-03
-1.87181e-03
-1.63224e-03
-1.35784e-03
-1.14604e-03
-9.66932e-04
-8.01379e-04
-6.51639e-04
-5.16733e-04
-4.32992e-04
-5.14713e-04
-7.74792e-04
-1.08683e-03
-1.42551e-03
-1.73803e-03
-1.80493e-03
-1.60833e-03
-1.44600e-03
-1.35864e-03
-1.25438e-03
-1.14568e-03
-1.10307e-03
-1.24995e-03
-1.54915e-03
-1.84773e-03
-2.09104e-03
-2.25944e-03
-2.36373e-03
-2.44824e-03
-2.57193e-03
-2.66990e-03
-2.67204e-03
-2.60915e-03
-2.54494e-03
-2.55519e-03
-2.58472e-03
-2.55684e-03
-2.49618e-03
-2.46140e-03
-2.52296e-03
-2.62712e-03
-2.68109e-03
-2.69491e-03
-2.71345e-03
-2.79039e-03
-2.86439e-03
-2.79368e-03
-2.46566e-03
-1.91816e-03
-1.40411e-03
-9.82981e-04
-5.86584e-04
-2.60427e-04
-7.35704e-05
-8.70151e-05
-2.50850e-04
-4.51713e-04
-7.75778e-04
-1.25349e-03
-1.69199e-03
-1.97524e-03
-2.08467e-03
-2.03109e-03
-1.87777e-03
-1.73048e-03
-1.62818e-03
-1.54256e-03
-1.57664e-03
-1.79800e-03
-2.08498e-03
-2.33613e-03
-2.50257e-03
-2.47763e-03
-2.23245e-03
-1.97875e-03
-1.82423e-03
-1.67938e-03
-1.53842e-03
-1.41641e-03
-1.31637e-03
-1.29735e-03
-1.47428e-03
-1.79433e-03
-2.11850e-03
-2.40920e-03
-2.66524e-03
-2.92003e-03
-3.23253e-03
-3.64950e-03
-4.08298e-03
-4.43584e-03
-4.68677e-03
-4.92728e-03
-5.27883e-03
-5.56735e-03
-5.65878e-03
-5.67440e-03
-5.72031e-03
-5.83384e-03
-5.81522e-03
-5.56201e-03
-5.34025e-03
-5.22968e-03
-5.09481e-03
-4.89432e-03
-4.65559e-03
-4.50698e-03
-4.46787e-03
-4.42500e-03
-4.35716e-03
-4.26023e-03
-4.11023e-03
-3.88723e-03
-3.58938e-03
-3.27582e-03
-2.99019e-03
-2.63767e-03
-2.20389e-03
-1.81826e-03
-1.56782e-03
-1.51060e-03
-1.65719e-03
-1.94908e-03
-2.25332e-03
-2.48435e-03
-2.59493e-03
-2.57359e-03
-2.45552e-03
-2.31053e-03
-2.12348e-03
-1.84322e-03
-1.55138e-03
-1.32442e-03
-1.15442e-03
-9.71596e-04
-6.89967e-04
-4.07705e-04
-2.47552e-04
-2.37099e-04
-3.25170e-04
-3.89150e-04
-3.65807e-04
-2.27157e-04
1.11125e-06
2.76623e-04
5.36884e-04
6.82431e-04
6.93330e-04
7.61513e-04
9.88802e-04
1.31896e-03
1.66001e-03
1.91381e-03
2.07695e-03
2.15935e-03
2.16709e-03
2.06170e-03
1.83849e-03
1.63327e-03
1.45061e-03
1.10396e-03
6.97794e-04
4.55925e-04
3.92010e-04
4.51590e-04
5.54133e-04
7.23784e-04
1.03335e-03
1.46104e-03
1.90098e-03
2.17561e-03
2.30263e-03
2.43313e-03
2.57123e-03
2.68503e-03
2.73666e-03
2.67832e-03
2.47721e-03
2.22168e-03
2.05911e-03
2.12278e-03
2.36222e-03
2.57389e-03
2.85213e-03
3.30032e-03
3.81925e-03
4.31062e-03
4.70399e-03
4.96956e-03
5.12187e-03
5.22700e-03
5.30169e-03
5.30818e-03
5.36206e-03
5.56481e-03
5.78744e-03
5.90454e-03
5.88307e-03
5.89249e-03
6.10056e-03
6.27779e-03
6.28827e-03
6.25748e-03
6.25757e-03
6.30732e-03
6.32431e-03
6.30421e-03
6.39377e-03
6.56752e-03
6.70997e-03
6.86106e-03
7.00142e-03
6.97447e-03
6.84427e-03
6.80826e-03
6.76441e-03
6.61032e-03
6.41828e-03
6.25963e-03
6.17732e-03
6.10371e-03
6.01433e-03
6.05322e-03
6.23527e-03
6.41941e-03
6.50138e-03
6.47405e-03
6.53187e-03
6.70542e-03
6.80312e-03
6.69969e-03
6.36681e-03
5.98865e-03
5.68837e-03
5.45038e-03
5.25364e-03
5.05674e-03
4.83489e-03
4.64993e-03
4.64876e-03
4.72837e-03
4.72500e-03
4.76660e-03
4.85688e-03
4.75546e-03
4.52551e-03
4.38763e-03
4.33951e-03
4.28232e-03
4.06648e-03
3.70164e-03
3.31561e-03
2.93885e-03
2.61849e-03
2.44186e-03
2.30705e-03
1.96510e-03
1.48167e-03
1.02700e-03
7.28150e-04
5.67019e-04
3.80503e-04
2.51820e-04
2.75913e-04
3.46434e-04
4.24905e-04
5.80167e-04
7.21422e-04
6.97919e-04
4.65899e-04
1.08892e-04
-1.61907e-04
-3.43998e-04
-5.57917e-04
-8.39729e-04
-1.17630e-03
-1.49621e-03
-1.79370e-03
-2.10591e-03
-2.42582e-03
-2.72523e-03
-2.96370e-03
-3.15149e-03
-3.33345e-03
-3.43758e-03
-3.42854e-03
-3.43338e-03
-3.45493e-03
-3.37145e-03
-3.36713e-03
-3.60039e-03
-3.82570e-03
-3.91168e-03
-3.96039e-03
-3.99662e-03
-4.01084e-03
-3.97134e-03
-3.87310e-03
-3.76300e-03
-3.69380e-03
-3.69314e-03
-3.67414e-03
-3.56085e-03
-3.36291e-03
-3.11603e-03
-2.88954e-03
-2.76759e-03
-2.79649e-03
-2.92867e-03
-3.11037e-03
-3.29158e-03
-3.47661e-03
-3.70308e-03
-4.01391e-03
-4.35206e-03
-4.55586e-03
-4.60312e-03
-4.56581e-03
-4.59166e-03
-4.67954e-03
-4.64136e-03
-4.58099e-03
-4.68985e-03
-4.92960e-03
-5.16587e-03
-5.22157e-03
-5.12532e-03
-5.02370e-03
-4.92483e-03
-4.81593e-03
-4.69351e-03
-4.56747e-03
-4.45576e-03
-4.37822e-03
-4.38244e-03
-4.54779e-03
-4.81041e-03
-4.99716e-03
-5.21366e-03
-5.57240e-03
-5.96283e-03
-6.27965e-03
-6.46507e-03
-6.55055e-03
-6.61456e-03
-6.70965e-03
-6.81058e-03
-6.80405e-03
-6.71066e-03
-6.61853e-03
-6.58037e-03
-6.60728e-03
-6.65446e-03
-6.76089e-03
-6.98878e-03
-7.24341e-03
-7.43750e-03
-7.59736e-03
-7.72677e-03
-7.82045e-03
-7.96217e-03
-8.20035e-03
-8.41692e-03
-8.52491e-03
-8.51081e-03
-8.40096e-03
-8.27586e-03
-8.24529e-03
-8.27770e-03
-8.15579e-03
-7.92445e-03
-7.73223e-03
-7.48062e-03
-7.06894e-03
-6.51311e-03
-5.96301e-03
-5.61282e-03
-5.29631e-03
-4.87090e-03
-4.49808e-03
-4.21320e-03
-3.90815e-03
-3.58506e-03
-3.22871e-03
-2.71543e-03
-2.11703e-03
-1.73051e-03
-1.48547e-03
-1.17991e-03
-8.42995e-04
-5.28399e-04
-2.61181e-04
-8.09156e-06
2.75094e-04
5.14043e-04
6.59810e-04
7.74411e-04
9.09028e-04
1.07871e-03
1.17270e-03
1.14257e-03
1.17683e-03
1.35208e-03
1.58897e-03
1.89479e-03
2.28454e-03
2.73022e-03
3.16887e-03
3.51402e-03
3.76529e-03
3.94603e-03
3.96272e-03
3.80490e-03
3.61940e-03
3.36829e-03
2.93459e-03
2.52641e-03
2.33281e-03
2.29502e-03
2.36956e-03
2.53405e-03
2.73499e-03
2.94513e-03
3.22710e-03
3.58667e-03
3.93301e-03
4.14103e-03
4.13418e-03
4.06171e-03
4.04612e-03
4.08789e-03
4.22992e-03
4.50782e-03
4.85918e-03
5.21218e-03
5.54063e-03
5.77028e-03
5.83658e-03
5.91588e-03
6.10209e-03
6.12540e-03
5.89406e-03
5.55609e-03
5.18816e-03
4.83392e-03
4.46679e-03
4.13184e-03
3.96877e-03
3.95418e-03
4.00305e-03
4.14129e-03
4.30861e-03
4.31762e-03
4.21034e-03
4.15833e-03
4.16512e-03
4.22762e-03
4.38337e-03
4.58929e-03
4.75942e-03
4.97224e-03
5.30044e-03
5.69232e-03
6.08268e-03
6.39046e-03
6.50306e-03
6.39474e-03
6.25597e-03
6.19517e-03
6.17942e-03
6.15848e-03
6.10020e-03
6.08665e-03
6.11462e-03
6.06481e-03
5.99851e-03
6.02191e-03
6.04831e-03
6.04444e-03
6.10777e-03
6.20131e-03
6.21595e-03
6.15396e-03
6.08585e-03
6.13010e-03
6.27232e-03
6.40575e-03
6.58667e-03
6.83199e-03
7.00344e-03
7.07911e-03
7.15968e-03
7.25024e-03
7.28098e-03
7.09218e-03
6.70079e-03
6.33415e-03
6.01734e-03
5.69244e-03
5.30296e-03
4.87896e-03
4.56399e-03
4.37852e-03
4.28928e-03
4.30587e-03
4.38012e-03
4.39071e-03
4.36220e-03
4.40431e-03
4.50514e-03
4.58928e-03
4.53824e-03
4.37003e-03
4.20782e-03
4.05563e-03
3.90871e-03
3.79711e-03
3.68815e-03
3.49460e-03
3.23309e-03
2.96202e-03
2.72966e-03
2.54898e-03
2.38281e-03
2.18356e-03
1.94009e-03
1.76635e-03
1.69253e-03
1.61267e-03
1.53733e-03
1.52256e-03
1.55864e-03
1.62891e-03
1.72444e-03
1.83121e-03
1.91566e-03
1.89622e-03
1.76595e-03
1.66720e-03
1.64322e-03
1.66175e-03
1.77983e-03
1.98119e-03
2.08294e-03
2.07480e-03
2.12598e-03
2.20141e-03
2.21228e-03
2.11592e-03
1.96508e-03
1.89619e-03
1.78189e-03
1.45852e-03
1.06123e-03
7.32684e-04
5.17657e-04
3.52618e-04
1.29461e-04
-9.79665e-05
-2.64940e-04
-3.68702e-04
-4.62403e-04
-6.23385e-04
-7.80396e-04
-9.00836e-04
-1.13218e-03
-1.46796e-03
-1.72667e-03
-1.88533e-03
-2.00872e-03
-2.22412e-03
-2.55028e-03
-2.83983e-03
-3.02566e-03
-3.09694e-03
-3.11897e-03
-3.15837e-03
-3.22942e-03
-3.28570e-03
-3.25989e-03
-3.22047e-03
-3.25074e-03
-3.36931e-03
-3.52966e-03
-3.63851e-03
-3.73521e-03
-3.87660e-03
-4.04645e-03
-4.22198e-03
-4.38534e-03
-4.55042e-03
-4.74005e-03
-4.95943e-03
-5.20598e-03
-5.46228e-03
-5.65365e-03
-5.70770e-03
-5.70526e-03
-5.69158e-03
-5.58949e-03
-5.45473e-03
-5.42284e-03
-5.43768e-03
-5.40483e-03
-5.30286e-03
-5.20349e-03
-5.25154e-03
-5.39661e-03
-5.53630e-03
-5.64298e-03
-5.76957e-03
-6.03746e-03
-6.37838e-03
-6.63149e-03
-6.69979e-03
-6.60016e-03
-6.49925e-03
-6.48771e-03
-6.58758e-03
-6.74407e-03
-6.87982e-03
-6.95557e-03
-6.97199e-03
-6.94518e-03
-6.74060e-03
-6.31962e-03
-5.94376e-03
-5.70984e-03
-5.48766e-03
-5.25106e-03
-4.98658e-03
-4.66905e-03
-4.36854e-03
-4.25369e-03
-4.26099e-03
-4.22707e-03
-4.17488e-03
-4.23216e-03
-4.58277e-03
-5.07414e-03
-5.35668e-03
-5.51365e-03
-5.64987e-03
-5.66514e-03
-5.57801e-03
-5.52524e-03
-5.49857e-03
-5.42812e-03
-5.24441e-03
-4.98369e-03
-4.81144e-03
-4.75766e-03
-4.79462e-03
-4.93701e-03
-5.16661e-03
-5.40877e-03
-5.59850e-03
-5.70047e-03
-5.77709e-03
-5.88160e-03
-5.93796e-03
-5.82503e-03
-5.42868e-03
-4.92759e-03
-4.59825e-03
-4.45449e-03
-4.42168e-03
-4.38051e-03
-4.26573e-03
-4.08145e-03
-3.95705e-03
-3.96854e-03
-3.96407e-03
-3.89219e-03
-3.82578e-03
-3.75877e-03
-3.68046e-03
-3.63783e-03
-3.60741e-03
-3.46536e-03
-3.21531e-03
-2.91702e-03
-2.48773e-03
-1.96415e-03
-1.64491e-03
-1.57053e-03
-1.51084e-03
-1.47345e-03
-1.45773e-03
-1.28842e-03
-9.34975e-04
-5.90176e-04
-3.25510e-04
-1.37333e-04
2.38982e-05
2.30119e-04
5.30732e-04
8.76570e-04
1.13583e-03
1.31317e-03
1.43840e-03
1.49643e-03
1.50061e-03
1.50105e-03
1.50569e-03
1.51735e-03
1.58990e-03
1.75973e-03
2.01242e-03
2.32211e-03
2.65123e-03
2.97675e-03
3.24113e-03
3.32107e-03
3.16200e-03
2.82417e-03
2.48381e-03
2.32065e-03
2.26231e-03
2.22321e-03
2.19358e-03
2.12678e-03
1.97351e-03
1.79794e-03
1.67548e-03
1.60397e-03
1.57053e-03
1.55122e-03
1.53085e-03
1.50645e-03
1.50631e-03
1.53897e-03
1.57314e-03
1.58252e-03
1.55267e-03
1.50443e-03
1.44893e-03
1.36464e-03
1.34933e-03
1.58325e-03
1.96404e-03
2.31525e-03
2.60391e-03
2.85618e-03
3.13816e-03
3.36575e-03
3.44223e-03
3.54076e-03
3.78455e-03
4.07319e-03
4.26831e-03
4.23796e-03
4.07476e-03
3.89423e-03
3.66189e-03
3.37026e-03
3.04246e-03
2.59010e-03
1.97063e-03
1.41758e-03
1.08654e-03
9.18536e-04
8.01159e-04
6.30418e-04
5.51300e-04
6.34326e-04
6.92136e-04
6.47916e-04
5.58515e-04
5.70234e-04
7.79910e-04
1.05715e-03
1.34115e-03
1.66860e-03
1.88250e-03
1.85052e-03
1.80296e-03
1.89092e-03
2.02081e-03
2.18979e-03
2.42954e-03
2.69143e-03
2.88003e-03
2.88905e-03
2.80458e-03
2.85074e-03
2.81895e-03
2.51648e-03
2.17872e-03
1.90565e-03
1.57421e-03
1.26640e-03
1.12980e-03
1.16658e-03
1.27495e-03
1.27247e-03
1.18301e-03
1.15909e-03
1.16718e-03
1.14767e-03
1.08639e-03
9.69581e-04
7.89144e-04
5.86043e-04
4.15988e-04
3.02504e-04
2.83169e-04
3.99737e-04
5.69824e-04
6.58326e-04
6.58367e-04
6.54435e-04
8.00289e-04
1.04203e-03
1.17622e-03
1.17912e-03
1.04837e-03
7.42962e-04
3.39946e-04
2.21583e-05
-2.73890e-04
-6.48918e-04
-1.00812e-03
-1.22257e-03
-1.18945e-03
-1.02775e-03
-9.36876e-04
-8.40742e-04
-6.95540e-04
-6.19078e-04
-6.13283e-04
-5.70774e-04
-4.09392e-04
-1.36982e-04
6.25580e-05
1.25317e-04
1.48095e-04
1.14138e-04
-5.39489e-06
-1.71275e-04
-3.18162e-04
-3.78206e-04
-3.83061e-04
-4.02531e-04
-3.62380e-04
-2.34138e-04
-1.27285e-04
-5.34785e-05
7.12224e-05
2.91461e-04
5.89644e-04
8.37731e-04
9.72865e-04
1.02437e-03
9.71814e-04
8.05733e-04
5.70689e-04
3.08200e-04
4.32875e-05
-1.66811e-04
-2.82446e-04
-3.76370e-04
-4.74285e-04
-4.88399e-04
-4.56205e-04
-4.85864e-04
-5.28595e-04
-5.57869e-04
-6.75125e-04
-8.73214e-04
-1.02007e-03
-1.00276e-03
-8.01411e-04
-6.05398e-04
-4.64595e-04
-2.34106e-04
2.47775e-05
2.03261e-04
3.40614e-04
4.94360e-04
6.90135e-04
8.37972e-04
8.30194e-04
8.23202e-04
9.74024e-04
1.28213e-03
1.64691e-03
1.91689e-03
2.18531e-03
2.54356e-03
2.89734e-03
3.12826e-03
3.14156e-03
3.08192e-03
3.12832e-03
3.22791e-03
3.28380e-03
3.20398e-03
2.99770e-03
2.77764e-03
2.74692e-03
2.92945e-03
3.04385e-03
3.05111e-03
3.07842e-03
3.15797e-03
3.24931e-03
3.22582e-03
3.17622e-03
3.33867e-03
3.50713e-03
3.48940e-03
3.49937e-03
3.57447e-03
3.50475e-03
3.26979e-03
2.97369e-03
2.80587e-03
2.75273e-03
2.52155e-03
2.23332e-03
2.14758e-03
2.07008e-03
1.86550e-03
1.68443e-03
1.55114e-03
1.41676e-03
1.41307e-03
1.60668e-03
1.82159e-03
1.95612e-03
2.02159e-03
2.09452e-03
2.24681e-03
2.42351e-03
2.59152e-03
2.76258e-03
2.88293e-03
2.85343e-03
2.57802e-03
2.11960e-03
1.75596e-03
1.56114e-03
1.44863e-03
1.30688e-03
1.12129e-03
1.08413e-03
1.16350e-03
1.14778e-03
1.06327e-03
9.79458e-04
8.89030e-04
8.07383e-04
7.60788e-04
6.60245e-04
4.05717e-04
4.22729e-05
-3.56697e-04
-7.22783e-04
-1.06966e-03
-1.41117e-03
-1.58955e-03
-1.51915e-03
-1.31276e-03
-1.11578e-03
-1.06271e-03
-1.06909e-03
-1.04217e-03
-1.03794e-03
-1.08867e-03
-1.19732e-03
-1.36105e-03
-1.51303e-03
-1.46793e-03
-1.16088e-03
-7.14227e-04
-2.70062e-04
5.33909e-05
3.22392e-04
5.35828e-04
5.45291e-04
3.41371e-04
1.65970e-06
-4.45187e-04
-9.18153e-04
-1.25783e-03
-1.44704e-03
-1.60966e-03
-1.85834e-03
-2.21259e-03
-2.48203e-03
-2.60552e-03
-2.69182e-03
-2.80967e-03
-2.98307e-03
-3.12055e-03
-3.19283e-03
-3.27594e-03
-3.37053e-03
-3.45741e-03
-3.56548e-03
-3.64552e-03
-3.54036e-03
-3.31877e-03
-3.18760e-03
-3.14296e-03
-3.17599e-03
-3.35940e-03
-3.65133e-03
-3.89532e-03
-4.01979e-03
-4.03113e-03
-4.04640e-03
-4.11528e-03
-4.18567e-03
-4.25080e-03
-4.28914e-03
-4.22969e-03
-4.09581e-03
-4.04347e-03
-4.09882e-03
-4.20383e-03
-4.29626e-03
-4.33842e-03
-4.34661e-03
-4.27972e-03
-4.08398e-03
-3.85082e-03
-3.65006e-03
-3.40311e-03
-3.07941e-03
-2.71298e-03
-2.33288e-03
-1.98760e-03
-1.74423e-03
-1.60103e-03
-1.47932e-03
-1.45190e-03
-1.57795e-03
-1.64457e-03
-1.53178e-03
-1.35781e-03
-1.17583e-03
-9.92270e-04
-7.80687e-04
-5.86378e-04
-5.82272e-04
-7.34159e-04
-8.50877e-04
-1.04472e-03
-1.38168e-03
-1.62704e-03
-1.70040e-03
-1.73167e-03
-1.73944e-03
-1.69108e-03
-1.51336e-03
-1.21516e-03
-9.20202e-04
-6.29952e-04
-3.15552e-04
-7.73979e-05
4.99235e-05
1.77457e-04
3.30467e-04
4.68147e-04
5.74467e-04
6.24225e-04
5.79573e-04
4.62709e-04
3.49046e-04
2.17788e-04
8.60118e-05
1.08398e-04
1.72184e-04
-1.18414e-04
-6.02702e-04
-9.31727e-04
-1.09007e-03
-1.10593e-03
-1.00319e-03
-8.45155e-04
-7.13751e-04
-5.93705e-04
-4.55898e-04
-3.02445e-04
-1.27274e-04
6.37581e-05
1.78649e-04
1.23215e-04
-1.14053e-04
-4.77238e-04
-8.42203e-04
-1.15160e-03
-1.38126e-03
-1.53626e-03
-1.65739e-03
-1.80386e-03
-1.91831e-03
-1.89865e-03
-1.74676e-03
-1.50130e-03
-1.22477e-03
-1.00188e-03
-8.83439e-04
-6.92856e-04
-3.07223e-04
1.34696e-04
4.81446e-04
6.11783e-04
6.14180e-04
6.00615e-04
5.28789e-04
4.36814e-04
4.53665e-04
5.30468e-04
5.59414e-04
5.39563e-04
5.21565e-04
5.97126e-04
7.76411e-04
9.96332e-04
1.13122e-03
1.10949e-03
9.93373e-04
7.56369e-04
3.37804e-04
-1.44477e-04
-5.50121e-04
-8.40407e-04
-1.04623e-03
-1.25158e-03
-1.38459e-03
-1.39254e-03
-1.40859e-03
-1.46422e-03
-1.44317e-03
-1.38026e-03
-1.36737e-03
-1.41607e-03
-1.47467e-03
-1.43615e-03
-1.34496e-03
-1.30977e-03
-1.23751e-03
-1.06261e-03
-8.72058e-04
-7.61021e-04
-8.08749e-04
-9.85819e-04
-1.21518e-03
-1.42744e-03
-1.58346e-03
-1.68365e-03
-1.73495e-03
-1.81162e-03
-1.83258e-03
-1.89497e-03
-2.03929e-03
-2.17962e-03
-2.17867e-03
-1.98979e-03
-1.68244e-03
-1.44032e-03
-1.22070e-03
-8.93962e-04
-5.36506e-04
-2.46552e-04
-6.99828e-05
-4.93913e-06
1.01859e-05
1.04944e-04
3.60554e-04
7.03690e-04
1.00879e-03
1.14024e-03
1.18219e-03
1.29540e-03
1.58250e-03
1.96196e-03
2.17612e-03
2.26596e-03
2.35682e-03
2.49245e-03
2.63094e-03
2.65189e-03
2.61809e-03
2.61488e-03
2.53327e-03
2.41279e-03
2.50854e-03
2.69327e-03
2.71148e-03
2.74776e-03
2.90951e-03
3.01588e-03
2.97818e-03
2.81589e-03
2.68115e-03
2.66105e-03
2.62125e-03
2.50954e-03
2.36255e-03
2.22477e-03
2.15964e-03
2.23136e-03
2.41763e-03
2.59302e-03
2.64300e-03
2.53075e-03
2.42399e-03
2.41667e-03
2.45059e-03
2.44450e-03
2.32494e-03
2.13718e-03
1.92046e-03
1.65942e-03
1.28342e-03
7.68443e-04
3.66075e-04
2.07005e-04
1.02331e-04
1.73005e-05
2.40411e-05
1.36567e-04
3.11287e-04
4.33768e-04
5.14764e-04
6.73511e-04
9.01798e-04
1.16108e-03
1.43128e-03
1.67068e-03
1.82159e-03
1.88732e-03
1.91493e-03
1.96489e-03
2.02019e-03
1.97947e-03
1.92084e-03
1.95388e-03
1.99542e-03
2.01420e-03
2.09391e-03
2.17779e-03
2.15065e-03
2.04106e-03
1.90815e-03
1.78776e-03
1.62435e-03
1.33223e-03
9.85709e-04
7.12162e-04
6.23559e-04
6.45279e-04
5.77742e-04
3.91795e-04
2.20755e-04
3.58724e-04
7.67916e-04
1.16244e-03
1.50677e-03
1.83879e-03
2.21373e-03
2.56203e-03
2.72813e-03
2.69918e-03
2.55979e-03
2.46964e-03
2.41125e-03
2.24600e-03
2.14610e-03
2.18862e-03
2.08716e-03
1.83712e-03
1.69686e-03
1.58619e-03
1.42435e-03
1.34493e-03
1.36313e-03
1.37266e-03
1.43149e-03
1.58418e-03
1.73312e-03
1.89315e-03
2.18987e-03
2.53151e-03
2.79222e-03
2.97177e-03
3.04547e-03
2.96918e-03
2.82068e-03
2.69461e-03
2.57164e-03
2.44013e-03
2.31168e-03
2.19573e-03
2.11470e-03
2.12209e-03
2.15889e-03
2.04956e-03
1.87049e-03
1.79109e-03
1.85965e-03
2.02764e-03
2.14853e-03
2.19684e-03
2.20059e-03
2.17694e-03
2.12443e-03
2.01314e-03
1.82889e-03
1.60856e-03
1.50275e-03
1.54804e-03
1.59166e-03
1.61377e-03
1.66584e-03
1.78120e-03
1.89197e-03
1.80870e-03
1.56221e-03
1.29487e-03
9.96224e-04
5.85921e-04
-4.57411e-05
-7.73268e-04
-1.35261e-03
-1.77175e-03
-2.07388e-03
-2.29238e-03
-2.38920e-03
-2.30989e-03
-2.13800e-03
-1.97912e-03
-1.89715e-03
-1.91324e-03
-2.00928e-03
-2.17530e-03
-2.38002e-03
-2.56862e-03
-2.72765e-03
-2.87638e-03
-3.01227e-03
-3.15421e-03
-3.35358e-03
-3.56599e-03
-3.68588e-03
-3.76657e-03
-3.88014e-03
-4.02796e-03
-4.18208e-03
-4.29285e-03
-4.34360e-03
-4.37247e-03
-4.49608e-03
-4.75296e-03
-5.08547e-03
-5.42058e-03
-5.71359e-03
-6.01412e-03
-6.26262e-03
-6.30015e-03
-6.16924e-03
-6.00335e-03
-5.93517e-03
-5.96779e-03
-5.96291e-03
-5.94069e-03
-5.95298e-03
-6.00525e-03
-6.10125e-03
-6.23100e-03
-6.27342e-03
-6.11638e-03
-5.82267e-03
-5.50985e-03
-5.30795e-03
-5.17634e-03
-5.04288e-03
-4.98070e-03
-4.99164e-03
-4.97313e-03
-4.93483e-03
-4.93471e-03
-5.00148e-03
-5.09921e-03
-5.11959e-03
-5.06318e-03
-4.98163e-03
-4.89796e-03
-4.77233e-03
-4.50916e-03
-4.22652e-03
-4.09525e-03
-4.03436e-03
-3.95108e-03
-3.82548e-03
-3.70986e-03
-3.67619e-03
-3.68307e-03
-3.65115e-03
-3.49998e-03
-3.26631e-03
-3.04198e-03
-2.80833e-03
-2.54794e-03
-2.28044e-03
-2.00806e-03
-1.73303e-03
-1.50564e-03
-1.34099e-03
-1.18311e-03
-1.07967e-03
-1.10622e-03
-1.12936e-03
-1.04570e-03
-9.19670e-04
-8.32209e-04
-8.40407e-04
-8.29756e-04
-7.20300e-04
-5.97993e-04
-4.85285e-04
-3.51523e-04
-1.96175e-04
-3.16337e-05
1.29277e-04
3.45454e-04
7.01397e-04
1.06550e-03
1.31324e-03
1.49338e-03
1.62629e-03
1.70520e-03
1.75982e-03
1.82101e-03
1.89156e-03
1.97191e-03
2.06432e-03
2.19037e-03
2.35916e-03
2.53588e-03
2.66728e-03
2.69800e-03
2.65062e-03
2.57986e-03
2.52839e-03
2.51053e-03
2.51218e-03
2.59310e-03
2.77071e-03
2.88291e-03
2.89894e-03
2.99680e-03
3.17023e-03
3.31044e-03
3.32569e-03
3.20885e-03
3.08288e-03
2.98542e-03
2.92934e-03
3.04856e-03
3.36807e-03
3.67695e-03
3.88067e-03
3.99574e-03
4.03945e-03
4.04767e-03
4.05050e-03
4.02716e-03
3.91339e-03
3.75304e-03
3.62862e-03
3.60293e-03
3.64584e-03
3.63342e-03
3.59110e-03
3.56956e-03
3.50585e-03
3.38149e-03
3.26374e-03
3.21771e-03
3.26754e-03
3.30049e-03
3.25898e-03
3.22515e-03
3.18301e-03
3.07222e-03
2.93679e-03
2.85396e-03
2.88844e-03
2.98569e-03
3.00924e-03
2.99921e-03
2.99639e-03
2.93478e-03
2.81006e-03
2.69364e-03
2.64609e-03
2.67441e-03
2.66439e-03
2.59031e-03
2.54649e-03
2.51213e-03
2.45353e-03
2.42945e-03
2.46501e-03
2.51651e-03
2.54991e-03
2.54986e-03
2.55715e-03
2.58107e-03
2.56444e-03
2.52202e-03
2.50195e-03
2.46497e-03
2.39098e-03
2.33601e-03
2.35830e-03
2.48847e-03
2.62095e-03
2.65586e-03
2.62496e-03
2.54857e-03
2.42895e-03
2.28206e-03
2.14086e-03
2.05028e-03
2.01721e-03
1.99845e-03
1.95891e-03
1.87977e-03
1.79355e-03
1.74874e-03
1.78036e-03
1.80941e-03
1.72094e-03
1.54898e-03
1.35422e-03
1.17691e-03
1.02219e-03
8.74246e-04
7.44682e-04
6.51323e-04
6.08065e-04
5.73780e-04
4.81299e-04
4.01835e-04
4.04254e-04
4.44441e-04
4.61950e-04
4.04302e-04
3.41441e-04
3.43315e-04
3.47407e-04
2.81976e-04
1.02275e-04
-1.24032e-04
-2.98810e-04
-4.27048e-04
-5.23200e-04
-5.89888e-04
-6.27935e-04
-6.41386e-04
-6.39819e-04
-6.35070e-04
-6.40475e-04
-6.69137e-04
-7.32752e-04
-8.38947e-04
-9.79066e-04
-1.12088e-03
-1.23561e-03
-1.29625e-03
-1.26170e-03
-1.13930e-03
-1.03406e-03
-9.86800e-04
-9.58341e-04
-9.50022e-04
-9.64262e-04
-9.91471e-04
-1.01261e-03
-1.00657e-03
-9.98736e-04
-1.02260e-03
-1.05597e-03
-1.06979e-03
-1.04727e-03
-1.01473e-03
-1.01233e-03
-1.02260e-03
-1.01856e-03
-9.85179e-04
-9.46721e-04
-9.46854e-04
-9.72159e-04
-9.95395e-04
-1.00085e-03
-1.00752e-03
-1.05667e-03
-1.13002e-03
-1.19027e-03
-1.20852e-03
-1.18254e-03
-1.14126e-03
-1.10315e-03
-1.07330e-03
-1.02515e-03
-9.61750e-04
-9.24008e-04
-9.01920e-04
-8.78272e-04
-8.86216e-04
-9.38440e-04
-1.00370e-03
-1.05323e-03
-1.06573e-03
-1.05152e-03
-1.02806e-03
-1.00837e-03
-1.01319e-03
-1.05935e-03
-1.12615e-03
-1.17490e-03
-1.16972e-03
-1.12906e-03
-1.10940e-03
-1.07428e-03
-9.99953e-04
-9.48429e-04
-9.29743e-04
-8.93524e-04
-8.48107e-04
-8.18005e-04
-8.14487e-04
-8.24692e-04
-8.10927e-04
-7.73898e-04
-7.30725e-04
-6.89991e-04
-6.65085e-04
-6.72401e-04
-7.00943e-04
-7.19032e-04
-6.99732e-04
-6.49447e-04
-6.20953e-04
-6.09821e-04
-5.78254e-04
-5.40136e-04
-5.19408e-04
-5.31053e-04
-5.66142e-04
-5.99039e-04
-6.37279e-04
-6.78449e-04
-6.85503e-04
-6.63968e-04
-6.58572e-04
-6.42962e-04
-5.94122e-04
-5.52734e-04
-5.23164e-04
-4.66571e-04
-4.11259e-04
-3.93482e-04
-3.90115e-04
-3.90981e-04
-4.11013e-04
-4.32904e-04
-4.37303e-04
-4.53855e-04
-4.88477e-04
-5.02367e-04
-5.06089e-04
-5.26780e-04
-5.33103e-04
-5.02638e-04
-4.53109e-04
-4.05516e-04
-3.74859e-04
-3.37345e-04
-2.81567e-04
-2.39570e-04
-2.06743e-04
-1.52170e-04
-9.91649e-05
-6.86050e-05
-3.93931e-05
-7.97591e-06
9.84643e-06
2.38187e-05
4.35847e-05
5.73502e-05
6.55159e-05
8.31436e-05
1.02482e-04
1.12169e-04
1.20971e-04
1.39190e-04
1.72456e-04
2.10764e-04
2.39202e-04
2.59654e-04
2.74151e-04
2.80328e-04
2.80828e-04
2.80805e-04
2.80063e-04
2.77727e-04
2.74176e-04
2.69313e-04
2.63476e-04
2.61265e-04
2.66473e-04
2.77930e-04
2.94374e-04
3.14687e-04
3.40620e-04
3.71819e-04
4.01411e-04
4.19502e-04
4.17145e-04
4.08032e-04
4.07891e-04
4.10345e-04
4.05373e-04
3.84911e-04
3.61700e-04
3.52344e-04
3.51977e-04
3.51481e-04
3.42734e-04
3.25640e-04
3.07908e-04
3.03487e-04
3.11877e-04
3.09628e-04
2.92590e-04
2.71203e-04
2.57863e-04
2.53250e-04
2.37823e-04
2.16031e-04
2.08775e-04
2.13100e-04
2.22280e-04
2.35672e-04
2.48688e-04
2.52961e-04
2.46748e-04
2.33676e-04
2.21843e-04
2.10519e-04
1.87752e-04
1.59955e-04
1.40056e-04
1.25043e-04
1.13844e-04
1.13163e-04
1.18274e-04
1.17032e-04
1.11485e-04
1.06888e-04
1.05352e-04
1.07256e-04
1.10895e-04
1.13953e-04
1.14932e-04
1.16394e-04
1.17552e-04
1.12910e-04
1.01969e-04
8.83953e-05
7.89168e-05
7.63082e-05
7.50136e-05
7.13041e-05
6.42821e-05
5.95434e-05
5.95221e-05
5.53765e-05
4.37179e-05
2.87707e-05
1.63401e-05
1.04743e-05
6.44275e-06
8.86361e-07
-5.10523e-06
-8.67331e-06
-7.30462e-06
-4.76850e-06
-4.53814e-06
-6.54969e-06
-8.89955e-06
-9.12842e-06
-1.03601e-05
-1.47763e-05
-1.90091e-05
-2.20018e-05
-2.55341e-05
-2.94612e-05
-3.27413e-05
-3.40103e-05
-3.35425e-05
-3.36909e-05
-3.45962e-05
-3.51285e-05
-3.42986e-05
-3.22990e-05
-3.11549e-05
-3.13788e-05
-3.22792e-05
-3.38094e-05
-3.56296e-05
-3.68676e-05
-3.79671e-05
-4.06092e-05
-4.45966e-05
-4.88934e-05
-5.23983e-05
-5.47160e-05
-5.64754e-05
-5.78289e-05
-5.87482e-05
-5.92506e-05
-5.93261e-05
-5.89167e-05
-5.79079e-05
-5.61422e-05
-5.34567e-05
-5.01281e-05
-4.72045e-05
-4.53239e-05
-4.45499e-05
-4.47992e-05
-4.57318e-05
-4.68368e-05
-4.78633e-05
-4.89723e-05
-5.01429e-05
-5.12975e-05
-5.23676e-05
-5.29632e-05
-5.23469e-05
-5.10306e-05
-5.03794e-05
-5.04580e-05
-5.09259e-05
-5.14160e-05
-5.19183e-05
-5.27311e-05
-5.33885e-05
-5.35130e-05
-5.37256e-05
-5.43520e-05
-5.51048e-05
-5.58538e-05
-5.65054e-05
-5.69175e-05
-5.69931e-05
-5.67639e-05
-5.64984e-05
-5.65969e-05
-5.70330e-05
-5.76242e-05
-5.81735e-05
-5.86982e-05
-5.94138e-05
-6.02923e-05
-6.12430e-05
-6.22357e-05
-6.32381e-05
-6.42124e-05
-6.51152e-05
-6.59281e-05
-6.67201e-05
-6.75669e-05
-6.85059e-05
-6.95507e-05
-7.06766e-05
-7.17907e-05
-7.28358e-05
-7.38752e-05
-7.49512e-05
-7.60737e-05
-7.72391e-05
-7.84421e-05
-7.96847e-05
-8.09534e-05
-8.22184e-05
-8.34694e-05
-8.47111e-05
-8.59615e-05
-8.72250e-05
-8.84839e-05
-8.97494e-05
-9.10479e-05
-9.23814e-05
-9.37386e-05
-9.50976e-05
-9.64607e-05
-9.78469e-05
-9.92502e-05
-1.00659e-04
-1.02072e-04
-1.03487e-04
-1.04909e-04
-1.06336e-04
-1.07768e-04
-1.09206e-04
-1.10651e-04
-1.12101e-04
-1.13554e-04
-1.15011e-04
-1.16472e-04
-1.17938e-04
-1.19408e-04
-1.20883e-04
-1.22362e-04
-1.23845e-04
-1.25332e-04
-1.26822e-04
-1.28317e-04
-1.29815e-04
-1.31317e-04
-1.32822e-04
-1.34330e-04
-1.35842e-04
-1.37357e-04
-1.38874e-04
-1.40395e-04
-1.41918e-04
-1.43444e-04
