-2.23116e-04
-2.23806e-04
-2.23752e-04
-2.26718e-04
-2.31001e-04
-2.28871e-04
-2.27836e-04
-2.26143e-04
-2.24471e-04
-2.24637e-04
-2.23784e-04
-2.23475e-04
-2.22220e-04
-2.21645e-04
-2.20191e-04
-2.19344e-04
-2.17617e-04
-2.16502e-04
-2.14537e-04
-2.13165e-04
-2.10946e-04
-2.09344e-04
-2.06912e-04
-2.05061e-04
-2.02299e-04
-2.00312e-04
-1.97626e-04
-1.95243e-04
-1.91263e-04
-1.88815e-04
-1.88788e-04
-1.87300e-04
-1.71022e-04
-1.57851e-04
-2.29450e-04
-3.74194e-04
-2.81881e-04
-2.53175e-04
-1.84955e-04
-1.50221e-04
-1.56744e-04
-1.35385e-04
-1.18769e-04
-2.20320e-04
-4.32759e-04
-2.98583e-04
-2.61499e-04
-1.61855e-04
-1.07424e-04
-1.14039e-04
-1.13012e-04
-1.10047e-04
-1.02474e-04
-9.96564e-05
-9.47949e-05
-9.17873e-05
-8.64390e-05
-8.12621e-05
-7.67191e-05
-7.85908e-05
-7.52567e-05
-4.79667e-05
-2.75462e-05
-1.78712e-04
-4.86583e-04
-4.33145e-04
-9.05873e-04
-8.72985e-04
-6.90668e-04
-8.75920e-04
-3.78756e-04
-2.44268e-04
-8.40719e-05
2.81547e-06
-8.97293e-06
-8.81687e-06
-7.85674e-06
1.30545e-06
1.92511e-06
6.59338e-06
8.23715e-06
1.65232e-05
1.78812e-05
1.23915e-05
9.97564e-06
5.62733e-05
9.05371e-05
-1.47799e-04
-6.24256e-04
-3.33304e-04
-2.54295e-04
-4.11260e-05
7.59189e-05
5.21442e-05
4.96788e-05
4.70954e-05
5.87906e-05
5.53870e-05
6.11171e-05
5.89004e-05
6.49400e-05
6.33918e-05
6.86987e-05
6.75671e-05
7.27119e-05
7.19110e-05
7.68468e-05
7.63816e-05
8.14615e-05
8.09264e-05
8.51022e-05
8.52218e-05
9.29083e-05
9.27299e-05
8.67165e-05
8.28971e-05
1.30175e-04
1.64484e-04
-8.01687e-05
-5.69875e-04
-2.71406e-04
-1.87752e-04
3.05884e-05
1.40074e-04
1.11699e-04
1.52356e-04
1.83519e-04
-5.22553e-05
-5.45549e-04
-2.45044e-04
-1.67057e-04
5.80269e-05
1.75270e-04
1.43434e-04
1.34825e-04
1.78091e-04
2.22120e-04
-2.69171e-05
-5.12070e-04
-2.17061e-04
-1.32141e-04
8.40209e-05
2.07381e-04
1.81193e-04
1.82047e-04
1.78097e-04
1.93448e-04
1.89085e-04
1.98392e-04
1.95548e-04
2.05225e-04
2.03461e-04
2.12034e-04
2.09897e-04
2.18653e-04
2.20520e-04
2.28803e-04
2.17002e-04
2.20557e-04
2.62665e-04
3.07354e-04
5.74970e-05
-4.34506e-04
-1.45330e-04
-1.54885e-05
2.31012e-04
1.14469e-04
-3.94459e-04
-1.01289e-04
-3.06975e-05
1.98561e-04
3.07253e-04
2.96438e-04
2.86074e-04
2.83921e-04
2.84810e-04
3.33519e-04
3.65805e-04
1.30099e-04
-3.49769e-04
-5.32752e-05
2.41321e-05
2.42998e-04
3.58595e-04
3.39983e-04
3.35577e-04
3.38591e-04
3.48387e-04
3.51013e-04
3.55102e-04
3.58921e-04
3.62380e-04
3.67576e-04
3.73560e-04
3.78802e-04
3.71014e-04
3.73096e-04
4.16966e-04
4.56406e-04
2.14217e-04
-2.58362e-04
3.03975e-05
1.15642e-04
3.26196e-04
4.52975e-04
4.25201e-04
4.22774e-04
4.11807e-04
4.63352e-04
4.84120e-04
2.96122e-04
-1.57624e-04
-9.52879e-05
-5.04084e-04
-1.67694e-06
1.81940e-04
4.20996e-04
5.59975e-04
2.97470e-04
-1.82262e-04
1.07106e-04
1.94114e-04
4.09961e-04
5.29064e-04
4.96102e-04
4.90838e-04
5.32752e-04
5.77397e-04
3.34438e-04
-1.40292e-04
1.48873e-04
2.30605e-04
4.51095e-04
5.84298e-04
5.58250e-04
5.59462e-04
6.03066e-04
6.48488e-04
3.97802e-04
-8.52285e-05
2.12036e-04
2.97025e-04
5.02598e-04
6.25303e-04
6.41508e-04
6.65304e-04
4.08657e-04
-2.34105e-05
2.99747e-04
1.38556e-04
-1.38860e-04
2.85023e-04
3.34131e-04
5.41816e-04
6.52303e-04
6.83986e-04
6.96168e-04
4.47871e-04
6.25271e-06
3.37521e-04
1.69043e-04
-1.02567e-04
3.11838e-04
3.66999e-04
5.79296e-04
6.95248e-04
6.79632e-04
6.72304e-04
6.72770e-04
6.81124e-04
6.81421e-04
6.84206e-04
6.85141e-04
6.88237e-04
6.89740e-04
6.91941e-04
6.93735e-04
6.95370e-04
6.97461e-04
6.98647e-04
7.01331e-04
7.01676e-04
7.03787e-04
7.04171e-04
7.10362e-04
7.09411e-04
7.01360e-04
6.96486e-04
7.45465e-04
7.77247e-04
5.21313e-04
2.53666e-05
3.65610e-04
4.76503e-04
4.46044e-04
7.19157e-05
3.40802e-04
4.13979e-04
6.28856e-04
7.54993e-04
7.12945e-04
7.06640e-04
7.41176e-04
7.87243e-04
5.30212e-04
4.58339e-05
3.33186e-04
4.18176e-04
6.26907e-04
7.49742e-04
7.16172e-04
7.16027e-04
7.04657e-04
7.18576e-04
7.06766e-04
7.14561e-04
7.03826e-04
7.10759e-04
7.01163e-04
7.10463e-04
7.00661e-04
6.95860e-04
6.82412e-04
7.30401e-04
7.54669e-04
5.10730e-04
1.16294e-05
3.10024e-04
3.80407e-04
5.98973e-04
7.08268e-04
6.83778e-04
6.70679e-04
6.68097e-04
6.69214e-04
6.64907e-04
6.60376e-04
6.60696e-04
6.55786e-04
6.43080e-04
6.33531e-04
6.73936e-04
7.00826e-04
4.50476e-04
-4.32654e-05
2.47770e-04
3.10071e-04
5.21234e-04
6.75112e-04
6.67537e-04
4.03387e-04
-5.25361e-05
2.78092e-04
9.93236e-05
-1.79226e-04
2.25066e-04
2.73453e-04
4.76376e-04
5.84781e-04
5.59797e-04
5.44716e-04
5.35793e-04
5.36259e-04
5.26985e-04
5.21851e-04
5.12992e-04
5.08232e-04
4.99606e-04
4.94071e-04
4.85342e-04
4.79485e-04
4.70577e-04
4.64379e-04
4.55328e-04
4.49121e-04
4.39495e-04
4.32262e-04
4.22841e-04
4.18987e-04
4.08763e-04
3.91152e-04
3.76798e-04
4.12275e-04
4.35224e-04
1.79023e-04
-3.21708e-04
-3.53740e-05
3.30985e-05
2.39716e-04
3.47109e-04
3.11056e-04
2.95518e-04
2.80409e-04
2.79770e-04
2.67318e-04
2.59995e-04
2.35018e-04
2.23960e-04
2.52786e-04
2.78596e-04
1.56794e-05
-4.83170e-04
-2.02856e-04
-1.29079e-04
7.11152e-05
1.70378e-04
1.23971e-04
1.52752e-04
1.64945e-04
-7.74072e-05
-5.78538e-04
-2.95449e-04
-2.38597e-04
-3.35859e-05
6.60229e-05
3.52300e-05
1.31308e-06
-2.54661e-05
3.50326e-06
6.47746e-05
-1.60893e-04
-8.96987e-04
-1.10346e-03
-7.49297e-04
-4.76979e-04
-1.63006e-04
-9.01288e-05
-1.30165e-04
-1.56636e-04
-1.74107e-04
-1.90989e-04
-1.62722e-04
-1.47557e-04
-4.03311e-04
-9.00154e-04
-6.24438e-04
-5.64072e-04
-3.66272e-04
-2.67758e-04
-3.07828e-04
-3.29403e-04
-3.48122e-04
-3.55577e-04
-3.74976e-04
-3.88221e-04
-4.06710e-04
-4.20636e-04
-4.38123e-04
-4.49526e-04
-4.67206e-04
-4.92451e-04
-5.13638e-04
-4.87194e-04
-4.71320e-04
-7.30885e-04
-1.22762e-03
-9.55954e-04
-8.94581e-04
-7.01311e-04
-6.01449e-04
-6.46313e-04
-6.65851e-04
-6.90019e-04
-6.95830e-04
-7.20541e-04
-7.28206e-04
-7.52865e-04
-7.74152e-04
-8.01588e-04
-7.67376e-04
-7.59245e-04
-1.02584e-03
-1.52994e-03
-1.19658e-03
-1.10127e-03
-1.14497e-03
-1.54091e-03
-1.28637e-03
-1.23469e-03
-1.03747e-03
-9.32363e-04
-9.78482e-04
-1.00177e-03
-1.02420e-03
-1.03305e-03
-1.05608e-03
-1.07137e-03
-1.08872e-03
-1.10507e-03
-1.13555e-03
-1.15627e-03
-1.12917e-03
-1.11455e-03
-1.39222e-03
-1.90143e-03
-1.57954e-03
-1.49608e-03
-1.56223e-03
-1.91396e-03
-1.58875e-03
-1.74752e-03
-2.29461e-03
-2.38038e-03
-2.05808e-03
-1.78251e-03
-1.47788e-03
-1.39051e-03
-1.44717e-03
-1.46748e-03
-1.49927e-03
-1.50933e-03
-1.49350e-03
-1.47137e-03
-1.74459e-03
-2.24499e-03
-1.97544e-03
-1.90773e-03
-1.71689e-03
-1.60650e-03
-1.65861e-03
-1.68385e-03
-1.71802e-03
-1.67601e-03
-1.67263e-03
-1.92431e-03
-2.44350e-03
-2.16541e-03
-2.11821e-03
-1.86691e-03
-1.74253e-03
-2.02522e-03
-2.54655e-03
-2.26507e-03
-2.20182e-03
-1.99762e-03
-1.90102e-03
-1.94795e-03
-1.97750e-03
-1.96192e-03
-1.94364e-03
-2.16630e-03
-2.63986e-03
-2.60943e-03
-3.03663e-03
-2.54178e-03
-2.36108e-03
-2.18771e-03
-2.09045e-03
-2.13721e-03
-2.14768e-03
-2.17241e-03
-2.17450e-03
-2.19880e-03
-2.20569e-03
-2.22417e-03
-2.23253e-03
-2.26292e-03
-2.27332e-03
-2.24934e-03
-2.23251e-03
-2.50349e-03
-2.97063e-03
-2.66399e-03
-2.80027e-03
-3.05896e-03
-2.90456e-03
-3.35561e-03
-2.86085e-03
-2.69392e-03
-2.51077e-03
-2.37463e-03
-2.37999e-03
-2.63754e-03
-3.14508e-03
-2.86352e-03
-2.80533e-03
-2.55461e-03
-2.41752e-03
-2.70084e-03
-3.20838e-03
-2.92747e-03
-2.84993e-03
-2.64916e-03
-2.53767e-03
-2.57819e-03
-2.58797e-03
-2.60578e-03
-2.60103e-03
-2.61899e-03
-2.61975e-03
-2.63588e-03
-2.63587e-03
-2.65093e-03
-2.65120e-03
-2.66563e-03
-2.66560e-03
-2.67942e-03
-2.67871e-03
-2.69244e-03
-2.69202e-03
-2.70493e-03
-2.70030e-03
-2.71350e-03
-2.72155e-03
-2.73856e-03
-2.69313e-03
-2.67212e-03
-2.91474e-03
-3.41704e-03
-3.12613e-03
-3.06297e-03
-2.81085e-03
-2.67476e-03
-2.90365e-03
-3.37496e-03
-3.32647e-03
-3.73721e-03
-3.23890e-03
-3.05018e-03
-2.81903e-03
-2.67601e-03
-2.95526e-03
-3.44028e-03
-3.15490e-03
-3.07520e-03
-2.87141e-03
-2.70478e-03
-2.70270e-03
-2.95070e-03
-3.44887e-03
-3.13994e-03
-3.06382e-03
-2.84142e-03
-2.73744e-03
-2.76137e-03
-2.72172e-03
-2.68697e-03
-2.93270e-03
-3.42665e-03
-3.09465e-03
-2.98383e-03
-2.96797e-03
-3.30289e-03
-3.27868e-03
-3.69002e-03
-3.17956e-03
-2.96347e-03
-2.77589e-03
-2.66157e-03
-2.69657e-03
-2.63685e-03
-2.61241e-03
-2.82984e-03
-3.31650e-03
-3.00728e-03
-2.93302e-03
-2.70269e-03
-2.58882e-03
-2.59387e-03
-2.59493e-03
-2.58897e-03
-2.59193e-03
-2.55151e-03
-2.47381e-03
-2.62844e-03
-3.31081e-03
-3.73123e-03
-3.83638e-03
-3.24478e-03
-2.83171e-03
-2.51646e-03
-2.41858e-03
-2.43938e-03
-2.43814e-03
-2.42709e-03
-2.36500e-03
-2.32141e-03
-2.54865e-03
-3.01582e-03
-2.71009e-03
-2.61504e-03
-2.38768e-03
-2.26682e-03
-2.28051e-03
-2.22682e-03
-2.18148e-03
-2.39795e-03
-2.86559e-03
-2.55804e-03
-2.46602e-03
-2.22668e-03
-2.09057e-03
-2.12459e-03
-2.13992e-03
-1.93018e-03
-1.45607e-03
-1.43830e-03
-9.45854e-04
-1.69298e-03
-2.45928e-03
-2.24559e-03
-1.33484e-03
1.26393e-04
5.59872e-04
-4.59509e-04
-1.05491e-03
-9.32972e-04
6.84954e-05
1.83577e-03
3.36507e-03
3.00315e-03
6.63178e-04
-1.47480e-03
-1.73771e-03
1.19864e-03
5.60889e-03
9.63606e-03
1.02920e-02
7.30293e-03
4.72367e-03
6.19844e-03
1.12963e-02
2.05088e-02
2.86068e-02
2.71364e-02
1.91834e-02
1.33893e-02
1.57526e-02
2.36868e-02
2.96565e-02
2.73175e-02
1.65070e-02
3.08380e-03
-4.97926e-03
-2.19815e-03
1.10429e-02
2.25653e-02
1.60705e-02
-1.29975e-02
-4.95845e-02
-7.48849e-02
-7.55578e-02
-5.34861e-02
-2.09685e-02
1.03768e-02
3.58140e-02
5.81652e-02
7.85893e-02
8.91405e-02
7.72929e-02
3.95939e-02
-8.24379e-03
-3.60690e-02
-2.07520e-02
2.80725e-02
6.81186e-02
7.54975e-02
7.22607e-02
8.45062e-02
8.81115e-02
3.91691e-02
-6.05680e-02
-1.55791e-01
-1.99147e-01
-1.90762e-01
-1.61091e-01
-1.30677e-01
-8.12359e-02
1.38404e-02
1.25385e-01
1.70902e-01
1.12340e-01
3.15915e-02
2.95745e-02
6.62843e-02
1.85631e-02
-1.15193e-01
-1.95828e-01
-1.48879e-01
-6.20662e-02
-3.70774e-02
-4.52447e-02
2.21311e-02
1.98923e-01
4.13696e-01
5.87209e-01
6.79661e-01
6.64287e-01
5.26130e-01
2.69375e-01
-6.69729e-02
-4.09679e-01
-6.90880e-01
-8.87633e-01
-1.01386e+00
-1.03793e+00
-8.60923e-01
-4.49934e-01
6.09877e-02
4.48135e-01
5.81886e-01
5.14843e-01
3.95020e-01
3.35225e-01
3.44409e-01
3.58555e-01
3.38628e-01
3.06320e-01
2.98237e-01
3.15920e-01
3.34942e-01
3.38910e-01
3.24100e-01
3.10195e-01
3.30286e-01
3.88385e-01
4.48764e-01
4.76558e-01
4.68044e-01
4.41609e-01
4.12242e-01
3.87738e-01
3.60854e-01
3.01133e-01
1.92802e-01
7.96843e-02
4.35108e-02
1.21018e-01
2.45970e-01
3.19966e-01
3.19744e-01
2.70035e-01
1.68147e-01
-6.56082e-03
-2.44442e-01
-4.98403e-01
-7.18774e-01
-8.79456e-01
-9.56296e-01
-9.16590e-01
-7.54904e-01
-5.34331e-01
-3.54471e-01
-2.72696e-01
-2.52196e-01
-2.13663e-01
-1.30739e-01
-5.41657e-02
-3.00011e-02
-4.50079e-02
-6.22942e-02
-7.23944e-02
-8.43368e-02
-9.91735e-02
-1.11141e-01
-1.09566e-01
-7.76365e-02
-7.36507e-03
6.31422e-02
5.03621e-02
-7.14878e-02
-2.26393e-01
-3.22298e-01
-3.31180e-01
-2.85480e-01
-2.36849e-01
-2.17998e-01
-2.31055e-01
-2.67549e-01
-3.08436e-01
-3.25859e-01
-3.21072e-01
-3.40640e-01
-4.12165e-01
-4.96792e-01
-5.30494e-01
-4.83382e-01
-3.86210e-01
-3.04422e-01
-2.69180e-01
-2.55353e-01
-2.22103e-01
-1.60433e-01
-9.80183e-02
-6.24860e-02
-4.40510e-02
-5.48241e-04
8.77372e-02
1.80413e-01
2.21775e-01
2.05214e-01
1.66313e-01
1.32756e-01
1.11292e-01
1.00218e-01
9.54176e-02
9.68185e-02
1.01819e-01
1.01149e-01
7.82107e-02
2.03002e-02
-6.38314e-02
-1.42533e-01
-1.84677e-01
-1.74578e-01
-1.10234e-01
-5.80681e-03
1.13540e-01
2.19730e-01
2.90534e-01
3.12543e-01
2.93891e-01
2.65921e-01
2.56713e-01
2.69997e-01
2.93373e-01
3.19521e-01
3.52087e-01
3.89348e-01
4.18362e-01
4.25013e-01
4.03708e-01
3.63970e-01
3.21237e-01
2.84217e-01
2.45130e-01
1.84563e-01
9.48249e-02
-5.72033e-03
-8.06347e-02
-1.04344e-01
-8.82666e-02
-6.80327e-02
-6.93840e-02
-9.15059e-02
-1.13790e-01
-1.11200e-01
-7.85916e-02
-3.71490e-02
-6.46031e-03
1.53211e-02
4.38005e-02
8.79595e-02
1.41859e-01
1.96306e-01
2.41999e-01
2.74673e-01
2.97692e-01
3.16669e-01
3.31562e-01
3.26883e-01
2.80656e-01
1.93122e-01
9.38810e-02
7.26063e-03
-6.52821e-02
-1.29812e-01
-1.86433e-01
-2.33615e-01
-2.73256e-01
-3.08698e-01
-3.39791e-01
-3.58655e-01
-3.52884e-01
-3.18415e-01
-2.60124e-01
-1.90452e-01
-1.26841e-01
-8.16573e-02
-5.73724e-02
-4.80083e-02
-4.61481e-02
-4.73628e-02
-4.85247e-02
-4.76623e-02
-4.62121e-02
-4.98006e-02
-6.14142e-02
-7.94228e-02
-9.96253e-02
-1.15803e-01
-1.20613e-01
-1.05504e-01
-6.74967e-02
-1.39582e-02
3.96794e-02
8.58936e-02
1.29477e-01
1.75370e-01
2.16473e-01
2.43487e-01
2.57419e-01
2.62793e-01
2.58753e-01
2.40559e-01
2.00878e-01
1.42058e-01
8.02575e-02
3.09056e-02
-4.97642e-03
-4.02781e-02
-8.43058e-02
-1.33447e-01
-1.70779e-01
-1.80719e-01
-1.61642e-01
-1.29893e-01
-1.05844e-01
-9.76305e-02
-9.65960e-02
-9.19545e-02
-8.41437e-02
-8.76134e-02
-1.13928e-01
-1.57052e-01
-1.97114e-01
-2.16885e-01
-2.14341e-01
-1.96447e-01
-1.67694e-01
-1.26687e-01
-7.04246e-02
1.94435e-04
8.05133e-02
1.61571e-01
2.25403e-01
2.55985e-01
2.51437e-01
2.25731e-01
1.88721e-01
1.43584e-01
9.86696e-02
6.46401e-02
4.56335e-02
2.90273e-02
3.98077e-03
-2.78931e-02
-5.98039e-02
-8.90591e-02
-1.14185e-01
-1.28708e-01
-1.23094e-01
-9.59724e-02
-5.55103e-02
-1.39171e-02
2.09434e-02
4.73631e-02
6.55692e-02
7.30732e-02
6.80709e-02
5.19266e-02
2.92538e-02
6.87351e-03
-8.39535e-03
-1.04296e-02
1.73453e-03
2.48135e-02
4.86629e-02
5.90568e-02
4.94646e-02
2.64422e-02
5.11344e-03
-6.49820e-03
-1.11833e-02
-1.38378e-02
-1.20164e-02
-3.70968e-04
2.07537e-02
4.46692e-02
6.18828e-02
6.20947e-02
4.12076e-02
3.34338e-03
-4.09711e-02
-8.19573e-02
-1.14245e-01
-1.32876e-01
-1.30325e-01
-1.04302e-01
-6.41752e-02
-2.18964e-02
1.32253e-02
3.82396e-02
5.33873e-02
6.27522e-02
7.10657e-02
8.43341e-02
1.06927e-01
1.35155e-01
1.53888e-01
1.48636e-01
1.19853e-01
8.35644e-02
5.47837e-02
3.50559e-02
1.78070e-02
-1.62891e-03
-2.01921e-02
-3.26874e-02
-3.89069e-02
-4.02140e-02
-4.06181e-02
-4.01754e-02
-3.89616e-02
-3.52924e-02
-3.02060e-02
-2.40537e-02
-1.68131e-02
-7.24390e-03
-4.73102e-04
-1.37590e-03
-1.32458e-02
-3.32929e-02
-5.52885e-02
-7.43222e-02
-8.77272e-02
-9.60667e-02
-1.00855e-01
-1.02625e-01
-1.02414e-01
-1.01015e-01
-9.76579e-02
-8.77190e-02
-6.72315e-02
-3.68760e-02
-4.37750e-03
2.10409e-02
3.63524e-02
4.33299e-02
5.05923e-02
6.31484e-02
8.01548e-02
9.70163e-02
1.11316e-01
1.22620e-01
1.29794e-01
1.29483e-01
1.17572e-01
9.42806e-02
6.58719e-02
4.16094e-02
2.80025e-02
2.17207e-02
1.39843e-02
1.10244e-03
-1.38015e-02
-2.74766e-02
-4.20492e-02
-6.18837e-02
-8.59466e-02
-1.09405e-01
-1.26484e-01
-1.31202e-01
-1.15860e-01
-7.48705e-02
-1.50337e-02
4.89368e-02
1.02950e-01
1.40026e-01
1.57752e-01
1.57148e-01
1.41127e-01
1.16465e-01
8.86594e-02
6.04421e-02
3.44100e-02
1.25759e-02
-3.22828e-03
-1.62509e-02
-3.04781e-02
-4.74555e-02
-6.52088e-02
-7.87441e-02
-8.58613e-02
-8.72708e-02
-8.52499e-02
-8.00148e-02
-7.15874e-02
-5.87121e-02
-4.26359e-02
-2.50064e-02
-8.34523e-03
4.99998e-03
1.27654e-02
1.35152e-02
6.53643e-03
-6.15054e-03
-1.92625e-02
-2.78930e-02
-2.93229e-02
-2.67082e-02
-2.44311e-02
-2.29080e-02
-2.10517e-02
-1.64365e-02
-7.62679e-03
5.13508e-03
2.03096e-02
3.48942e-02
4.65559e-02
5.44255e-02
5.95496e-02
6.21148e-02
6.05421e-02
5.41321e-02
4.37007e-02
3.13383e-02
1.91292e-02
1.07433e-02
7.23458e-03
9.87861e-03
1.65840e-02
2.51419e-02
3.25505e-02
3.68634e-02
3.80333e-02
3.63222e-02
3.20852e-02
2.66966e-02
2.08547e-02
1.48677e-02
7.84018e-03
-1.24065e-03
-1.09146e-02
-1.81442e-02
-2.14890e-02
-2.12628e-02
-1.99953e-02
-1.88429e-02
-1.73646e-02
-1.62400e-02
-1.74171e-02
-2.25154e-02
-3.17049e-02
-4.45400e-02
-5.91696e-02
-7.35590e-02
-8.41429e-02
-8.75016e-02
-8.28028e-02
-7.10449e-02
-5.60112e-02
-4.02700e-02
-2.46522e-02
-9.40056e-03
4.83769e-03
1.63257e-02
2.34717e-02
2.52695e-02
2.16143e-02
1.61375e-02
1.28838e-02
1.49324e-02
2.00669e-02
2.64336e-02
3.34282e-02
4.11625e-02
4.75983e-02
5.09992e-02
5.11115e-02
4.75150e-02
3.94421e-02
2.57125e-02
7.99093e-03
-1.06926e-02
-2.79297e-02
-4.16642e-02
-5.07746e-02
-5.38196e-02
-5.08989e-02
-4.33448e-02
-3.33245e-02
-2.36138e-02
-1.75028e-02
-1.63128e-02
-1.93728e-02
-2.47351e-02
-2.98168e-02
-3.23335e-02
-3.19191e-02
-2.86437e-02
-2.29414e-02
-1.69623e-02
-1.14529e-02
-6.52397e-03
-1.76922e-03
3.41259e-03
8.36698e-03
1.31960e-02
1.76994e-02
2.23086e-02
2.78219e-02
3.33490e-02
3.70667e-02
3.79788e-02
3.48079e-02
2.81346e-02
1.98639e-02
1.19924e-02
5.35038e-03
-1.59878e-03
-8.32697e-03
-1.49154e-02
-2.21924e-02
-3.04255e-02
-3.92595e-02
-4.63620e-02
-4.89889e-02
-4.77845e-02
-4.43922e-02
-3.97228e-02
-3.25875e-02
-2.21411e-02
-8.79756e-03
5.75358e-03
1.91787e-02
3.13669e-02
4.31629e-02
5.42951e-02
6.42116e-02
7.10096e-02
7.45903e-02
7.59406e-02
7.31529e-02
6.48174e-02
5.25696e-02
3.81890e-02
2.46461e-02
1.31371e-02
4.24493e-03
2.29938e-04
2.00349e-03
1.03845e-02
2.30700e-02
3.76601e-02
5.12120e-02
6.17736e-02
6.79752e-02
6.79650e-02
6.13714e-02
4.86844e-02
3.00599e-02
6.95475e-03
-1.87794e-02
-4.31122e-02
-6.19911e-02
-7.29256e-02
-7.49102e-02
-6.93372e-02
-5.84917e-02
-4.57308e-02
-3.52553e-02
-2.97572e-02
-3.06975e-02
-3.58104e-02
-4.19101e-02
-4.58062e-02
-4.68677e-02
-4.63456e-02
-4.47884e-02
-4.15432e-02
-3.60335e-02
-2.84571e-02
-1.98881e-02
-1.15336e-02
-3.56192e-03
3.27230e-03
8.05996e-03
9.40978e-03
6.38616e-03
-2.43478e-04
-7.43756e-03
-1.27306e-02
-1.69334e-02
-2.21217e-02
-2.84342e-02
-3.17199e-02
-2.78275e-02
-1.88763e-02
-9.95317e-03
-4.00000e-03
3.83555e-04
4.67524e-03
7.96590e-03
9.34507e-03
8.99666e-03
7.53348e-03
6.91702e-03
8.15709e-03
1.04041e-02
1.32496e-02
1.66353e-02
2.09327e-02
2.50338e-02
2.93333e-02
3.18251e-02
3.31352e-02
3.54817e-02
3.96465e-02
4.39330e-02
4.50469e-02
4.21964e-02
3.79054e-02
3.27311e-02
2.69061e-02
2.05951e-02
1.51550e-02
1.15675e-02
1.00195e-02
1.02750e-02
1.17592e-02
1.46508e-02
1.71565e-02
1.89138e-02
1.83457e-02
1.69391e-02
1.48805e-02
1.26647e-02
7.58851e-03
-4.98602e-04
-1.00437e-02
-1.72787e-02
-1.98804e-02
-1.83779e-02
-1.55500e-02
-1.38371e-02
-1.37167e-02
-1.47898e-02
-1.72068e-02
-2.14011e-02
-2.76450e-02
-3.63716e-02
-4.62400e-02
-5.60918e-02
-6.45718e-02
-7.00611e-02
-7.27669e-02
-7.26435e-02
-6.88860e-02
-6.24096e-02
-5.49055e-02
-4.72170e-02
-4.01917e-02
-3.29785e-02
-2.58548e-02
-1.91110e-02
-1.25989e-02
-6.70396e-03
-1.39398e-03
4.47058e-03
1.07997e-02
1.71508e-02
2.44846e-02
3.26335e-02
4.04250e-02
4.65653e-02
5.03536e-02
5.25050e-02
5.36233e-02
5.44297e-02
5.32268e-02
5.05310e-02
4.64285e-02
4.09071e-02
3.53301e-02
3.10190e-02
2.80286e-02
2.60127e-02
2.46028e-02
2.32104e-02
2.08209e-02
1.62817e-02
9.62077e-03
2.07227e-03
-6.50825e-03
-1.56171e-02
-2.46884e-02
-3.10085e-02
-3.25227e-02
-3.05403e-02
-2.69676e-02
-2.36028e-02
-1.90219e-02
-1.37985e-02
-8.03311e-03
-3.55834e-03
-1.42833e-03
-1.57546e-03
-3.30132e-03
-5.29042e-03
-7.85368e-03
-1.06181e-02
-1.37696e-02
-1.65773e-02
-1.72695e-02
-1.60079e-02
-1.25175e-02
-7.54466e-03
-2.75654e-03
1.31195e-03
4.75302e-03
7.81396e-03
1.08834e-02
1.38008e-02
1.60604e-02
1.79365e-02
1.94933e-02
2.09488e-02
2.24644e-02
2.41020e-02
2.54918e-02
2.55045e-02
2.37762e-02
1.95213e-02
1.35262e-02
6.89951e-03
1.23094e-04
-5.10339e-03
-9.81073e-03
-1.24286e-02
-1.30084e-02
-1.21974e-02
-1.01170e-02
-7.95539e-03
-5.54675e-03
-4.19885e-03
-3.73792e-03
-5.22636e-03
-7.81044e-03
-1.03237e-02
-1.11837e-02
-1.15780e-02
-1.12951e-02
-1.04026e-02
-9.13095e-03
-7.09437e-03
-4.97310e-03
-2.39353e-03
-5.63574e-04
3.78954e-04
1.00124e-03
1.69019e-03
2.03324e-03
2.38613e-03
2.44620e-03
1.74634e-03
1.58775e-04
-2.55315e-03
-4.16892e-03
-5.02631e-03
-4.36143e-03
-3.13751e-03
-2.60199e-03
-2.94355e-03
-3.42148e-03
-3.45196e-03
-2.09467e-03
-5.56563e-04
1.16475e-03
3.02425e-03
4.99915e-03
6.27627e-03
7.59896e-03
8.21730e-03
8.40023e-03
7.62588e-03
5.70675e-03
3.01420e-03
-1.75709e-04
-2.26555e-03
-1.48419e-03
1.93226e-03
6.12135e-03
1.03286e-02
1.42428e-02
1.61392e-02
1.28563e-02
5.52192e-03
-1.96063e-03
-4.36868e-03
-2.32695e-03
-2.00027e-05
-1.52334e-03
-6.48513e-03
-1.15993e-02
-1.37284e-02
-1.36584e-02
-1.33159e-02
-1.45299e-02
-1.60531e-02
-1.58625e-02
-1.33688e-02
-1.17422e-02
-1.37610e-02
-1.70562e-02
-1.79952e-02
-1.47037e-02
-1.07557e-02
-1.01253e-02
-1.16299e-02
-1.04131e-02
-4.90202e-03
2.35999e-03
7.68921e-03
8.89079e-03
9.10542e-03
1.04420e-02
1.28901e-02
1.39461e-02
1.38657e-02
1.25272e-02
1.09900e-02
1.02118e-02
9.83665e-03
1.00295e-02
1.05577e-02
1.03197e-02
1.00394e-02
9.20608e-03
8.76803e-03
8.20829e-03
7.50389e-03
8.09618e-03
9.55520e-03
1.14867e-02
1.39926e-02
1.60121e-02
1.79343e-02
1.92773e-02
1.92016e-02
1.85495e-02
1.70198e-02
1.38689e-02
9.14298e-03
2.74129e-03
-4.37375e-03
-1.12731e-02
-1.75973e-02
-2.21796e-02
-2.48982e-02
-2.53000e-02
-2.44707e-02
-2.30706e-02
-2.16330e-02
-1.98919e-02
-1.69995e-02
-1.36568e-02
-9.75289e-03
-7.19115e-03
-5.73686e-03
-4.48244e-03
-3.31175e-03
-1.86599e-03
-4.34091e-04
1.05800e-03
3.55077e-03
7.74664e-03
1.30349e-02
1.91559e-02
2.50936e-02
2.95453e-02
3.25484e-02
3.37052e-02
3.22974e-02
2.83688e-02
2.30899e-02
1.79302e-02
1.40247e-02
1.12004e-02
7.72805e-03
3.71941e-03
-4.71000e-04
-3.51286e-03
-5.76694e-03
-7.37290e-03
-8.72882e-03
-1.03218e-02
-1.26899e-02
-1.55039e-02
-1.81009e-02
-1.96717e-02
-2.15833e-02
-2.32632e-02
-2.25849e-02
-2.02371e-02
-1.62489e-02
-1.09704e-02
-5.01692e-03
1.81812e-03
7.94952e-03
1.21297e-02
1.46336e-02
1.46390e-02
1.30469e-02
1.03234e-02
6.62688e-03
3.51014e-03
2.05378e-03
4.54815e-03
7.01357e-03
6.20030e-03
1.90744e-03
-2.86628e-03
-3.96142e-03
-1.17077e-03
2.42082e-03
2.60893e-03
-2.32171e-03
-8.93309e-03
-1.22703e-02
-1.08420e-02
-8.31679e-03
-8.97977e-03
-1.31151e-02
-1.71861e-02
-1.78523e-02
-1.49509e-02
-1.14223e-02
-9.38772e-03
-9.16687e-03
-9.58603e-03
-1.00569e-02
-9.75652e-03
-8.45721e-03
-7.70227e-03
-6.24448e-03
-4.03344e-03
-1.41077e-03
5.41210e-04
8.12032e-04
2.78310e-04
-4.18727e-04
-1.79129e-03
-3.73510e-03
-5.51888e-03
-6.58547e-03
-6.13640e-03
-4.07733e-03
-1.57694e-03
-9.75133e-05
3.42215e-04
-7.83065e-05
4.05344e-04
9.89021e-04
8.85349e-04
8.52776e-04
7.90279e-04
1.40119e-03
1.72765e-03
1.35690e-03
8.11161e-05
-2.22268e-03
-3.98739e-03
-4.31329e-03
-3.33591e-03
-1.16020e-03
4.19919e-04
1.64248e-03
4.61074e-03
9.08986e-03
1.35956e-02
1.57169e-02
1.56285e-02
1.58792e-02
1.63031e-02
1.66368e-02
1.63578e-02
1.60128e-02
1.60207e-02
1.63708e-02
1.51485e-02
1.32264e-02
1.11920e-02
9.32339e-03
7.63677e-03
5.29941e-03
2.74944e-03
5.34731e-04
-1.34578e-03
-2.91762e-03
-4.45272e-03
-5.89297e-03
-6.69531e-03
-6.88445e-03
-6.25361e-03
-5.81781e-03
-5.51375e-03
-5.56375e-03
-5.54486e-03
-4.50576e-03
-2.74073e-03
-1.69249e-03
-1.19501e-03
-9.29595e-04
7.54015e-04
3.83788e-03
7.09948e-03
9.52622e-03
1.07801e-02
1.19330e-02
1.33462e-02
1.46905e-02
1.52388e-02
1.48397e-02
1.43775e-02
1.41215e-02
1.46132e-02
1.49822e-02
1.50829e-02
1.42648e-02
1.28629e-02
1.13118e-02
1.04223e-02
1.01872e-02
9.77963e-03
7.14329e-03
2.66911e-03
-1.84046e-03
-4.36865e-03
-5.42106e-03
-6.65933e-03
-1.01227e-02
-1.49203e-02
-1.91321e-02
-2.08325e-02
-1.92177e-02
-1.67818e-02
-1.50493e-02
-1.41615e-02
-1.39944e-02
-1.39858e-02
-1.39438e-02
-1.37079e-02
-1.28949e-02
-1.17605e-02
-1.01552e-02
-8.07231e-03
-6.14423e-03
-3.92459e-03
-1.90933e-03
3.11172e-04
1.41118e-03
9.49590e-04
-1.45516e-03
-4.02372e-03
-5.26284e-03
-5.35136e-03
-5.78870e-03
-7.11010e-03
-9.04003e-03
-1.08108e-02
-1.22487e-02
-1.31951e-02
-1.35430e-02
-1.36802e-02
-1.30380e-02
-1.11528e-02
-9.21006e-03
-5.92923e-03
-2.08061e-03
1.27149e-03
3.87240e-03
4.56929e-03
4.63836e-03
3.88934e-03
2.77253e-03
1.00859e-03
-8.31504e-04
-1.90441e-03
-2.14084e-03
-1.08795e-03
1.32231e-04
1.44457e-03
2.45756e-03
2.99646e-03
3.60074e-03
3.98920e-03
4.49473e-03
4.12343e-03
2.99071e-03
1.17339e-03
-1.21186e-03
-3.21755e-03
-4.70111e-03
-5.64264e-03
-5.72560e-03
-5.23836e-03
-4.79617e-03
-4.40917e-03
-4.03763e-03
-3.32728e-03
-2.50960e-03
-1.92093e-03
-1.53050e-03
-1.37455e-03
-1.14146e-03
-5.32890e-04
1.27482e-04
6.38730e-04
1.28088e-03
2.00794e-03
3.13622e-03
4.34187e-03
5.31844e-03
6.01968e-03
6.15394e-03
5.80593e-03
5.11125e-03
3.98127e-03
2.83027e-03
1.99180e-03
1.47879e-03
1.15828e-03
1.36626e-03
1.73859e-03
2.24667e-03
2.77269e-03
3.22724e-03
3.61358e-03
3.96158e-03
4.31319e-03
4.53095e-03
4.27822e-03
3.62442e-03
2.84211e-03
2.33249e-03
2.16322e-03
2.37192e-03
2.45404e-03
2.50575e-03
2.53442e-03
2.49663e-03
2.55248e-03
2.46262e-03
2.21004e-03
1.89514e-03
1.68148e-03
1.64033e-03
1.66346e-03
1.59956e-03
1.46175e-03
1.37955e-03
1.24221e-03
1.08559e-03
9.31445e-04
7.33711e-04
6.25864e-04
5.87077e-04
5.24298e-04
4.12981e-04
2.80041e-04
1.86427e-04
1.55663e-04
1.72882e-04
2.28807e-04
2.70789e-04
2.84115e-04
2.86882e-04
2.44454e-04
1.70673e-04
7.55546e-05
-4.75292e-05
-1.76886e-04
-2.84619e-04
-3.73423e-04
-4.44611e-04
-5.06261e-04
-5.50451e-04
-5.79505e-04
-5.89567e-04
-5.89928e-04
-5.85736e-04
-5.77976e-04
-5.65871e-04
-5.53467e-04
-5.43077e-04
-5.34062e-04
-5.28609e-04
-5.24868e-04
-5.17773e-04
-5.05030e-04
-4.88302e-04
-4.69216e-04
-4.50019e-04
-4.30687e-04
-4.10296e-04
-3.89307e-04
-3.68566e-04
-3.48854e-04
-3.30386e-04
-3.12704e-04
-2.95413e-04
-2.78352e-04
-2.61481e-04
-2.44773e-04
-2.28159e-04
-2.11591e-04
-1.95042e-04
-1.78503e-04
-1.61972e-04
