-8.24748e-05
-8.26391e-05
-8.27622e-05
-8.28365e-05
-8.28620e-05
-8.28398e-05
-8.27399e-05
-8.26045e-05
-8.23742e-05
-8.21729e-05
-8.17919e-05
-8.12253e-05
-8.05911e-05
-7.99700e-05
-7.94796e-05
-7.91710e-05
-7.87665e-05
-7.82710e-05
-7.66980e-05
-7.64750e-05
-7.60877e-05
-7.38697e-05
-7.07948e-05
-6.68235e-05
-6.45326e-05
-6.44161e-05
-6.52532e-05
-6.59049e-05
-6.10191e-05
-6.23125e-05
-6.31467e-05
-5.58743e-05
-4.59564e-05
-3.65660e-05
-3.74900e-05
-4.35511e-05
-4.81739e-05
-5.28834e-05
-4.49348e-05
-5.22459e-05
-5.43828e-05
-3.03844e-05
-8.86849e-07
2.38469e-05
1.79684e-05
-1.87123e-06
-1.83411e-05
-3.19577e-05
-1.63712e-05
-3.18774e-05
-3.80822e-05
9.49601e-06
6.60619e-05
1.28570e-04
1.42092e-04
1.13504e-04
6.80970e-05
3.44810e-05
7.23489e-05
4.91895e-05
2.59656e-05
5.44224e-05
8.23024e-05
1.53045e-04
2.71577e-04
4.08701e-04
4.31586e-04
3.34682e-04
2.51711e-04
9.08718e-05
-4.15209e-06
8.37063e-05
2.18536e-04
3.33680e-04
2.96764e-04
1.94546e-04
1.03366e-04
7.72706e-05
1.91451e-04
1.67567e-04
1.13058e-04
1.47348e-04
1.75649e-04
2.44057e-04
2.22773e-04
1.81361e-04
1.43353e-04
9.35338e-05
1.34107e-04
4.79215e-05
-3.25054e-06
1.65448e-04
3.58480e-04
5.70958e-04
6.52794e-04
8.04044e-04
1.01438e-03
1.18994e-03
1.48922e-03
1.67517e-03
1.82705e-03
1.86222e-03
1.53058e-03
1.08712e-03
6.83402e-04
6.10014e-04
7.45662e-04
8.00186e-04
8.08490e-04
4.64632e-04
1.35096e-04
1.00273e-04
1.89095e-04
3.77912e-04
3.99671e-04
3.35766e-04
2.47552e-04
1.42427e-04
1.89990e-04
7.07113e-05
5.00067e-06
1.74308e-04
3.21523e-04
5.64901e-04
7.23342e-04
9.58974e-04
1.12238e-03
1.04992e-03
9.26162e-04
6.39249e-04
5.40438e-04
6.61045e-04
6.79296e-04
7.45261e-04
7.64180e-04
9.46872e-04
1.13554e-03
1.09909e-03
9.96502e-04
5.24730e-04
-4.29356e-05
-3.33003e-04
-3.17658e-04
3.94373e-05
3.97472e-04
8.43561e-04
1.25163e-03
1.38977e-03
1.41760e-03
1.17601e-03
9.78060e-04
9.25515e-04
7.64429e-04
6.51305e-04
4.26316e-04
4.53842e-04
7.75457e-04
1.09491e-03
1.36962e-03
1.37577e-03
1.43158e-03
1.70396e-03
1.85636e-03
2.05287e-03
2.14165e-03
2.26886e-03
2.38402e-03
2.40542e-03
2.39889e-03
2.06508e-03
1.77034e-03
1.58488e-03
1.12023e-03
6.24468e-04
2.32365e-04
4.21355e-04
1.81363e-03
4.64256e-03
5.66732e-03
2.79110e-03
-1.48545e-03
-4.50492e-03
-5.33806e-03
-4.86536e-03
-4.29973e-03
-4.31350e-03
-4.69234e-03
-4.88997e-03
-4.50796e-03
-3.42983e-03
-1.72316e-03
9.93231e-05
1.37363e-03
1.64815e-03
1.09615e-03
9.79334e-06
-1.35358e-03
-2.62891e-03
-3.56375e-03
-4.03651e-03
-3.69421e-03
-2.51023e-03
-1.15363e-03
-3.24575e-04
-3.99432e-04
-1.23390e-03
-2.32287e-03
-3.31113e-03
-4.00525e-03
-4.28092e-03
-4.06253e-03
-3.50525e-03
-3.00672e-03
-2.79868e-03
-2.95383e-03
-3.46406e-03
-4.04427e-03
-4.54999e-03
-4.82903e-03
-4.64942e-03
-3.63082e-03
-1.79099e-03
4.92636e-04
2.74151e-03
4.52435e-03
5.63877e-03
6.01666e-03
5.72785e-03
4.97869e-03
4.11084e-03
3.63826e-03
3.83444e-03
4.54417e-03
5.75518e-03
7.49336e-03
9.55859e-03
1.13233e-02
1.20671e-02
1.15744e-02
1.00783e-02
8.19519e-03
6.33803e-03
4.58389e-03
2.95487e-03
1.62638e-03
7.05081e-04
7.59380e-05
-5.81762e-04
-1.58728e-03
-2.96362e-03
-4.43481e-03
-5.89483e-03
-7.34902e-03
-8.53470e-03
-8.89360e-03
-8.07004e-03
-6.27304e-03
-4.04930e-03
-1.99252e-03
-4.69288e-04
4.35512e-04
7.23158e-04
5.41339e-04
1.76334e-04
-3.11161e-05
6.00826e-06
1.06777e-04
2.22990e-04
3.86978e-04
6.66824e-04
1.23544e-03
1.90950e-03
2.09737e-03
1.57186e-03
5.70538e-04
-7.07476e-04
-2.15074e-03
-3.54665e-03
-4.76035e-03
-5.65537e-03
-6.43213e-03
-7.48127e-03
-9.07479e-03
-1.11682e-02
-1.35216e-02
-1.56961e-02
-1.71781e-02
-1.74518e-02
-1.62976e-02
-1.40795e-02
-1.11599e-02
-7.97820e-03
-4.96799e-03
-2.28323e-03
-9.82588e-05
1.32872e-03
1.86331e-03
1.64663e-03
1.03260e-03
2.73883e-04
-3.22419e-04
-5.41944e-04
-2.54576e-04
6.35144e-04
1.96944e-03
3.31785e-03
4.23724e-03
4.57392e-03
4.22097e-03
3.20013e-03
2.01787e-03
1.42078e-03
1.81112e-03
2.88302e-03
3.96980e-03
4.48711e-03
4.13012e-03
2.93141e-03
1.02349e-03
-1.36103e-03
-3.62671e-03
-5.07870e-03
-5.00482e-03
-3.08278e-03
1.90950e-04
3.87566e-03
6.93400e-03
8.24663e-03
6.83295e-03
2.82338e-03
-2.36257e-03
-6.85337e-03
-9.10693e-03
-8.30597e-03
-4.52690e-03
1.37266e-03
8.25188e-03
1.48442e-02
1.99059e-02
2.25191e-02
2.27826e-02
2.15725e-02
1.97125e-02
1.78842e-02
1.66227e-02
1.62487e-02
1.67118e-02
1.73246e-02
1.71259e-02
1.53640e-02
1.20674e-02
7.74361e-03
2.90526e-03
-2.04076e-03
-6.71519e-03
-1.06295e-02
-1.31595e-02
-1.41099e-02
-1.38196e-02
-1.27986e-02
-1.14947e-02
-1.04387e-02
-9.96793e-03
-1.02128e-02
-1.10779e-02
-1.21592e-02
-1.27217e-02
-1.19246e-02
-9.17880e-03
-4.40826e-03
2.00938e-03
9.02363e-03
1.52052e-02
1.96065e-02
2.19966e-02
2.25935e-02
2.17442e-02
1.97576e-02
1.68338e-02
1.32294e-02
9.42611e-03
5.65094e-03
1.77563e-03
-2.24142e-03
-6.25946e-03
-1.00979e-02
-1.35967e-02
-1.65872e-02
-1.88940e-02
-2.03740e-02
-2.06873e-02
-1.93829e-02
-1.64022e-02
-1.25503e-02
-9.48177e-03
-8.85933e-03
-1.14471e-02
-1.68146e-02
-2.39050e-02
-3.13293e-02
-3.75141e-02
-4.12406e-02
-4.19260e-02
-3.93098e-02
-3.35801e-02
-2.54851e-02
-1.60365e-02
-6.16395e-03
3.33002e-03
1.17735e-02
1.89550e-02
2.50668e-02
3.07630e-02
3.68736e-02
4.35738e-02
4.99784e-02
5.47209e-02
5.67870e-02
5.57327e-02
5.16550e-02
4.51986e-02
3.72821e-02
2.87053e-02
2.00749e-02
1.17344e-02
3.67239e-03
-4.29371e-03
-1.18155e-02
-1.84092e-02
-2.40792e-02
-2.90614e-02
-3.37403e-02
-3.83830e-02
-4.28538e-02
-4.67640e-02
-4.96672e-02
-5.08065e-02
-4.92607e-02
-4.44334e-02
-3.67212e-02
-2.71930e-02
-1.73354e-02
-8.55811e-03
-1.73930e-03
2.62240e-03
4.62523e-03
5.13282e-03
5.63766e-03
7.52022e-03
1.12161e-02
1.62067e-02
2.11732e-02
2.41822e-02
2.37772e-02
1.92978e-02
1.09611e-02
9.12796e-05
-1.08254e-02
-1.94831e-02
-2.47809e-02
-2.66859e-02
-2.61545e-02
-2.45650e-02
-2.34554e-02
-2.43760e-02
-2.82096e-02
-3.45484e-02
-4.13023e-02
-4.55089e-02
-4.44447e-02
-3.65205e-02
-2.20758e-02
-3.27764e-03
1.64613e-02
3.35717e-02
4.56298e-02
5.20736e-02
5.40178e-02
5.33815e-02
5.17527e-02
5.03798e-02
4.95477e-02
4.82571e-02
4.50448e-02
3.85793e-02
2.84673e-02
1.59340e-02
3.49515e-03
-6.04262e-03
-1.09127e-02
-1.06066e-02
-6.11489e-03
7.26071e-04
8.23167e-03
1.51151e-02
2.08827e-02
2.58067e-02
3.03775e-02
3.46242e-02
3.78014e-02
3.86205e-02
3.54445e-02
2.67846e-02
1.23686e-02
-6.51540e-03
-2.74837e-02
-4.73055e-02
-6.24441e-02
-7.02008e-02
-6.95743e-02
-6.14560e-02
-4.86601e-02
-3.48169e-02
-2.23122e-02
-1.15226e-02
-1.78312e-03
7.33764e-03
1.58971e-02
2.34890e-02
2.94439e-02
3.36350e-02
3.63017e-02
3.77035e-02
3.82008e-02
3.79170e-02
3.67535e-02
3.43023e-02
3.01527e-02
2.44249e-02
1.74411e-02
9.65137e-03
1.37443e-03
-6.96834e-03
-1.43283e-02
-1.94586e-02
-2.15810e-02
-2.05526e-02
-1.65765e-02
-1.01875e-02
-2.51703e-03
5.08005e-03
1.12446e-02
1.50325e-02
1.66997e-02
1.73325e-02
1.76976e-02
1.80123e-02
1.82194e-02
1.80798e-02
1.71438e-02
1.46604e-02
9.79312e-03
2.46217e-03
-6.35877e-03
-1.48723e-02
-2.14591e-02
-2.50810e-02
-2.53370e-02
-2.24334e-02
-1.68780e-02
-9.48312e-03
-1.59173e-03
5.15330e-03
9.50486e-03
1.10648e-02
9.97133e-03
6.58489e-03
1.49153e-03
-4.57090e-03
-1.09386e-02
-1.68625e-02
-2.18987e-02
-2.60662e-02
-2.92061e-02
-3.12891e-02
-3.25701e-02
-3.33331e-02
-3.36609e-02
-3.35139e-02
-3.26549e-02
-3.09606e-02
-2.88248e-02
-2.66733e-02
-2.46860e-02
-2.29681e-02
-2.16659e-02
-2.09138e-02
-2.06815e-02
-2.13037e-02
-2.34332e-02
-2.71870e-02
-3.19192e-02
-3.62991e-02
-3.85829e-02
-3.71341e-02
-3.11563e-02
-2.05643e-02
-5.90044e-03
1.11120e-02
2.81235e-02
4.29646e-02
5.40278e-02
6.05405e-02
6.26350e-02
6.11487e-02
5.72012e-02
5.19116e-02
4.58535e-02
3.90832e-02
3.13810e-02
2.29520e-02
1.42060e-02
5.31733e-03
-3.55309e-03
-1.17271e-02
-1.83330e-02
-2.30946e-02
-2.64927e-02
-2.95289e-02
-3.30822e-02
-3.70982e-02
-4.09287e-02
-4.38194e-02
-4.47237e-02
-4.23187e-02
-3.59072e-02
-2.54147e-02
-1.14729e-02
4.68378e-03
2.18011e-02
3.89035e-02
5.50634e-02
6.90738e-02
7.97880e-02
8.63320e-02
8.82412e-02
8.51755e-02
7.71214e-02
6.43682e-02
4.76333e-02
2.85188e-02
9.07070e-03
-8.45604e-03
-2.18580e-02
-2.98886e-02
-3.25678e-02
-3.12904e-02
-2.84971e-02
-2.65349e-02
-2.67170e-02
-2.89285e-02
-3.19972e-02
-3.42682e-02
-3.37289e-02
-2.91571e-02
-2.04967e-02
-8.94217e-03
3.16186e-03
1.28223e-02
1.74359e-02
1.61504e-02
9.62327e-03
-6.41280e-05
-9.86818e-03
-1.69754e-02
-1.97902e-02
-1.83383e-02
-1.38811e-02
-8.44840e-03
-3.74084e-03
-3.18627e-04
1.68724e-03
2.37610e-03
2.03159e-03
5.61028e-04
-2.60724e-03
-8.16692e-03
-1.65645e-02
-2.74329e-02
-3.92500e-02
-4.96878e-02
-5.65840e-02
-5.86858e-02
-5.57578e-02
-4.86940e-02
-3.93379e-02
-2.98379e-02
-2.17485e-02
-1.55811e-02
-1.09290e-02
-6.88269e-03
-2.51617e-03
2.75271e-03
8.83314e-03
1.47495e-02
1.89080e-02
1.98748e-02
1.71611e-02
1.15238e-02
4.86626e-03
-2.25656e-04
-1.28581e-03
3.19169e-03
1.31853e-02
2.68456e-02
4.15455e-02
5.50073e-02
6.56570e-02
7.24120e-02
7.47219e-02
7.29481e-02
6.81615e-02
6.14652e-02
5.35640e-02
4.43891e-02
3.32875e-02
2.00071e-02
5.20296e-03
-9.79605e-03
-2.32905e-02
-3.34190e-02
-3.89098e-02
-3.93331e-02
-3.50893e-02
-2.77825e-02
-1.93038e-02
-1.11418e-02
-4.19880e-03
1.14346e-03
4.52466e-03
6.29555e-03
7.26044e-03
8.07152e-03
9.36854e-03
1.12837e-02
1.36310e-02
1.64240e-02
1.96907e-02
2.33005e-02
2.69359e-02
3.01658e-02
3.25365e-02
3.36137e-02
3.29913e-02
3.01767e-02
2.47894e-02
1.68986e-02
7.22140e-03
-3.23760e-03
-1.33198e-02
-2.15670e-02
-2.69140e-02
-2.92026e-02
-2.91509e-02
-2.80081e-02
-2.68339e-02
-2.58602e-02
-2.46901e-02
-2.31764e-02
-2.18894e-02
-2.15837e-02
-2.27979e-02
-2.54755e-02
-2.87176e-02
-3.13558e-02
-3.21662e-02
-3.02621e-02
-2.54617e-02
-1.80586e-02
-8.73483e-03
1.83460e-03
1.31938e-02
2.49517e-02
3.66354e-02
4.76005e-02
5.68524e-02
6.33684e-02
6.64072e-02
6.57810e-02
6.20461e-02
5.61417e-02
4.88830e-02
4.10074e-02
3.30813e-02
2.54019e-02
1.79074e-02
1.02324e-02
2.11357e-03
-6.45728e-03
-1.51810e-02
-2.34218e-02
-3.05408e-02
-3.62438e-02
-4.02697e-02
-4.25820e-02
-4.37992e-02
-4.50817e-02
-4.75326e-02
-5.17373e-02
-5.77986e-02
-6.51414e-02
-7.27977e-02
-7.95139e-02
-8.36565e-02
-8.41157e-02
-8.08068e-02
-7.45342e-02
-6.62570e-02
-5.68577e-02
-4.67709e-02
-3.60818e-02
-2.47231e-02
-1.24449e-02
1.02189e-03
1.53982e-02
2.94520e-02
4.09657e-02
4.76586e-02
4.79190e-02
4.09585e-02
2.68689e-02
6.44868e-03
-1.84372e-02
-4.49016e-02
-6.98532e-02
-9.09425e-02
-1.06818e-01
-1.16822e-01
-1.21095e-01
-1.20206e-01
-1.14872e-01
-1.05866e-01
-9.33282e-02
-7.70492e-02
-5.72548e-02
-3.43685e-02
-9.03699e-03
1.77793e-02
4.49372e-02
7.12311e-02
9.52630e-02
1.15605e-01
1.31214e-01
1.42074e-01
1.48889e-01
1.52075e-01
1.51745e-01
1.47869e-01
1.40373e-01
1.29233e-01
1.14689e-01
9.70424e-02
7.70438e-02
5.62398e-02
3.64947e-02
1.95344e-02
6.54316e-03
-1.95160e-03
-6.06916e-03
-6.36138e-03
-3.23810e-03
2.53224e-03
9.82051e-03
1.75773e-02
2.46502e-02
2.98200e-02
3.22238e-02
3.17021e-02
2.89426e-02
2.49726e-02
2.08929e-02
1.76536e-02
1.58234e-02
1.53911e-02
1.56966e-02
1.59261e-02
1.55986e-02
1.48084e-02
1.39130e-02
1.33028e-02
1.34558e-02
1.47634e-02
1.72823e-02
2.05826e-02
2.39184e-02
2.65061e-02
2.78919e-02
2.81919e-02
2.75468e-02
2.58779e-02
2.31224e-02
1.90324e-02
1.30068e-02
4.43499e-03
-6.94877e-03
-2.09258e-02
-3.68430e-02
-5.38115e-02
-7.09577e-02
-8.74394e-02
-1.02231e-01
-1.14597e-01
-1.24237e-01
-1.30855e-01
-1.33912e-01
-1.33011e-01
-1.28325e-01
-1.20519e-01
-1.10325e-01
-9.82051e-02
-8.43313e-02
-6.94087e-02
-5.48471e-02
-4.19410e-02
-3.14349e-02
-2.32802e-02
-1.65256e-02
-1.02558e-02
-4.13985e-03
1.65594e-03
6.85372e-03
1.10656e-02
1.38424e-02
1.51000e-02
1.51430e-02
1.45415e-02
1.39902e-02
1.38900e-02
1.41817e-02
1.45739e-02
1.48996e-02
1.50691e-02
1.48502e-02
1.42984e-02
1.37699e-02
1.35968e-02
1.40444e-02
1.51633e-02
1.67071e-02
1.82419e-02
1.93920e-02
1.96116e-02
1.84048e-02
1.56717e-02
1.16569e-02
6.62072e-03
8.99278e-04
-5.00875e-03
-1.07069e-02
-1.56959e-02
-1.91299e-02
-2.03488e-02
-1.91342e-02
-1.52637e-02
-8.53710e-03
8.90510e-04
1.24170e-02
2.52001e-02
3.82585e-02
5.06244e-02
6.15425e-02
7.07038e-02
7.80899e-02
8.38824e-02
8.81974e-02
9.09225e-02
9.19699e-02
9.12735e-02
8.89387e-02
8.51280e-02
8.01831e-02
7.43895e-02
6.79860e-02
6.13677e-02
5.47719e-02
4.82923e-02
4.17909e-02
3.50420e-02
2.78543e-02
1.99684e-02
1.12863e-02
1.86253e-03
-7.87539e-03
-1.74253e-02
-2.66811e-02
-3.57132e-02
-4.44330e-02
-5.23108e-02
-5.87016e-02
-6.27983e-02
-6.37191e-02
-6.08787e-02
-5.39447e-02
-4.33230e-02
-3.03921e-02
-1.71830e-02
-5.80261e-03
2.25795e-03
6.02626e-03
5.05737e-03
-5.08264e-04
-1.00962e-02
-2.27741e-02
-3.75684e-02
-5.34778e-02
-6.93873e-02
-8.38156e-02
-9.51490e-02
-1.02159e-01
-1.04408e-01
-1.02019e-01
-9.52264e-02
-8.41658e-02
-6.91002e-02
-5.08541e-02
-3.05741e-02
-9.27376e-03
1.22573e-02
3.30278e-02
5.17516e-02
6.74599e-02
7.94505e-02
8.72574e-02
9.06266e-02
8.91677e-02
8.28689e-02
7.26453e-02
5.96225e-02
4.48424e-02
2.92926e-02
1.40390e-02
1.73611e-04
-1.12354e-02
-1.95841e-02
-2.49509e-02
-2.77991e-02
-2.85743e-02
-2.73821e-02
-2.44406e-02
-2.02703e-02
-1.52070e-02
-9.65412e-03
-4.17112e-03
5.82805e-04
4.00767e-03
5.79387e-03
5.77521e-03
3.91789e-03
2.52426e-04
-5.34422e-03
-1.26964e-02
-2.13433e-02
-3.07175e-02
-3.98907e-02
-4.78450e-02
-5.34920e-02
-5.58259e-02
-5.40975e-02
-4.81843e-02
-3.86377e-02
-2.58694e-02
-1.02555e-02
7.41077e-03
2.61711e-02
4.49188e-02
6.24898e-02
7.79230e-02
9.04682e-02
9.94229e-02
1.04052e-01
1.04097e-01
9.95291e-02
9.05101e-02
7.76878e-02
6.16741e-02
4.28424e-02
2.18553e-02
-2.10830e-04
-2.20644e-02
-4.25378e-02
-6.06048e-02
-7.55541e-02
-8.70684e-02
-9.48628e-02
-9.85499e-02
-9.84256e-02
-9.52977e-02
-9.01236e-02
-8.40140e-02
-7.79073e-02
-7.23597e-02
-6.76886e-02
-6.38146e-02
-6.03369e-02
-5.66673e-02
-5.22838e-02
-4.70838e-02
-4.09687e-02
-3.39140e-02
-2.58016e-02
-1.64177e-02
-5.67927e-03
6.40304e-03
1.96626e-02
3.37396e-02
4.78313e-02
6.10048e-02
7.24976e-02
8.18937e-02
8.90531e-02
9.39226e-02
9.61524e-02
9.54417e-02
9.20273e-02
8.62044e-02
7.79612e-02
6.71883e-02
5.40182e-02
3.87899e-02
2.17477e-02
3.26650e-03
-1.64759e-02
-3.71587e-02
-5.76027e-02
-7.63405e-02
-9.20547e-02
-1.03778e-01
-1.10690e-01
-1.12194e-01
-1.08404e-01
-9.98103e-02
-8.71189e-02
-7.08552e-02
-5.10286e-02
-2.74524e-02
-4.67191e-04
2.90838e-02
5.97216e-02
8.92601e-02
1.15574e-01
1.37106e-01
1.53066e-01
1.63598e-01
1.69216e-01
1.70250e-01
1.66908e-01
1.59422e-01
1.48360e-01
1.34362e-01
1.17816e-01
9.88942e-02
7.77499e-02
5.49303e-02
3.15053e-02
8.73749e-03
-1.23790e-02
-3.12381e-02
-4.73908e-02
-6.09176e-02
-7.20859e-02
-8.09298e-02
-8.73563e-02
-9.13177e-02
-9.27084e-02
-9.17265e-02
-8.90419e-02
-8.52219e-02
-8.05084e-02
-7.52338e-02
-6.99060e-02
-6.48419e-02
-5.99980e-02
-5.50687e-02
-4.94625e-02
-4.24843e-02
-3.38912e-02
-2.41338e-02
-1.36928e-02
-2.54756e-03
9.58489e-03
2.24932e-02
3.52641e-02
4.69402e-02
5.71347e-02
6.58233e-02
7.30083e-02
7.84195e-02
8.16254e-02
8.22405e-02
8.01841e-02
7.60561e-02
7.07730e-02
6.49340e-02
5.91837e-02
5.42824e-02
5.07558e-02
4.88858e-02
4.86430e-02
4.95174e-02
5.07434e-02
5.19975e-02
5.31812e-02
5.41046e-02
5.44617e-02
5.36927e-02
5.13742e-02
4.71764e-02
4.06666e-02
3.14054e-02
1.94217e-02
5.46243e-03
-9.40013e-03
-2.42575e-02
-3.86395e-02
-5.20801e-02
-6.40087e-02
-7.35954e-02
-8.03532e-02
-8.42301e-02
-8.54661e-02
-8.42842e-02
-8.12629e-02
-7.76424e-02
-7.43147e-02
-7.17964e-02
-7.03256e-02
-6.97042e-02
-6.92412e-02
-6.82644e-02
-6.60769e-02
-6.19588e-02
-5.56959e-02
-4.75856e-02
-3.81261e-02
-2.77195e-02
-1.68281e-02
-6.06295e-03
3.63825e-03
1.13482e-02
1.64892e-02
1.90631e-02
1.90891e-02
1.63103e-02
1.07386e-02
2.86040e-03
-6.28229e-03
-1.54932e-02
-2.37864e-02
-3.04549e-02
-3.50221e-02
-3.69974e-02
-3.63485e-02
-3.32856e-02
-2.80084e-02
-2.10381e-02
-1.29218e-02
-4.16101e-03
4.79886e-03
1.34106e-02
2.09708e-02
2.70395e-02
3.14336e-02
3.41384e-02
3.57083e-02
3.64990e-02
3.63990e-02
3.51093e-02
3.23008e-02
2.76093e-02
2.07543e-02
1.18849e-02
1.36372e-03
-9.98412e-03
-2.10810e-02
-3.09864e-02
-3.93239e-02
-4.59619e-02
-5.05720e-02
-5.29867e-02
-5.31615e-02
-5.10674e-02
-4.69759e-02
-4.11767e-02
-3.41322e-02
-2.66252e-02
-1.94157e-02
-1.27645e-02
-6.43923e-03
-3.04550e-04
5.23820e-03
9.77659e-03
1.30037e-02
1.49322e-02
1.58412e-02
1.55846e-02
1.40707e-02
1.19059e-02
1.01198e-02
9.38808e-03
9.70335e-03
1.09227e-02
1.31000e-02
1.64690e-02
2.13302e-02
2.76565e-02
3.51785e-02
4.39287e-02
5.38768e-02
6.44404e-02
7.44892e-02
8.30291e-02
8.96129e-02
9.41038e-02
9.65945e-02
9.72255e-02
9.58534e-02
9.24229e-02
8.72420e-02
8.02181e-02
7.08451e-02
5.90183e-02
4.51731e-02
3.00332e-02
1.45130e-02
-5.84393e-04
-1.45936e-02
-2.69754e-02
-3.75401e-02
-4.63750e-02
-5.39034e-02
-6.01023e-02
-6.45554e-02
-6.71034e-02
-6.78163e-02
-6.71456e-02
-6.54555e-02
-6.26997e-02
-5.86266e-02
-5.32823e-02
-4.70922e-02
-4.02699e-02
-3.29861e-02
-2.56145e-02
-1.85873e-02
-1.21870e-02
-6.55853e-03
-1.64696e-03
2.85105e-03
7.20369e-03
1.14672e-02
1.57015e-02
1.97497e-02
2.33604e-02
2.62267e-02
2.80042e-02
2.83359e-02
2.72422e-02
2.50451e-02
2.21200e-02
1.88886e-02
1.59177e-02
1.36042e-02
1.19180e-02
1.07006e-02
9.82841e-03
8.93504e-03
7.76169e-03
6.38245e-03
5.05169e-03
3.86201e-03
3.11335e-03
3.10668e-03
3.81302e-03
5.27913e-03
7.29926e-03
9.34491e-03
1.08811e-02
1.15466e-02
1.13162e-02
1.04616e-02
9.19229e-03
7.32027e-03
4.70677e-03
1.68809e-03
-1.16371e-03
-3.47938e-03
-5.42976e-03
-7.48971e-03
-9.73789e-03
-1.20162e-02
-1.42731e-02
-1.66583e-02
-1.94842e-02
-2.28105e-02
-2.63713e-02
-2.99337e-02
-3.32865e-02
-3.63257e-02
-3.88831e-02
-4.07951e-02
-4.20649e-02
-4.31659e-02
-4.45522e-02
-4.61746e-02
-4.78125e-02
-4.92750e-02
-5.03536e-02
-5.05066e-02
-4.87723e-02
-4.45921e-02
-3.79279e-02
-2.94218e-02
-1.99066e-02
-9.60786e-03
1.28286e-03
1.19620e-02
2.13984e-02
2.87986e-02
3.40174e-02
3.73750e-02
3.91622e-02
3.92776e-02
3.76639e-02
3.47263e-02
3.09092e-02
2.63246e-02
2.11945e-02
1.61409e-02
1.17643e-02
8.78642e-03
7.59025e-03
7.93921e-03
9.58755e-03
1.23833e-02
1.60335e-02
1.98618e-02
2.33152e-02
2.60902e-02
2.80403e-02
2.91901e-02
2.97648e-02
2.99853e-02
3.02154e-02
3.09477e-02
3.21542e-02
3.33683e-02
3.41252e-02
3.39544e-02
3.23665e-02
2.91009e-02
2.41474e-02
1.76967e-02
1.00226e-02
1.65521e-03
-6.73442e-03
-1.42527e-02
-2.02600e-02
-2.45165e-02
-2.69686e-02
-2.77442e-02
-2.67551e-02
-2.40602e-02
-1.97110e-02
-1.34957e-02
-5.48231e-03
3.94314e-03
1.41026e-02
2.42225e-02
3.32313e-02
3.99884e-02
4.41572e-02
4.61988e-02
4.62386e-02
4.39871e-02
3.94213e-02
3.30402e-02
2.56393e-02
1.79524e-02
1.02370e-02
2.44368e-03
-5.09456e-03
-1.19241e-02
-1.76477e-02
-2.22726e-02
-2.62232e-02
-2.99663e-02
-3.34250e-02
-3.61586e-02
-3.78018e-02
-3.82006e-02
-3.70775e-02
-3.42088e-02
-2.96939e-02
-2.39069e-02
-1.72156e-02
-1.00230e-02
-2.70744e-03
3.93789e-03
9.05156e-03
1.20392e-02
1.27915e-02
1.16934e-02
9.23464e-03
5.89989e-03
2.09729e-03
-1.60652e-03
-4.68490e-03
-6.95896e-03
-8.45069e-03
-9.15077e-03
-8.82522e-03
-7.37103e-03
-4.99509e-03
-1.87693e-03
2.00563e-03
6.79147e-03
1.25775e-02
1.91094e-02
2.56900e-02
3.17675e-02
3.70854e-02
4.13853e-02
4.41722e-02
4.52081e-02
4.47712e-02
4.35536e-02
4.21310e-02
4.08194e-02
3.97210e-02
3.89759e-02
3.87811e-02
3.90106e-02
3.91223e-02
3.85905e-02
3.72637e-02
3.54718e-02
3.35788e-02
3.17163e-02
3.00140e-02
2.86662e-02
2.78587e-02
2.71362e-02
2.56607e-02
2.28512e-02
1.85248e-02
1.26262e-02
4.94433e-03
-4.45305e-03
-1.50156e-02
-2.61613e-02
-3.73635e-02
-4.81844e-02
-5.82332e-02
-6.68316e-02
-7.38045e-02
-7.96017e-02
-8.49093e-02
-9.01677e-02
-9.51597e-02
-9.93954e-02
-1.02394e-01
-1.03841e-01
-1.03508e-01
-1.01128e-01
-9.67660e-02
-9.08654e-02
-8.38909e-02
-7.61316e-02
-6.79075e-02
-5.95854e-02
-5.13535e-02
-4.33080e-02
-3.54372e-02
-2.75741e-02
-1.97669e-02
-1.20815e-02
-4.67538e-03
2.34005e-03
8.54169e-03
1.31547e-02
1.56543e-02
1.57468e-02
1.35342e-02
9.46632e-03
4.12318e-03
-1.87782e-03
-7.63347e-03
-1.19686e-02
-1.41500e-02
-1.40890e-02
-1.23810e-02
-9.89038e-03
-7.34154e-03
-5.23082e-03
-3.91877e-03
-3.58320e-03
-3.91188e-03
-4.25165e-03
-4.10672e-03
-3.28878e-03
-1.79680e-03
2.74707e-04
2.73540e-03
5.28884e-03
7.28165e-03
8.16567e-03
8.22761e-03
8.11618e-03
8.21262e-03
8.52510e-03
9.11303e-03
1.01691e-02
1.16145e-02
1.31411e-02
1.42732e-02
1.46214e-02
1.43291e-02
1.38951e-02
1.35883e-02
1.34240e-02
1.35117e-02
1.41005e-02
1.53812e-02
1.73005e-02
1.93272e-02
2.08144e-02
2.14543e-02
2.14056e-02
2.08056e-02
1.94798e-02
1.73992e-02
1.47595e-02
1.17193e-02
8.52527e-03
5.33729e-03
2.25092e-03
-5.80354e-04
-2.81872e-03
-4.33075e-03
-5.24326e-03
-5.53501e-03
-5.24153e-03
-4.67195e-03
-3.99190e-03
-3.28406e-03
-2.52592e-03
-1.62370e-03
-7.01132e-04
-2.58609e-04
-8.07228e-04
-2.51400e-03
-5.43984e-03
-9.40574e-03
-1.39821e-02
-1.88606e-02
-2.37854e-02
-2.81036e-02
-3.10901e-02
-3.21805e-02
-3.12962e-02
-2.85995e-02
-2.45496e-02
-1.95666e-02
-1.35411e-02
-6.51034e-03
1.19661e-03
9.23957e-03
1.72999e-02
2.47805e-02
3.12003e-02
3.64106e-02
4.01337e-02
4.19273e-02
4.18454e-02
4.02027e-02
3.72939e-02
3.34731e-02
2.92199e-02
2.47707e-02
2.00458e-02
1.50062e-02
9.54703e-03
3.45017e-03
-3.25357e-03
-1.01637e-02
-1.70352e-02
-2.38803e-02
-3.04163e-02
-3.61580e-02
-4.08047e-02
-4.41443e-02
-4.64652e-02
-4.81904e-02
-4.92357e-02
-4.96347e-02
-4.97262e-02
-4.95835e-02
-4.91211e-02
-4.84121e-02
-4.76489e-02
-4.69048e-02
-4.62607e-02
-4.53611e-02
-4.34203e-02
-3.97576e-02
-3.42332e-02
-2.71862e-02
-1.90254e-02
-9.93614e-03
-1.01260e-04
9.95946e-03
1.92564e-02
2.67653e-02
3.24519e-02
3.68529e-02
4.02597e-02
4.25986e-02
4.37855e-02
4.39311e-02
4.30724e-02
4.11415e-02
3.82641e-02
3.47696e-02
3.13219e-02
2.84714e-02
2.62021e-02
2.44171e-02
2.31845e-02
2.24642e-02
2.20055e-02
2.16029e-02
2.10633e-02
2.03315e-02
1.96308e-02
1.91755e-02
1.91288e-02
1.95290e-02
2.01969e-02
2.07985e-02
2.09444e-02
2.00484e-02
1.75151e-02
1.30466e-02
6.91235e-03
-4.65925e-04
-8.62577e-03
-1.69345e-02
-2.49384e-02
-3.25764e-02
-3.97828e-02
-4.60859e-02
-5.10412e-02
-5.45910e-02
-5.69784e-02
-5.87020e-02
-6.01290e-02
-6.14924e-02
-6.28372e-02
-6.39923e-02
-6.44596e-02
-6.37520e-02
-6.17254e-02
-5.85662e-02
-5.46147e-02
-5.04487e-02
-4.63043e-02
-4.21365e-02
-3.80345e-02
-3.43822e-02
-3.15226e-02
-2.95563e-02
-2.85991e-02
-2.87612e-02
-2.99195e-02
-3.13514e-02
-3.22159e-02
-3.18323e-02
-2.98463e-02
-2.65651e-02
-2.25655e-02
-1.79708e-02
-1.27732e-02
-7.17120e-03
-1.32305e-03
4.64315e-03
1.04828e-02
1.60491e-02
2.11412e-02
2.53332e-02
2.81885e-02
2.99131e-02
3.08149e-02
3.09679e-02
3.04929e-02
2.96905e-02
2.90639e-02
2.91858e-02
3.03374e-02
3.22666e-02
3.47422e-02
3.77861e-02
4.12713e-02
4.47157e-02
4.77002e-02
5.00201e-02
5.18023e-02
5.34248e-02
5.49454e-02
5.62103e-02
5.70696e-02
5.75592e-02
5.78491e-02
5.79540e-02
5.78497e-02
5.75311e-02
5.68950e-02
5.59096e-02
5.46455e-02
5.29889e-02
5.08880e-02
4.85741e-02
4.62543e-02
4.37914e-02
4.09794e-02
3.80085e-02
3.50923e-02
3.22881e-02
2.94104e-02
2.60309e-02
2.18416e-02
1.67971e-02
1.09938e-02
4.76460e-03
-1.20377e-03
-6.27845e-03
-1.00406e-02
-1.22784e-02
-1.30696e-02
-1.25720e-02
-1.09054e-02
-8.33158e-03
-5.31566e-03
-2.11440e-03
1.41764e-03
5.46576e-03
9.77709e-03
1.39663e-02
1.79480e-02
2.16023e-02
2.46770e-02
2.70520e-02
2.85913e-02
2.89647e-02
2.79647e-02
2.56047e-02
2.19290e-02
1.69665e-02
1.09751e-02
4.46506e-03
-2.06213e-03
-8.42573e-03
-1.46004e-02
-2.06708e-02
-2.68090e-02
-3.32046e-02
-4.02651e-02
-4.80670e-02
-5.62341e-02
-6.45410e-02
-7.28212e-02
-8.10526e-02
-8.94346e-02
-9.80285e-02
-1.06709e-01
-1.15363e-01
-1.24138e-01
-1.32998e-01
-1.41454e-01
-1.48898e-01
-1.55282e-01
-1.60451e-01
-1.64079e-01
-1.65689e-01
-1.65066e-01
-1.62527e-01
-1.58680e-01
-1.53780e-01
-1.47518e-01
-1.39752e-01
-1.30788e-01
-1.20993e-01
-1.10571e-01
-9.92368e-02
-8.64916e-02
-7.24363e-02
-5.74584e-02
-4.18469e-02
-2.58029e-02
-9.55965e-03
6.42194e-03
2.17611e-02
3.63870e-02
5.03653e-02
6.36461e-02
7.59315e-02
8.68957e-02
9.67003e-02
1.05856e-01
1.14491e-01
1.22353e-01
1.29271e-01
1.35062e-01
1.39613e-01
1.43117e-01
1.45475e-01
1.46436e-01
1.46111e-01
1.44810e-01
1.42564e-01
1.39103e-01
1.34216e-01
1.27937e-01
1.20501e-01
1.11991e-01
1.02085e-01
9.05434e-02
7.76043e-02
6.40512e-02
5.09235e-02
3.87675e-02
2.79483e-02
1.85460e-02
1.04683e-02
3.67332e-03
-1.90970e-03
-6.20380e-03
-8.96185e-03
-9.75507e-03
-8.51399e-03
-5.55525e-03
-1.05594e-03
4.82395e-03
1.17594e-02
1.93586e-02
2.70557e-02
3.42109e-02
4.03606e-02
4.53438e-02
4.90725e-02
5.14195e-02
5.24589e-02
5.22148e-02
5.04383e-02
4.70036e-02
4.19535e-02
3.54682e-02
2.79787e-02
1.99174e-02
1.17392e-02
3.88162e-03
-3.29543e-03
-9.48867e-03
-1.45704e-02
-1.83178e-02
-2.06728e-02
-2.22604e-02
-2.37533e-02
-2.52415e-02
-2.64157e-02
-2.70171e-02
-2.70773e-02
-2.69437e-02
-2.69522e-02
-2.70761e-02
-2.71207e-02
-2.71076e-02
-2.72487e-02
-2.78947e-02
-2.91678e-02
-3.08398e-02
-3.27326e-02
-3.48079e-02
-3.68375e-02
-3.82722e-02
-3.86223e-02
-3.76678e-02
-3.54300e-02
-3.19842e-02
-2.76302e-02
-2.26796e-02
-1.72859e-02
-1.16199e-02
-5.76702e-03
2.97662e-04
6.31198e-03
1.18816e-02
1.65224e-02
1.99872e-02
2.22664e-02
2.33523e-02
2.31079e-02
2.12322e-02
1.76504e-02
1.27484e-02
7.02106e-03
8.63278e-04
-5.31761e-03
-1.11070e-02
-1.60756e-02
-1.98805e-02
-2.26805e-02
-2.49374e-02
-2.68816e-02
-2.83305e-02
-2.90163e-02
-2.89242e-02
-2.79806e-02
-2.60500e-02
-2.33658e-02
-2.02678e-02
-1.69978e-02
-1.38405e-02
-1.08475e-02
-8.14099e-03
-6.16069e-03
-5.41567e-03
-6.04913e-03
-7.63226e-03
-9.59687e-03
-1.16936e-02
-1.38989e-02
-1.61924e-02
-1.82424e-02
-1.95454e-02
-1.99644e-02
-1.98601e-02
-1.95446e-02
-1.92231e-02
-1.88168e-02
-1.82349e-02
-1.74397e-02
-1.64231e-02
-1.52242e-02
-1.37463e-02
-1.20240e-02
-1.02497e-02
-8.36060e-03
-6.33672e-03
-4.43636e-03
-2.82761e-03
-1.52137e-03
-5.44623e-04
5.19924e-05
3.74261e-04
5.14896e-04
4.76188e-04
4.31529e-04
6.14334e-04
1.33860e-03
2.84433e-03
5.27324e-03
8.73062e-03
1.34148e-02
1.95733e-02
2.71611e-02
3.58435e-02
4.52627e-02
5.50759e-02
6.46991e-02
7.36566e-02
8.19283e-02
8.94664e-02
9.61399e-02
1.01694e-01
1.05934e-01
1.08937e-01
1.11020e-01
1.12282e-01
1.12418e-01
1.11145e-01
1.08420e-01
1.04468e-01
9.94044e-02
9.32897e-02
8.62413e-02
7.83683e-02
7.00016e-02
6.13925e-02
5.26495e-02
4.37750e-02
3.50325e-02
2.68195e-02
1.93199e-02
1.28447e-02
7.80708e-03
4.67260e-03
3.65700e-03
4.63869e-03
7.17535e-03
1.06197e-02
1.44411e-02
1.83251e-02
2.18155e-02
2.43373e-02
2.54172e-02
2.47897e-02
2.23765e-02
1.82976e-02
1.26629e-02
5.67130e-03
-2.11277e-03
-1.01575e-02
-1.83744e-02
-2.68621e-02
-3.56154e-02
-4.44063e-02
-5.29212e-02
-6.07537e-02
-6.75344e-02
-7.31012e-02
-7.71725e-02
-7.96724e-02
-8.10912e-02
-8.17105e-02
-8.16133e-02
-8.10296e-02
-8.02567e-02
-7.95625e-02
-7.88623e-02
-7.79206e-02
-7.65675e-02
-7.50329e-02
-7.35335e-02
-7.21092e-02
-7.08324e-02
-6.96404e-02
-6.84607e-02
-6.72227e-02
-6.57424e-02
-6.35739e-02
-6.02470e-02
-5.56288e-02
-4.96959e-02
-4.23230e-02
-3.36510e-02
-2.41087e-02
-1.38851e-02
-2.96152e-03
8.73343e-03
2.10689e-02
3.35877e-02
4.56953e-02
5.69248e-02
6.70736e-02
7.58256e-02
8.24545e-02
8.62782e-02
8.69680e-02
8.44438e-02
7.91322e-02
7.18067e-02
6.30859e-02
5.33607e-02
4.31861e-02
3.34125e-02
2.46364e-02
1.73620e-02
1.18159e-02
7.92010e-03
5.42001e-03
4.12520e-03
3.79492e-03
4.19934e-03
5.29168e-03
6.98800e-03
8.93261e-03
1.08517e-02
1.26947e-02
1.43062e-02
1.54237e-02
1.59388e-02
1.58843e-02
1.54622e-02
1.48988e-02
1.40987e-02
1.27572e-02
1.07305e-02
8.22961e-03
5.45114e-03
2.10771e-03
-2.03908e-03
-6.88345e-03
-1.20374e-02
-1.69646e-02
-2.14518e-02
-2.56874e-02
-2.95489e-02
-3.27467e-02
-3.51361e-02
-3.66200e-02
-3.71930e-02
-3.66958e-02
-3.51188e-02
-3.26234e-02
-2.93893e-02
-2.56704e-02
-2.13530e-02
-1.60484e-02
-9.42021e-03
-1.52791e-03
7.28440e-03
1.64305e-02
2.52940e-02
3.33955e-02
4.02565e-02
4.55872e-02
4.94139e-02
5.18142e-02
5.28897e-02
5.28418e-02
5.21552e-02
5.13988e-02
5.09604e-02
5.07174e-02
5.03082e-02
4.95469e-02
4.85150e-02
4.73216e-02
4.59023e-02
4.40761e-02
4.18806e-02
3.93163e-02
3.64782e-02
3.37310e-02
3.14597e-02
2.99717e-02
2.94000e-02
2.97532e-02
3.08036e-02
3.21284e-02
3.32751e-02
3.39360e-02
3.39270e-02
3.30521e-02
3.10265e-02
2.75099e-02
2.23545e-02
1.55045e-02
7.17123e-03
-2.35290e-03
-1.25232e-02
-2.29357e-02
-3.35078e-02
-4.37897e-02
-5.31849e-02
-6.12622e-02
-6.76986e-02
-7.24492e-02
-7.57997e-02
-7.82493e-02
-8.02087e-02
-8.20760e-02
-8.39540e-02
-8.57565e-02
-8.72584e-02
-8.83897e-02
-8.92207e-02
-8.95913e-02
-8.92107e-02
-8.78471e-02
-8.51579e-02
-8.12915e-02
-7.66149e-02
-7.11081e-02
-6.47394e-02
-5.77217e-02
-5.04289e-02
-4.31165e-02
-3.57699e-02
-2.84653e-02
-2.11730e-02
-1.38786e-02
-6.55162e-03
1.06353e-03
8.87762e-03
1.65148e-02
2.36603e-02
3.00148e-02
3.53496e-02
3.93862e-02
4.18761e-02
4.24559e-02
4.07690e-02
3.69538e-02
3.13655e-02
2.39511e-02
1.47107e-02
4.06762e-03
-7.15400e-03
-1.82409e-02
-2.88673e-02
-3.89426e-02
-4.82483e-02
-5.62221e-02
-6.23262e-02
-6.64672e-02
-6.89195e-02
-6.99567e-02
-6.96512e-02
-6.79467e-02
-6.51461e-02
-6.17696e-02
-5.81629e-02
-5.43022e-02
-5.00794e-02
-4.58242e-02
-4.19193e-02
-3.83786e-02
-3.53127e-02
-3.30516e-02
-3.19247e-02
-3.22211e-02
-3.39646e-02
-3.68662e-02
-4.06823e-02
-4.50187e-02
-4.92780e-02
-5.28581e-02
-5.53078e-02
-5.63165e-02
-5.58841e-02
-5.44685e-02
-5.25294e-02
-5.02406e-02
-4.79881e-02
-4.60405e-02
-4.43287e-02
-4.26126e-02
-4.06969e-02
-3.86418e-02
-3.64286e-02
-3.38858e-02
-3.07204e-02
-2.66871e-02
-2.18379e-02
-1.61393e-02
-9.28241e-03
-1.20426e-03
7.72042e-03
1.68181e-02
2.55090e-02
3.35072e-02
4.08410e-02
4.75735e-02
5.36140e-02
5.88703e-02
6.35428e-02
6.77951e-02
7.16403e-02
7.49870e-02
7.77702e-02
8.00828e-02
8.20422e-02
8.34537e-02
8.37575e-02
8.27346e-02
8.09042e-02
7.90375e-02
7.72931e-02
7.53836e-02
7.28067e-02
6.89658e-02
6.36818e-02
5.72085e-02
5.00100e-02
4.25455e-02
3.50875e-02
2.77316e-02
2.04337e-02
1.34051e-02
7.03777e-03
1.53370e-03
-3.45368e-03
-8.23778e-03
-1.29548e-02
-1.73890e-02
-2.10311e-02
-2.38246e-02
-2.62450e-02
-2.85231e-02
-3.00959e-02
-3.05398e-02
-3.00675e-02
-2.90259e-02
-2.77751e-02
-2.63214e-02
-2.45161e-02
-2.26176e-02
-2.11423e-02
-2.04116e-02
-2.04477e-02
-2.12344e-02
-2.29620e-02
-2.57308e-02
-2.93670e-02
-3.35619e-02
-3.80694e-02
-4.29064e-02
-4.81948e-02
-5.37852e-02
-5.92341e-02
-6.42054e-02
-6.84711e-02
-7.16897e-02
-7.32853e-02
-7.26569e-02
-6.93702e-02
-6.35462e-02
-5.55942e-02
-4.57687e-02
-3.40573e-02
-2.05456e-02
-5.69272e-03
9.90299e-03
2.56939e-02
4.12987e-02
5.62457e-02
6.99418e-02
8.18819e-02
9.19167e-02
1.00211e-01
1.06896e-01
1.11894e-01
1.15317e-01
1.17443e-01
1.18511e-01
1.18848e-01
1.18617e-01
1.17908e-01
1.16987e-01
1.16134e-01
1.15413e-01
1.14753e-01
1.13942e-01
1.12790e-01
1.11081e-01
1.08826e-01
1.06279e-01
1.03666e-01
1.01011e-01
9.83364e-02
9.56535e-02
9.29104e-02
9.03163e-02
8.81336e-02
8.62084e-02
8.43144e-02
8.23625e-02
8.02232e-02
7.77750e-02
7.48077e-02
7.12128e-02
6.70654e-02
6.25272e-02
5.76011e-02
5.22314e-02
4.63425e-02
4.01048e-02
3.38482e-02
2.77476e-02
2.17122e-02
1.55679e-02
9.47957e-03
3.75113e-03
-1.53026e-03
-6.34142e-03
-1.04525e-02
-1.35217e-02
-1.53376e-02
-1.60126e-02
-1.58735e-02
-1.51686e-02
-1.39314e-02
-1.22005e-02
-1.03555e-02
-8.86220e-03
-7.60929e-03
-6.25761e-03
-4.87289e-03
-3.77461e-03
-3.12823e-03
-2.83375e-03
-2.83004e-03
-3.04239e-03
-3.59035e-03
-4.77787e-03
-6.55487e-03
-8.46653e-03
-1.02324e-02
-1.19796e-02
-1.39643e-02
-1.62360e-02
-1.85671e-02
-2.08102e-02
-2.32725e-02
-2.66242e-02
-3.09288e-02
-3.57132e-02
-4.06238e-02
-4.54406e-02
-5.00715e-02
-5.44356e-02
-5.85387e-02
-6.25404e-02
-6.66084e-02
-7.07472e-02
-7.48603e-02
-7.88791e-02
-8.26950e-02
-8.63912e-02
-8.97266e-02
-9.23890e-02
-9.43473e-02
-9.58670e-02
-9.73875e-02
-9.91890e-02
-1.01230e-01
-1.03209e-01
-1.05161e-01
-1.07230e-01
-1.09480e-01
-1.12001e-01
-1.14798e-01
-1.17709e-01
-1.20477e-01
-1.22940e-01
-1.25039e-01
-1.26672e-01
-1.27866e-01
-1.28653e-01
-1.28992e-01
-1.28801e-01
-1.27973e-01
-1.26204e-01
-1.23377e-01
-1.19415e-01
-1.14303e-01
-1.08158e-01
-1.00964e-01
-9.27016e-02
-8.34721e-02
-7.34923e-02
-6.30925e-02
-5.25627e-02
-4.22684e-02
-3.26244e-02
-2.40437e-02
-1.66121e-02
-1.03066e-02
-5.17578e-03
-1.33173e-03
1.04690e-03
2.05236e-03
2.01656e-03
1.09626e-03
-7.03188e-04
-3.35604e-03
-6.74979e-03
-1.04374e-02
-1.40103e-02
-1.71653e-02
-1.98087e-02
-2.19620e-02
-2.35209e-02
-2.46554e-02
-2.57174e-02
-2.68316e-02
-2.78783e-02
-2.84189e-02
-2.79730e-02
-2.62720e-02
-2.35210e-02
-1.99395e-02
-1.51424e-02
-8.63308e-03
-5.18408e-04
8.55900e-03
1.76456e-02
2.60639e-02
3.36753e-02
4.06118e-02
4.68123e-02
5.20239e-02
5.62066e-02
5.93788e-02
6.14541e-02
6.23697e-02
6.21522e-02
6.10938e-02
5.97884e-02
5.87310e-02
5.80190e-02
5.75638e-02
5.74522e-02
5.78542e-02
5.87987e-02
6.02221e-02
6.18475e-02
6.34334e-02
6.49260e-02
6.62447e-02
6.70937e-02
6.73245e-02
6.71697e-02
6.68536e-02
6.61567e-02
6.49557e-02
6.32690e-02
6.11708e-02
5.86688e-02
5.58498e-02
5.28163e-02
4.98949e-02
4.74570e-02
4.57598e-02
4.48041e-02
4.47148e-02
4.56770e-02
4.76488e-02
5.04770e-02
5.40165e-02
5.79909e-02
6.20163e-02
6.60025e-02
6.96567e-02
7.26703e-02
7.50212e-02
7.66107e-02
7.71788e-02
7.65146e-02
7.47708e-02
7.22175e-02
6.88793e-02
6.47995e-02
6.00657e-02
5.46393e-02
4.87713e-02
4.27658e-02
3.66259e-02
3.02373e-02
2.37919e-02
1.74600e-02
1.11536e-02
4.95853e-03
-9.68821e-04
-6.51344e-03
-1.15652e-02
-1.58966e-02
-1.94898e-02
-2.26173e-02
-2.53185e-02
-2.73337e-02
-2.85310e-02
-2.88669e-02
-2.84907e-02
-2.74836e-02
-2.59352e-02
-2.41392e-02
-2.25831e-02
-2.15526e-02
-2.08653e-02
-2.01468e-02
-1.92292e-02
-1.79809e-02
-1.63480e-02
-1.42825e-02
-1.16850e-02
-8.74734e-03
-5.74798e-03
-2.63951e-03
8.82783e-04
5.02932e-03
9.54894e-03
1.42301e-02
1.90896e-02
2.43205e-02
2.99245e-02
3.53956e-02
4.02867e-02
4.45579e-02
4.85973e-02
5.25459e-02
5.58832e-02
5.80681e-02
5.90305e-02
5.90237e-02
5.83384e-02
5.69771e-02
5.47114e-02
5.14011e-02
4.72470e-02
4.23967e-02
3.69840e-02
3.11374e-02
2.48690e-02
1.81385e-02
1.10814e-02
3.82755e-03
-3.50429e-03
-1.05854e-02
-1.71363e-02
-2.30859e-02
-2.86379e-02
-3.38766e-02
-3.88055e-02
-4.32299e-02
-4.70291e-02
-5.03455e-02
-5.34053e-02
-5.63038e-02
-5.89127e-02
-6.09290e-02
-6.23611e-02
-6.31642e-02
-6.33030e-02
-6.29185e-02
-6.22884e-02
-6.18348e-02
-6.19842e-02
-6.30139e-02
-6.49405e-02
-6.74016e-02
-7.00530e-02
-7.25827e-02
-7.47179e-02
-7.65536e-02
-7.82418e-02
-7.97589e-02
-8.11144e-02
-8.22667e-02
-8.31536e-02
-8.39460e-02
-8.47569e-02
-8.53810e-02
-8.55985e-02
-8.53536e-02
-8.44557e-02
-8.26212e-02
-7.99088e-02
-7.65677e-02
-7.27823e-02
-6.85182e-02
-6.35022e-02
-5.76547e-02
-5.12577e-02
-4.46489e-02
-3.79045e-02
-3.10544e-02
-2.43735e-02
-1.79995e-02
-1.16638e-02
-4.85123e-03
2.62515e-03
1.05906e-02
1.85263e-02
2.57832e-02
3.23779e-02
3.86764e-02
4.48658e-02
5.06670e-02
5.57418e-02
5.98463e-02
6.30336e-02
6.56144e-02
6.75417e-02
6.86104e-02
6.87798e-02
6.82116e-02
6.69804e-02
6.48648e-02
6.18891e-02
5.83139e-02
5.44535e-02
5.05309e-02
4.64687e-02
4.21454e-02
3.77880e-02
3.38458e-02
3.04145e-02
2.71223e-02
2.38877e-02
2.11190e-02
1.92660e-02
1.84820e-02
1.84892e-02
1.89958e-02
1.99982e-02
2.15338e-02
2.32740e-02
2.46630e-02
2.54483e-02
2.57415e-02
2.56891e-02
2.53421e-02
2.46418e-02
2.35022e-02
2.21365e-02
2.09031e-02
1.98788e-02
1.90189e-02
1.83809e-02
1.78373e-02
1.72543e-02
1.66156e-02
1.59062e-02
1.51276e-02
1.42910e-02
1.33314e-02
1.22158e-02
1.10469e-02
1.01242e-02
9.63915e-03
9.56613e-03
9.89323e-03
1.06168e-02
1.17853e-02
1.33260e-02
1.51041e-02
1.68544e-02
1.84169e-02
1.96662e-02
2.03845e-02
2.04913e-02
2.02010e-02
1.94804e-02
1.81431e-02
1.62803e-02
1.40029e-02
1.14005e-02
8.63636e-03
5.77133e-03
2.74896e-03
-6.54415e-04
-4.46066e-03
-8.42843e-03
-1.24632e-02
-1.62848e-02
-1.98508e-02
-2.33041e-02
-2.65993e-02
-2.95682e-02
-3.21945e-02
-3.46179e-02
-3.67578e-02
-3.85517e-02
-3.99995e-02
-4.11497e-02
-4.20871e-02
-4.28354e-02
-4.32410e-02
-4.32310e-02
-4.30356e-02
-4.29578e-02
-4.29896e-02
-4.29798e-02
-4.28626e-02
-4.26899e-02
-4.24610e-02
-4.20782e-02
-4.13833e-02
-4.03360e-02
-3.92870e-02
-3.85786e-02
-3.80786e-02
-3.74656e-02
-3.65014e-02
-3.50217e-02
-3.29869e-02
-3.03478e-02
-2.71031e-02
-2.34708e-02
-1.97228e-02
-1.59888e-02
-1.21701e-02
-8.33101e-03
-4.64671e-03
-1.26679e-03
1.74071e-03
4.52466e-03
7.38012e-03
1.03286e-02
1.30959e-02
1.55129e-02
1.77904e-02
2.00573e-02
2.21907e-02
2.40180e-02
2.54878e-02
2.68024e-02
2.80998e-02
2.92788e-02
3.00963e-02
3.06246e-02
3.10780e-02
3.15037e-02
3.18397e-02
3.21053e-02
3.24541e-02
3.30180e-02
3.38146e-02
3.48372e-02
3.59457e-02
3.69177e-02
3.77125e-02
3.83197e-02
3.87185e-02
3.89055e-02
3.89329e-02
3.87884e-02
3.82314e-02
3.71047e-02
3.54780e-02
3.33145e-02
3.06835e-02
2.75327e-02
2.39375e-02
2.02057e-02
1.63972e-02
1.22839e-02
7.68033e-03
2.59807e-03
-2.66415e-03
-7.98592e-03
-1.32596e-02
-1.81316e-02
-2.22842e-02
-2.55041e-02
-2.77635e-02
-2.92783e-02
-3.03288e-02
-3.06502e-02
-2.99606e-02
-2.83527e-02
-2.62564e-02
-2.43984e-02
-2.32061e-02
-2.26045e-02
-2.23760e-02
-2.25692e-02
-2.31507e-02
-2.38637e-02
-2.43980e-02
-2.47880e-02
-2.50317e-02
-2.49158e-02
-2.42677e-02
-2.30354e-02
-2.14530e-02
-1.99051e-02
-1.83925e-02
-1.65880e-02
-1.43085e-02
-1.17154e-02
-9.11733e-03
-6.81517e-03
-4.97832e-03
-3.46983e-03
-2.21965e-03
-1.49219e-03
-1.31918e-03
-1.26071e-03
-1.11031e-03
-1.10019e-03
-1.56286e-03
-2.49769e-03
-3.59925e-03
-4.51451e-03
-5.46117e-03
-6.74783e-03
-8.29976e-03
-9.73024e-03
-1.09020e-02
-1.20741e-02
-1.33065e-02
-1.44504e-02
-1.52312e-02
-1.54596e-02
-1.52720e-02
-1.49422e-02
-1.45403e-02
-1.37556e-02
-1.24414e-02
-1.09295e-02
-9.58406e-03
-8.39706e-03
-7.17428e-03
-5.80858e-03
-4.52360e-03
-3.53634e-03
-2.76085e-03
-1.94486e-03
-1.17286e-03
-6.84866e-04
-4.94951e-04
-3.22900e-04
8.73512e-05
1.01248e-03
2.53742e-03
4.56892e-03
6.85093e-03
9.34434e-03
1.20465e-02
1.49677e-02
1.82928e-02
2.21136e-02
2.62678e-02
3.04866e-02
3.44879e-02
3.81687e-02
4.17782e-02
4.55021e-02
4.92412e-02
5.28691e-02
5.65142e-02
6.00052e-02
6.30187e-02
6.54504e-02
6.72899e-02
6.85370e-02
6.91934e-02
6.93836e-02
6.91325e-02
6.84402e-02
6.74375e-02
6.60763e-02
6.40721e-02
6.14786e-02
5.85523e-02
5.55437e-02
5.24680e-02
4.90095e-02
4.47645e-02
3.98298e-02
3.47518e-02
2.98907e-02
2.51271e-02
2.05124e-02
1.62847e-02
1.24493e-02
8.92196e-03
5.52021e-03
2.04174e-03
-1.46845e-03
-4.69360e-03
-7.68732e-03
-1.06428e-02
-1.35311e-02
-1.61233e-02
-1.82806e-02
-1.99592e-02
-2.12156e-02
-2.22567e-02
-2.32234e-02
-2.39984e-02
-2.47263e-02
-2.57338e-02
-2.70177e-02
-2.81903e-02
-2.91709e-02
-3.02359e-02
-3.17108e-02
-3.36755e-02
-3.58870e-02
-3.81227e-02
-4.06196e-02
-4.37316e-02
-4.73294e-02
-5.11193e-02
-5.49820e-02
-5.88599e-02
-6.25773e-02
-6.58321e-02
-6.83174e-02
-6.98520e-02
-7.04873e-02
-7.05137e-02
-6.99528e-02
-6.85686e-02
-6.63642e-02
-6.35151e-02
-6.02699e-02
-5.67440e-02
-5.28471e-02
-4.83415e-02
-4.34339e-02
-3.85693e-02
-3.36788e-02
-2.86856e-02
-2.38611e-02
-1.93368e-02
-1.48270e-02
-9.97748e-03
-4.72532e-03
6.61337e-04
5.78453e-03
1.03713e-02
1.44296e-02
1.82748e-02
2.20402e-02
2.55908e-02
2.89140e-02
3.22154e-02
3.54394e-02
3.84954e-02
4.12942e-02
4.38061e-02
4.60686e-02
4.81075e-02
4.97869e-02
5.09670e-02
5.16496e-02
5.19270e-02
5.18701e-02
5.15725e-02
5.09563e-02
4.98209e-02
4.81041e-02
4.59420e-02
4.35038e-02
4.06753e-02
3.72768e-02
3.31911e-02
2.83768e-02
2.29770e-02
1.71718e-02
1.10615e-02
4.82346e-03
-1.32286e-03
-7.04882e-03
-1.21539e-02
-1.64150e-02
-1.97220e-02
-2.21304e-02
-2.36615e-02
-2.44036e-02
-2.44772e-02
-2.40299e-02
-2.31549e-02
-2.18922e-02
-2.00555e-02
-1.74987e-02
-1.43764e-02
-1.09282e-02
-7.31317e-03
-3.67108e-03
-1.75955e-04
3.18233e-03
6.39279e-03
9.42303e-03
1.24055e-02
1.55091e-02
1.83790e-02
2.07712e-02
2.29789e-02
2.52098e-02
2.72771e-02
2.89252e-02
3.01429e-02
3.11519e-02
3.21003e-02
3.29772e-02
3.35137e-02
3.35770e-02
3.33746e-02
3.32593e-02
3.31626e-02
3.29027e-02
3.22249e-02
3.10308e-02
2.93994e-02
2.74590e-02
2.51743e-02
2.23532e-02
1.91918e-02
1.59230e-02
1.24887e-02
8.65773e-03
4.21660e-03
-8.72532e-04
-6.44588e-03
-1.21373e-02
-1.78495e-02
-2.35975e-02
-2.92162e-02
-3.44379e-02
-3.92453e-02
-4.37031e-02
-4.76439e-02
-5.06881e-02
-5.27367e-02
-5.39340e-02
-5.44966e-02
-5.43955e-02
-5.34901e-02
-5.17980e-02
-4.95742e-02
-4.70727e-02
-4.43171e-02
-4.13487e-02
-3.82417e-02
-3.49265e-02
-3.14446e-02
-2.79567e-02
-2.45415e-02
-2.11830e-02
-1.79043e-02
-1.46333e-02
-1.12258e-02
-7.75806e-03
-4.37089e-03
-9.91030e-04
2.51845e-03
6.24442e-03
1.01486e-02
1.39582e-02
1.74512e-02
2.05900e-02
2.32456e-02
2.53278e-02
2.67979e-02
2.77062e-02
2.82210e-02
2.83823e-02
2.82360e-02
2.77727e-02
2.69588e-02
2.60118e-02
2.51571e-02
2.43659e-02
2.33896e-02
2.22334e-02
2.10230e-02
1.98424e-02
1.86778e-02
1.74912e-02
1.65084e-02
1.61831e-02
1.66333e-02
1.74805e-02
1.83848e-02
1.95345e-02
2.12037e-02
2.34965e-02
2.63840e-02
2.95250e-02
3.23078e-02
3.44680e-02
3.60944e-02
3.74403e-02
3.86288e-02
3.98741e-02
4.12096e-02
4.22507e-02
4.26817e-02
4.22880e-02
4.12075e-02
3.98310e-02
3.82890e-02
3.63899e-02
3.41462e-02
3.18798e-02
3.00235e-02
2.85790e-02
2.73001e-02
2.60745e-02
2.49107e-02
2.39559e-02
2.31079e-02
2.21985e-02
2.12750e-02
2.04572e-02
1.98412e-02
1.91378e-02
1.80792e-02
1.67372e-02
1.52907e-02
1.37225e-02
1.17814e-02
9.29888e-03
6.33902e-03
3.04643e-03
-3.17138e-04
-3.65698e-03
-7.06280e-03
-1.03949e-02
-1.34962e-02
-1.62936e-02
-1.87751e-02
-2.11954e-02
-2.37032e-02
-2.61725e-02
-2.85779e-02
-3.10475e-02
-3.35506e-02
-3.59148e-02
-3.79964e-02
-3.97988e-02
-4.15271e-02
-4.33834e-02
-4.53636e-02
-4.74389e-02
-4.97295e-02
-5.22464e-02
-5.46588e-02
-5.65759e-02
-5.79360e-02
-5.88772e-02
-5.94644e-02
-5.95881e-02
-5.91005e-02
-5.80497e-02
-5.64686e-02
-5.45011e-02
-5.21343e-02
-4.92381e-02
-4.59463e-02
-4.23549e-02
-3.84080e-02
-3.41574e-02
-2.98083e-02
-2.57631e-02
-2.23976e-02
-1.98840e-02
-1.79532e-02
-1.63793e-02
-1.52150e-02
-1.45713e-02
-1.44087e-02
-1.48014e-02
-1.58695e-02
-1.75067e-02
-1.92697e-02
-2.06700e-02
-2.15866e-02
-2.22812e-02
-2.30134e-02
-2.36250e-02
-2.38036e-02
-2.33781e-02
-2.24822e-02
-2.12942e-02
-1.99150e-02
-1.81082e-02
-1.56421e-02
-1.26703e-02
-9.56061e-03
-6.45142e-03
-3.31591e-03
-1.49864e-04
2.84605e-03
5.40619e-03
7.54822e-03
9.28815e-03
1.08364e-02
1.21910e-02
1.30925e-02
1.35252e-02
1.36794e-02
1.36469e-02
1.32925e-02
1.24992e-02
1.13944e-02
1.02137e-02
9.23600e-03
8.39653e-03
7.34255e-03
6.14192e-03
5.11541e-03
4.20101e-03
3.16183e-03
1.96772e-03
5.69122e-04
-1.00311e-03
-2.61986e-03
-4.40945e-03
-6.67199e-03
-9.30565e-03
-1.18439e-02
-1.40586e-02
-1.59934e-02
-1.76969e-02
-1.91291e-02
-2.01838e-02
-2.07658e-02
-2.09331e-02
-2.08527e-02
-2.06311e-02
-2.02336e-02
-1.97081e-02
-1.92184e-02
-1.88295e-02
-1.85107e-02
-1.82755e-02
-1.81326e-02
-1.81691e-02
-1.84129e-02
-1.87404e-02
-1.90853e-02
-1.94292e-02
-1.97906e-02
-2.01041e-02
-2.02115e-02
-2.01284e-02
-1.98616e-02
-1.94870e-02
-1.90470e-02
-1.85103e-02
-1.77416e-02
-1.67760e-02
-1.57250e-02
-1.46319e-02
-1.35717e-02
-1.24925e-02
-1.11726e-02
-9.45784e-03
-7.55285e-03
-5.74277e-03
-4.20952e-03
-2.83918e-03
-1.34216e-03
4.71275e-04
2.51454e-03
4.39436e-03
6.00776e-03
7.44370e-03
8.74219e-03
9.88836e-03
1.09658e-02
1.19824e-02
1.28603e-02
1.36179e-02
1.42466e-02
1.46830e-02
1.49842e-02
1.52535e-02
1.55804e-02
1.59912e-02
1.63652e-02
1.66023e-02
1.66655e-02
1.66189e-02
1.63687e-02
1.58587e-02
1.52679e-02
1.48241e-02
1.46432e-02
1.47649e-02
1.51192e-02
1.55962e-02
1.62670e-02
1.72831e-02
1.84484e-02
1.93940e-02
2.02252e-02
2.12084e-02
2.23034e-02
2.32160e-02
2.37159e-02
2.38813e-02
2.39608e-02
2.39849e-02
2.36399e-02
2.25781e-02
2.09373e-02
1.89156e-02
1.65014e-02
1.35414e-02
1.01026e-02
6.49210e-03
2.94393e-03
-3.85344e-04
-3.49497e-03
-6.56373e-03
-9.58381e-03
-1.24926e-02
-1.52286e-02
-1.75569e-02
-1.92828e-02
-2.03322e-02
-2.07766e-02
-2.08258e-02
-2.07162e-02
-2.06199e-02
-2.05094e-02
-2.03048e-02
-1.99544e-02
-1.93154e-02
-1.81629e-02
-1.64341e-02
-1.42721e-02
-1.18422e-02
-9.29236e-03
-6.69759e-03
-3.92486e-03
-7.63794e-04
2.75328e-03
6.53752e-03
1.03481e-02
1.39428e-02
1.71274e-02
1.98188e-02
2.21093e-02
2.40124e-02
2.56743e-02
2.71644e-02
2.84645e-02
2.98163e-02
3.14347e-02
3.34047e-02
3.55377e-02
3.75186e-02
3.93265e-02
4.09345e-02
4.22110e-02
4.30795e-02
4.35053e-02
4.35971e-02
4.34267e-02
4.30033e-02
4.22497e-02
4.11714e-02
3.99451e-02
3.86077e-02
3.71413e-02
3.56210e-02
3.41312e-02
3.29168e-02
3.19953e-02
3.11913e-02
3.04332e-02
2.99230e-02
2.97275e-02
2.96196e-02
2.91280e-02
2.80030e-02
2.64823e-02
2.49042e-02
2.33980e-02
2.19246e-02
2.04587e-02
1.92859e-02
1.86126e-02
1.84537e-02
1.86826e-02
1.91258e-02
1.98799e-02
2.11432e-02
2.27813e-02
2.46143e-02
2.65261e-02
2.86885e-02
3.11410e-02
3.36481e-02
3.59227e-02
3.76748e-02
3.88668e-02
3.97560e-02
4.04076e-02
4.06469e-02
4.05231e-02
4.02162e-02
3.98735e-02
3.94459e-02
3.88585e-02
3.79931e-02
3.68546e-02
3.56984e-02
3.46061e-02
3.33688e-02
3.19488e-02
3.05878e-02
2.94743e-02
2.84440e-02
2.73434e-02
2.61619e-02
2.50184e-02
2.38227e-02
2.23800e-02
2.05663e-02
1.85214e-02
1.66372e-02
1.48483e-02
1.26707e-02
9.97481e-03
6.95431e-03
3.68813e-03
3.67242e-04
-2.88293e-03
-6.17430e-03
-9.39498e-03
-1.22612e-02
-1.47426e-02
-1.70248e-02
-1.89974e-02
-2.07179e-02
-2.24587e-02
-2.42338e-02
-2.59447e-02
-2.74702e-02
-2.88055e-02
-2.99425e-02
-3.09183e-02
-3.17908e-02
-3.24486e-02
-3.29079e-02
-3.34087e-02
-3.41120e-02
-3.49281e-02
-3.57783e-02
-3.65049e-02
-3.68998e-02
-3.68508e-02
-3.64527e-02
-3.56177e-02
-3.43499e-02
-3.27088e-02
-3.07103e-02
-2.83818e-02
-2.59147e-02
-2.34841e-02
-2.12029e-02
-1.89579e-02
-1.65358e-02
-1.38024e-02
-1.09713e-02
-8.47916e-03
-6.50000e-03
-4.91606e-03
-3.45025e-03
-1.98181e-03
-6.83634e-04
1.75578e-04
5.94417e-04
8.56784e-04
1.01606e-03
8.45798e-04
3.31110e-04
-4.70631e-04
-1.48488e-03
-2.65443e-03
-3.92524e-03
-5.32615e-03
-6.88594e-03
-8.40669e-03
-9.97373e-03
-1.17823e-02
-1.38995e-02
-1.62131e-02
-1.84724e-02
-2.05847e-02
-2.26852e-02
-2.48560e-02
-2.71067e-02
-2.93754e-02
-3.16900e-02
-3.40957e-02
-3.63529e-02
-3.83406e-02
-4.01486e-02
-4.18924e-02
-4.35604e-02
-4.50101e-02
-4.61588e-02
-4.69655e-02
-4.76752e-02
-4.87084e-02
-5.00450e-02
-5.13642e-02
-5.25131e-02
-5.36299e-02
-5.47502e-02
-5.57637e-02
-5.65424e-02
-5.69814e-02
-5.71974e-02
-5.73743e-02
-5.74844e-02
-5.74277e-02
-5.71460e-02
-5.65085e-02
-5.53265e-02
-5.33900e-02
-5.06538e-02
-4.72168e-02
-4.33385e-02
-3.91222e-02
-3.44634e-02
-2.93976e-02
-2.42381e-02
-1.93271e-02
-1.45257e-02
-9.74255e-03
-4.89405e-03
-3.13911e-05
4.54838e-03
8.71034e-03
1.26205e-02
1.62845e-02
1.95316e-02
2.22396e-02
2.45730e-02
2.67307e-02
2.87861e-02
3.08224e-02
3.27931e-02
3.46691e-02
3.63488e-02
3.77362e-02
3.89811e-02
4.03093e-02
4.16712e-02
4.29392e-02
4.39099e-02
4.47206e-02
4.55758e-02
4.62146e-02
4.63199e-02
4.58783e-02
4.49635e-02
4.38521e-02
4.28434e-02
4.18639e-02
4.06175e-02
3.92567e-02
3.79802e-02
3.67708e-02
3.56467e-02
3.45179e-02
3.32493e-02
3.18369e-02
3.04592e-02
2.90995e-02
2.76812e-02
2.62872e-02
2.49576e-02
2.35207e-02
2.18101e-02
1.97871e-02
1.76430e-02
1.56811e-02
1.39728e-02
1.23406e-02
1.04672e-02
8.46177e-03
6.64703e-03
5.02414e-03
3.47802e-03
1.95719e-03
3.89837e-04
-1.06886e-03
-2.21409e-03
-3.03479e-03
-3.68761e-03
-4.18606e-03
-4.50504e-03
-4.80745e-03
-5.18229e-03
-5.73966e-03
-6.48318e-03
-7.18491e-03
-7.72581e-03
-8.27206e-03
-8.96740e-03
-9.67153e-03
-1.04433e-02
-1.15278e-02
-1.29440e-02
-1.45276e-02
-1.60728e-02
-1.73800e-02
-1.84982e-02
-1.95637e-02
-2.06293e-02
-2.15767e-02
-2.23112e-02
-2.30755e-02
-2.41515e-02
-2.53822e-02
-2.65701e-02
-2.76448e-02
-2.87895e-02
-3.01628e-02
-3.18057e-02
-3.35305e-02
-3.50496e-02
-3.63072e-02
-3.73218e-02
-3.83811e-02
-3.96900e-02
-4.11383e-02
-4.25697e-02
-4.38911e-02
-4.49439e-02
-4.55102e-02
-4.55997e-02
-4.54137e-02
-4.48392e-02
-4.37848e-02
-4.22517e-02
-4.03429e-02
-3.82901e-02
-3.62186e-02
-3.39769e-02
-3.13317e-02
-2.81899e-02
-2.47701e-02
-2.11803e-02
-1.73182e-02
-1.31443e-02
-8.82106e-03
-4.30465e-03
6.37712e-04
5.96916e-03
1.14882e-02
1.68623e-02
2.19241e-02
2.68630e-02
3.17891e-02
3.64660e-02
4.07496e-02
4.47365e-02
4.84265e-02
5.15592e-02
5.40863e-02
5.60712e-02
5.76710e-02
5.91190e-02
6.04482e-02
6.12653e-02
6.13080e-02
6.06999e-02
5.97514e-02
5.86610e-02
5.73364e-02
5.53917e-02
5.27248e-02
4.95338e-02
4.58292e-02
4.15553e-02
3.68080e-02
3.19138e-02
2.69903e-02
2.19636e-02
1.68670e-02
1.18081e-02
6.70135e-03
1.60830e-03
-3.49276e-03
-8.77863e-03
-1.39559e-02
-1.85514e-02
-2.24798e-02
-2.61803e-02
-2.99761e-02
-3.35354e-02
-3.62679e-02
-3.78240e-02
-3.83848e-02
-3.84512e-02
-3.81657e-02
-3.72543e-02
-3.55968e-02
-3.32653e-02
-3.04675e-02
-2.74366e-02
-2.42633e-02
-2.08894e-02
-1.74281e-02
-1.41277e-02
-1.08914e-02
-7.62317e-03
-4.40095e-03
-1.46128e-03
1.16298e-03
3.75784e-03
6.46258e-03
9.17257e-03
1.17187e-02
1.38434e-02
1.55756e-02
1.70914e-02
1.84424e-02
1.95294e-02
2.02820e-02
2.07503e-02
2.08967e-02
2.06531e-02
1.98545e-02
1.84993e-02
1.68358e-02
1.49945e-02
1.29558e-02
1.06624e-02
8.21909e-03
5.69584e-03
2.89003e-03
-2.02020e-04
-3.37337e-03
-6.55514e-03
-9.67805e-03
-1.26635e-02
-1.54552e-02
-1.79123e-02
-1.98078e-02
-2.11928e-02
-2.22842e-02
-2.33552e-02
-2.45461e-02
-2.57841e-02
-2.70140e-02
-2.83119e-02
-2.96773e-02
-3.09056e-02
-3.17260e-02
-3.21416e-02
-3.24197e-02
-3.26888e-02
-3.28533e-02
-3.29630e-02
-3.30137e-02
-3.29607e-02
-3.28230e-02
-3.25902e-02
-3.19978e-02
-3.09739e-02
-2.97782e-02
-2.85827e-02
-2.72620e-02
-2.57289e-02
-2.41574e-02
-2.28677e-02
-2.19471e-02
-2.11842e-02
-2.03933e-02
-1.95761e-02
-1.87549e-02
-1.76816e-02
-1.62509e-02
-1.46779e-02
-1.33505e-02
-1.24894e-02
-1.18723e-02
-1.12383e-02
-1.04409e-02
-9.58601e-03
-9.01295e-03
-8.49176e-03
-7.68807e-03
-6.71746e-03
-5.82084e-03
-5.09066e-03
-4.45096e-03
-3.76565e-03
-2.88170e-03
-1.74825e-03
-5.18190e-04
8.97842e-04
2.67400e-03
4.81787e-03
7.17226e-03
9.53331e-03
1.17898e-02
1.38466e-02
1.57971e-02
1.76756e-02
1.95102e-02
2.14650e-02
2.34117e-02
2.50132e-02
2.62190e-02
2.72001e-02
2.80373e-02
2.87395e-02
2.92990e-02
2.95681e-02
2.95720e-02
2.95135e-02
2.95170e-02
2.96037e-02
2.97086e-02
2.98605e-02
3.00170e-02
3.01384e-02
3.02855e-02
3.04407e-02
3.07481e-02
3.13752e-02
3.22171e-02
3.30488e-02
3.37017e-02
3.40633e-02
3.41704e-02
3.41214e-02
3.39589e-02
3.35922e-02
3.30654e-02
3.23772e-02
3.14989e-02
3.04884e-02
2.94586e-02
2.84006e-02
2.72800e-02
2.60616e-02
2.48554e-02
2.39326e-02
2.33715e-02
2.28931e-02
2.22685e-02
2.15917e-02
2.10754e-02
2.07620e-02
2.04599e-02
1.99680e-02
1.93018e-02
1.86869e-02
1.81476e-02
1.75103e-02
1.67772e-02
1.60424e-02
1.54230e-02
1.49431e-02
1.44667e-02
1.37716e-02
1.27507e-02
1.16298e-02
1.05930e-02
9.46020e-03
8.07127e-03
6.56050e-03
4.99987e-03
3.33021e-03
1.47113e-03
-5.97871e-04
-2.54260e-03
-4.26046e-03
-5.97365e-03
-7.97127e-03
-1.04520e-02
-1.31924e-02
-1.58772e-02
-1.83764e-02
-2.08528e-02
-2.35066e-02
-2.64204e-02
-2.96072e-02
-3.29066e-02
-3.61605e-02
-3.93638e-02
-4.24290e-02
-4.51297e-02
-4.75228e-02
-4.98784e-02
-5.22939e-02
-5.44600e-02
-5.60121e-02
-5.69298e-02
-5.75752e-02
-5.80891e-02
-5.82216e-02
-5.78172e-02
-5.69360e-02
-5.56634e-02
-5.40230e-02
-5.19919e-02
-4.95107e-02
-4.67408e-02
-4.37881e-02
-4.05256e-02
-3.67086e-02
-3.25707e-02
-2.83638e-02
-2.43167e-02
-2.03466e-02
-1.61442e-02
-1.16489e-02
-7.00621e-03
-2.41813e-03
2.00663e-03
6.29104e-03
1.02632e-02
1.37318e-02
1.67445e-02
1.93521e-02
2.15895e-02
2.34278e-02
2.47433e-02
2.54506e-02
2.56388e-02
2.55339e-02
2.52848e-02
2.49637e-02
2.45844e-02
2.38987e-02
2.27384e-02
2.12139e-02
1.94062e-02
1.74180e-02
1.53067e-02
1.31381e-02
1.09457e-02
8.67665e-03
6.26981e-03
3.81260e-03
1.32768e-03
-1.17572e-03
-3.71575e-03
-6.29641e-03
-8.81573e-03
-1.12854e-02
-1.37417e-02
-1.61624e-02
-1.83200e-02
-2.00813e-02
-2.15527e-02
-2.29692e-02
-2.44202e-02
-2.57177e-02
-2.67533e-02
-2.76445e-02
-2.84119e-02
-2.88998e-02
-2.90556e-02
-2.92390e-02
-2.97870e-02
-3.07495e-02
-3.17356e-02
-3.23879e-02
-3.27510e-02
-3.31853e-02
-3.38981e-02
-3.47018e-02
-3.53876e-02
-3.59465e-02
-3.64251e-02
-3.68794e-02
-3.73348e-02
-3.76142e-02
-3.76758e-02
-3.75713e-02
-3.72507e-02
-3.64292e-02
-3.49395e-02
-3.31381e-02
-3.12195e-02
-2.92050e-02
-2.70683e-02
-2.48471e-02
-2.27709e-02
-2.11086e-02
-1.97597e-02
-1.83829e-02
-1.67722e-02
-1.50265e-02
-1.34377e-02
-1.21164e-02
-1.08986e-02
-9.64710e-03
-8.47876e-03
-7.64784e-03
-7.10361e-03
-6.55540e-03
-5.98345e-03
-5.59653e-03
-5.49319e-03
-5.78765e-03
-6.43612e-03
-7.14738e-03
-7.80809e-03
-8.52950e-03
-9.28571e-03
-1.00953e-02
-1.10137e-02
-1.21020e-02
-1.32600e-02
-1.44488e-02
-1.56551e-02
-1.67169e-02
-1.76102e-02
-1.82881e-02
-1.87166e-02
-1.88090e-02
-1.86711e-02
-1.85424e-02
-1.83733e-02
-1.80118e-02
-1.73671e-02
-1.62231e-02
-1.47063e-02
-1.29648e-02
-1.08319e-02
-8.22302e-03
-5.20598e-03
-1.82136e-03
1.93509e-03
5.85809e-03
9.71230e-03
1.35387e-02
1.73791e-02
2.12854e-02
2.51396e-02
2.88529e-02
3.24765e-02
3.61335e-02
3.98154e-02
4.32027e-02
4.59693e-02
4.82227e-02
5.02263e-02
5.20657e-02
5.38162e-02
5.54151e-02
5.66821e-02
5.74266e-02
5.77521e-02
5.77219e-02
5.72005e-02
5.62646e-02
5.52130e-02
5.41618e-02
5.31073e-02
5.18844e-02
5.04054e-02
4.88679e-02
4.74228e-02
4.59545e-02
4.41916e-02
4.22428e-02
4.04464e-02
3.88109e-02
3.72528e-02
3.58098e-02
3.45679e-02
3.35519e-02
3.26141e-02
3.14132e-02
2.97503e-02
2.78297e-02
2.60703e-02
2.46555e-02
2.33469e-02
2.18921e-02
2.03709e-02
1.88097e-02
1.72309e-02
1.55143e-02
1.35074e-02
1.15044e-02
9.92197e-03
8.72354e-03
7.60797e-03
6.62574e-03
6.10779e-03
6.36656e-03
7.28941e-03
8.08405e-03
7.99768e-03
7.15700e-03
6.23664e-03
5.76111e-03
5.89863e-03
6.62411e-03
7.75658e-03
8.99677e-03
1.01234e-02
1.09756e-02
1.16371e-02
1.22680e-02
1.28214e-02
1.32022e-02
1.33528e-02
1.34205e-02
1.35676e-02
1.38869e-02
1.43419e-02
1.46789e-02
1.47836e-02
1.48672e-02
1.50107e-02
1.51232e-02
1.51372e-02
1.51490e-02
1.51975e-02
1.51946e-02
1.51209e-02
1.49222e-02
1.45968e-02
1.42623e-02
1.39460e-02
1.36298e-02
1.31858e-02
1.25375e-02
1.17939e-02
1.11013e-02
1.07303e-02
1.06935e-02
1.07773e-02
1.08086e-02
1.07443e-02
1.06375e-02
1.05608e-02
1.05419e-02
1.05660e-02
1.05977e-02
1.06142e-02
1.06089e-02
1.05083e-02
1.02580e-02
9.86557e-03
9.21699e-03
8.34934e-03
7.53017e-03
6.84132e-03
6.22306e-03
5.81246e-03
5.63748e-03
5.48887e-03
5.20820e-03
4.84915e-03
4.54871e-03
4.40812e-03
4.41028e-03
4.39755e-03
4.22441e-03
4.03710e-03
4.01783e-03
4.18515e-03
4.32616e-03
4.25402e-03
3.99964e-03
3.72323e-03
3.55307e-03
3.35605e-03
2.94985e-03
2.69245e-03
2.87031e-03
3.30822e-03
3.70938e-03
3.70421e-03
3.18163e-03
2.44599e-03
1.77840e-03
1.23129e-03
8.47440e-04
7.20965e-04
7.01675e-04
5.34646e-04
-6.00058e-05
-1.11011e-03
-2.30832e-03
-3.20703e-03
-3.78588e-03
-4.31609e-03
-5.12104e-03
-6.02346e-03
-6.82446e-03
-7.72592e-03
-8.94561e-03
-1.04598e-02
-1.20748e-02
-1.35122e-02
-1.48109e-02
-1.63144e-02
-1.80296e-02
-1.96293e-02
-2.09443e-02
-2.23873e-02
-2.42098e-02
-2.64381e-02
-2.88459e-02
-3.08659e-02
-3.22379e-02
-3.32221e-02
-3.42742e-02
-3.55967e-02
-3.72073e-02
-3.89731e-02
-4.05028e-02
-4.15429e-02
-4.20925e-02
-4.22803e-02
-4.22900e-02
-4.22532e-02
-4.22376e-02
-4.20721e-02
-4.16164e-02
-4.08520e-02
-3.97262e-02
-3.83513e-02
-3.67985e-02
-3.50553e-02
-3.32830e-02
-3.16303e-02
-3.00961e-02
-2.83974e-02
-2.63250e-02
-2.40255e-02
-2.19638e-02
-2.05409e-02
-1.97272e-02
-1.89490e-02
-1.76801e-02
-1.59352e-02
-1.38776e-02
-1.17288e-02
-9.76230e-03
-8.12105e-03
-6.77069e-03
-5.57339e-03
-4.46219e-03
-3.34971e-03
-1.99698e-03
-4.50108e-04
1.15829e-03
2.65286e-03
3.91728e-03
5.01384e-03
6.27062e-03
7.82610e-03
9.47747e-03
1.10943e-02
1.28341e-02
1.47951e-02
1.68973e-02
1.90345e-02
2.10764e-02
2.28620e-02
2.45416e-02
2.61222e-02
2.75414e-02
2.87009e-02
2.95409e-02
3.00021e-02
2.99746e-02
2.94610e-02
2.86971e-02
2.81170e-02
2.80901e-02
2.84108e-02
2.86010e-02
2.84715e-02
2.81311e-02
2.76430e-02
2.69452e-02
2.61471e-02
2.54808e-02
2.51166e-02
2.50489e-02
2.49758e-02
2.46211e-02
2.40811e-02
2.35902e-02
2.33418e-02
2.32458e-02
2.32178e-02
2.32662e-02
2.34535e-02
2.37951e-02
2.41618e-02
2.44200e-02
2.46000e-02
2.48908e-02
2.53514e-02
2.58403e-02
2.63523e-02
2.69410e-02
2.75730e-02
2.82681e-02
2.88510e-02
2.91154e-02
2.89726e-02
2.84345e-02
2.76247e-02
2.66952e-02
2.57636e-02
2.47926e-02
2.37955e-02
2.28039e-02
2.15931e-02
1.99964e-02
1.80801e-02
1.62359e-02
1.47771e-02
1.35981e-02
1.25761e-02
1.16051e-02
1.06614e-02
9.92548e-03
9.43255e-03
9.11703e-03
8.91654e-03
8.79891e-03
8.57252e-03
8.10287e-03
7.78990e-03
7.95287e-03
8.22633e-03
8.18153e-03
7.68259e-03
6.92803e-03
6.27505e-03
5.86317e-03
5.53134e-03
5.14565e-03
4.73998e-03
4.34875e-03
3.81087e-03
3.23650e-03
2.95521e-03
2.86155e-03
2.85811e-03
3.00752e-03
3.24857e-03
3.57546e-03
3.94840e-03
4.18909e-03
4.15056e-03
4.08814e-03
4.28806e-03
4.72288e-03
5.08413e-03
5.11495e-03
4.86085e-03
4.62248e-03
4.73715e-03
5.14815e-03
5.52268e-03
5.82832e-03
6.19421e-03
6.59889e-03
6.93852e-03
7.03393e-03
6.91044e-03
6.78711e-03
6.77601e-03
6.79037e-03
6.58965e-03
6.22099e-03
5.92547e-03
5.76068e-03
5.53979e-03
5.07630e-03
4.22844e-03
3.13117e-03
2.07276e-03
1.10910e-03
5.58355e-05
-1.09564e-03
-2.17367e-03
-3.08554e-03
-3.94739e-03
-5.00735e-03
-6.32664e-03
-7.72038e-03
-9.14069e-03
-1.06959e-02
-1.23347e-02
-1.38551e-02
-1.51836e-02
-1.65374e-02
-1.80769e-02
-1.95656e-02
-2.08923e-02
-2.21430e-02
-2.34182e-02
-2.48423e-02
-2.63574e-02
-2.76850e-02
-2.86182e-02
-2.93272e-02
-3.01039e-02
-3.09738e-02
-3.18060e-02
-3.24623e-02
-3.28383e-02
-3.29536e-02
-3.29097e-02
-3.27435e-02
-3.24644e-02
-3.21723e-02
-3.18708e-02
-3.13761e-02
-3.05326e-02
-2.95178e-02
-2.85072e-02
-2.76118e-02
-2.68937e-02
-2.61703e-02
-2.52626e-02
-2.41828e-02
-2.29845e-02
-2.18186e-02
-2.09565e-02
-2.04373e-02
-1.99765e-02
-1.92501e-02
-1.83171e-02
-1.72228e-02
-1.59668e-02
-1.46767e-02
-1.34952e-02
-1.24075e-02
-1.14089e-02
-1.06442e-02
-1.01366e-02
-9.80310e-03
-9.59466e-03
-9.39066e-03
-9.20074e-03
-9.14132e-03
-9.22595e-03
-9.47046e-03
-1.00972e-02
-1.12374e-02
-1.25854e-02
-1.38309e-02
-1.49891e-02
-1.61498e-02
-1.74019e-02
-1.86472e-02
-1.96883e-02
-2.04125e-02
-2.09500e-02
-2.15911e-02
-2.22766e-02
-2.28245e-02
-2.32645e-02
-2.35668e-02
-2.37422e-02
-2.37163e-02
-2.33883e-02
-2.29149e-02
-2.25053e-02
-2.21362e-02
-2.16665e-02
-2.11737e-02
-2.07831e-02
-2.05175e-02
-2.02780e-02
-2.00692e-02
-1.98190e-02
-1.95988e-02
-1.96172e-02
-1.99473e-02
-2.03170e-02
-2.05333e-02
-2.06156e-02
-2.06422e-02
-2.06692e-02
-2.07117e-02
-2.07478e-02
-2.07673e-02
-2.07608e-02
-2.06598e-02
-2.03216e-02
-1.97861e-02
-1.91634e-02
-1.85031e-02
-1.76995e-02
-1.66757e-02
-1.54356e-02
-1.41613e-02
-1.31027e-02
-1.22066e-02
-1.12140e-02
-9.98780e-03
-8.74179e-03
-7.57092e-03
-6.46616e-03
-5.51442e-03
-4.68038e-03
-4.00319e-03
-3.45176e-03
-3.00315e-03
-2.42091e-03
-1.63673e-03
-9.44549e-04
-4.81699e-04
-2.18710e-04
-8.32265e-05
-1.26213e-05
2.30994e-05
3.90774e-05
3.86635e-05
3.08783e-05
-6.60200e-05
-3.02599e-04
-5.11042e-04
-5.08173e-04
-4.00521e-04
-2.99758e-04
-1.98892e-04
-1.00767e-04
6.94726e-05
3.58244e-04
6.72470e-04
9.91212e-04
1.31321e-03
1.59029e-03
1.76590e-03
2.00534e-03
2.45794e-03
3.00465e-03
3.26710e-03
2.99456e-03
2.38906e-03
1.81068e-03
1.51795e-03
1.51954e-03
1.67612e-03
2.07674e-03
2.91897e-03
4.00883e-03
5.04897e-03
5.88473e-03
6.67064e-03
7.68275e-03
9.17232e-03
1.09646e-02
1.26737e-02
1.41789e-02
1.56635e-02
1.72867e-02
1.88962e-02
2.03723e-02
2.15818e-02
2.25442e-02
2.33537e-02
2.39594e-02
2.43963e-02
2.47359e-02
2.50701e-02
2.54530e-02
2.57119e-02
2.57896e-02
2.58027e-02
2.60092e-02
2.65519e-02
2.72209e-02
2.77460e-02
2.82268e-02
2.90778e-02
3.03850e-02
3.18206e-02
3.28711e-02
3.34098e-02
3.36782e-02
3.42263e-02
3.50978e-02
3.59986e-02
3.68342e-02
3.76025e-02
3.82954e-02
3.88049e-02
3.90670e-02
3.90229e-02
3.87127e-02
3.83254e-02
3.76951e-02
3.65688e-02
3.51855e-02
3.39338e-02
3.28354e-02
3.16868e-02
3.05496e-02
2.94855e-02
2.83829e-02
2.71672e-02
2.58420e-02
2.45506e-02
2.35130e-02
2.26331e-02
2.16440e-02
2.02284e-02
1.84154e-02
1.64923e-02
1.47675e-02
1.32533e-02
1.17173e-02
9.93777e-03
7.95019e-03
6.09788e-03
4.48255e-03
2.93619e-03
1.38505e-03
-1.50663e-04
-1.60438e-03
-2.77580e-03
-3.57215e-03
-4.04744e-03
-4.28198e-03
-4.45340e-03
-4.69492e-03
-4.88729e-03
-4.87775e-03
-4.77427e-03
-4.85621e-03
-5.14624e-03
-5.50101e-03
-6.00701e-03
-6.69505e-03
-7.47068e-03
-8.26400e-03
-8.88439e-03
-9.22467e-03
-9.64721e-03
-1.04245e-02
-1.13692e-02
-1.22093e-02
-1.28716e-02
-1.33754e-02
-1.37214e-02
-1.39911e-02
-1.41905e-02
-1.41403e-02
-1.39783e-02
-1.39064e-02
-1.38261e-02
-1.36260e-02
-1.33336e-02
-1.29785e-02
-1.24239e-02
-1.16386e-02
-1.07790e-02
-9.93886e-03
-9.32644e-03
-9.01144e-03
-8.78950e-03
-8.31007e-03
-7.48652e-03
-6.60785e-03
-6.17480e-03
-6.17951e-03
-6.06816e-03
-5.59583e-03
-4.90493e-03
-4.24971e-03
-3.49915e-03
-2.53627e-03
-1.48456e-03
-5.62598e-04
9.60077e-05
7.86002e-04
1.81083e-03
3.12327e-03
4.29312e-03
4.97840e-03
5.38451e-03
5.99644e-03
6.80994e-03
7.55965e-03
8.25030e-03
8.93218e-03
9.70717e-03
1.04832e-02
1.11730e-02
1.17903e-02
1.24414e-02
1.30990e-02
1.36319e-02
1.39192e-02
1.40638e-02
1.42186e-02
1.44247e-02
1.46155e-02
1.47331e-02
1.47511e-02
1.47154e-02
1.45785e-02
1.43244e-02
1.40312e-02
1.39020e-02
1.39592e-02
1.41248e-02
1.43513e-02
1.44683e-02
1.43569e-02
1.40979e-02
1.37530e-02
1.33792e-02
1.28940e-02
1.21539e-02
1.10952e-02
9.70697e-03
8.15216e-03
6.61228e-03
4.93448e-03
2.93347e-03
6.26280e-04
-1.89005e-03
-4.40519e-03
-6.69344e-03
-8.83600e-03
-1.09377e-02
-1.28284e-02
-1.44980e-02
-1.60318e-02
-1.74037e-02
-1.86626e-02
-1.97799e-02
-2.06815e-02
-2.14196e-02
-2.21957e-02
-2.30882e-02
-2.38953e-02
-2.44112e-02
-2.47445e-02
-2.52233e-02
-2.59046e-02
-2.65872e-02
-2.70263e-02
-2.71561e-02
-2.71504e-02
-2.71524e-02
-2.68623e-02
-2.60940e-02
-2.50255e-02
-2.39182e-02
-2.28601e-02
-2.17107e-02
-2.03253e-02
-1.86729e-02
-1.68545e-02
-1.48279e-02
-1.24742e-02
-9.83383e-03
-7.22693e-03
-5.02933e-03
-3.28816e-03
-1.81694e-03
-4.31294e-04
7.68851e-04
1.58580e-03
1.92368e-03
2.07370e-03
2.19187e-03
2.00163e-03
1.37159e-03
4.66535e-04
-5.92135e-04
-1.63755e-03
-2.60002e-03
-3.47185e-03
-4.12480e-03
-4.48687e-03
-4.66074e-03
-4.91870e-03
-5.35806e-03
-6.02244e-03
-6.84126e-03
-7.56134e-03
-8.07824e-03
-8.59174e-03
-9.18247e-03
-9.65235e-03
-1.01376e-02
-1.09037e-02
-1.18907e-02
-1.27719e-02
-1.33667e-02
-1.36987e-02
-1.39424e-02
-1.43280e-02
-1.48840e-02
-1.53381e-02
-1.55317e-02
-1.55608e-02
-1.55466e-02
-1.55675e-02
-1.55346e-02
-1.53520e-02
-1.50815e-02
-1.48401e-02
-1.47165e-02
-1.45381e-02
-1.42110e-02
-1.39056e-02
-1.36643e-02
-1.36248e-02
-1.39087e-02
-1.43645e-02
-1.48577e-02
-1.52893e-02
-1.55874e-02
-1.57279e-02
-1.59260e-02
-1.63605e-02
-1.69192e-02
-1.73782e-02
-1.76798e-02
-1.78161e-02
-1.77642e-02
-1.76071e-02
-1.74442e-02
-1.71774e-02
-1.66043e-02
-1.57179e-02
-1.46578e-02
-1.36095e-02
-1.27492e-02
-1.19675e-02
-1.09847e-02
-9.80330e-03
-8.39415e-03
-6.81948e-03
-5.20774e-03
-3.52125e-03
-1.67462e-03
2.75224e-04
2.22587e-03
4.07868e-03
5.91445e-03
7.74860e-03
9.58188e-03
1.14672e-02
1.32851e-02
1.50087e-02
1.67424e-02
1.83575e-02
1.96321e-02
2.07090e-02
2.18600e-02
2.31118e-02
2.42634e-02
2.51134e-02
2.58167e-02
2.66127e-02
2.75851e-02
2.83876e-02
2.86286e-02
2.85185e-02
2.84995e-02
2.86442e-02
2.87826e-02
2.88718e-02
2.89867e-02
2.91325e-02
2.92787e-02
2.92787e-02
2.89771e-02
2.82423e-02
2.72051e-02
2.61669e-02
2.53721e-02
2.49549e-02
2.48615e-02
2.49379e-02
2.49436e-02
2.46567e-02
2.41045e-02
2.35316e-02
2.30756e-02
2.25672e-02
2.17929e-02
2.08457e-02
1.99503e-02
1.92776e-02
1.89210e-02
1.87423e-02
1.85610e-02
1.83384e-02
1.81305e-02
1.78379e-02
1.73499e-02
1.69724e-02
1.68426e-02
1.67779e-02
1.66711e-02
1.64157e-02
1.59445e-02
1.53284e-02
1.47020e-02
1.38930e-02
1.27431e-02
1.13725e-02
1.00402e-02
8.83874e-03
7.72258e-03
6.57725e-03
5.33979e-03
4.01828e-03
2.58242e-03
1.18831e-03
6.08928e-05
-8.63256e-04
-1.68573e-03
-2.43304e-03
-3.07526e-03
-3.59391e-03
-4.01966e-03
-4.31858e-03
-4.56745e-03
-4.83796e-03
-5.01838e-03
-4.97729e-03
-4.85125e-03
-4.75174e-03
-4.57511e-03
-4.24916e-03
-3.77929e-03
-3.07005e-03
-2.08634e-03
-9.45234e-04
1.79132e-04
1.34911e-03
2.59975e-03
3.85065e-03
5.25044e-03
6.83783e-03
8.42232e-03
9.77353e-03
1.08111e-02
1.16183e-02
1.24411e-02
1.34518e-02
1.44308e-02
1.51023e-02
1.56960e-02
1.64763e-02
1.73343e-02
1.80058e-02
1.83177e-02
1.83957e-02
1.84726e-02
1.85398e-02
1.83234e-02
1.76990e-02
1.71813e-02
1.72007e-02
1.76118e-02
1.80712e-02
1.81237e-02
1.74511e-02
1.61397e-02
1.46166e-02
1.31016e-02
1.17184e-02
1.06863e-02
9.95362e-03
9.08866e-03
7.80781e-03
6.26639e-03
4.79970e-03
3.54878e-03
2.36217e-03
9.45874e-04
-5.24279e-04
-1.48674e-03
-2.09677e-03
-2.94808e-03
-4.38859e-03
-6.15749e-03
-7.70813e-03
-8.68647e-03
-9.03732e-03
-9.15678e-03
-9.44712e-03
-9.84754e-03
-1.01795e-02
-1.05659e-02
-1.09600e-02
-1.12876e-02
-1.17319e-02
-1.22976e-02
-1.29360e-02
-1.36096e-02
-1.43424e-02
-1.50543e-02
-1.58560e-02
-1.69184e-02
-1.80803e-02
-1.91731e-02
-2.01070e-02
-2.09107e-02
-2.17757e-02
-2.27305e-02
-2.38321e-02
-2.47827e-02
-2.54614e-02
-2.61223e-02
-2.68541e-02
-2.76112e-02
-2.85377e-02
-2.96730e-02
-3.08175e-02
-3.18258e-02
-3.26686e-02
-3.33432e-02
-3.39618e-02
-3.44661e-02
-3.45227e-02
-3.41948e-02
-3.38022e-02
-3.35259e-02
-3.32463e-02
-3.28795e-02
-3.23906e-02
-3.18556e-02
-3.12496e-02
-3.04700e-02
-2.95230e-02
-2.85942e-02
-2.79274e-02
-2.75491e-02
-2.70579e-02
-2.61891e-02
-2.50805e-02
-2.39693e-02
-2.29243e-02
-2.19662e-02
-2.10626e-02
-2.01847e-02
-1.94017e-02
-1.86741e-02
-1.77771e-02
-1.65210e-02
-1.50812e-02
-1.37131e-02
-1.25239e-02
-1.13383e-02
-1.00707e-02
-8.86628e-03
-8.02077e-03
-7.47401e-03
-6.93711e-03
-6.28205e-03
-5.66030e-03
-5.16119e-03
-4.80041e-03
-4.48081e-03
-4.05015e-03
-3.57711e-03
-3.38621e-03
-3.51057e-03
-3.73230e-03
-3.93125e-03
-4.21676e-03
-4.62557e-03
-5.15159e-03
-5.77989e-03
-6.52248e-03
-7.25756e-03
-7.98873e-03
-8.63736e-03
-9.11145e-03
-9.51905e-03
-1.02013e-02
-1.12845e-02
-1.24236e-02
-1.31328e-02
-1.32733e-02
-1.33831e-02
-1.41087e-02
-1.54580e-02
-1.68623e-02
-1.78452e-02
-1.83961e-02
-1.87126e-02
-1.90292e-02
-1.93546e-02
-1.95289e-02
-1.95910e-02
-1.97645e-02
-2.01457e-02
-2.06086e-02
-2.09578e-02
-2.11865e-02
-2.13910e-02
-2.17680e-02
-2.24059e-02
-2.30908e-02
-2.35775e-02
-2.37526e-02
-2.36953e-02
-2.35613e-02
-2.35605e-02
-2.37867e-02
-2.40354e-02
-2.40766e-02
-2.38956e-02
-2.35511e-02
-2.31333e-02
-2.27897e-02
-2.25105e-02
-2.21539e-02
-2.16670e-02
-2.11907e-02
-2.06927e-02
-2.00263e-02
-1.89693e-02
-1.73131e-02
-1.50571e-02
-1.25794e-02
-1.01841e-02
-7.91456e-03
-5.89223e-03
-4.00002e-03
-1.83783e-03
6.30703e-04
3.14350e-03
5.56506e-03
7.82652e-03
9.71821e-03
1.10402e-02
1.18743e-02
1.24777e-02
1.31984e-02
1.42137e-02
1.52417e-02
1.58660e-02
1.60595e-02
1.62348e-02
1.67142e-02
1.72191e-02
1.73342e-02
1.70282e-02
1.65526e-02
1.63748e-02
1.65657e-02
1.67729e-02
1.69587e-02
1.72430e-02
1.76928e-02
1.82616e-02
1.87518e-02
1.92048e-02
1.97286e-02
2.05065e-02
2.15058e-02
2.23261e-02
2.29046e-02
2.33598e-02
2.37429e-02
2.39371e-02
2.39355e-02
2.38970e-02
2.39120e-02
2.39927e-02
2.39950e-02
2.38172e-02
2.36161e-02
2.36823e-02
2.39988e-02
2.42961e-02
2.44009e-02
2.43144e-02
2.42424e-02
2.42779e-02
2.42260e-02
2.39701e-02
2.35860e-02
2.32552e-02
2.28296e-02
2.21288e-02
2.13189e-02
2.05951e-02
1.99816e-02
1.94642e-02
1.89934e-02
1.85467e-02
1.81909e-02
1.79848e-02
1.76709e-02
1.70915e-02
1.64952e-02
1.60204e-02
1.55296e-02
1.47862e-02
1.38776e-02
1.30861e-02
1.27397e-02
1.28165e-02
1.30165e-02
1.31105e-02
1.31319e-02
1.32300e-02
1.34219e-02
1.37177e-02
1.39988e-02
1.40933e-02
1.40835e-02
1.41356e-02
1.42050e-02
1.42474e-02
1.43183e-02
1.43286e-02
1.41948e-02
1.39623e-02
1.36594e-02
1.33075e-02
1.30035e-02
1.28155e-02
1.27623e-02
1.27903e-02
1.28367e-02
1.26860e-02
1.22157e-02
1.17843e-02
1.17743e-02
1.21621e-02
1.27536e-02
1.34099e-02
1.40164e-02
1.44455e-02
1.46483e-02
1.44953e-02
1.39624e-02
1.33908e-02
1.28640e-02
1.20793e-02
1.09117e-02
9.61312e-03
8.62504e-03
8.17407e-03
8.18882e-03
8.22908e-03
7.94514e-03
7.57492e-03
7.51865e-03
7.64613e-03
7.54339e-03
7.13455e-03
6.87736e-03
6.85809e-03
6.68526e-03
6.01718e-03
4.98227e-03
4.19849e-03
4.04050e-03
4.32393e-03
4.59383e-03
4.61954e-03
4.42137e-03
4.09986e-03
3.54935e-03
2.60656e-03
1.37079e-03
2.67700e-04
-6.46815e-04
-1.57888e-03
-2.63193e-03
-3.65905e-03
-4.49298e-03
-5.14664e-03
-5.93996e-03
-7.20527e-03
-8.95826e-03
-1.07918e-02
-1.23132e-02
-1.35525e-02
-1.47678e-02
-1.61096e-02
-1.74759e-02
-1.86987e-02
-1.96953e-02
-2.05166e-02
-2.12765e-02
-2.19861e-02
-2.26986e-02
-2.36241e-02
-2.47319e-02
-2.58017e-02
-2.66232e-02
-2.70618e-02
-2.71678e-02
-2.70864e-02
-2.69818e-02
-2.68465e-02
-2.67172e-02
-2.66933e-02
-2.66901e-02
-2.64093e-02
-2.57384e-02
-2.48530e-02
-2.39363e-02
-2.31753e-02
-2.26164e-02
-2.21211e-02
-2.16137e-02
-2.11646e-02
-2.07084e-02
-2.01435e-02
-1.95016e-02
-1.85973e-02
-1.72500e-02
-1.53132e-02
-1.29744e-02
-1.07664e-02
-9.19747e-03
-8.21327e-03
-7.36745e-03
-6.40220e-03
-5.55838e-03
-5.24610e-03
-5.28932e-03
-5.19512e-03
-4.73185e-03
-3.99860e-03
-3.24352e-03
-2.73117e-03
-2.37028e-03
-1.95307e-03
-1.65819e-03
-1.56046e-03
-1.39202e-03
-1.10521e-03
-8.58616e-04
-6.85509e-04
-6.01635e-04
-5.76358e-04
-4.02847e-04
-1.13008e-04
1.03407e-04
3.17833e-04
9.47185e-04
2.11226e-03
3.48020e-03
4.70755e-03
5.38090e-03
5.31968e-03
4.80014e-03
4.24815e-03
3.87160e-03
3.72571e-03
3.90158e-03
4.32853e-03
4.70964e-03
4.78572e-03
4.58447e-03
4.29148e-03
4.09481e-03
4.04960e-03
4.02741e-03
3.95964e-03
4.02774e-03
4.22672e-03
4.39269e-03
4.42385e-03
4.42454e-03
4.54121e-03
4.76338e-03
4.99031e-03
5.12586e-03
5.23925e-03
5.51786e-03
5.99979e-03
6.51197e-03
7.03561e-03
7.61796e-03
8.15192e-03
8.51644e-03
8.65631e-03
8.63433e-03
8.63842e-03
8.90115e-03
9.33208e-03
9.55714e-03
9.20769e-03
8.21617e-03
7.06280e-03
6.32518e-03
6.19350e-03
6.46900e-03
6.98385e-03
7.71637e-03
8.52563e-03
9.18265e-03
9.61957e-03
9.91026e-03
1.01032e-02
1.02234e-02
1.02767e-02
1.01972e-02
1.00323e-02
9.95315e-03
9.91751e-03
9.81682e-03
9.63833e-03
9.36691e-03
9.01519e-03
8.69270e-03
8.49004e-03
8.42987e-03
8.45648e-03
8.24357e-03
7.47231e-03
6.25685e-03
4.99469e-03
4.05090e-03
3.32879e-03
2.65957e-03
2.04965e-03
1.62393e-03
1.44248e-03
1.63837e-03
2.20902e-03
2.88570e-03
3.46276e-03
3.87985e-03
4.11801e-03
4.30596e-03
4.55446e-03
4.92087e-03
5.37728e-03
5.86653e-03
6.51410e-03
7.42447e-03
8.51713e-03
9.37215e-03
9.59022e-03
9.43684e-03
9.38689e-03
9.62343e-03
1.01033e-02
1.08361e-02
1.18149e-02
1.29225e-02
1.40085e-02
1.48994e-02
1.55323e-02
1.61402e-02
1.69573e-02
1.79141e-02
1.87125e-02
1.92291e-02
1.96108e-02
2.01776e-02
2.10238e-02
2.17171e-02
2.18376e-02
2.17024e-02
2.18472e-02
2.22707e-02
2.27470e-02
2.31138e-02
2.33770e-02
2.36399e-02
2.38928e-02
2.40928e-02
2.41882e-02
2.42841e-02
2.44768e-02
2.47375e-02
2.49588e-02
2.51590e-02
2.53106e-02
2.54096e-02
2.55354e-02
2.55947e-02
2.54898e-02
2.52635e-02
2.49459e-02
2.44004e-02
2.34374e-02
2.21824e-02
2.09784e-02
2.00080e-02
1.92496e-02
1.82976e-02
1.69281e-02
1.55061e-02
1.41455e-02
1.25616e-02
1.05945e-02
8.47414e-03
6.62581e-03
5.29902e-03
4.51686e-03
3.92056e-03
2.97053e-03
1.55664e-03
-2.99725e-04
-2.49517e-03
-4.75661e-03
-6.76953e-03
-8.29895e-03
-9.35537e-03
-1.00393e-02
-1.06858e-02
-1.15567e-02
-1.25527e-02
-1.35475e-02
-1.43464e-02
-1.49216e-02
-1.53226e-02
-1.57639e-02
-1.63704e-02
-1.69186e-02
-1.70450e-02
-1.66881e-02
-1.60226e-02
-1.54174e-02
-1.50902e-02
-1.49763e-02
-1.48642e-02
-1.46030e-02
-1.41687e-02
-1.35599e-02
-1.27215e-02
-1.17299e-02
-1.07846e-02
-1.00470e-02
-9.54130e-03
-9.08872e-03
-8.43234e-03
-7.69102e-03
-7.27576e-03
-7.03541e-03
-6.72229e-03
-6.38116e-03
-6.12457e-03
-6.21025e-03
-6.72469e-03
-7.49887e-03
-8.27215e-03
-8.96107e-03
-9.61725e-03
-1.00756e-02
-1.02829e-02
-1.05287e-02
-1.10408e-02
-1.18655e-02
-1.29568e-02
-1.40327e-02
-1.48810e-02
-1.56903e-02
-1.66682e-02
-1.77213e-02
-1.88243e-02
-1.98641e-02
-2.06430e-02
-2.10387e-02
-2.11035e-02
-2.09944e-02
-2.08785e-02
-2.09173e-02
-2.10879e-02
-2.11910e-02
-2.11611e-02
-2.10271e-02
-2.09006e-02
-2.08346e-02
-2.08457e-02
-2.08820e-02
-2.09182e-02
-2.09220e-02
-2.09132e-02
-2.08079e-02
-2.06537e-02
-2.05029e-02
-2.03347e-02
-2.01712e-02
-1.99608e-02
-1.95757e-02
-1.89513e-02
-1.81983e-02
-1.74048e-02
-1.64343e-02
-1.54229e-02
-1.46148e-02
-1.40268e-02
-1.35892e-02
-1.32802e-02
-1.30054e-02
-1.25283e-02
-1.17681e-02
-1.09779e-02
-1.03407e-02
-9.91940e-03
-9.69237e-03
-9.52812e-03
-9.28414e-03
-9.00832e-03
-8.68965e-03
-8.35019e-03
-7.87435e-03
-7.22048e-03
-6.38872e-03
-5.47140e-03
-4.62667e-03
-3.88671e-03
-3.26677e-03
-2.83519e-03
-2.35180e-03
-1.52002e-03
-3.56481e-04
8.26134e-04
1.91407e-03
3.11982e-03
4.68714e-03
6.67442e-03
8.67881e-03
1.02202e-02
1.12686e-02
1.20975e-02
1.29509e-02
1.39000e-02
1.48966e-02
1.57694e-02
1.66020e-02
1.76112e-02
1.87010e-02
1.94087e-02
1.94868e-02
1.92725e-02
1.90901e-02
1.90216e-02
1.92042e-02
1.96898e-02
2.04441e-02
2.13492e-02
2.19401e-02
2.19073e-02
2.15822e-02
2.14759e-02
2.16401e-02
2.17532e-02
2.17402e-02
2.18032e-02
2.19929e-02
2.22497e-02
2.22689e-02
2.18747e-02
2.12552e-02
2.07237e-02
2.04742e-02
2.04048e-02
2.03070e-02
2.01257e-02
1.99193e-02
1.97769e-02
1.95567e-02
1.89449e-02
1.81063e-02
1.75400e-02
1.71862e-02
1.66598e-02
1.57780e-02
1.47240e-02
1.37910e-02
1.29714e-02
1.20224e-02
1.08159e-02
9.57236e-03
8.47709e-03
7.42448e-03
6.29164e-03
5.19094e-03
4.29737e-03
3.77335e-03
3.69881e-03
3.64613e-03
3.11802e-03
2.05448e-03
7.32293e-04
-5.92817e-04
-1.82005e-03
-2.81759e-03
-3.54742e-03
-4.13187e-03
-4.66022e-03
-5.17155e-03
-5.83718e-03
-6.67962e-03
-7.56120e-03
-8.48483e-03
-9.67431e-03
-1.11287e-02
-1.24450e-02
-1.33494e-02
-1.39052e-02
-1.46441e-02
-1.60605e-02
-1.80142e-02
-1.98895e-02
-2.12505e-02
-2.21690e-02
-2.28875e-02
-2.38256e-02
-2.50820e-02
-2.63908e-02
-2.75038e-02
-2.83657e-02
-2.89970e-02
-2.95741e-02
-3.02337e-02
-3.08599e-02
-3.12894e-02
-3.15342e-02
-3.17235e-02
-3.18172e-02
-3.17377e-02
-3.15349e-02
-3.13226e-02
-3.12869e-02
-3.14992e-02
-3.17464e-02
-3.16187e-02
-3.11497e-02
-3.07688e-02
-3.04429e-02
-2.99504e-02
-2.93384e-02
-2.87939e-02
-2.84100e-02
-2.80399e-02
-2.76081e-02
-2.69224e-02
-2.60969e-02
-2.53887e-02
-2.46547e-02
-2.38314e-02
-2.30594e-02
-2.24595e-02
-2.19499e-02
-2.14733e-02
-2.09863e-02
-2.05030e-02
-2.01224e-02
-1.98254e-02
-1.93736e-02
-1.86553e-02
-1.78864e-02
-1.71588e-02
-1.63942e-02
-1.55327e-02
-1.45914e-02
-1.36304e-02
-1.27932e-02
-1.20597e-02
-1.10972e-02
-9.63177e-03
-7.90464e-03
-6.38810e-03
-5.32543e-03
-4.62028e-03
-4.02709e-03
-3.24591e-03
-2.42300e-03
-1.71057e-03
-9.45087e-04
-5.97014e-05
8.54020e-04
1.63082e-03
2.28763e-03
2.83458e-03
3.23719e-03
3.53820e-03
3.74193e-03
3.84965e-03
4.05683e-03
4.33673e-03
4.52416e-03
4.53743e-03
4.51106e-03
4.61095e-03
4.74686e-03
4.83483e-03
4.91944e-03
5.09594e-03
5.50430e-03
6.00724e-03
6.33188e-03
6.63443e-03
7.18397e-03
7.88677e-03
8.49834e-03
8.89928e-03
9.15928e-03
9.32465e-03
9.52346e-03
9.81568e-03
1.01314e-02
1.04422e-02
1.06775e-02
1.07137e-02
1.05965e-02
1.05076e-02
1.06287e-02
1.08910e-02
1.11647e-02
1.13111e-02
1.15065e-02
1.19107e-02
1.24415e-02
1.27101e-02
1.26353e-02
1.25139e-02
1.25339e-02
1.27063e-02
1.29075e-02
1.30310e-02
1.31346e-02
1.34093e-02
1.38885e-02
1.44011e-02
1.48388e-02
1.52759e-02
1.57558e-02
1.63619e-02
1.71993e-02
1.81219e-02
1.90344e-02
2.00513e-02
2.12388e-02
2.24024e-02
2.32454e-02
2.37047e-02
2.40182e-02
2.43751e-02
2.47644e-02
2.50676e-02
2.52940e-02
2.55195e-02
2.57377e-02
2.58220e-02
2.56770e-02
2.56498e-02
2.59125e-02
2.61043e-02
2.60730e-02
2.59180e-02
2.59817e-02
2.64469e-02
2.71164e-02
2.74969e-02
2.74507e-02
2.73864e-02
2.75071e-02
2.77158e-02
2.78574e-02
2.78632e-02
2.78639e-02
2.80014e-02
2.81597e-02
2.79934e-02
2.75361e-02
2.71924e-02
2.69793e-02
2.67306e-02
2.64038e-02
2.60900e-02
2.58879e-02
2.57502e-02
2.55556e-02
2.52395e-02
2.47133e-02
2.41641e-02
2.36769e-02
2.32033e-02
2.26176e-02
2.18670e-02
2.11539e-02
2.05994e-02
2.01260e-02
1.96626e-02
1.91734e-02
1.86751e-02
1.81123e-02
1.74333e-02
1.68058e-02
1.63026e-02
1.59286e-02
1.56800e-02
1.54655e-02
1.51061e-02
1.45880e-02
1.39875e-02
1.32476e-02
1.22966e-02
1.12918e-02
1.03415e-02
9.31905e-03
8.23112e-03
7.22292e-03
6.35782e-03
5.59905e-03
4.93511e-03
4.19257e-03
3.14980e-03
1.98363e-03
9.53541e-04
1.64059e-04
-4.06263e-04
-7.56263e-04
-1.10022e-03
-1.60348e-03
-2.25875e-03
-3.01712e-03
-3.83219e-03
-4.67605e-03
-5.70949e-03
-7.04407e-03
-8.41355e-03
-9.42762e-03
-9.96990e-03
-1.04557e-02
-1.12484e-02
-1.22844e-02
-1.33763e-02
-1.42642e-02
-1.50436e-02
-1.58989e-02
-1.67202e-02
-1.73114e-02
-1.76478e-02
-1.79466e-02
-1.83419e-02
-1.88544e-02
-1.94039e-02
-1.98289e-02
-2.01268e-02
-2.03776e-02
-2.05100e-02
-2.04380e-02
-2.03092e-02
-2.03164e-02
-2.04793e-02
-2.06944e-02
-2.07558e-02
-2.05566e-02
-2.01326e-02
-1.95970e-02
-1.89876e-02
-1.81165e-02
-1.72043e-02
-1.65077e-02
-1.59386e-02
-1.53325e-02
-1.45699e-02
-1.36707e-02
-1.28865e-02
-1.24219e-02
-1.19554e-02
-1.11148e-02
-9.97935e-03
-8.96024e-03
-8.30005e-03
-7.97195e-03
-7.68477e-03
-7.18774e-03
-6.75466e-03
-6.55609e-03
-6.36350e-03
-6.02178e-03
-5.58481e-03
-5.31085e-03
-5.28610e-03
-5.35272e-03
-5.38186e-03
-5.32738e-03
-5.32507e-03
-5.49050e-03
-5.76861e-03
-6.02680e-03
-6.33716e-03
-6.90098e-03
-7.58214e-03
-8.14600e-03
-8.59554e-03
-8.98619e-03
-9.39458e-03
-9.83637e-03
-1.01289e-02
-1.02112e-02
-1.04751e-02
-1.11994e-02
-1.21540e-02
-1.29384e-02
-1.32950e-02
-1.32679e-02
-1.30666e-02
-1.29016e-02
-1.27700e-02
-1.25850e-02
-1.23526e-02
-1.19737e-02
-1.13045e-02
-1.05517e-02
-1.00586e-02
-9.87061e-03
-9.80988e-03
-9.82873e-03
-9.86673e-03
-9.82262e-03
-9.78908e-03
-9.80096e-03
-9.77596e-03
-9.78314e-03
-9.90735e-03
-1.00318e-02
-9.99647e-03
-9.81598e-03
-9.67835e-03
-9.68211e-03
-9.61542e-03
-9.36475e-03
-8.99453e-03
-9.03196e-03
-9.72904e-03
-1.05982e-02
-1.10877e-02
-1.12136e-02
-1.13182e-02
-1.15554e-02
-1.17016e-02
-1.14865e-02
-1.11738e-02
-1.12331e-02
-1.17768e-02
-1.25110e-02
-1.30658e-02
-1.34386e-02
-1.38252e-02
-1.42416e-02
-1.45983e-02
-1.47963e-02
-1.49230e-02
-1.53609e-02
-1.62929e-02
-1.72971e-02
-1.79717e-02
-1.84057e-02
-1.87748e-02
-1.90371e-02
-1.92579e-02
-1.94865e-02
-1.98020e-02
-2.02003e-02
-2.06598e-02
-2.10423e-02
-2.13503e-02
-2.18081e-02
-2.24360e-02
-2.30498e-02
-2.34421e-02
-2.35557e-02
-2.34811e-02
-2.34473e-02
-2.36130e-02
-2.38248e-02
-2.39531e-02
-2.40304e-02
-2.40865e-02
-2.40603e-02
-2.38731e-02
-2.36054e-02
-2.32848e-02
-2.30230e-02
-2.28677e-02
-2.25697e-02
-2.19793e-02
-2.12793e-02
-2.06489e-02
-2.00978e-02
-1.95070e-02
-1.87861e-02
-1.77501e-02
-1.63463e-02
-1.47290e-02
-1.29558e-02
-1.11286e-02
-9.57013e-03
-8.32277e-03
-7.09279e-03
-5.63590e-03
-3.90507e-03
-2.02550e-03
-3.24203e-04
1.07616e-03
2.33198e-03
3.41660e-03
4.28430e-03
4.98267e-03
5.64125e-03
6.19561e-03
6.56104e-03
6.96065e-03
7.55116e-03
8.20233e-03
8.51986e-03
8.25691e-03
7.63721e-03
7.04067e-03
6.73938e-03
6.65400e-03
6.57631e-03
6.50236e-03
6.45560e-03
6.28473e-03
5.94122e-03
5.44912e-03
4.91126e-03
4.40025e-03
3.77597e-03
2.89588e-03
1.90381e-03
1.10216e-03
6.10287e-04
2.49732e-04
-1.34176e-04
-6.96964e-04
-1.45531e-03
-2.17377e-03
-2.72091e-03
-3.17504e-03
-3.53502e-03
-3.60646e-03
-3.42408e-03
-3.21919e-03
-3.06319e-03
-2.90171e-03
-2.73033e-03
-2.40485e-03
-1.84685e-03
-1.23053e-03
-6.88661e-04
-1.00628e-04
5.42005e-04
1.01509e-03
1.29788e-03
1.48136e-03
1.80613e-03
2.39708e-03
3.06608e-03
3.56244e-03
3.84357e-03
4.03396e-03
4.19418e-03
4.33581e-03
4.42231e-03
4.45229e-03
4.43335e-03
4.40603e-03
4.29630e-03
4.06290e-03
3.77403e-03
3.63318e-03
3.50155e-03
3.09977e-03
2.49908e-03
1.85029e-03
1.21649e-03
6.42975e-04
1.37998e-04
-3.11599e-04
-5.58495e-04
-5.06710e-04
-3.37228e-04
-2.08745e-04
-2.58379e-05
2.88119e-04
7.45686e-04
1.44085e-03
2.15910e-03
2.50562e-03
2.59505e-03
2.82144e-03
3.35291e-03
4.08573e-03
4.89354e-03
5.60783e-03
6.17290e-03
6.78188e-03
7.63634e-03
8.70521e-03
9.74804e-03
1.04578e-02
1.07362e-02
1.06866e-02
1.06136e-02
1.07301e-02
1.09290e-02
1.10677e-02
1.13416e-02
1.17105e-02
1.20730e-02
1.24697e-02
1.28215e-02
1.31553e-02
1.34884e-02
1.37773e-02
1.38729e-02
1.37927e-02
1.38031e-02
1.41489e-02
1.48791e-02
1.59393e-02
1.71113e-02
1.81178e-02
1.88146e-02
1.88886e-02
1.79931e-02
1.63387e-02
1.46774e-02
1.35510e-02
1.30646e-02
1.30127e-02
1.31150e-02
1.30043e-02
1.25105e-02
1.16769e-02
1.05982e-02
9.64217e-03
9.06063e-03
8.64586e-03
8.04939e-03
7.23965e-03
6.47197e-03
6.00363e-03
5.80424e-03
5.59805e-03
5.22323e-03
4.77227e-03
4.41913e-03
4.18665e-03
3.97972e-03
3.87292e-03
3.94582e-03
4.15747e-03
4.37172e-03
4.41119e-03
4.01919e-03
3.47369e-03
3.30164e-03
3.51099e-03
3.79754e-03
4.00184e-03
4.14971e-03
4.36151e-03
4.79147e-03
5.39798e-03
5.96601e-03
6.56875e-03
7.43676e-03
8.39000e-03
9.13647e-03
9.74491e-03
1.03608e-02
1.11131e-02
1.19997e-02
1.27752e-02
1.33258e-02
1.37627e-02
1.41946e-02
1.45864e-02
1.48546e-02
1.50463e-02
1.52618e-02
1.55803e-02
1.60030e-02
1.63950e-02
1.66412e-02
1.68841e-02
1.73079e-02
1.78278e-02
1.82634e-02
1.86474e-02
1.90368e-02
1.93827e-02
1.97968e-02
2.02684e-02
2.07008e-02
2.09614e-02
2.10399e-02
2.09021e-02
2.06812e-02
2.05734e-02
2.05487e-02
2.03796e-02
1.99826e-02
1.94099e-02
1.86371e-02
1.76380e-02
1.65250e-02
1.54304e-02
1.44508e-02
1.34931e-02
1.24518e-02
1.15162e-02
1.09937e-02
1.07509e-02
1.04068e-02
9.64046e-03
8.42589e-03
6.95003e-03
5.27727e-03
3.32949e-03
1.05525e-03
-1.31881e-03
-3.27277e-03
-4.58032e-03
-5.52787e-03
-6.48141e-03
-7.57151e-03
-8.71835e-03
-9.86803e-03
-1.09413e-02
-1.19056e-02
-1.28708e-02
-1.36758e-02
-1.41930e-02
-1.45433e-02
-1.50521e-02
-1.58433e-02
-1.67662e-02
-1.75839e-02
-1.80873e-02
-1.84205e-02
-1.88250e-02
-1.92092e-02
-1.94655e-02
-1.97035e-02
-2.00190e-02
-2.03605e-02
-2.05361e-02
-2.04158e-02
-2.01114e-02
-1.98044e-02
-1.94666e-02
-1.87292e-02
-1.77792e-02
-1.74667e-02
-1.81786e-02
-1.93816e-02
-2.01948e-02
-2.01863e-02
-1.95978e-02
-1.89419e-02
-1.85090e-02
-1.81961e-02
-1.79444e-02
-1.78166e-02
-1.78266e-02
-1.79248e-02
-1.80306e-02
-1.81740e-02
-1.84129e-02
-1.87679e-02
-1.92131e-02
-1.95140e-02
-1.96000e-02
-1.96788e-02
-1.99236e-02
-2.01928e-02
-2.03616e-02
-2.04571e-02
-2.05189e-02
-2.05697e-02
-2.05233e-02
-2.02240e-02
-1.97824e-02
-1.93844e-02
-1.89138e-02
-1.81027e-02
-1.68814e-02
-1.53987e-02
-1.38756e-02
-1.26346e-02
-1.16422e-02
-1.07182e-02
-1.00116e-02
-9.70837e-03
-9.70005e-03
-9.63415e-03
-9.23123e-03
-8.35860e-03
-7.03076e-03
-5.55275e-03
-4.22615e-03
-2.92760e-03
-1.58460e-03
-2.51077e-04
1.20168e-03
2.72457e-03
3.98224e-03
4.88192e-03
5.79096e-03
7.02833e-03
8.50326e-03
9.93658e-03
1.11878e-02
1.23949e-02
1.36587e-02
1.49283e-02
1.59997e-02
1.68401e-02
1.77147e-02
1.88057e-02
2.01348e-02
2.15762e-02
2.29108e-02
2.40163e-02
2.50740e-02
2.62348e-02
2.72841e-02
2.81517e-02
2.89441e-02
2.96914e-02
3.02770e-02
3.07811e-02
3.14117e-02
3.21695e-02
3.29255e-02
3.35538e-02
3.38490e-02
3.38420e-02
3.38412e-02
3.39753e-02
3.40319e-02
3.39378e-02
3.38175e-02
3.37760e-02
3.38296e-02
3.38334e-02
3.35789e-02
3.30656e-02
3.25970e-02
3.22023e-02
3.16820e-02
3.11052e-02
3.06159e-02
3.03664e-02
3.02458e-02
3.01068e-02
2.98129e-02
2.93836e-02
2.89586e-02
2.86109e-02
2.81298e-02
2.76024e-02
2.73270e-02
2.73910e-02
2.74823e-02
2.72717e-02
2.67964e-02
2.63073e-02
2.60172e-02
2.58909e-02
2.56741e-02
2.54362e-02
2.53360e-02
2.53382e-02
2.53741e-02
2.52982e-02
2.50367e-02
2.47038e-02
2.43520e-02
2.40105e-02
2.36470e-02
2.33377e-02
2.31374e-02
2.29865e-02
2.28607e-02
2.27611e-02
2.25322e-02
2.22235e-02
2.21124e-02
2.20740e-02
2.18761e-02
2.15084e-02
2.10397e-02
2.05682e-02
2.02219e-02
2.00547e-02
1.99518e-02
1.97679e-02
1.94297e-02
1.87953e-02
1.79090e-02
1.70685e-02
1.63671e-02
1.57513e-02
1.52624e-02
1.49482e-02
1.47398e-02
1.44297e-02
1.39592e-02
1.32983e-02
1.24956e-02
1.17919e-02
1.11944e-02
1.06174e-02
1.01062e-02
9.66725e-03
9.10715e-03
8.26257e-03
7.18220e-03
6.04817e-03
5.01055e-03
4.20064e-03
3.45057e-03
2.48070e-03
1.37864e-03
4.57439e-04
-2.95242e-04
-1.15604e-03
-2.11694e-03
-3.03306e-03
-3.74083e-03
-4.13908e-03
-4.42420e-03
-4.84040e-03
-5.25837e-03
-5.54339e-03
-5.87641e-03
-6.50919e-03
-7.37379e-03
-8.16520e-03
-8.62236e-03
-8.79930e-03
-8.99021e-03
-9.35907e-03
-9.64272e-03
-9.62187e-03
-9.68242e-03
-1.01878e-02
-1.10084e-02
-1.17636e-02
-1.21668e-02
-1.22833e-02
-1.25253e-02
-1.31252e-02
-1.38944e-02
-1.45092e-02
-1.50344e-02
-1.57020e-02
-1.64274e-02
-1.71856e-02
-1.79401e-02
-1.86337e-02
-1.93034e-02
-1.99255e-02
-2.03968e-02
-2.07313e-02
-2.10998e-02
-2.15674e-02
-2.21135e-02
-2.26561e-02
-2.31441e-02
-2.35753e-02
-2.40633e-02
-2.47048e-02
-2.53368e-02
-2.58672e-02
-2.63504e-02
-2.68396e-02
-2.72547e-02
-2.76034e-02
-2.79193e-02
-2.81862e-02
-2.86095e-02
-2.92022e-02
-2.95163e-02
-2.96270e-02
-2.98436e-02
-3.02561e-02
-3.05335e-02
-3.05480e-02
-3.03370e-02
-2.99181e-02
-2.93943e-02
-2.88536e-02
-2.84496e-02
-2.81572e-02
-2.78960e-02
-2.75727e-02
-2.71674e-02
-2.68773e-02
-2.67860e-02
-2.66913e-02
-2.65257e-02
-2.64038e-02
-2.63891e-02
-2.64734e-02
-2.65749e-02
-2.66387e-02
-2.65591e-02
-2.64722e-02
-2.65284e-02
-2.65506e-02
-2.64795e-02
-2.64119e-02
-2.64115e-02
-2.63896e-02
-2.60601e-02
-2.53439e-02
-2.45228e-02
-2.39301e-02
-2.37130e-02
-2.37000e-02
-2.36330e-02
-2.34484e-02
-2.31317e-02
-2.27392e-02
-2.23085e-02
-2.18755e-02
-2.14464e-02
-2.11069e-02
-2.09143e-02
-2.07780e-02
-2.06691e-02
-2.05722e-02
-2.05114e-02
-2.03975e-02
-2.00817e-02
-1.95641e-02
-1.90457e-02
-1.87049e-02
-1.85150e-02
-1.80762e-02
-1.71797e-02
-1.62854e-02
-1.57670e-02
-1.53765e-02
-1.48467e-02
-1.41152e-02
-1.33428e-02
-1.27686e-02
-1.24288e-02
-1.19442e-02
-1.11541e-02
-1.03632e-02
-9.78133e-03
-9.35972e-03
-8.89128e-03
-8.31896e-03
-7.78018e-03
-7.43533e-03
-7.15717e-03
-6.66329e-03
-6.02740e-03
-5.55542e-03
-5.32009e-03
-5.20403e-03
-5.02175e-03
-4.68275e-03
-4.29979e-03
-4.01785e-03
-3.82693e-03
-3.62317e-03
-3.40926e-03
-3.22330e-03
-3.03509e-03
-2.60433e-03
-1.86825e-03
-9.85713e-04
-1.93634e-04
3.04162e-04
5.57926e-04
8.26211e-04
1.15723e-03
1.47778e-03
1.93593e-03
2.60059e-03
3.29165e-03
3.86773e-03
4.28956e-03
4.54067e-03
4.73668e-03
4.98579e-03
5.25916e-03
5.47442e-03
5.66032e-03
5.88947e-03
6.04603e-03
6.00389e-03
5.88523e-03
5.79901e-03
5.71431e-03
5.62901e-03
5.54437e-03
5.49150e-03
5.55679e-03
5.79962e-03
6.02333e-03
6.12645e-03
6.25546e-03
6.45058e-03
6.57801e-03
6.67108e-03
6.72242e-03
6.67744e-03
6.63808e-03
6.65302e-03
6.62754e-03
6.64071e-03
6.76427e-03
6.97987e-03
7.09026e-03
7.05741e-03
6.92046e-03
6.79620e-03
6.82261e-03
6.98158e-03
7.08224e-03
7.06014e-03
7.19908e-03
7.69390e-03
8.19738e-03
8.46708e-03
8.60377e-03
8.70740e-03
8.82803e-03
8.93986e-03
9.00785e-03
9.10961e-03
9.32268e-03
9.59183e-03
9.72610e-03
9.68196e-03
9.53295e-03
9.39316e-03
9.42065e-03
9.49275e-03
9.45259e-03
9.27707e-03
9.15216e-03
9.15174e-03
8.99850e-03
8.50162e-03
7.83006e-03
7.27376e-03
7.01749e-03
6.94559e-03
6.76564e-03
6.44009e-03
6.26030e-03
6.23967e-03
6.07108e-03
5.71225e-03
5.29484e-03
4.91801e-03
4.67983e-03
4.49956e-03
4.27519e-03
4.02016e-03
3.80924e-03
3.52769e-03
2.96504e-03
2.26883e-03
1.69109e-03
1.23648e-03
8.49730e-04
4.49656e-04
9.78908e-05
-4.25178e-05
2.44503e-05
1.16297e-04
2.70234e-05
-1.28229e-04
-4.22155e-04
-9.86680e-04
-1.66391e-03
-2.20677e-03
-2.46230e-03
-2.45640e-03
-2.33376e-03
-2.22400e-03
-2.19122e-03
-2.04567e-03
-1.79616e-03
-1.70043e-03
-1.82086e-03
-2.07177e-03
-2.28560e-03
-2.37270e-03
-2.16844e-03
-1.53551e-03
-6.54640e-04
2.01145e-04
4.96670e-04
-1.90453e-04
-1.52106e-03
-2.81055e-03
-3.60888e-03
-3.92867e-03
-3.86764e-03
-3.67840e-03
-3.52230e-03
-3.39252e-03
-3.36492e-03
-3.50559e-03
-3.74130e-03
-3.95756e-03
-4.06663e-03
-4.07213e-03
-4.02053e-03
-3.97275e-03
-3.86675e-03
-3.64439e-03
-3.45454e-03
-3.46599e-03
-3.57300e-03
-3.66858e-03
-3.85167e-03
-4.09309e-03
-4.23619e-03
-4.22800e-03
-4.11225e-03
-3.99146e-03
-3.92756e-03
-3.93218e-03
-3.96666e-03
-3.99858e-03
-4.00557e-03
-3.99486e-03
-3.89114e-03
-3.64689e-03
-3.35079e-03
-3.12250e-03
-3.11122e-03
-3.26996e-03
-3.29887e-03
-3.04839e-03
-2.71572e-03
-2.58540e-03
-2.62137e-03
-2.63638e-03
-2.54042e-03
-2.37706e-03
-2.32038e-03
-2.40331e-03
-2.29801e-03
-1.81377e-03
-1.29761e-03
-1.19044e-03
-1.33886e-03
-1.35911e-03
-1.11612e-03
-6.58258e-04
-2.13857e-04
-4.62637e-05
-6.56135e-05
-1.53636e-04
-2.71050e-04
-3.86596e-04
-3.83710e-04
-1.93994e-04
9.58507e-05
3.41096e-04
4.58253e-04
4.50105e-04
3.90030e-04
3.36054e-04
3.25721e-04
3.41525e-04
4.56983e-04
7.04918e-04
1.09313e-03
1.55902e-03
2.13220e-03
2.82740e-03
3.55442e-03
4.20389e-03
4.64101e-03
5.00557e-03
5.74150e-03
7.05554e-03
8.68238e-03
1.02056e-02
1.14568e-02
1.24350e-02
1.31782e-02
1.37491e-02
1.41228e-02
1.43883e-02
1.46408e-02
1.47098e-02
1.44198e-02
1.39985e-02
1.36735e-02
1.34905e-02
1.34194e-02
1.33976e-02
1.33824e-02
1.31916e-02
1.27022e-02
1.20182e-02
1.13171e-02
1.10855e-02
1.13208e-02
1.15200e-02
1.14424e-02
1.11223e-02
1.08865e-02
1.09497e-02
1.14285e-02
1.20564e-02
1.25446e-02
1.29966e-02
1.33819e-02
1.34191e-02
1.27795e-02
1.15988e-02
1.03165e-02
9.34114e-03
8.86871e-03
8.81952e-03
8.96813e-03
9.19110e-03
9.37313e-03
9.21744e-03
8.80120e-03
8.51364e-03
8.34772e-03
8.11514e-03
7.77871e-03
7.36171e-03
7.00782e-03
7.07192e-03
7.47835e-03
7.71604e-03
7.50906e-03
6.99006e-03
6.48562e-03
6.13873e-03
5.81768e-03
5.33557e-03
4.77513e-03
4.40995e-03
4.07984e-03
3.52696e-03
2.82983e-03
2.23087e-03
1.83424e-03
1.57961e-03
1.50085e-03
1.62895e-03
1.87264e-03
2.26672e-03
2.67315e-03
2.70800e-03
2.38796e-03
2.01047e-03
1.73966e-03
1.46308e-03
1.18254e-03
1.01919e-03
1.01826e-03
1.03583e-03
8.26853e-04
1.78670e-04
-8.28519e-04
-1.79453e-03
-2.47370e-03
-2.84891e-03
-3.00441e-03
-3.04693e-03
-3.05412e-03
-3.06050e-03
-3.15776e-03
-3.40039e-03
-3.69776e-03
-3.93237e-03
-4.11861e-03
-4.34221e-03
-4.57902e-03
-4.85884e-03
-5.18660e-03
-5.48835e-03
-5.68133e-03
-5.74653e-03
-5.71949e-03
-5.67482e-03
-5.81742e-03
-6.28930e-03
-6.72570e-03
-7.09691e-03
-7.65833e-03
-8.35451e-03
-9.22847e-03
-1.02706e-02
-1.10366e-02
-1.14234e-02
-1.17212e-02
-1.20499e-02
-1.23923e-02
-1.27178e-02
-1.31310e-02
-1.36303e-02
-1.41765e-02
-1.46111e-02
-1.47619e-02
-1.49159e-02
-1.54042e-02
-1.59497e-02
-1.60481e-02
-1.56529e-02
-1.51457e-02
-1.47630e-02
-1.44841e-02
-1.41269e-02
-1.36790e-02
-1.31618e-02
-1.27339e-02
-1.22287e-02
-1.14785e-02
-1.06474e-02
-1.00122e-02
-9.63798e-03
-9.32984e-03
-8.85084e-03
-8.19927e-03
-7.58759e-03
-7.29851e-03
-7.17824e-03
-6.85346e-03
-6.48766e-03
-6.22858e-03
-5.92038e-03
-5.48301e-03
-4.92315e-03
-4.33941e-03
-3.89637e-03
-3.67712e-03
-3.56407e-03
-3.30829e-03
-2.83904e-03
-2.31735e-03
-1.77639e-03
-1.18452e-03
-9.14104e-04
-1.43485e-03
-2.73661e-03
-4.27982e-03
-5.33003e-03
-5.54438e-03
-5.23276e-03
-5.09787e-03
-5.36072e-03
-5.68163e-03
-5.79455e-03
-5.56060e-03
-5.16538e-03
-4.91405e-03
-4.83105e-03
-4.76605e-03
-4.64399e-03
-4.47861e-03
-4.25815e-03
-3.95795e-03
-3.66229e-03
-3.36249e-03
-3.04287e-03
-2.74901e-03
-2.46743e-03
-2.15346e-03
-1.95316e-03
-1.89632e-03
-1.87508e-03
-1.81723e-03
-1.80654e-03
-1.85712e-03
-1.86287e-03
-1.87535e-03
-1.98615e-03
-2.17261e-03
-2.43443e-03
-2.67250e-03
-2.73361e-03
-2.70412e-03
-2.65871e-03
-2.48608e-03
-2.22571e-03
-2.05086e-03
-2.03087e-03
-2.12672e-03
-2.23409e-03
-2.28357e-03
-2.18077e-03
-1.98167e-03
-1.78437e-03
-1.41304e-03
-7.88427e-04
-9.31923e-05
4.20967e-04
7.18530e-04
9.15985e-04
1.08391e-03
1.31196e-03
1.63782e-03
2.04944e-03
2.67238e-03
3.49324e-03
4.26919e-03
4.76247e-03
4.91447e-03
4.91784e-03
5.09156e-03
5.52031e-03
6.03502e-03
6.40483e-03
6.70206e-03
7.09138e-03
7.54064e-03
7.91289e-03
8.26648e-03
8.72308e-03
9.28222e-03
9.86434e-03
1.02115e-02
1.01873e-02
9.89848e-03
9.56989e-03
9.12678e-03
8.42740e-03
7.73503e-03
7.35291e-03
7.36126e-03
7.50126e-03
7.50626e-03
7.31764e-03
7.30624e-03
7.61389e-03
7.94348e-03
7.99689e-03
7.75266e-03
7.40883e-03
7.07730e-03
6.86807e-03
6.69697e-03
6.55909e-03
6.60021e-03
6.80061e-03
6.87732e-03
6.68003e-03
6.29663e-03
5.94265e-03
5.67451e-03
5.44796e-03
5.24807e-03
5.09775e-03
5.01066e-03
4.90311e-03
4.53063e-03
3.83728e-03
3.07619e-03
2.46103e-03
2.05524e-03
1.85431e-03
1.78896e-03
1.79346e-03
1.80712e-03
1.81194e-03
1.72395e-03
1.58115e-03
1.51938e-03
1.57268e-03
1.61585e-03
1.58533e-03
1.57285e-03
1.53337e-03
1.48595e-03
1.50700e-03
1.60142e-03
1.71431e-03
1.79163e-03
1.73313e-03
1.58190e-03
1.49763e-03
1.53523e-03
1.65073e-03
1.75688e-03
1.72637e-03
1.58277e-03
1.49242e-03
1.51425e-03
1.54568e-03
1.44489e-03
1.31327e-03
1.22785e-03
1.15800e-03
1.16153e-03
1.22103e-03
1.29764e-03
1.42641e-03
1.48967e-03
1.39785e-03
1.11845e-03
7.88267e-04
6.18727e-04
4.34436e-04
1.35895e-04
-7.25343e-05
-1.09123e-04
1.52056e-05
1.84587e-05
-2.79384e-04
-7.67922e-04
-1.04916e-03
-1.00968e-03
-9.68698e-04
-1.08161e-03
-1.25104e-03
-1.35466e-03
-1.33724e-03
-1.25159e-03
-1.23098e-03
-1.30941e-03
-1.20843e-03
-9.27028e-04
-5.75546e-04
-1.84125e-04
2.18609e-04
6.90530e-04
1.19708e-03
1.61245e-03
1.84347e-03
1.96049e-03
2.23320e-03
2.63806e-03
2.88927e-03
3.01757e-03
3.26378e-03
3.71044e-03
4.20381e-03
4.54610e-03
4.65221e-03
4.65120e-03
4.78102e-03
5.04317e-03
5.17930e-03
5.10095e-03
5.01503e-03
5.09934e-03
5.33029e-03
5.49710e-03
5.43240e-03
5.25370e-03
5.16372e-03
5.22186e-03
5.29345e-03
5.28586e-03
5.32896e-03
5.43599e-03
5.50717e-03
5.48040e-03
5.37876e-03
5.25988e-03
5.24488e-03
5.31949e-03
5.35646e-03
5.36315e-03
5.41594e-03
5.44603e-03
5.43215e-03
5.42887e-03
5.45874e-03
5.49939e-03
5.65170e-03
5.85850e-03
6.03395e-03
6.23734e-03
6.42384e-03
6.55770e-03
6.59358e-03
6.61740e-03
6.64206e-03
6.60694e-03
6.56146e-03
6.52909e-03
6.44844e-03
6.38865e-03
6.35488e-03
6.28851e-03
6.23647e-03
6.33592e-03
6.54069e-03
6.67640e-03
6.65657e-03
6.51550e-03
6.40780e-03
6.45288e-03
6.53951e-03
6.57520e-03
6.57654e-03
6.62382e-03
6.71136e-03
6.72417e-03
6.63390e-03
6.41287e-03
6.09596e-03
5.78153e-03
5.50275e-03
5.23435e-03
5.06368e-03
4.99152e-03
4.92984e-03
4.71237e-03
4.26520e-03
3.74501e-03
3.34535e-03
3.16045e-03
3.08787e-03
2.92096e-03
2.70434e-03
2.63304e-03
2.73877e-03
3.04243e-03
3.54646e-03
4.11291e-03
4.59510e-03
4.86470e-03
4.79615e-03
4.50553e-03
4.29143e-03
4.32277e-03
4.41153e-03
4.13475e-03
3.36356e-03
2.42390e-03
1.71456e-03
1.42627e-03
1.41083e-03
1.41500e-03
1.37147e-03
1.34526e-03
1.31354e-03
1.22022e-03
1.12565e-03
1.06506e-03
9.90974e-04
8.97063e-04
7.38463e-04
5.10684e-04
3.27838e-04
3.01194e-04
3.44440e-04
3.27273e-04
2.08998e-04
4.85061e-05
-1.38145e-04
-3.47826e-04
-6.48553e-04
-1.06942e-03
-1.49139e-03
-1.78566e-03
-1.95231e-03
-2.07632e-03
-2.19386e-03
-2.35249e-03
-2.61469e-03
-3.00765e-03
-3.50423e-03
-3.99481e-03
-4.34156e-03
-4.48811e-03
-4.52495e-03
-4.58175e-03
-4.68539e-03
-4.84620e-03
-5.04392e-03
-5.21494e-03
-5.35884e-03
-5.55139e-03
-5.80755e-03
-6.05170e-03
-6.29613e-03
-6.63176e-03
-7.03030e-03
-7.46321e-03
-7.89199e-03
-8.21290e-03
-8.45832e-03
-8.75095e-03
-9.14355e-03
-9.56427e-03
-9.86388e-03
-1.00112e-02
-1.00632e-02
-1.01145e-02
-1.02157e-02
-1.02781e-02
-1.02512e-02
-1.02736e-02
-1.03559e-02
-1.03585e-02
-1.02360e-02
-9.98239e-03
-9.70305e-03
-9.52739e-03
-9.47617e-03
-9.44457e-03
-9.32296e-03
-9.16065e-03
-9.01306e-03
-8.83014e-03
-8.58169e-03
-8.31226e-03
-8.09015e-03
-7.95071e-03
-7.87861e-03
-7.79104e-03
-7.62220e-03
-7.40500e-03
-7.20161e-03
-7.02017e-03
-6.74404e-03
-6.33250e-03
-5.85277e-03
-5.45389e-03
-5.18308e-03
-4.92048e-03
-4.65419e-03
-4.45632e-03
-4.32489e-03
-4.12821e-03
-3.75391e-03
-3.26638e-03
-2.79958e-03
-2.48925e-03
-2.36779e-03
-2.29660e-03
-2.20977e-03
-2.13419e-03
-2.09883e-03
-2.06415e-03
-1.97796e-03
-1.85446e-03
-1.73802e-03
-1.70273e-03
-1.74014e-03
-1.76583e-03
-1.77731e-03
-1.80710e-03
-1.85608e-03
-1.86504e-03
-1.78473e-03
-1.64925e-03
-1.52022e-03
-1.48112e-03
-1.55505e-03
-1.71662e-03
-1.94193e-03
-2.24417e-03
-2.52691e-03
-2.63662e-03
-2.62863e-03
-2.63423e-03
-2.63267e-03
-2.54132e-03
-2.36979e-03
-2.18400e-03
-2.05345e-03
-1.99492e-03
-1.95304e-03
-1.86513e-03
-1.74020e-03
-1.58734e-03
-1.39303e-03
-1.20119e-03
-1.05985e-03
-9.27897e-04
-7.80426e-04
-6.32582e-04
-4.64717e-04
-2.21236e-04
6.33063e-05
3.35516e-04
5.72767e-04
7.68823e-04
8.97517e-04
1.01303e-03
1.16351e-03
1.35115e-03
1.53771e-03
1.66626e-03
1.70886e-03
1.71016e-03
1.72579e-03
1.76377e-03
1.79879e-03
1.83282e-03
1.87826e-03
1.94817e-03
2.08969e-03
2.30010e-03
2.49458e-03
2.59781e-03
2.53898e-03
2.30150e-03
1.95223e-03
1.63270e-03
1.48502e-03
1.50288e-03
1.54555e-03
1.48213e-03
1.27425e-03
1.02052e-03
8.73702e-04
8.68198e-04
8.99203e-04
8.72492e-04
7.98475e-04
7.43582e-04
7.12240e-04
6.77760e-04
5.86095e-04
4.61130e-04
4.09657e-04
4.47531e-04
5.10454e-04
5.39494e-04
5.37679e-04
5.40772e-04
5.57429e-04
5.77377e-04
5.64203e-04
5.19526e-04
4.98104e-04
4.94267e-04
4.58874e-04
4.07112e-04
3.72918e-04
3.70773e-04
3.66698e-04
3.30117e-04
2.64808e-04
2.16772e-04
2.16102e-04
2.35125e-04
1.93976e-04
9.70965e-05
-1.38295e-05
-1.20968e-04
-2.15819e-04
-3.01821e-04
-3.66997e-04
-4.04860e-04
-4.16588e-04
-4.27849e-04
-4.59553e-04
-4.75427e-04
-4.52331e-04
-4.44571e-04
-5.23118e-04
-7.01473e-04
-9.24629e-04
-1.12666e-03
-1.26043e-03
-1.32499e-03
-1.37417e-03
-1.44525e-03
-1.53370e-03
-1.63812e-03
-1.74310e-03
-1.81498e-03
-1.85728e-03
-1.90131e-03
-1.95260e-03
-2.00013e-03
-2.03029e-03
-2.02853e-03
-2.01682e-03
-2.01931e-03
-2.02798e-03
-2.02256e-03
-2.01043e-03
-2.01844e-03
-2.04438e-03
-2.07108e-03
-2.08089e-03
-2.06009e-03
-2.02871e-03
-2.00998e-03
-1.99750e-03
-1.97415e-03
-1.94510e-03
-1.93355e-03
-1.92812e-03
-1.90921e-03
-1.86240e-03
-1.78310e-03
-1.69577e-03
-1.62424e-03
-1.56345e-03
-1.49653e-03
-1.43462e-03
-1.40801e-03
-1.40479e-03
-1.38156e-03
-1.32192e-03
-1.23406e-03
-1.15654e-03
-1.09953e-03
-1.04383e-03
-9.70585e-04
-8.83701e-04
-7.97138e-04
-7.10740e-04
-6.18159e-04
-5.21170e-04
-4.26008e-04
-3.38851e-04
-2.66287e-04
-2.03910e-04
-1.32790e-04
-5.10874e-05
3.39683e-05
1.27450e-04
2.29756e-04
3.28000e-04
4.14031e-04
4.87129e-04
5.47710e-04
6.07956e-04
6.80737e-04
7.62143e-04
8.36015e-04
9.03480e-04
9.71587e-04
1.03865e-03
1.09863e-03
1.14328e-03
1.17862e-03
1.22154e-03
1.27163e-03
1.31318e-03
1.34315e-03
1.37741e-03
1.42003e-03
1.45321e-03
1.46944e-03
1.47515e-03
1.47253e-03
1.46616e-03
1.46053e-03
1.45657e-03
1.44908e-03
1.44313e-03
1.44321e-03
1.44353e-03
1.43590e-03
1.41931e-03
1.39565e-03
1.36866e-03
1.34598e-03
1.32479e-03
1.30036e-03
1.27595e-03
1.25256e-03
1.22810e-03
1.20394e-03
1.18012e-03
1.15469e-03
1.12804e-03
1.10140e-03
1.07624e-03
1.05282e-03
1.03077e-03
1.00923e-03
9.87808e-04
9.66358e-04
9.45114e-04
9.22833e-04
8.98884e-04
8.76074e-04
8.55808e-04
8.36652e-04
8.19000e-04
8.02080e-04
7.84377e-04
7.65846e-04
7.47354e-04
7.29791e-04
7.13449e-04
6.98021e-04
6.83053e-04
6.68210e-04
6.53416e-04
6.37253e-04
6.18999e-04
6.01979e-04
5.87674e-04
5.73911e-04
5.59372e-04
5.44554e-04
5.30828e-04
5.18888e-04
5.08512e-04
4.98385e-04
4.88061e-04
4.78582e-04
4.69966e-04
4.60880e-04
4.50670e-04
4.40335e-04
4.31102e-04
4.22739e-04
4.14452e-04
4.05953e-04
3.97742e-04
3.90587e-04
3.84417e-04
3.78181e-04
3.71265e-04
3.64384e-04
3.58110e-04
3.52170e-04
3.45971e-04
3.39210e-04
3.32011e-04
3.25046e-04
3.18608e-04
3.12214e-04
3.05633e-04
2.99152e-04
2.92890e-04
2.86827e-04
2.80950e-04
2.75144e-04
2.69346e-04
2.63627e-04
2.58006e-04
2.52399e-04
2.46896e-04
2.41575e-04
2.36416e-04
2.31289e-04
2.26125e-04
2.20986e-04
2.15973e-04
2.11174e-04
2.06558e-04
2.01980e-04
1.97413e-04
1.92893e-04
1.88450e-04
1.84136e-04
1.79944e-04
1.75820e-04
1.71738e-04
1.67714e-04
1.63739e-04
1.59789e-04
1.55882e-04
1.52035e-04
1.48243e-04
1.44491e-04
1.40789e-04
1.37139e-04
1.33540e-04
1.29988e-04
1.26475e-04
1.22993e-04
1.19542e-04
1.16119e-04
1.12719e-04
1.09340e-04
1.05994e-04
1.02681e-04
9.93917e-05
9.61235e-05
9.28751e-05
8.96465e-05
8.64390e-05
8.32519e-05
8.00835e-05
7.69320e-05
7.37973e-05
7.06787e-05
6.75764e-05
6.44916e-05
6.14246e-05
5.83741e-05
5.53396e-05
5.23209e-05
4.93181e-05
4.63312e-05
4.33606e-05
4.04058e-05
3.74670e-05
3.45441e-05
3.16371e-05
2.87462e-05
2.58712e-05
2.30124e-05
2.01696e-05
1.73430e-05
1.45326e-05
1.17384e-05
8.96065e-06
6.19923e-06
3.45425e-06
7.25756e-07
-1.98621e-06
-4.68160e-06
-7.36037e-06
-1.00225e-05
-1.26679e-05
