1.79764e-05
1.80312e-05
1.80902e-05
1.81456e-05
1.81991e-05
1.82515e-05
1.82979e-05
1.83400e-05
1.83811e-05
1.84752e-05
1.85946e-05
1.86736e-05
1.86703e-05
1.86730e-05
1.86836e-05
1.87049e-05
1.87764e-05
1.88230e-05
1.89108e-05
1.90289e-05
1.90896e-05
1.91779e-05
1.92303e-05
1.92871e-05
1.92447e-05
1.92616e-05
1.94464e-05
1.94613e-05
1.93612e-05
1.93551e-05
1.94405e-05
1.94488e-05
1.92199e-05
1.92686e-05
1.95497e-05
1.95947e-05
1.99228e-05
1.99744e-05
1.98777e-05
1.99044e-05
1.94220e-05
1.95981e-05
1.97488e-05
1.96517e-05
1.98913e-05
1.93656e-05
1.92563e-05
1.93557e-05
1.90795e-05
1.94748e-05
1.91639e-05
1.90297e-05
1.99520e-05
2.01315e-05
2.03658e-05
2.03931e-05
1.95603e-05
1.92260e-05
1.93806e-05
1.95460e-05
1.98115e-05
2.00860e-05
2.03031e-05
2.04990e-05
2.00219e-05
2.00254e-05
2.02339e-05
2.00377e-05
2.07083e-05
2.14492e-05
2.11143e-05
1.95330e-05
1.94078e-05
2.10579e-05
2.08379e-05
2.08484e-05
2.21298e-05
2.21804e-05
2.17944e-05
2.19764e-05
2.06171e-05
2.01860e-05
2.15819e-05
1.98346e-05
1.94812e-05
2.04609e-05
1.82102e-05
1.79675e-05
1.89929e-05
1.93956e-05
2.16157e-05
2.06919e-05
1.93108e-05
2.00488e-05
1.90566e-05
1.94142e-05
2.00372e-05
2.00539e-05
2.20289e-05
2.25282e-05
2.11752e-05
1.99681e-05
1.87904e-05
1.87104e-05
1.84617e-05
1.83937e-05
1.73337e-05
1.62285e-05
1.63860e-05
1.82644e-05
2.11783e-05
2.01106e-05
2.03856e-05
2.17483e-05
2.06931e-05
2.23829e-05
2.12238e-05
2.03552e-05
2.30462e-05
2.15843e-05
2.25336e-05
2.28060e-05
1.83483e-05
1.85102e-05
1.75268e-05
1.78350e-05
2.01310e-05
1.84673e-05
1.94106e-05
1.94236e-05
1.75709e-05
1.82440e-05
1.93506e-05
1.85318e-05
1.89541e-05
2.11579e-05
2.00563e-05
2.36335e-05
2.47504e-05
1.92664e-05
2.27724e-05
2.24408e-05
2.04115e-05
2.27909e-05
1.86545e-05
1.89493e-05
2.11583e-05
1.85008e-05
1.66158e-05
1.66015e-05
1.78978e-05
1.97703e-05
2.11205e-05
1.87453e-05
1.87623e-05
2.10740e-05
1.57390e-05
1.22313e-05
1.25273e-05
1.21009e-05
1.84806e-05
2.00593e-05
1.74742e-05
1.89299e-05
1.95069e-05
1.94452e-05
1.67296e-05
1.51093e-05
1.99196e-05
2.15658e-05
2.05208e-05
2.09342e-05
1.93990e-05
1.97860e-05
1.64271e-05
1.57804e-05
1.91622e-05
2.28188e-05
2.79949e-05
2.51881e-05
2.27539e-05
2.14914e-05
1.98062e-05
2.20502e-05
2.10207e-05
2.27098e-05
2.28436e-05
2.02296e-05
1.57942e-05
1.25436e-05
9.83243e-06
9.87396e-06
1.55433e-05
1.62781e-05
1.81873e-05
2.08154e-05
1.54748e-05
9.30066e-06
1.13206e-05
1.66807e-05
1.11210e-05
7.03828e-06
1.36781e-05
1.59839e-05
2.21639e-05
2.21489e-05
1.44477e-05
1.63894e-05
1.72020e-05
1.49643e-05
1.41554e-05
1.86359e-05
2.43289e-05
1.93588e-05
1.62365e-05
1.47429e-05
1.62876e-05
2.36810e-05
2.61090e-05
2.75394e-05
2.99420e-05
3.38123e-05
2.99420e-05
2.00267e-05
1.98543e-05
2.39291e-05
2.53708e-05
1.99743e-05
1.67561e-05
1.42999e-05
1.12049e-05
1.42568e-05
1.02157e-05
6.27762e-06
8.39286e-06
4.74030e-07
-3.04176e-06
-3.10453e-06
2.69940e-06
1.89609e-05
2.57813e-05
2.32030e-05
1.06551e-05
4.13429e-06
1.55410e-05
2.08613e-05
2.49548e-05
2.23710e-05
1.83892e-05
2.56886e-05
2.60566e-05
3.18540e-05
3.28085e-05
1.99751e-05
9.51428e-06
8.77164e-06
1.28947e-05
1.39791e-05
1.81505e-05
1.29597e-05
8.68942e-06
1.37161e-05
8.62637e-06
9.44640e-06
1.72714e-05
1.65648e-05
1.46542e-05
5.82480e-06
-3.05466e-06
3.08053e-06
1.74100e-05
2.89818e-05
3.08630e-05
2.18309e-05
1.02672e-05
1.38280e-05
2.36758e-05
2.83236e-05
3.45557e-05
3.18999e-05
2.29485e-05
2.19531e-05
2.39001e-05
2.10794e-05
1.12113e-05
8.44940e-06
1.38676e-05
2.04042e-05
2.01472e-05
1.14083e-05
1.38425e-05
9.43487e-06
7.73924e-06
1.38326e-05
6.00142e-06
5.72836e-06
1.23040e-05
1.77666e-05
1.40507e-05
6.03755e-06
1.13169e-05
2.06466e-05
3.24992e-05
3.23877e-05
2.17205e-05
2.41935e-05
2.25436e-05
2.26076e-05
2.79231e-05
2.17383e-05
2.26108e-05
2.71368e-05
1.72057e-05
8.97459e-06
9.87792e-06
1.08493e-05
1.36152e-05
1.54166e-05
1.09117e-05
9.12042e-06
9.02332e-06
9.22964e-06
1.72736e-05
1.83268e-05
1.55907e-05
1.55346e-05
1.65803e-05
2.28952e-05
2.20371e-05
1.20248e-05
6.50774e-06
1.20671e-05
2.30174e-05
2.20537e-05
1.95197e-05
3.21127e-05
3.31351e-05
2.77770e-05
3.11878e-05
3.33749e-05
3.48975e-05
2.05188e-05
7.68336e-06
7.63162e-06
1.14545e-05
1.58437e-05
1.33260e-05
1.22148e-05
1.42651e-05
1.77665e-05
8.68250e-06
4.31905e-06
9.38646e-06
7.23209e-06
1.58362e-05
1.43741e-05
1.80074e-05
2.32154e-05
1.64228e-05
2.32052e-05
2.54487e-05
3.35402e-05
3.34075e-05
1.64091e-05
1.60253e-05
2.55154e-05
3.80766e-05
3.72713e-05
3.09219e-05
3.35935e-05
2.99924e-05
1.99538e-05
1.81507e-05
2.26962e-05
2.18171e-05
1.91102e-05
1.90553e-05
2.00660e-05
2.18521e-05
1.17881e-05
-4.56423e-06
-3.68638e-06
4.50391e-06
6.41258e-06
1.55661e-05
2.36505e-05
1.93373e-05
1.81713e-05
1.74889e-05
1.82673e-05
1.28319e-05
7.44691e-06
1.00229e-05
1.02117e-05
1.28417e-05
1.28637e-05
1.38654e-05
2.28882e-05
2.57059e-05
2.48235e-05
2.38131e-05
1.84857e-05
1.56027e-05
1.48374e-05
1.83819e-05
2.30466e-05
2.84837e-05
3.21629e-05
3.21932e-05
2.94085e-05
2.58145e-05
2.76587e-05
2.29480e-05
1.40814e-05
2.02234e-05
1.85252e-05
1.21769e-05
1.66242e-05
1.58193e-05
1.12274e-05
1.20986e-05
2.13763e-05
2.84555e-05
2.41490e-05
3.13062e-05
3.58812e-05
2.40670e-05
2.22815e-05
2.57797e-05
1.31544e-05
9.48814e-06
1.57141e-05
1.23210e-05
1.20897e-05
9.45690e-06
1.13370e-05
1.93764e-05
2.05451e-05
2.02676e-05
1.59926e-05
1.29688e-05
1.04679e-05
1.85839e-05
2.03170e-05
1.32748e-05
1.93524e-05
1.95783e-05
1.85998e-05
2.12449e-05
2.42277e-05
2.29342e-05
1.14933e-05
1.75599e-05
2.03996e-05
1.59489e-05
2.03005e-05
1.68283e-05
1.30727e-05
1.85900e-05
2.68145e-05
2.58518e-05
1.77020e-05
1.94665e-05
2.86338e-05
3.31747e-05
3.13589e-05
2.86702e-05
1.75113e-05
5.98113e-06
1.28838e-05
1.31895e-05
1.58070e-05
2.03126e-05
1.31635e-05
4.72825e-06
4.03628e-06
1.75476e-05
2.31296e-05
1.76030e-05
2.03835e-05
2.85632e-05
2.02863e-05
9.50777e-06
1.84105e-05
2.12601e-05
1.95213e-05
1.83255e-05
9.54466e-06
1.01284e-05
7.58616e-06
5.66478e-06
1.38870e-05
2.30514e-05
2.02209e-05
6.61071e-06
4.72951e-06
1.28810e-05
2.12790e-05
2.46389e-05
1.85762e-05
2.19226e-05
2.57756e-05
2.93586e-05
2.92698e-05
2.58368e-05
2.55235e-05
1.66573e-05
1.83405e-05
2.37512e-05
2.12148e-05
1.90884e-05
1.29602e-05
1.73455e-05
2.28573e-05
2.11028e-05
1.90954e-05
2.02422e-05
2.54491e-05
1.83310e-05
1.46250e-05
1.53974e-05
1.01473e-05
9.87181e-06
1.00861e-05
1.54254e-05
1.53947e-05
1.28200e-05
1.79954e-05
1.83333e-05
1.70661e-05
1.00195e-05
1.26259e-05
1.52497e-05
1.64966e-05
2.51306e-05
1.92035e-05
2.16119e-05
2.53285e-05
2.63966e-05
2.78441e-05
2.00747e-05
2.14345e-05
1.80963e-05
1.88540e-05
2.15065e-05
2.17809e-05
2.03873e-05
9.94665e-06
1.77434e-05
1.50983e-05
7.07602e-06
1.76310e-05
1.79672e-05
1.86886e-05
1.77216e-05
1.24358e-05
1.48495e-05
1.69959e-05
2.39799e-05
2.41686e-05
2.40952e-05
2.39618e-05
2.23893e-05
2.38560e-05
1.22450e-05
1.03387e-05
1.19338e-05
6.88103e-06
1.18197e-05
4.91384e-06
7.46306e-06
1.55753e-05
1.21875e-05
9.04144e-06
5.78046e-06
1.54651e-05
2.01955e-05
2.47974e-05
2.63120e-05
1.66909e-05
2.16997e-05
2.47502e-05
2.73348e-05
2.54115e-05
2.19990e-05
2.80010e-05
2.56175e-05
2.53103e-05
2.17630e-05
1.90709e-05
1.51218e-05
8.21353e-06
1.69163e-05
1.16131e-05
7.14884e-06
1.49705e-05
1.17374e-05
1.77978e-05
1.69292e-05
9.76023e-06
1.58888e-05
1.42075e-05
1.14434e-05
1.39872e-05
1.88500e-05
2.84910e-05
2.42614e-05
1.94041e-05
1.67969e-05
1.67409e-05
1.39035e-05
8.53558e-06
1.66577e-05
2.02215e-05
1.39961e-05
1.74226e-05
1.75146e-05
1.38081e-05
1.65111e-05
1.92247e-05
1.55555e-05
9.12712e-06
6.34949e-06
1.09330e-05
1.81299e-05
2.09542e-05
2.17409e-05
1.72069e-05
1.44514e-05
1.62021e-05
1.43839e-05
1.62304e-05
2.15804e-05
1.89151e-05
1.70434e-05
1.41613e-05
9.78226e-06
1.40998e-05
1.14324e-05
1.33233e-05
2.31344e-05
1.68747e-05
1.77852e-05
2.76020e-05
2.05174e-05
1.66586e-05
2.31242e-05
2.76119e-05
2.30360e-05
1.75433e-05
1.83873e-05
1.83724e-05
1.65409e-05
1.46362e-05
1.09835e-05
1.28143e-05
1.63362e-05
1.27895e-05
1.08305e-05
7.14925e-06
6.32744e-06
1.15889e-05
7.15954e-06
2.50850e-06
-1.27738e-06
-1.38586e-07
1.22909e-05
1.34140e-05
1.88209e-05
2.50088e-05
1.70194e-05
2.04788e-05
2.22183e-05
1.69681e-05
2.20776e-05
2.23599e-05
2.30018e-05
2.49753e-05
2.75649e-05
2.66593e-05
2.76154e-05
2.73762e-05
1.94073e-05
1.81835e-05
1.28448e-05
9.11025e-06
1.17440e-05
1.46135e-05
1.43396e-05
6.34989e-06
6.11593e-06
3.35974e-06
3.53833e-06
8.55767e-06
3.57709e-06
9.44527e-06
9.74521e-06
1.14146e-05
1.49460e-05
1.33275e-05
1.47716e-05
1.60233e-05
2.66693e-05
2.12077e-05
1.22519e-05
2.18917e-05
2.12455e-05
2.38546e-05
2.64223e-05
1.56909e-05
1.26564e-05
1.09453e-05
1.08511e-05
1.35396e-05
1.07953e-05
5.21851e-06
5.28889e-06
7.83422e-06
2.44831e-06
5.17230e-06
6.72791e-06
-2.18095e-07
7.56733e-06
6.84114e-06
4.99757e-06
9.29750e-06
7.75905e-06
1.56234e-05
2.22180e-05
2.38657e-05
2.01924e-05
2.30203e-05
3.09370e-05
2.57276e-05
2.36130e-05
2.27717e-05
2.55290e-05
2.52668e-05
1.45773e-05
1.42843e-05
7.92587e-06
-2.27935e-07
5.94521e-06
6.04252e-06
1.37919e-06
2.27054e-06
4.02421e-06
4.06029e-06
2.99126e-06
-1.50224e-06
1.98830e-07
8.42014e-06
1.75204e-05
1.92213e-05
1.57118e-05
1.44798e-05
1.38549e-05
2.17330e-05
1.91062e-05
1.72953e-05
2.34173e-05
1.91018e-05
1.42393e-05
7.01133e-06
7.92208e-06
1.22504e-05
6.98251e-06
1.31859e-05
1.67587e-05
8.69128e-06
6.56111e-06
5.84040e-06
1.11532e-05
1.10748e-05
7.56737e-06
1.09158e-05
3.75184e-06
9.63631e-07
2.53303e-06
8.07412e-08
1.07074e-05
9.82880e-06
5.39848e-06
1.32021e-05
1.26551e-05
1.50313e-05
1.14803e-05
8.73126e-06
1.49186e-05
1.68952e-05
1.94326e-05
1.76341e-05
1.57850e-05
1.65241e-05
1.66983e-05
1.63528e-05
1.02457e-05
1.17102e-05
1.28150e-05
1.35542e-05
8.01312e-06
1.72266e-06
5.11049e-06
3.40518e-06
7.00427e-06
9.51190e-06
3.40103e-06
5.72762e-06
5.07305e-06
7.55944e-06
1.12860e-05
1.11581e-05
1.11916e-05
1.10430e-05
6.49471e-06
9.20252e-06
1.54511e-05
8.18075e-06
3.55430e-06
1.07487e-05
1.53527e-05
1.34017e-05
9.75841e-06
1.24301e-05
1.60382e-05
1.13857e-05
9.63148e-06
1.58191e-05
1.03612e-05
5.84738e-06
8.26229e-06
3.06938e-06
3.66080e-06
3.51549e-08
2.87223e-06
1.25349e-05
2.76321e-06
3.50193e-06
9.69145e-06
5.39932e-06
1.04759e-05
9.77498e-06
4.98627e-06
5.04125e-06
8.58942e-06
6.66539e-06
8.62607e-06
1.83447e-05
1.39809e-05
1.29204e-05
1.55118e-05
1.47847e-05
2.08695e-05
1.92001e-05
1.35295e-05
9.92002e-06
5.20463e-06
-2.40962e-07
4.25212e-06
8.68356e-06
2.37444e-06
-1.46550e-06
-2.33646e-06
-1.54195e-06
-6.37469e-07
2.03115e-07
1.05020e-06
5.64080e-06
1.09293e-05
8.31240e-06
6.27371e-06
3.56341e-06
6.28682e-06
9.70290e-06
9.05089e-06
1.31762e-05
8.91335e-06
8.63243e-06
4.93535e-06
3.26723e-06
1.01222e-05
6.85548e-06
9.19812e-06
2.84805e-06
1.15118e-06
1.26015e-05
4.68403e-06
2.60784e-06
1.35566e-05
1.44410e-05
4.28905e-06
-2.45468e-07
5.97654e-06
6.90220e-06
6.87713e-06
7.61364e-06
2.20408e-06
6.68265e-06
1.47569e-05
1.02839e-05
4.60357e-06
9.75492e-07
1.85756e-06
-2.06463e-07
-8.35609e-07
1.05751e-05
6.25223e-06
3.39588e-06
4.96526e-06
-2.30715e-07
5.78032e-06
4.05888e-06
1.30116e-06
6.53678e-06
3.96791e-06
9.73335e-07
1.54044e-07
3.65497e-06
4.56454e-06
-9.76978e-07
-8.39129e-06
-7.41013e-06
5.93103e-07
-4.83101e-06
-1.13036e-05
-5.91954e-06
-2.28861e-06
-5.11744e-06
-3.29302e-06
4.78182e-06
6.61385e-06
7.47917e-06
1.00682e-05
1.01631e-05
9.90791e-06
7.32043e-06
1.07438e-05
1.25983e-05
1.43838e-05
1.69824e-05
1.15503e-05
5.01596e-06
-4.96533e-07
-2.33347e-06
-4.38958e-06
-7.83451e-06
-4.56329e-06
-6.17300e-06
-8.89766e-07
1.70588e-06
1.16358e-07
6.02381e-06
3.66984e-06
6.01643e-06
-3.46449e-07
-2.95937e-06
7.55265e-06
3.31162e-06
5.79490e-06
6.55539e-06
4.55342e-07
2.63375e-06
-4.25008e-06
-1.87540e-06
-4.65248e-06
-9.92883e-06
-3.13680e-06
-5.46892e-06
-1.28379e-06
-4.94188e-06
-9.37494e-06
2.10482e-06
3.26323e-06
3.95603e-06
6.63587e-06
8.52903e-06
1.09945e-05
6.60851e-06
5.43755e-06
8.87729e-07
-1.85764e-06
1.56960e-06
1.71030e-06
4.23232e-06
-3.71273e-07
-3.92749e-06
-1.57138e-06
-3.08151e-06
9.39114e-06
8.40504e-06
-3.26038e-06
5.46222e-06
5.62577e-06
9.66032e-07
3.55432e-06
-6.53307e-08
-3.82707e-06
-2.04922e-06
-2.11934e-06
-6.76659e-06
-5.86122e-06
4.05221e-07
-5.16680e-06
-7.78834e-06
3.74588e-06
2.06282e-06
-7.66356e-07
-8.31323e-08
-5.35699e-06
-2.00606e-06
-1.96311e-06
-1.02130e-06
4.72274e-07
-6.52773e-06
-3.26103e-06
-4.96672e-06
-7.77044e-06
-2.45043e-06
3.47842e-07
2.94290e-06
1.97071e-06
1.03803e-06
7.34135e-06
7.23185e-06
-9.50151e-07
1.66735e-06
4.26724e-06
-1.07613e-06
-4.15678e-06
-8.51352e-06
-4.19660e-06
-3.33914e-06
-2.26541e-06
8.99216e-07
-8.72662e-06
-3.66285e-06
-2.75443e-06
-3.46915e-06
6.05496e-06
-1.81507e-06
7.09468e-07
2.28075e-06
-9.24408e-06
3.54158e-07
1.35379e-06
-6.84294e-06
2.27609e-07
2.55131e-07
-7.08949e-06
-7.23868e-06
-7.23389e-06
-8.24844e-06
-8.28603e-06
-9.32758e-06
-7.45979e-06
-3.30053e-07
-1.27954e-06
-2.14125e-06
2.76843e-07
-4.02793e-06
-7.14985e-07
-2.47468e-06
-5.23221e-06
-2.74980e-06
-3.46221e-06
-1.21531e-07
-5.52734e-06
-1.10513e-05
-1.13027e-05
-1.10493e-05
-8.78588e-06
-1.48272e-05
-8.81842e-06
-4.17378e-06
-6.97483e-06
-6.20996e-06
-4.33392e-06
-1.78630e-06
-1.70990e-06
-1.90249e-06
-5.53994e-06
-4.67494e-06
-3.05617e-06
-3.75602e-06
-5.21369e-07
-4.82436e-06
-1.43065e-06
-5.69056e-07
-5.95793e-06
-5.37042e-06
-7.90851e-06
-8.17227e-06
-1.36498e-05
-1.54760e-05
-7.45866e-06
-9.25598e-06
-1.29790e-05
-1.03491e-05
-1.40947e-05
-1.30643e-05
-3.38343e-06
-7.74347e-06
-6.07369e-06
-8.02582e-07
-1.44209e-06
1.73184e-06
-7.13077e-06
-5.48873e-06
-1.88214e-07
-8.23306e-06
-8.53390e-06
-6.61653e-06
-6.74937e-06
-8.64960e-06
-9.56819e-06
-7.87217e-06
-1.43527e-05
-1.69927e-05
-1.09358e-05
-1.71415e-05
-1.91637e-05
-1.46769e-05
-1.18720e-05
-7.55987e-06
-7.41282e-06
-6.76683e-06
-8.50695e-06
-6.77058e-06
-1.25187e-05
-1.76091e-05
-8.23669e-06
-1.50589e-05
-9.93077e-06
-2.76080e-06
-5.19570e-06
-1.20329e-06
-1.08627e-05
-1.11783e-05
-8.51712e-06
-1.01820e-05
-6.01415e-06
-1.03283e-05
-8.77777e-06
-3.28412e-06
-5.72045e-07
-2.59409e-06
-1.07065e-05
-1.36766e-05
-1.64104e-05
-1.27349e-05
-1.03220e-05
-1.82729e-05
-9.42693e-06
-4.01008e-06
-1.11916e-05
-1.05913e-05
-1.59710e-05
-2.24576e-05
-2.53705e-05
-2.43355e-05
-1.17760e-05
-9.05740e-06
-1.45257e-05
-1.10437e-05
-1.20263e-05
-1.18940e-05
-8.67954e-06
-1.65264e-05
-1.32912e-05
-1.22911e-05
-1.22648e-05
-1.08127e-05
-1.50055e-05
-6.33494e-06
-1.07663e-05
-1.80845e-05
-1.19656e-05
-1.27056e-05
-1.47744e-05
-1.47617e-05
-8.40436e-06
-4.01091e-06
-1.40030e-05
-1.87051e-05
-1.23252e-05
-1.34139e-05
-1.87799e-05
-9.82222e-06
-1.18201e-05
-2.06539e-05
-1.20628e-05
-1.63288e-05
-1.64792e-05
-1.12696e-05
-1.27448e-05
-5.97056e-06
-9.35064e-06
-3.07584e-06
3.92026e-06
-6.69157e-06
-6.20850e-06
-1.25263e-05
-1.70271e-05
-7.33033e-06
-1.17194e-05
-1.46068e-05
-1.19858e-05
-2.20264e-05
-3.03305e-05
-2.58165e-05
-2.59743e-05
-3.13155e-05
-2.88960e-05
-3.14928e-05
-2.98268e-05
-2.07431e-05
-1.53275e-05
-1.35279e-05
-1.55259e-05
-1.63272e-05
-8.36095e-06
-8.30793e-06
-1.20281e-05
-1.31127e-05
-1.57435e-05
-1.69122e-05
-2.14126e-05
-1.60009e-05
-6.15219e-06
-6.02974e-06
-7.16213e-07
-8.49526e-07
-6.14791e-06
-1.06106e-06
-1.73714e-06
-3.81602e-06
-1.11331e-05
-1.84537e-05
-1.31175e-05
-7.64019e-06
-9.54248e-06
-1.69420e-05
-2.24169e-05
-1.98314e-05
-1.43106e-05
-1.08137e-05
-1.53718e-05
-2.27833e-05
-2.73874e-05
-2.83980e-05
-2.29021e-05
-1.48504e-05
-1.57110e-05
-2.04195e-05
-2.31932e-05
-1.77474e-05
-6.91711e-06
-5.07935e-06
-1.25077e-05
-2.16556e-05
-2.44893e-05
-2.45376e-05
-2.82869e-05
-3.00934e-05
-2.66140e-05
-2.66151e-05
-2.01720e-05
-1.68887e-05
-2.65692e-05
-1.96802e-05
-1.86867e-05
-2.50235e-05
-2.44628e-05
-2.69104e-05
-2.18100e-05
-1.98377e-05
-1.62807e-05
-1.64846e-05
-2.44872e-05
-2.21533e-05
-1.45457e-05
-3.95197e-06
-9.32497e-06
-1.57347e-05
-1.78574e-05
-3.03980e-05
-3.25363e-05
-3.06292e-05
-3.34631e-05
-4.18026e-05
-4.99421e-05
-5.02169e-05
-4.45251e-05
-3.02474e-05
-2.27646e-05
-1.56799e-05
-4.67962e-06
3.45140e-06
-7.64678e-06
-3.30971e-05
-5.07299e-05
-6.61421e-05
-7.26934e-05
-6.45373e-05
-4.25442e-05
-2.91303e-05
-5.63671e-05
-1.01295e-04
-1.47993e-04
-1.94402e-04
-2.36010e-04
-2.45547e-04
-1.75709e-04
-1.00753e-04
-6.96023e-05
-4.06672e-05
-6.65937e-06
-1.06215e-05
-9.64638e-05
-1.87711e-04
-1.88923e-04
-1.40384e-04
-1.27762e-04
-1.81712e-04
-2.40111e-04
-2.43905e-04
-2.44068e-04
-2.78626e-04
-2.87961e-04
-2.42308e-04
-1.82032e-04
-1.63961e-04
-1.85794e-04
-1.76654e-04
-1.44127e-04
-1.41141e-04
-1.23891e-04
-8.57174e-05
-8.84695e-05
-1.31191e-04
-2.22126e-04
-3.86440e-04
-4.80157e-04
-4.51724e-04
-5.13301e-04
-7.23805e-04
-8.74570e-04
-7.13255e-04
-3.96286e-04
-4.01707e-04
-6.28509e-04
-5.58634e-04
-2.13893e-04
8.99835e-05
3.57464e-04
5.65552e-04
5.00388e-04
2.81242e-04
3.69092e-04
5.78120e-04
1.76753e-04
-5.26912e-04
-7.74845e-04
-7.40956e-04
-7.33545e-04
-6.99019e-04
-4.75256e-04
-1.63686e-04
-2.39762e-04
-3.90170e-04
-1.29527e-05
2.66329e-04
-5.90147e-05
-1.38420e-04
7.54654e-04
1.92699e-03
2.34350e-03
2.13824e-03
1.89640e-03
1.31261e-03
2.75641e-04
-5.32540e-04
-1.19764e-03
-1.99497e-03
-2.64679e-03
-2.83004e-03
-2.51758e-03
-2.27328e-03
-1.70826e-03
-3.16023e-04
8.98600e-04
1.34282e-03
1.39336e-03
1.35062e-03
1.21938e-03
1.17143e-03
1.38817e-03
1.78901e-03
2.00332e-03
1.57287e-03
9.95608e-04
6.83485e-04
2.19716e-04
-3.09387e-04
-7.57574e-04
-1.74457e-03
-3.07670e-03
-3.56465e-03
-3.34452e-03
-2.86650e-03
-1.79228e-03
-4.11260e-04
4.94391e-04
7.02285e-04
1.10358e-03
2.35893e-03
3.29808e-03
2.24728e-03
-7.69673e-06
-1.52988e-03
-2.82500e-03
-4.44836e-03
-5.51647e-03
-5.57983e-03
-3.93957e-03
-1.28077e-03
-1.72223e-04
-4.00571e-04
1.06297e-04
1.41142e-03
2.64255e-03
2.94915e-03
1.90173e-03
-2.46925e-05
-1.56179e-03
-1.71516e-03
-1.28776e-03
-1.26857e-03
-1.20424e-03
1.86487e-04
2.45996e-03
3.54149e-03
3.25051e-03
2.35340e-03
1.58004e-03
1.38815e-03
1.34352e-03
1.33680e-03
9.02226e-04
-1.44586e-04
-9.09006e-04
-6.14160e-04
9.31282e-05
3.97115e-04
9.42285e-04
6.66776e-04
-7.60971e-04
-1.48941e-03
-1.92783e-03
-2.20428e-03
-2.45405e-03
-3.39742e-03
-4.20313e-03
-4.58662e-03
-3.89497e-03
-2.62619e-03
-2.07119e-03
-9.13971e-04
1.10984e-03
2.33499e-03
1.50301e-03
-7.52769e-04
-2.54813e-03
-3.05175e-03
-2.17415e-03
-9.87344e-04
-3.92157e-04
1.66455e-04
1.11419e-03
1.95474e-03
1.83805e-03
5.40956e-04
-2.03545e-03
-4.58909e-03
-5.48002e-03
-5.68218e-03
-5.87415e-03
-4.88296e-03
-2.25387e-03
5.48664e-04
2.23914e-03
2.50011e-03
1.89369e-03
1.74859e-03
5.33866e-04
-2.38203e-03
-4.03088e-03
-4.15499e-03
-4.04245e-03
-3.85172e-03
-2.99084e-03
-1.01882e-03
5.32139e-04
1.25331e-03
2.75791e-03
5.94625e-03
9.17361e-03
9.33491e-03
6.46940e-03
2.92661e-03
2.28233e-04
-1.51237e-03
-3.16474e-03
-4.47339e-03
-5.09615e-03
-5.39059e-03
-5.56498e-03
-5.51192e-03
-3.71607e-03
-8.40616e-04
4.67887e-04
6.48048e-04
3.70537e-04
-6.13153e-04
-1.72760e-03
-2.39014e-03
-1.70273e-03
1.44270e-04
1.18137e-03
4.82538e-04
6.53780e-04
1.67262e-03
-1.10478e-03
-5.64858e-03
-6.76028e-03
-5.64446e-03
-5.27149e-03
-6.40689e-03
-7.11261e-03
-4.99440e-03
-9.54528e-04
1.47705e-03
1.86806e-03
2.97730e-03
5.00816e-03
7.79321e-03
1.01728e-02
9.69806e-03
7.09908e-03
3.37206e-03
-9.82412e-04
-4.17459e-03
-4.25327e-03
-1.60213e-03
1.00769e-03
1.61658e-03
6.38460e-04
4.18919e-04
6.66335e-04
7.08875e-05
-6.00909e-04
-2.31544e-03
-5.06478e-03
-7.01025e-03
-7.78623e-03
-8.66832e-03
-1.03314e-02
-1.07914e-02
-9.30251e-03
-6.61292e-03
-3.18493e-03
8.76258e-06
2.61622e-03
4.77385e-03
6.54325e-03
6.49871e-03
4.39967e-03
2.91822e-03
2.40533e-03
1.31104e-03
2.09764e-04
8.18715e-04
1.86788e-03
1.83866e-03
2.89616e-03
5.13358e-03
5.72823e-03
3.96348e-03
2.23717e-03
3.19327e-03
5.08464e-03
5.33334e-03
5.09728e-03
4.40314e-03
2.19467e-03
-1.19289e-03
-6.01690e-03
-9.61314e-03
-8.89447e-03
-6.29479e-03
-4.95163e-03
-5.43626e-03
-5.81971e-03
-4.26198e-03
-1.16302e-03
1.34005e-03
1.69076e-03
2.72172e-03
3.15293e-03
2.10592e-04
-2.02979e-03
-3.51279e-03
-6.34674e-03
-9.16204e-03
-9.88434e-03
-7.72356e-03
-5.66128e-03
-4.65612e-03
-2.32971e-03
2.18044e-03
5.72999e-03
5.51972e-03
3.88603e-03
2.19918e-03
2.53899e-05
-2.87799e-03
-5.90400e-03
-6.81868e-03
-5.38037e-03
-3.18828e-03
-2.33490e-03
-2.68831e-03
-2.73605e-03
-3.11630e-03
-4.64054e-03
-7.72473e-03
-1.00017e-02
-8.63447e-03
-5.14790e-03
-1.69651e-03
7.91053e-04
1.98346e-03
2.79709e-03
4.76008e-03
7.15567e-03
7.74077e-03
6.24074e-03
3.95389e-03
3.08669e-03
3.97764e-03
3.66369e-03
1.54779e-03
9.19892e-04
2.18700e-03
2.34290e-03
7.95723e-04
-1.62125e-03
-3.57098e-03
-2.94870e-03
-1.19223e-03
-7.88479e-04
-9.97953e-04
-1.63093e-03
-2.63162e-03
-2.31813e-03
-1.80019e-03
-3.13707e-03
-4.37009e-03
-4.81138e-03
-7.63113e-03
-1.17395e-02
-1.40455e-02
-1.47811e-02
-1.36567e-02
-1.18129e-02
-1.16401e-02
-1.32782e-02
-1.36499e-02
-9.02520e-03
-2.64463e-03
7.60990e-04
2.37225e-03
5.41920e-03
1.04134e-02
1.40010e-02
1.54522e-02
1.62233e-02
1.60346e-02
1.52738e-02
1.41587e-02
1.25276e-02
8.22144e-03
6.02131e-04
-5.19815e-03
-7.54633e-03
-1.00894e-02
-1.48466e-02
-1.94439e-02
-1.97157e-02
-1.68770e-02
-1.51808e-02
-1.54423e-02
-1.44040e-02
-8.31971e-03
7.39042e-04
8.17145e-03
1.28575e-02
1.46942e-02
1.46668e-02
1.49567e-02
1.52269e-02
1.41574e-02
1.16166e-02
8.44935e-03
6.39209e-03
5.10920e-03
2.90150e-03
9.20917e-05
-1.26177e-03
-1.04315e-03
-2.50351e-03
-5.43068e-03
-7.58444e-03
-8.85577e-03
-8.25939e-03
-7.73898e-03
-7.22661e-03
-3.61048e-03
-6.67343e-04
1.04981e-03
4.77244e-03
7.55230e-03
7.80283e-03
6.17663e-03
3.76450e-03
1.08919e-03
-3.73754e-03
-8.53660e-03
-1.09489e-02
-1.15620e-02
-1.09172e-02
-1.04023e-02
-9.16453e-03
-6.81632e-03
-4.31477e-03
-1.15896e-03
2.39180e-03
5.35598e-03
5.94587e-03
5.18965e-03
5.67796e-03
6.62353e-03
6.86481e-03
5.82112e-03
5.46757e-03
6.38859e-03
4.68710e-03
9.96363e-04
-1.11645e-03
-1.63328e-03
-2.21422e-03
-1.63538e-03
1.39026e-03
3.57785e-03
4.18520e-03
4.92295e-03
5.30559e-03
5.21640e-03
3.26497e-03
-1.77854e-03
-6.80906e-03
-8.77028e-03
-9.45526e-03
-1.06342e-02
-1.10958e-02
-1.08303e-02
-1.04675e-02
-8.95696e-03
-4.35566e-03
2.96975e-03
9.47461e-03
1.21455e-02
1.12703e-02
1.00172e-02
9.58418e-03
9.22197e-03
8.29101e-03
5.41905e-03
2.24372e-03
6.38521e-04
-5.21072e-04
-1.40709e-03
-1.83152e-03
-2.51323e-03
-4.38016e-03
-6.58149e-03
-7.97431e-03
-9.77519e-03
-1.11819e-02
-9.49893e-03
-5.25551e-03
-2.66626e-03
-3.42753e-03
-3.09945e-03
1.09772e-03
6.17592e-03
7.83878e-03
6.88823e-03
8.65681e-03
1.17513e-02
1.11594e-02
8.31964e-03
6.49044e-03
6.68279e-03
6.79757e-03
4.11239e-03
3.08073e-04
-1.39547e-03
-9.61952e-04
-1.02168e-03
-2.27528e-03
-4.70068e-03
-8.57685e-03
-1.11931e-02
-1.17207e-02
-1.21929e-02
-1.38421e-02
-1.59410e-02
-1.53772e-02
-1.21623e-02
-9.61855e-03
-9.50307e-03
-1.07568e-02
-7.78393e-03
1.80103e-03
1.05420e-02
1.35653e-02
1.29732e-02
1.12184e-02
1.06072e-02
1.19512e-02
1.46168e-02
1.57463e-02
1.33770e-02
9.51556e-03
5.13513e-03
9.86153e-04
-1.63618e-03
-1.21898e-03
7.40289e-04
3.02018e-05
-1.21764e-03
-5.73983e-04
1.28515e-03
6.13298e-03
1.43596e-02
2.26068e-02
2.67820e-02
2.77059e-02
2.85253e-02
2.91880e-02
2.81742e-02
2.40020e-02
1.93184e-02
1.61492e-02
1.03984e-02
1.89414e-03
-6.21154e-03
-1.42540e-02
-2.18931e-02
-2.81297e-02
-3.13077e-02
-3.02411e-02
-2.90963e-02
-2.78573e-02
-2.08569e-02
-9.06262e-03
1.62439e-03
8.21127e-03
1.39147e-02
2.13448e-02
2.72436e-02
2.81102e-02
2.44809e-02
1.96450e-02
1.35248e-02
5.54177e-03
-2.23954e-03
-8.96530e-03
-1.48523e-02
-1.95847e-02
-1.95505e-02
-1.54880e-02
-1.34041e-02
-1.18415e-02
-6.92507e-03
5.27143e-04
6.87135e-03
8.27683e-03
6.76281e-03
5.76535e-03
4.28845e-03
1.69101e-03
-1.63199e-03
-4.94044e-03
-7.62458e-03
-1.00568e-02
-1.22061e-02
-1.56205e-02
-2.03261e-02
-2.15955e-02
-1.69533e-02
-9.77938e-03
-2.68873e-03
4.23174e-03
9.14369e-03
1.30445e-02
1.79828e-02
2.03168e-02
1.92140e-02
1.95016e-02
2.26894e-02
2.45762e-02
2.19471e-02
1.89940e-02
1.86990e-02
1.65013e-02
1.09974e-02
4.96722e-03
1.45501e-03
2.94393e-03
6.36811e-03
8.35171e-03
9.03285e-03
7.56954e-03
3.81751e-03
1.20063e-03
1.02617e-03
-4.52958e-04
-4.48326e-03
-8.47281e-03
-9.69459e-03
-1.02086e-02
-1.25544e-02
-1.29946e-02
-1.08563e-02
-7.07947e-03
-3.46321e-03
-2.96768e-03
-1.47073e-03
3.72338e-03
1.12833e-02
1.74278e-02
1.74034e-02
1.28073e-02
7.40486e-03
3.16860e-03
-3.28015e-03
-1.33945e-02
-2.09863e-02
-2.53616e-02
-2.69289e-02
-2.43175e-02
-2.00916e-02
-1.28731e-02
-4.15764e-04
1.26895e-02
1.92351e-02
1.92073e-02
1.88746e-02
2.00918e-02
2.24325e-02
2.45655e-02
2.35034e-02
2.09926e-02
2.01523e-02
2.15331e-02
2.48818e-02
2.64201e-02
2.41061e-02
2.34518e-02
2.60626e-02
2.56137e-02
1.96910e-02
1.34843e-02
1.10047e-02
1.04836e-02
1.04610e-02
1.00594e-02
7.92761e-03
7.04620e-03
1.03243e-02
1.39026e-02
1.22891e-02
6.83909e-03
3.52889e-03
6.64259e-03
1.39869e-02
1.85624e-02
2.04039e-02
2.24565e-02
2.16159e-02
1.63459e-02
1.01397e-02
5.93443e-03
1.43838e-03
-6.00379e-03
-1.53642e-02
-2.40589e-02
-2.97520e-02
-3.28590e-02
-3.39523e-02
-3.12248e-02
-2.32594e-02
-1.51506e-02
-1.20315e-02
-1.17134e-02
-1.34327e-02
-1.74445e-02
-2.34267e-02
-2.79483e-02
-2.68745e-02
-2.72107e-02
-3.28588e-02
-3.57356e-02
-3.11854e-02
-2.22978e-02
-1.24717e-02
-4.90694e-03
-5.36416e-03
-1.05596e-02
-1.05673e-02
-8.62140e-03
-1.10768e-02
-1.27554e-02
-9.95793e-03
-6.60934e-03
-5.00897e-03
-3.86051e-03
-1.44295e-03
5.31266e-03
1.77770e-02
3.01654e-02
3.73034e-02
4.23367e-02
4.88848e-02
5.46101e-02
5.56799e-02
5.21457e-02
4.51671e-02
3.57442e-02
2.76643e-02
2.26234e-02
2.07420e-02
2.34470e-02
2.81138e-02
2.86721e-02
2.27630e-02
1.51799e-02
7.23984e-03
-4.26133e-03
-1.57865e-02
-2.59322e-02
-3.73991e-02
-4.90855e-02
-5.90558e-02
-6.37434e-02
-6.02238e-02
-5.31146e-02
-5.17961e-02
-5.54321e-02
-5.36321e-02
-4.68609e-02
-4.27795e-02
-4.31474e-02
-4.54840e-02
-4.53177e-02
-4.02340e-02
-3.23838e-02
-2.37146e-02
-1.31969e-02
-3.08121e-03
5.19733e-03
1.43012e-02
2.09715e-02
2.16366e-02
1.57568e-02
5.42318e-03
-3.59759e-03
-1.13688e-02
-1.96294e-02
-2.66566e-02
-2.97299e-02
-2.85965e-02
-2.56888e-02
-1.70243e-02
-9.00560e-04
1.47553e-02
2.67894e-02
3.67361e-02
4.24799e-02
4.53904e-02
4.75526e-02
4.57077e-02
4.30751e-02
4.43090e-02
4.48401e-02
4.04887e-02
3.48848e-02
3.41441e-02
3.58947e-02
3.44370e-02
2.90321e-02
1.93018e-02
5.18197e-03
-1.17347e-02
-2.62586e-02
-3.40352e-02
-3.81643e-02
-4.29483e-02
-4.82616e-02
-5.04091e-02
-4.90548e-02
-4.36012e-02
-2.76388e-02
-4.81096e-03
1.40986e-02
2.86987e-02
4.31748e-02
5.70200e-02
6.70572e-02
6.97740e-02
6.18348e-02
4.67634e-02
3.22591e-02
1.86574e-02
4.60793e-03
-6.65517e-03
-1.41178e-02
-1.89941e-02
-1.95670e-02
-1.62114e-02
-1.19302e-02
-6.24852e-03
4.23779e-04
5.56899e-03
8.25531e-03
9.33308e-03
1.24901e-02
1.95565e-02
2.88524e-02
3.98060e-02
4.83427e-02
4.96616e-02
4.68795e-02
4.31142e-02
3.80976e-02
3.07152e-02
1.97489e-02
9.08790e-03
1.12072e-03
-6.44279e-03
-1.28844e-02
-1.74758e-02
-2.13948e-02
-2.38028e-02
-1.97074e-02
-4.95859e-03
1.39754e-02
2.96571e-02
4.27019e-02
5.26022e-02
5.85372e-02
6.10151e-02
5.89334e-02
5.08994e-02
3.69050e-02
1.85743e-02
-2.55491e-03
-2.01490e-02
-3.07400e-02
-3.94030e-02
-4.31710e-02
-3.64649e-02
-2.41135e-02
-1.39440e-02
-7.32385e-03
-9.51936e-04
3.26213e-03
5.47615e-03
6.77390e-03
-4.59914e-04
-1.39888e-02
-2.40896e-02
-3.00776e-02
-3.23671e-02
-3.38808e-02
-3.91765e-02
-4.53103e-02
-4.89080e-02
-4.88585e-02
-4.45987e-02
-4.06898e-02
-4.18057e-02
-4.71622e-02
-5.15557e-02
-5.28733e-02
-5.56590e-02
-5.63628e-02
-4.87062e-02
-3.83203e-02
-3.24750e-02
-3.10580e-02
-2.74373e-02
-1.96839e-02
-1.27701e-02
-1.00531e-02
-1.34581e-02
-2.01868e-02
-2.63468e-02
-2.96690e-02
-2.78362e-02
-2.38781e-02
-2.09607e-02
-1.94113e-02
-1.97750e-02
-2.07486e-02
-2.04217e-02
-1.70907e-02
-1.00648e-02
-6.44158e-04
1.11232e-02
2.53325e-02
3.89904e-02
5.06187e-02
6.04050e-02
6.59085e-02
6.55728e-02
5.80063e-02
4.28116e-02
2.49026e-02
8.05538e-03
-5.19663e-03
-1.33088e-02
-2.01337e-02
-2.54281e-02
-2.75014e-02
-3.01109e-02
-3.17978e-02
-3.07458e-02
-3.06843e-02
-3.10242e-02
-2.93060e-02
-2.76083e-02
-2.60665e-02
-2.18726e-02
-1.76023e-02
-1.57322e-02
-1.37824e-02
-1.07913e-02
-7.37706e-03
-5.43614e-03
-6.95606e-03
-1.03917e-02
-1.21368e-02
-1.01424e-02
-4.96661e-03
2.90297e-03
1.28329e-02
2.15234e-02
2.58964e-02
2.73971e-02
2.95202e-02
3.34575e-02
3.97839e-02
4.99646e-02
6.30187e-02
7.72200e-02
9.20420e-02
1.03523e-01
1.08955e-01
1.10542e-01
1.08696e-01
1.03087e-01
9.46769e-02
8.45709e-02
7.49274e-02
6.49119e-02
5.31234e-02
4.34689e-02
3.63657e-02
2.98476e-02
2.61630e-02
2.47952e-02
2.59698e-02
2.98446e-02
3.31225e-02
3.52971e-02
3.41471e-02
2.91860e-02
2.38064e-02
1.85442e-02
1.29409e-02
5.01634e-03
-5.12491e-03
-1.36265e-02
-1.72404e-02
-1.53925e-02
-1.13354e-02
-6.42736e-03
-1.62814e-04
5.07585e-03
6.67229e-03
6.18905e-03
8.30742e-03
1.28369e-02
1.66851e-02
1.99901e-02
2.20997e-02
2.45824e-02
2.93788e-02
3.11625e-02
2.88366e-02
2.57262e-02
2.00446e-02
1.07070e-02
-6.90739e-04
-1.12603e-02
-2.03430e-02
-2.61848e-02
-2.39514e-02
-1.72050e-02
-9.98929e-03
-1.48997e-03
5.28076e-03
9.07987e-03
9.38963e-03
4.32075e-03
-2.98066e-03
-9.58614e-03
-1.47509e-02
-1.86726e-02
-2.25650e-02
-2.34479e-02
-2.19394e-02
-2.15349e-02
-1.75451e-02
-7.68513e-03
3.42106e-03
1.22279e-02
1.67766e-02
1.92097e-02
2.16332e-02
1.85798e-02
6.74333e-03
-9.21186e-03
-2.60180e-02
-4.48300e-02
-6.49128e-02
-8.37667e-02
-1.00639e-01
-1.11658e-01
-1.13312e-01
-1.08278e-01
-9.82005e-02
-8.25705e-02
-6.55628e-02
-5.40520e-02
-4.80370e-02
-4.31357e-02
-3.84597e-02
-3.37378e-02
-2.70712e-02
-1.89157e-02
-1.36712e-02
-1.36794e-02
-1.94530e-02
-3.21756e-02
-4.85646e-02
-6.49584e-02
-7.98190e-02
-9.06796e-02
-9.95211e-02
-1.10978e-01
-1.23917e-01
-1.34853e-01
-1.41547e-01
-1.40682e-01
-1.33668e-01
-1.24319e-01
-1.10249e-01
-8.97343e-02
-6.54324e-02
-4.26621e-02
-2.67406e-02
-1.50728e-02
-3.28271e-03
6.73784e-03
1.44298e-02
2.19545e-02
2.77619e-02
2.87519e-02
2.55801e-02
2.28696e-02
2.41712e-02
2.48671e-02
2.11660e-02
1.79356e-02
1.45453e-02
8.00738e-03
4.08948e-03
9.33331e-03
2.30900e-02
3.96409e-02
5.66697e-02
7.24704e-02
8.46136e-02
9.51461e-02
1.06761e-01
1.17888e-01
1.23899e-01
1.24792e-01
1.19186e-01
1.03929e-01
8.40776e-02
6.33770e-02
4.43571e-02
3.01343e-02
1.79779e-02
7.50052e-03
1.53955e-04
-5.17386e-03
-5.45669e-03
-4.19333e-04
3.80175e-03
8.42558e-03
1.60097e-02
2.30982e-02
2.99903e-02
3.65232e-02
4.00541e-02
4.08424e-02
3.86540e-02
3.33171e-02
2.29444e-02
4.81818e-03
-1.43675e-02
-2.68814e-02
-3.61590e-02
-4.69605e-02
-5.90449e-02
-6.99042e-02
-7.47689e-02
-7.32976e-02
-6.95597e-02
-6.13417e-02
-4.54164e-02
-2.54490e-02
-6.49299e-03
9.67555e-03
2.27267e-02
3.00751e-02
3.15035e-02
3.17859e-02
3.33089e-02
3.27119e-02
2.73001e-02
2.05095e-02
1.68647e-02
1.88203e-02
2.41815e-02
2.76862e-02
3.06193e-02
3.59141e-02
4.27712e-02
5.37260e-02
6.91879e-02
8.17666e-02
8.97515e-02
9.87151e-02
1.09077e-01
1.13702e-01
1.08122e-01
9.54123e-02
7.78759e-02
6.09055e-02
4.76068e-02
3.50967e-02
2.69974e-02
2.35695e-02
2.26455e-02
2.46223e-02
2.68873e-02
2.86885e-02
2.78058e-02
2.27361e-02
1.58181e-02
7.59268e-03
-3.27183e-03
-1.62427e-02
-2.62933e-02
-3.06779e-02
-3.16536e-02
-3.15073e-02
-3.06002e-02
-2.93539e-02
-3.09730e-02
-3.59789e-02
-4.16566e-02
-4.70961e-02
-5.17903e-02
-5.46456e-02
-5.32172e-02
-4.76119e-02
-4.32776e-02
-4.25320e-02
-4.15837e-02
-3.52834e-02
-2.29912e-02
-1.21497e-02
-6.81750e-03
-4.23846e-03
-7.38844e-03
-1.88983e-02
-3.31423e-02
-4.26910e-02
-4.44740e-02
-4.18943e-02
-3.82428e-02
-3.52619e-02
-3.25084e-02
-2.64285e-02
-1.74756e-02
-6.95234e-03
4.18453e-03
1.47428e-02
2.49682e-02
3.19870e-02
3.35741e-02
2.87897e-02
1.89621e-02
8.78871e-03
-3.98013e-03
-2.29325e-02
-4.58478e-02
-7.02277e-02
-9.12245e-02
-1.05099e-01
-1.14818e-01
-1.21240e-01
-1.19265e-01
-1.10386e-01
-1.01916e-01
-9.38243e-02
-8.54894e-02
-7.94067e-02
-7.68825e-02
-7.84624e-02
-8.11734e-02
-8.35094e-02
-8.44892e-02
-8.42305e-02
-8.40025e-02
-8.10799e-02
-7.92776e-02
-7.99121e-02
-7.91011e-02
-7.93999e-02
-7.93186e-02
-7.78553e-02
-7.51566e-02
-6.59634e-02
-5.03965e-02
-3.60571e-02
-2.80059e-02
-2.14025e-02
-1.37257e-02
-9.02921e-03
-6.18581e-03
-2.86557e-03
1.13808e-03
6.45068e-03
1.47355e-02
2.56989e-02
3.63877e-02
4.62438e-02
5.38747e-02
5.84655e-02
6.12931e-02
6.15063e-02
5.91632e-02
5.71107e-02
5.86012e-02
6.23141e-02
6.60421e-02
7.18238e-02
7.96246e-02
8.74305e-02
9.42252e-02
9.74726e-02
9.69504e-02
9.64407e-02
9.40441e-02
8.85306e-02
8.40208e-02
7.58435e-02
6.46559e-02
5.86216e-02
5.21340e-02
4.29910e-02
3.46227e-02
2.62437e-02
2.32213e-02
2.51678e-02
2.76807e-02
2.92485e-02
2.87609e-02
3.08081e-02
3.32921e-02
3.32736e-02
3.23418e-02
2.82798e-02
2.35808e-02
2.15279e-02
2.14302e-02
2.09641e-02
1.93426e-02
1.79969e-02
1.73966e-02
1.87149e-02
2.17948e-02
2.75434e-02
3.47572e-02
4.10106e-02
4.98892e-02
5.94332e-02
6.53541e-02
6.79542e-02
6.60223e-02
6.27421e-02
6.09585e-02
5.74238e-02
5.09441e-02
4.28119e-02
3.43067e-02
2.56764e-02
1.76274e-02
1.20387e-02
9.82999e-03
9.07601e-03
4.93774e-03
-5.44510e-03
-2.19767e-02
-4.00265e-02
-5.42678e-02
-6.36116e-02
-6.58433e-02
-6.25955e-02
-5.72309e-02
-4.92321e-02
-4.06193e-02
-3.19412e-02
-2.29929e-02
-1.55738e-02
-8.10955e-03
-5.26142e-04
4.08684e-03
5.20442e-03
3.94598e-03
2.06581e-03
6.00349e-04
-2.85305e-03
-9.93483e-03
-2.01672e-02
-3.38700e-02
-4.85153e-02
-6.05031e-02
-6.91365e-02
-7.19043e-02
-6.62024e-02
-5.29066e-02
-3.62193e-02
-2.36045e-02
-1.88060e-02
-2.08050e-02
-2.86445e-02
-3.99629e-02
-5.04967e-02
-5.67836e-02
-5.93634e-02
-6.19760e-02
-6.67536e-02
-7.11147e-02
-6.93511e-02
-6.01488e-02
-4.93991e-02
-4.08491e-02
-3.34991e-02
-2.87297e-02
-2.76409e-02
-3.14044e-02
-4.17672e-02
-5.31576e-02
-6.10027e-02
-6.67738e-02
-7.04932e-02
-7.16026e-02
-6.86920e-02
-6.22252e-02
-5.50543e-02
-4.74943e-02
-4.23059e-02
-4.06456e-02
-3.78689e-02
-3.54298e-02
-3.79074e-02
-4.48535e-02
-5.37690e-02
-6.03601e-02
-6.32020e-02
-6.35810e-02
-5.95125e-02
-4.91800e-02
-3.43167e-02
-1.88900e-02
-2.73314e-03
1.56097e-02
3.23779e-02
4.57950e-02
5.49553e-02
5.78765e-02
5.54431e-02
5.07171e-02
4.80545e-02
4.78087e-02
4.88388e-02
5.12979e-02
5.36389e-02
5.52308e-02
5.61321e-02
5.74326e-02
6.02165e-02
6.54456e-02
7.16776e-02
7.46912e-02
7.71480e-02
8.13564e-02
8.45652e-02
8.60906e-02
8.63362e-02
8.75686e-02
8.97503e-02
8.93703e-02
8.59711e-02
8.40112e-02
8.76467e-02
9.44871e-02
1.00730e-01
1.05097e-01
1.07796e-01
1.08606e-01
1.04436e-01
9.43507e-02
8.02232e-02
6.32250e-02
4.62344e-02
3.43677e-02
3.01408e-02
3.07264e-02
3.35506e-02
3.90076e-02
4.58253e-02
5.08682e-02
5.25540e-02
5.26907e-02
5.31490e-02
5.26904e-02
5.14437e-02
5.19883e-02
5.38905e-02
5.42686e-02
5.23706e-02
4.80205e-02
4.16123e-02
3.48894e-02
2.71564e-02
1.68441e-02
3.78376e-03
-1.01052e-02
-2.29529e-02
-3.51347e-02
-4.45037e-02
-4.87181e-02
-4.74123e-02
-4.14072e-02
-3.60046e-02
-3.41526e-02
-3.42914e-02
-3.64031e-02
-3.83729e-02
-3.78782e-02
-3.65056e-02
-3.54828e-02
-3.44749e-02
-3.27381e-02
-3.30152e-02
-3.66557e-02
-3.93269e-02
-4.30515e-02
-5.19867e-02
-6.38712e-02
-7.68725e-02
-8.89112e-02
-9.73186e-02
-1.02436e-01
-1.03562e-01
-9.95162e-02
-9.43547e-02
-8.98460e-02
-8.27841e-02
-7.31478e-02
-6.13544e-02
-4.76156e-02
-3.16889e-02
-1.36424e-02
6.23136e-06
5.43146e-03
6.64014e-03
5.72039e-03
-1.09854e-04
-1.12403e-02
-2.34767e-02
-3.47346e-02
-4.36128e-02
-4.77445e-02
-4.62554e-02
-3.95593e-02
-3.07575e-02
-2.13248e-02
-1.13079e-02
-4.10126e-03
-7.68589e-04
-9.25575e-04
-5.18290e-03
-9.79523e-03
-1.35272e-02
-1.87268e-02
-2.36366e-02
-2.72125e-02
-2.96051e-02
-3.20005e-02
-3.60166e-02
-3.83747e-02
-3.71893e-02
-3.40213e-02
-3.02698e-02
-2.73522e-02
-2.49398e-02
-2.31411e-02
-2.28943e-02
-2.25474e-02
-2.06141e-02
-1.85326e-02
-1.71339e-02
-1.66552e-02
-1.78546e-02
-1.96241e-02
-2.13567e-02
-2.25484e-02
-2.08867e-02
-1.51531e-02
-5.29196e-03
5.92016e-03
1.66830e-02
2.98087e-02
4.26499e-02
5.20522e-02
6.14471e-02
7.10697e-02
7.92922e-02
8.35728e-02
8.13394e-02
7.59685e-02
6.95661e-02
6.23945e-02
5.68382e-02
5.29228e-02
4.94977e-02
4.63633e-02
4.38334e-02
4.20568e-02
3.89696e-02
3.19207e-02
2.03563e-02
7.44898e-03
-2.90593e-03
-1.15812e-02
-1.97812e-02
-2.60681e-02
-2.89246e-02
-2.88373e-02
-2.85536e-02
-2.75672e-02
-2.64414e-02
-2.71496e-02
-2.73594e-02
-2.78907e-02
-2.89240e-02
-2.75843e-02
-2.47220e-02
-2.09337e-02
-1.71827e-02
-1.49186e-02
-1.39021e-02
-1.48025e-02
-1.65388e-02
-1.73050e-02
-1.77791e-02
-1.70958e-02
-1.49574e-02
-1.32225e-02
-9.12473e-03
-1.20346e-03
6.36403e-03
1.36559e-02
2.29641e-02
3.24430e-02
3.79168e-02
3.67103e-02
3.09770e-02
2.35375e-02
1.57574e-02
9.00186e-03
3.21094e-03
-2.78869e-04
-6.69839e-04
2.22531e-04
2.30018e-03
4.42017e-03
5.43778e-03
7.54584e-03
1.08694e-02
1.26803e-02
1.23775e-02
1.25821e-02
1.42882e-02
1.54476e-02
1.40856e-02
9.68992e-03
4.83121e-03
2.32513e-03
1.66551e-03
1.60243e-03
3.26797e-03
7.63215e-03
1.24579e-02
1.55059e-02
1.67183e-02
1.70658e-02
1.74231e-02
1.81966e-02
1.82252e-02
1.56015e-02
1.12499e-02
7.87560e-03
7.63494e-03
9.52576e-03
9.63639e-03
7.67986e-03
5.88891e-03
3.18420e-03
-1.38940e-03
-5.64508e-03
-8.99140e-03
-1.21880e-02
-1.46264e-02
-1.62733e-02
-1.65444e-02
-1.40044e-02
-9.72365e-03
-6.50703e-03
-5.44299e-03
-5.83415e-03
-7.63136e-03
-1.12419e-02
-1.51956e-02
-1.75006e-02
-1.77468e-02
-1.51361e-02
-9.40330e-03
-3.58959e-03
9.06595e-05
2.81783e-03
4.35368e-03
4.09209e-03
3.85465e-03
3.57753e-03
2.63106e-03
2.00187e-03
1.64053e-03
6.73145e-04
-1.43821e-03
-4.21453e-03
-8.11532e-03
-1.35677e-02
-1.90951e-02
-2.37576e-02
-2.68365e-02
-2.85536e-02
-2.95353e-02
-2.93677e-02
-2.79893e-02
-2.53371e-02
-2.18501e-02
-1.92723e-02
-1.91676e-02
-2.01883e-02
-2.10074e-02
-2.28567e-02
-2.50569e-02
-2.60374e-02
-2.55714e-02
-2.45731e-02
-2.51938e-02
-2.73956e-02
-2.93201e-02
-3.06039e-02
-3.07034e-02
-2.81364e-02
-2.38946e-02
-2.01979e-02
-1.74364e-02
-1.52925e-02
-1.31537e-02
-1.10318e-02
-9.26938e-03
-7.09667e-03
-3.79778e-03
-2.04004e-04
2.96921e-03
7.76509e-03
1.41786e-02
2.04343e-02
2.65906e-02
3.07348e-02
3.23750e-02
3.14448e-02
2.63143e-02
1.90225e-02
1.18684e-02
6.84527e-03
4.73646e-03
3.51691e-03
2.84021e-03
2.50289e-03
2.49307e-03
3.26489e-03
3.68081e-03
3.25166e-03
2.25443e-03
9.06522e-04
-3.12740e-04
-1.48695e-03
-2.52069e-03
-1.35397e-03
3.16664e-03
8.61020e-03
1.21139e-02
1.31567e-02
1.29981e-02
1.21528e-02
1.04287e-02
8.32343e-03
6.87452e-03
7.02707e-03
7.99816e-03
9.35321e-03
1.19543e-02
1.49349e-02
1.69043e-02
1.80519e-02
1.91937e-02
2.11063e-02
2.37796e-02
2.55115e-02
2.55289e-02
2.50578e-02
2.46239e-02
2.43038e-02
2.48945e-02
2.67822e-02
2.90218e-02
3.11765e-02
3.33788e-02
3.43918e-02
3.40056e-02
3.42892e-02
3.66963e-02
4.00365e-02
4.22832e-02
4.27881e-02
4.16959e-02
4.04042e-02
3.91921e-02
3.60749e-02
3.14805e-02
2.68993e-02
2.21094e-02
1.75548e-02
1.45648e-02
1.40794e-02
1.57146e-02
1.76964e-02
1.93761e-02
2.10753e-02
2.17506e-02
2.16339e-02
2.16977e-02
2.09148e-02
1.99051e-02
1.90247e-02
1.59060e-02
1.05251e-02
5.31291e-03
9.61296e-04
-3.65980e-03
-7.74288e-03
-1.05572e-02
-1.35517e-02
-1.58288e-02
-1.65159e-02
-1.69015e-02
-1.67675e-02
-1.48720e-02
-1.15773e-02
-8.43480e-03
-5.27450e-03
-1.41664e-03
3.11296e-03
7.93959e-03
1.17492e-02
1.41884e-02
1.47196e-02
1.29017e-02
1.03193e-02
7.69862e-03
4.78925e-03
1.64250e-03
-1.55368e-03
-4.09391e-03
-5.65671e-03
-6.33285e-03
-6.21516e-03
-5.50801e-03
-3.44189e-03
1.24917e-04
3.69854e-03
6.52321e-03
8.10371e-03
8.66671e-03
9.27044e-03
9.50170e-03
8.60430e-03
6.32259e-03
3.63683e-03
1.99142e-03
5.01817e-04
-1.81315e-03
-3.64409e-03
-3.45983e-03
-1.97629e-03
-2.02428e-04
2.10646e-03
4.72144e-03
8.30653e-03
1.29167e-02
1.66194e-02
1.80980e-02
1.69421e-02
1.50871e-02
1.37289e-02
1.19647e-02
1.07359e-02
9.86117e-03
9.77194e-03
1.22309e-02
1.56524e-02
1.90309e-02
2.29143e-02
2.70640e-02
3.04222e-02
3.18723e-02
3.18860e-02
3.07410e-02
2.85899e-02
2.59036e-02
2.29925e-02
1.99198e-02
1.60116e-02
1.22509e-02
1.01112e-02
9.33753e-03
9.31448e-03
9.34081e-03
8.46469e-03
6.37322e-03
3.75584e-03
1.45315e-03
4.11506e-04
4.00024e-04
1.51119e-04
-1.54349e-04
-4.30852e-05
-1.32748e-04
-1.14186e-03
-2.93062e-03
-4.98959e-03
-7.54091e-03
-1.12898e-02
-1.56543e-02
-1.96082e-02
-2.31677e-02
-2.55539e-02
-2.71000e-02
-2.87360e-02
-2.97019e-02
-3.03608e-02
-2.97507e-02
-2.61573e-02
-2.18943e-02
-1.99599e-02
-2.11915e-02
-2.45933e-02
-2.80120e-02
-3.08127e-02
-3.36771e-02
-3.64178e-02
-3.86962e-02
-4.00752e-02
-3.97729e-02
-3.85059e-02
-3.72865e-02
-3.54273e-02
-3.21934e-02
-2.82968e-02
-2.47843e-02
-2.12634e-02
-1.74710e-02
-1.41052e-02
-1.00746e-02
-4.47434e-03
1.60237e-03
7.40385e-03
1.18546e-02
1.42190e-02
1.47411e-02
1.32838e-02
1.06522e-02
8.19047e-03
6.68762e-03
6.19635e-03
5.89293e-03
5.80199e-03
6.06549e-03
6.09827e-03
6.51449e-03
8.40561e-03
1.14879e-02
1.43844e-02
1.64991e-02
1.86703e-02
2.06237e-02
2.13152e-02
2.11854e-02
2.01305e-02
1.78017e-02
1.50955e-02
1.16421e-02
6.75959e-03
1.72524e-03
-2.29141e-03
-5.37858e-03
-7.91012e-03
-1.03747e-02
-1.32078e-02
-1.66894e-02
-2.08196e-02
-2.46272e-02
-2.72694e-02
-2.79790e-02
-2.61017e-02
-2.34391e-02
-2.19136e-02
-2.22570e-02
-2.46300e-02
-2.66664e-02
-2.71834e-02
-2.79937e-02
-2.96283e-02
-3.01764e-02
-2.85080e-02
-2.72583e-02
-2.76157e-02
-2.79092e-02
-2.82391e-02
-2.85594e-02
-2.94553e-02
-3.13170e-02
-3.22893e-02
-3.27139e-02
-3.40129e-02
-3.59599e-02
-3.73032e-02
-3.75290e-02
-3.74678e-02
-3.65148e-02
-3.42735e-02
-3.17102e-02
-2.93934e-02
-2.81348e-02
-2.86559e-02
-3.03824e-02
-3.12464e-02
-3.08936e-02
-3.04093e-02
-2.89915e-02
-2.66814e-02
-2.45711e-02
-2.26694e-02
-2.02820e-02
-1.75711e-02
-1.59298e-02
-1.50311e-02
-1.53681e-02
-1.82513e-02
-2.15733e-02
-2.41563e-02
-2.64132e-02
-2.75165e-02
-2.69809e-02
-2.46664e-02
-2.10531e-02
-1.71395e-02
-1.34834e-02
-1.03201e-02
-7.45863e-03
-5.35499e-03
-4.46367e-03
-3.61474e-03
-2.37020e-03
-1.03625e-03
7.42720e-04
1.47685e-03
-5.37277e-05
-2.50664e-03
-5.00372e-03
-7.01247e-03
-8.13938e-03
-9.16751e-03
-1.03281e-02
-1.01551e-02
-8.43970e-03
-7.08774e-03
-5.67921e-03
-3.20421e-03
-1.47356e-03
-1.66343e-03
-3.08489e-03
-5.21502e-03
-7.81339e-03
-9.83901e-03
-1.07049e-02
-1.14984e-02
-1.24811e-02
-1.28158e-02
-1.25878e-02
-1.19316e-02
-1.06274e-02
-9.07209e-03
-7.66096e-03
-6.11731e-03
-4.22705e-03
-2.04451e-03
8.25843e-04
5.05626e-03
1.02213e-02
1.46703e-02
1.79987e-02
2.08458e-02
2.30184e-02
2.44143e-02
2.46502e-02
2.33810e-02
2.09503e-02
1.76882e-02
1.47645e-02
1.32722e-02
1.35810e-02
1.54635e-02
1.79375e-02
2.05330e-02
2.24562e-02
2.34779e-02
2.46961e-02
2.55084e-02
2.58496e-02
2.68917e-02
2.74749e-02
2.72020e-02
2.73671e-02
2.78091e-02
2.77178e-02
2.66926e-02
2.48965e-02
2.24429e-02
1.96355e-02
1.72397e-02
1.47489e-02
1.22515e-02
1.07428e-02
9.41850e-03
7.81327e-03
6.23281e-03
4.67820e-03
3.74282e-03
3.33975e-03
3.34159e-03
3.56012e-03
2.91433e-03
1.66721e-03
4.44678e-04
-8.93965e-04
-2.46217e-03
-4.37687e-03
-5.76286e-03
-5.73747e-03
-5.12555e-03
-4.49383e-03
-2.67583e-03
5.62874e-04
4.20445e-03
8.29265e-03
1.22308e-02
1.47589e-02
1.65385e-02
1.82146e-02
1.90272e-02
1.89661e-02
1.84298e-02
1.74455e-02
1.65471e-02
1.59909e-02
1.53449e-02
1.44048e-02
1.33106e-02
1.21517e-02
1.09544e-02
9.65714e-03
8.08312e-03
6.77311e-03
6.92414e-03
9.00857e-03
1.21959e-02
1.48342e-02
1.55539e-02
1.48242e-02
1.44928e-02
1.48445e-02
1.49142e-02
1.45121e-02
1.37235e-02
1.27832e-02
1.13865e-02
8.91456e-03
6.10633e-03
3.40690e-03
6.72472e-04
-1.35756e-03
-2.84139e-03
-4.15209e-03
-4.55255e-03
-4.19772e-03
-3.34895e-03
-2.35889e-03
-2.42915e-03
-3.58643e-03
-4.72797e-03
-5.09392e-03
-5.49448e-03
-6.13736e-03
-5.93097e-03
-5.44575e-03
-4.91849e-03
-4.40437e-03
-4.99544e-03
-5.81307e-03
-5.18133e-03
-3.08057e-03
6.66669e-06
3.63729e-03
6.63143e-03
8.67688e-03
1.02167e-02
1.10111e-02
1.10500e-02
1.08315e-02
1.15496e-02
1.26872e-02
1.31044e-02
1.36799e-02
1.38528e-02
1.38084e-02
1.47473e-02
1.52802e-02
1.54354e-02
1.65274e-02
1.80566e-02
1.94749e-02
2.07956e-02
2.17259e-02
2.20326e-02
2.19646e-02
2.14560e-02
2.01932e-02
1.87499e-02
1.76924e-02
1.67148e-02
1.62441e-02
1.70065e-02
1.84978e-02
2.05307e-02
2.34746e-02
2.74322e-02
3.24092e-02
3.72805e-02
4.01910e-02
4.06587e-02
3.98962e-02
3.90701e-02
3.81909e-02
3.75983e-02
3.77204e-02
3.79026e-02
3.80953e-02
3.83369e-02
3.79656e-02
3.68897e-02
3.52366e-02
3.34751e-02
3.19489e-02
3.04016e-02
2.86064e-02
2.56611e-02
2.15557e-02
1.77444e-02
1.49087e-02
1.33877e-02
1.26574e-02
1.12296e-02
9.14819e-03
7.32613e-03
6.17629e-03
5.71675e-03
5.67463e-03
6.24575e-03
7.90352e-03
1.06045e-02
1.34551e-02
1.50843e-02
1.49114e-02
1.30187e-02
1.00817e-02
7.37974e-03
5.11653e-03
2.83446e-03
6.51342e-04
-1.12027e-03
-2.59128e-03
-4.23307e-03
-5.99643e-03
-7.89211e-03
-9.73799e-03
-1.05298e-02
-9.60396e-03
-6.95210e-03
-3.10197e-03
1.30098e-03
5.57561e-03
8.87146e-03
1.07924e-02
1.15967e-02
1.17095e-02
1.12416e-02
1.03796e-02
9.18048e-03
7.22990e-03
4.27567e-03
7.82661e-04
-2.57433e-03
-5.76438e-03
-8.75019e-03
-1.12582e-02
-1.32307e-02
-1.47255e-02
-1.55592e-02
-1.55150e-02
-1.49691e-02
-1.44515e-02
-1.45803e-02
-1.52739e-02
-1.56832e-02
-1.63005e-02
-1.73723e-02
-1.80997e-02
-1.90432e-02
-2.05527e-02
-2.20736e-02
-2.34166e-02
-2.38347e-02
-2.32365e-02
-2.26284e-02
-2.22186e-02
-2.16408e-02
-2.09626e-02
-2.04634e-02
-1.99337e-02
-1.98442e-02
-2.10138e-02
-2.26672e-02
-2.40897e-02
-2.53448e-02
-2.62972e-02
-2.71300e-02
-2.78950e-02
-2.81081e-02
-2.78163e-02
-2.74437e-02
-2.70032e-02
-2.66394e-02
-2.65226e-02
-2.64311e-02
-2.63611e-02
-2.63247e-02
-2.56348e-02
-2.39608e-02
-2.17135e-02
-1.89397e-02
-1.58704e-02
-1.30361e-02
-1.10307e-02
-1.02730e-02
-9.97545e-03
-9.47520e-03
-9.52742e-03
-1.10801e-02
-1.37874e-02
-1.69243e-02
-2.05670e-02
-2.42357e-02
-2.71402e-02
-2.89936e-02
-2.97958e-02
-3.02209e-02
-3.09176e-02
-3.19481e-02
-3.30144e-02
-3.38345e-02
-3.44884e-02
-3.50055e-02
-3.53512e-02
-3.53215e-02
-3.46558e-02
-3.36101e-02
-3.21033e-02
-2.98708e-02
-2.72614e-02
-2.42531e-02
-2.10771e-02
-1.90165e-02
-1.84449e-02
-1.85158e-02
-1.84076e-02
-1.73226e-02
-1.51537e-02
-1.25749e-02
-1.00504e-02
-7.78514e-03
-5.27476e-03
-2.34831e-03
-1.53525e-04
8.17688e-04
1.16546e-03
1.45763e-03
1.28626e-03
-1.74236e-04
-2.62878e-03
-5.01874e-03
-5.90869e-03
-5.06721e-03
-3.99857e-03
-3.57923e-03
-3.76522e-03
-4.25258e-03
-5.07245e-03
-6.24986e-03
-7.15542e-03
-7.85317e-03
-8.87902e-03
-1.02426e-02
-1.14905e-02
-1.23059e-02
-1.28197e-02
-1.27933e-02
-1.23226e-02
-1.19301e-02
-1.19439e-02
-1.26052e-02
-1.31906e-02
-1.33376e-02
-1.33862e-02
-1.30281e-02
-1.22612e-02
-1.10329e-02
-9.37345e-03
-7.85653e-03
-6.43937e-03
-4.95847e-03
-3.40301e-03
-2.06173e-03
-1.63843e-03
-2.03190e-03
-2.83240e-03
-3.70609e-03
-3.98486e-03
-3.68795e-03
-3.53639e-03
-3.81793e-03
-4.09127e-03
-4.18540e-03
-4.44016e-03
-4.63794e-03
-4.78262e-03
-5.39190e-03
-6.38592e-03
-7.63265e-03
-9.26166e-03
-1.08715e-02
-1.21927e-02
-1.38377e-02
-1.58852e-02
-1.82110e-02
-2.10123e-02
-2.37834e-02
-2.60492e-02
-2.71957e-02
-2.69982e-02
-2.59328e-02
-2.40383e-02
-2.15679e-02
-1.84281e-02
-1.49672e-02
-1.21450e-02
-9.73226e-03
-7.59546e-03
-5.52748e-03
-3.40673e-03
-1.73677e-03
-3.40956e-04
9.28174e-04
2.35566e-03
3.89435e-03
5.08625e-03
6.72747e-03
9.25848e-03
1.22682e-02
1.54349e-02
1.84505e-02
2.11931e-02
2.33800e-02
2.50345e-02
2.63893e-02
2.73445e-02
2.75746e-02
2.71824e-02
2.69104e-02
2.65472e-02
2.53135e-02
2.32616e-02
2.11191e-02
1.95583e-02
1.86566e-02
1.83096e-02
1.87677e-02
2.02879e-02
2.18266e-02
2.30422e-02
2.49109e-02
2.63233e-02
2.63874e-02
2.59826e-02
2.55543e-02
2.50903e-02
2.39921e-02
2.20788e-02
1.97406e-02
1.71415e-02
1.47260e-02
1.22694e-02
9.54045e-03
7.41097e-03
5.93192e-03
4.47842e-03
3.05316e-03
1.94622e-03
1.29630e-03
5.88530e-04
9.20998e-05
5.90242e-04
1.18297e-03
1.64109e-03
2.77450e-03
4.27791e-03
6.37734e-03
9.27463e-03
1.17118e-02
1.30588e-02
1.34661e-02
1.32894e-02
1.32694e-02
1.33978e-02
1.34001e-02
1.35533e-02
1.40720e-02
1.49162e-02
1.59622e-02
1.71184e-02
1.83615e-02
1.98625e-02
2.14427e-02
2.24940e-02
2.26354e-02
2.20335e-02
2.12564e-02
2.03047e-02
1.91277e-02
1.80345e-02
1.67068e-02
1.49934e-02
1.32666e-02
1.16659e-02
1.03446e-02
9.75389e-03
1.02749e-02
1.15026e-02
1.25058e-02
1.30173e-02
1.34026e-02
1.38179e-02
1.42005e-02
1.43882e-02
1.42890e-02
1.38553e-02
1.30059e-02
1.21235e-02
1.16571e-02
1.16567e-02
1.19822e-02
1.23724e-02
1.25015e-02
1.23772e-02
1.27233e-02
1.37814e-02
1.46973e-02
1.49299e-02
1.45753e-02
1.35781e-02
1.21409e-02
1.08858e-02
9.59344e-03
7.89839e-03
6.33897e-03
5.51030e-03
5.76533e-03
6.60832e-03
7.15437e-03
7.34753e-03
7.56586e-03
7.99011e-03
7.97326e-03
6.96046e-03
5.39097e-03
3.65086e-03
1.85742e-03
3.43503e-04
-8.75848e-04
-2.39307e-03
-4.02357e-03
-4.90568e-03
-4.93278e-03
-4.75701e-03
-5.30607e-03
-6.66905e-03
-8.14488e-03
-9.19096e-03
-9.43759e-03
-9.23202e-03
-9.15168e-03
-9.02703e-03
-8.91316e-03
-8.95464e-03
-8.62607e-03
-8.39933e-03
-9.02898e-03
-9.64065e-03
-9.37200e-03
-8.23399e-03
-6.79949e-03
-5.50615e-03
-4.02084e-03
-2.59987e-03
-1.83027e-03
-1.56512e-03
-1.24725e-03
-6.32901e-04
-3.61421e-04
-1.04773e-03
-2.63672e-03
-4.92800e-03
-7.86135e-03
-1.11885e-02
-1.42706e-02
-1.66324e-02
-1.79653e-02
-1.84197e-02
-1.83071e-02
-1.67183e-02
-1.35352e-02
-1.03993e-02
-7.87724e-03
-5.39944e-03
-2.54227e-03
1.29549e-04
1.43113e-03
1.78677e-03
1.85605e-03
9.00817e-04
-1.44069e-03
-4.27646e-03
-6.32761e-03
-7.03091e-03
-6.45995e-03
-5.36820e-03
-4.58732e-03
-3.62963e-03
-2.05517e-03
-8.90080e-05
2.32643e-03
4.57123e-03
5.90100e-03
6.64062e-03
7.03887e-03
7.18986e-03
7.16159e-03
6.93080e-03
6.77592e-03
6.44900e-03
5.99962e-03
5.86099e-03
5.80972e-03
6.04379e-03
6.80767e-03
8.10102e-03
1.01684e-02
1.22874e-02
1.31599e-02
1.26769e-02
1.16500e-02
1.07464e-02
1.00287e-02
9.05250e-03
7.88336e-03
6.80651e-03
5.82325e-03
5.09079e-03
3.91194e-03
1.51058e-03
-1.68673e-03
-5.09211e-03
-7.97758e-03
-9.81224e-03
-1.06213e-02
-1.03085e-02
-8.86559e-03
-6.38956e-03
-2.96479e-03
1.18161e-03
5.50387e-03
9.53024e-03
1.31519e-02
1.61135e-02
1.82626e-02
1.96222e-02
1.99324e-02
1.89127e-02
1.69992e-02
1.51828e-02
1.38260e-02
1.29096e-02
1.23225e-02
1.15811e-02
1.07213e-02
1.03776e-02
1.07010e-02
1.12801e-02
1.16105e-02
1.13840e-02
1.11388e-02
1.13090e-02
1.16178e-02
1.18967e-02
1.17765e-02
1.12823e-02
1.07986e-02
1.05017e-02
1.05947e-02
1.08624e-02
1.12876e-02
1.17910e-02
1.19138e-02
1.17615e-02
1.15547e-02
1.13904e-02
1.17099e-02
1.28191e-02
1.42638e-02
1.55736e-02
1.68421e-02
1.80273e-02
1.86234e-02
1.84843e-02
1.82421e-02
1.80727e-02
1.75618e-02
1.66404e-02
1.54161e-02
1.41240e-02
1.30340e-02
1.17945e-02
9.94346e-03
7.95805e-03
6.25789e-03
4.65874e-03
3.19497e-03
1.87005e-03
4.92974e-04
-1.28231e-03
-3.53965e-03
-5.78670e-03
-7.80372e-03
-9.79983e-03
-1.20188e-02
-1.45735e-02
-1.74247e-02
-2.07573e-02
-2.44093e-02
-2.75155e-02
-2.94793e-02
-3.01388e-02
-2.97360e-02
-2.87813e-02
-2.74565e-02
-2.58547e-02
-2.41674e-02
-2.31396e-02
-2.35907e-02
-2.52441e-02
-2.73792e-02
-2.92932e-02
-3.06141e-02
-3.13751e-02
-3.18353e-02
-3.24605e-02
-3.27200e-02
-3.19176e-02
-3.09656e-02
-3.08605e-02
-3.10165e-02
-3.08389e-02
-3.08250e-02
-3.11013e-02
-3.12345e-02
-3.10531e-02
-3.04600e-02
-2.95756e-02
-2.91632e-02
-2.95459e-02
-3.02377e-02
-3.10289e-02
-3.15615e-02
-3.16713e-02
-3.17369e-02
-3.17567e-02
-3.14772e-02
-3.08642e-02
-3.01060e-02
-2.88337e-02
-2.69764e-02
-2.56163e-02
-2.52463e-02
-2.55659e-02
-2.64924e-02
-2.77840e-02
-2.85615e-02
-2.84981e-02
-2.79904e-02
-2.69026e-02
-2.48851e-02
-2.20293e-02
-1.92206e-02
-1.72065e-02
-1.59270e-02
-1.49452e-02
-1.38408e-02
-1.31924e-02
-1.30810e-02
-1.28906e-02
-1.29234e-02
-1.31426e-02
-1.32039e-02
-1.30221e-02
-1.24457e-02
-1.13388e-02
-9.20268e-03
-6.04415e-03
-2.59848e-03
7.74273e-04
3.82375e-03
6.25023e-03
7.87680e-03
8.49775e-03
8.19293e-03
7.25344e-03
6.09917e-03
5.07177e-03
3.86928e-03
2.46406e-03
1.21062e-03
7.77132e-05
-6.41720e-04
-6.91009e-04
-3.02548e-04
2.21501e-04
4.15659e-04
3.94963e-04
9.51857e-04
2.28076e-03
4.14339e-03
6.76995e-03
1.01349e-02
1.36065e-02
1.69330e-02
2.01265e-02
2.26722e-02
2.43017e-02
2.56256e-02
2.67538e-02
2.76089e-02
2.84946e-02
2.89564e-02
2.87325e-02
2.78280e-02
2.63266e-02
2.52091e-02
2.51239e-02
2.60955e-02
2.76712e-02
2.91879e-02
3.08406e-02
3.25198e-02
3.35374e-02
3.37730e-02
3.32915e-02
3.18548e-02
2.93327e-02
2.64542e-02
2.41427e-02
2.26112e-02
2.19967e-02
2.21857e-02
2.25884e-02
2.28784e-02
2.31597e-02
2.34993e-02
2.36957e-02
2.34637e-02
2.22165e-02
1.95976e-02
1.60942e-02
1.23102e-02
8.68628e-03
5.61798e-03
3.34730e-03
1.69122e-03
6.20631e-04
7.60190e-04
1.70639e-03
2.36317e-03
2.56872e-03
2.23346e-03
1.46612e-03
6.44538e-04
-5.66437e-04
-2.14970e-03
-3.21638e-03
-3.42028e-03
-3.28747e-03
-3.03891e-03
-2.63018e-03
-2.37470e-03
-2.51299e-03
-3.31421e-03
-5.22539e-03
-8.20898e-03
-1.17439e-02
-1.53988e-02
-1.90604e-02
-2.24683e-02
-2.50654e-02
-2.64702e-02
-2.63796e-02
-2.48741e-02
-2.26989e-02
-2.05241e-02
-1.88341e-02
-1.78619e-02
-1.74426e-02
-1.74194e-02
-1.75400e-02
-1.73996e-02
-1.67367e-02
-1.56724e-02
-1.44302e-02
-1.26356e-02
-9.92953e-03
-6.87839e-03
-3.97509e-03
-1.54950e-03
-4.71424e-04
-7.07162e-04
-1.47762e-03
-2.31522e-03
-2.67811e-03
-2.43414e-03
-1.58278e-03
-4.65675e-05
1.46675e-03
2.13531e-03
1.97616e-03
1.40652e-03
8.48387e-04
5.94821e-04
5.43376e-04
6.63661e-04
1.25546e-03
2.31111e-03
3.44555e-03
4.53969e-03
5.75178e-03
7.08889e-03
8.42446e-03
9.42631e-03
9.97319e-03
1.04365e-02
1.08810e-02
1.11019e-02
1.11143e-02
1.10055e-02
1.09546e-02
1.11941e-02
1.16666e-02
1.22314e-02
1.31949e-02
1.48104e-02
1.67527e-02
1.85591e-02
1.97999e-02
2.04289e-02
2.07828e-02
2.09576e-02
2.08474e-02
2.02667e-02
1.94259e-02
1.88320e-02
1.83928e-02
1.77409e-02
1.68931e-02
1.62132e-02
1.61908e-02
1.70658e-02
1.84419e-02
1.97387e-02
2.08164e-02
2.16915e-02
2.22348e-02
2.24080e-02
2.23338e-02
2.18677e-02
2.06158e-02
1.84010e-02
1.54905e-02
1.24081e-02
9.34454e-03
6.16088e-03
2.90084e-03
-9.43960e-05
-2.76911e-03
-5.19285e-03
-6.72746e-03
-6.84385e-03
-5.74255e-03
-3.91676e-03
-2.03580e-03
-4.78176e-04
6.27152e-04
1.19942e-03
1.50118e-03
1.44436e-03
6.43887e-04
-8.89815e-04
-3.33771e-03
-6.50936e-03
-9.69396e-03
-1.28860e-02
-1.58813e-02
-1.81929e-02
-2.00418e-02
-2.17367e-02
-2.31939e-02
-2.39541e-02
-2.38998e-02
-2.32448e-02
-2.19369e-02
-2.01500e-02
-1.78833e-02
-1.50827e-02
-1.22895e-02
-1.00619e-02
-8.62176e-03
-7.81904e-03
-7.73750e-03
-8.73258e-03
-1.05496e-02
-1.25001e-02
-1.40412e-02
-1.51061e-02
-1.56956e-02
-1.56833e-02
-1.52506e-02
-1.45107e-02
-1.34276e-02
-1.21948e-02
-1.12505e-02
-1.06896e-02
-9.81515e-03
-8.18841e-03
-6.24132e-03
-4.42776e-03
-2.93758e-03
-1.87247e-03
-1.06405e-03
-4.08396e-04
-1.36109e-04
-1.28213e-04
-1.56856e-04
-4.15767e-04
-8.85162e-04
-1.56990e-03
-2.58540e-03
-3.77387e-03
-5.00517e-03
-6.02683e-03
-6.82152e-03
-7.54924e-03
-7.96273e-03
-7.89313e-03
-7.32640e-03
-6.67144e-03
-6.68364e-03
-7.22959e-03
-7.75904e-03
-8.41293e-03
-9.25129e-03
-9.91310e-03
-1.01855e-02
-9.92953e-03
-9.33910e-03
-8.98093e-03
-9.00639e-03
-9.01122e-03
-8.81912e-03
-8.54037e-03
-7.91675e-03
-6.92591e-03
-5.86259e-03
-4.53928e-03
-3.01406e-03
-1.71552e-03
-6.76834e-04
2.09356e-04
9.60771e-04
1.38451e-03
1.18286e-03
3.82652e-04
-7.76765e-04
-2.01924e-03
-3.30690e-03
-4.72504e-03
-6.30542e-03
-7.96077e-03
-9.21904e-03
-9.95909e-03
-1.04448e-02
-1.08228e-02
-1.10748e-02
-1.08010e-02
-1.01274e-02
-9.59676e-03
-9.22760e-03
-8.99409e-03
-8.93229e-03
-8.91391e-03
-9.00819e-03
-9.26013e-03
-9.32111e-03
-9.20410e-03
-9.20374e-03
-9.21246e-03
-9.23324e-03
-9.26740e-03
-9.13598e-03
-8.78558e-03
-8.46019e-03
-8.64297e-03
-9.41931e-03
-1.07695e-02
-1.24527e-02
-1.35143e-02
-1.36487e-02
-1.30224e-02
-1.16271e-02
-1.01302e-02
-8.95417e-03
-7.93534e-03
-7.22793e-03
-6.72847e-03
-5.96186e-03
-4.59443e-03
-2.90181e-03
-1.52583e-03
-4.40552e-04
2.92606e-04
4.24857e-04
2.75624e-04
-1.62885e-04
-1.22571e-03
-2.77287e-03
-4.22291e-03
-5.25798e-03
-6.06448e-03
-6.52586e-03
-6.58750e-03
-6.45396e-03
-5.89447e-03
-4.90095e-03
-3.67071e-03
-2.02010e-03
2.05615e-05
2.18559e-03
4.33049e-03
6.18892e-03
7.22493e-03
7.47444e-03
7.85414e-03
8.57034e-03
9.12517e-03
9.54239e-03
9.94959e-03
1.04183e-02
1.09700e-02
1.13738e-02
1.17470e-02
1.25453e-02
1.37348e-02
1.49377e-02
1.61642e-02
1.75810e-02
1.91301e-02
2.06456e-02
2.19952e-02
2.29714e-02
2.35000e-02
2.38245e-02
2.38668e-02
2.34600e-02
2.27678e-02
2.19908e-02
2.13290e-02
2.06423e-02
1.97651e-02
1.87962e-02
1.77108e-02
1.66087e-02
1.55354e-02
1.42966e-02
1.28912e-02
1.15675e-02
1.06941e-02
1.03731e-02
1.03230e-02
1.03446e-02
1.02309e-02
9.84440e-03
9.30820e-03
8.74636e-03
8.16658e-03
7.38852e-03
6.33285e-03
5.15264e-03
4.17951e-03
3.67637e-03
3.48267e-03
3.49744e-03
3.67634e-03
3.97908e-03
4.51514e-03
5.10957e-03
5.34487e-03
4.89061e-03
3.84853e-03
2.47156e-03
7.44906e-04
-1.08394e-03
-2.43716e-03
-2.87930e-03
-2.51621e-03
-1.80930e-03
-7.60399e-04
8.06843e-04
2.74406e-03
4.62963e-03
5.87831e-03
6.39748e-03
6.42432e-03
6.22551e-03
6.02996e-03
5.67136e-03
5.24170e-03
4.85742e-03
4.17333e-03
3.12333e-03
1.74647e-03
2.81470e-04
-7.13194e-04
-1.11372e-03
-9.74961e-04
-4.12472e-04
4.28389e-04
1.56066e-03
2.53302e-03
3.07431e-03
3.57092e-03
4.18817e-03
4.73395e-03
5.06657e-03
5.39029e-03
5.94689e-03
6.62980e-03
7.17929e-03
7.47704e-03
7.82076e-03
8.63849e-03
9.81955e-03
1.09376e-02
1.19305e-02
1.27857e-02
1.33135e-02
1.34181e-02
1.30601e-02
1.23844e-02
1.17736e-02
1.16017e-02
1.19211e-02
1.22194e-02
1.20326e-02
1.15156e-02
1.08769e-02
9.94504e-03
8.62425e-03
7.28286e-03
6.29188e-03
5.63093e-03
5.26294e-03
5.23209e-03
5.57838e-03
6.29628e-03
7.20358e-03
8.24113e-03
9.25476e-03
9.82914e-03
9.89442e-03
9.54491e-03
8.91857e-03
8.49669e-03
8.32270e-03
8.01036e-03
7.74553e-03
7.88485e-03
8.33505e-03
9.01762e-03
1.01124e-02
1.14359e-02
1.23837e-02
1.27520e-02
1.26731e-02
1.21388e-02
1.12007e-02
1.01430e-02
9.27299e-03
8.81847e-03
8.94081e-03
9.54948e-03
1.04503e-02
1.15280e-02
1.25836e-02
1.34909e-02
1.40861e-02
1.42453e-02
1.39127e-02
1.27861e-02
1.10104e-02
9.03467e-03
7.08128e-03
5.51591e-03
4.60928e-03
4.42693e-03
4.70881e-03
4.75556e-03
4.35818e-03
3.91319e-03
3.67885e-03
3.78938e-03
4.20948e-03
4.54293e-03
4.27860e-03
3.28451e-03
1.90796e-03
6.21740e-04
-2.53791e-04
-8.26198e-04
-1.26416e-03
-1.63750e-03
-2.20117e-03
-2.96030e-03
-3.79838e-03
-4.82171e-03
-6.22593e-03
-8.01124e-03
-9.92958e-03
-1.19358e-02
-1.38648e-02
-1.53403e-02
-1.62090e-02
-1.62720e-02
-1.56099e-02
-1.49614e-02
-1.47493e-02
-1.47969e-02
-1.50251e-02
-1.53342e-02
-1.55907e-02
-1.58819e-02
-1.61906e-02
-1.63367e-02
-1.63844e-02
-1.66768e-02
-1.72934e-02
-1.78473e-02
-1.81106e-02
-1.83383e-02
-1.87910e-02
-1.96906e-02
-2.09782e-02
-2.22264e-02
-2.34910e-02
-2.47384e-02
-2.53208e-02
-2.48318e-02
-2.36316e-02
-2.26869e-02
-2.25449e-02
-2.29067e-02
-2.31390e-02
-2.30693e-02
-2.33941e-02
-2.45669e-02
-2.62167e-02
-2.77918e-02
-2.91846e-02
-3.04185e-02
-3.11544e-02
-3.11902e-02
-3.03709e-02
-2.88884e-02
-2.74595e-02
-2.62307e-02
-2.49945e-02
-2.36255e-02
-2.22867e-02
-2.14283e-02
-2.09866e-02
-2.07379e-02
-2.06181e-02
-2.04639e-02
-2.01104e-02
-1.94743e-02
-1.87703e-02
-1.81721e-02
-1.75537e-02
-1.68525e-02
-1.61959e-02
-1.58987e-02
-1.60166e-02
-1.61621e-02
-1.61739e-02
-1.61070e-02
-1.58977e-02
-1.56786e-02
-1.54992e-02
-1.49914e-02
-1.38507e-02
-1.22454e-02
-1.06029e-02
-9.12772e-03
-7.76397e-03
-6.86365e-03
-6.88208e-03
-7.68969e-03
-9.01164e-03
-1.04410e-02
-1.15033e-02
-1.19430e-02
-1.15582e-02
-1.05713e-02
-9.31248e-03
-7.75322e-03
-5.96289e-03
-4.32981e-03
-3.20566e-03
-2.33848e-03
-1.31641e-03
-6.12851e-05
1.42686e-03
3.11441e-03
4.96699e-03
6.79866e-03
8.37346e-03
9.62699e-03
1.04428e-02
1.07666e-02
1.06617e-02
1.01872e-02
9.47203e-03
8.50325e-03
7.20728e-03
5.88390e-03
4.96817e-03
4.58467e-03
4.63489e-03
4.92783e-03
5.22801e-03
5.31021e-03
5.15809e-03
5.19348e-03
5.57732e-03
5.91866e-03
5.99623e-03
5.79355e-03
5.53197e-03
5.48963e-03
5.74049e-03
6.23219e-03
6.74015e-03
7.20142e-03
7.52543e-03
7.64326e-03
7.68892e-03
7.69356e-03
7.94101e-03
8.72968e-03
9.98926e-03
1.14359e-02
1.28437e-02
1.42134e-02
1.53146e-02
1.58175e-02
1.57133e-02
1.49925e-02
1.35015e-02
1.14256e-02
9.45117e-03
8.19199e-03
7.68414e-03
7.50585e-03
7.28729e-03
6.74211e-03
5.79650e-03
4.46829e-03
2.56378e-03
2.73822e-04
-2.03324e-03
-4.21998e-03
-5.99933e-03
-6.95355e-03
-7.11105e-03
-6.85309e-03
-6.37050e-03
-5.87879e-03
-5.43794e-03
-4.90803e-03
-4.33718e-03
-3.60356e-03
-2.64605e-03
-1.70951e-03
-8.75283e-04
-1.06476e-04
4.29541e-04
6.11770e-04
5.76470e-04
5.21142e-04
5.51217e-04
5.06852e-04
2.18736e-04
-1.73355e-04
-5.37132e-04
-8.93298e-04
-1.25220e-03
-1.70183e-03
-2.45374e-03
-3.52507e-03
-4.60847e-03
-5.38981e-03
-5.72027e-03
-5.57871e-03
-5.14260e-03
-4.58582e-03
-3.83237e-03
-2.80545e-03
-1.44606e-03
2.34834e-04
1.84680e-03
3.24575e-03
4.85927e-03
6.73724e-03
8.33331e-03
9.54548e-03
1.07152e-02
1.19324e-02
1.32153e-02
1.44056e-02
1.51184e-02
1.53070e-02
1.50745e-02
1.43377e-02
1.34164e-02
1.29578e-02
1.30213e-02
1.34124e-02
1.40858e-02
1.47460e-02
1.51558e-02
1.54186e-02
1.55591e-02
1.54757e-02
1.52409e-02
1.48728e-02
1.41416e-02
1.33473e-02
1.32111e-02
1.37417e-02
1.45286e-02
1.54463e-02
1.64759e-02
1.75241e-02
1.85131e-02
1.93557e-02
1.98742e-02
2.01496e-02
2.02960e-02
2.00377e-02
1.94879e-02
1.91103e-02
1.89797e-02
1.91726e-02
1.97341e-02
2.02405e-02
2.03905e-02
2.02194e-02
1.97215e-02
1.88811e-02
1.78246e-02
1.66829e-02
1.55515e-02
1.46788e-02
1.40242e-02
1.32061e-02
1.21559e-02
1.09272e-02
9.56818e-03
8.24325e-03
7.15763e-03
6.43803e-03
6.05850e-03
5.97338e-03
6.07330e-03
6.36726e-03
7.01247e-03
7.81925e-03
8.29947e-03
8.15634e-03
7.54579e-03
6.87544e-03
6.51360e-03
6.62011e-03
7.23449e-03
8.28169e-03
9.42345e-03
1.03856e-02
1.10914e-02
1.13645e-02
1.10065e-02
1.01048e-02
9.01870e-03
8.04694e-03
7.15471e-03
6.26287e-03
5.61586e-03
5.36455e-03
5.28047e-03
5.08198e-03
4.77202e-03
4.44333e-03
4.00224e-03
3.56312e-03
3.48149e-03
3.86875e-03
4.50004e-03
5.03591e-03
5.26629e-03
5.21888e-03
4.93233e-03
4.44801e-03
3.95589e-03
3.58160e-03
3.40075e-03
3.50785e-03
4.07989e-03
5.18390e-03
6.47508e-03
7.72870e-03
8.97525e-03
1.03259e-02
1.18373e-02
1.31312e-02
1.38978e-02
1.41813e-02
1.41153e-02
1.37493e-02
1.29201e-02
1.14924e-02
9.50699e-03
7.16834e-03
4.73676e-03
2.36839e-03
2.75461e-04
-1.52478e-03
-3.14877e-03
-4.26652e-03
-4.80173e-03
-5.19010e-03
-5.66418e-03
-6.43172e-03
-7.50920e-03
-8.51708e-03
-9.25035e-03
-9.93251e-03
-1.07157e-02
-1.12784e-02
-1.13869e-02
-1.11854e-02
-1.08266e-02
-1.04387e-02
-1.00887e-02
-9.69940e-03
-9.31382e-03
-9.06724e-03
-8.98189e-03
-9.19692e-03
-9.78354e-03
-1.06393e-02
-1.18083e-02
-1.32480e-02
-1.46682e-02
-1.58790e-02
-1.69370e-02
-1.77301e-02
-1.80304e-02
-1.80460e-02
-1.82175e-02
-1.87594e-02
-1.96299e-02
-2.06622e-02
-2.17448e-02
-2.29341e-02
-2.43730e-02
-2.60449e-02
-2.76038e-02
-2.86290e-02
-2.90950e-02
-2.92903e-02
-2.94325e-02
-2.94912e-02
-2.93620e-02
-2.92539e-02
-2.93594e-02
-2.96668e-02
-3.02376e-02
-3.07628e-02
-3.08594e-02
-3.06656e-02
-3.03793e-02
-3.01459e-02
-2.99727e-02
-2.96323e-02
-2.90540e-02
-2.83550e-02
-2.73960e-02
-2.58516e-02
-2.39535e-02
-2.21687e-02
-2.04343e-02
-1.86177e-02
-1.68958e-02
-1.54387e-02
-1.42497e-02
-1.31657e-02
-1.17903e-02
-9.90940e-03
-7.86331e-03
-5.96793e-03
-4.36856e-03
-3.39996e-03
-3.20351e-03
-3.60279e-03
-4.43139e-03
-5.52975e-03
-6.46899e-03
-6.75671e-03
-6.37706e-03
-5.67975e-03
-4.98466e-03
-4.24037e-03
-3.35105e-03
-2.50982e-03
-1.79040e-03
-1.21588e-03
-8.95152e-04
-8.75710e-04
-9.75029e-04
-9.71123e-04
-8.97033e-04
-7.42794e-04
-6.25025e-04
-6.20338e-04
-4.36278e-04
-1.09416e-05
4.39381e-04
9.39585e-04
1.55540e-03
2.05960e-03
2.39907e-03
2.75184e-03
3.10011e-03
3.39041e-03
3.72123e-03
4.21032e-03
4.84673e-03
5.41065e-03
5.52274e-03
5.22576e-03
5.00099e-03
5.10481e-03
5.50244e-03
6.05176e-03
6.66471e-03
7.18281e-03
7.45248e-03
7.45563e-03
7.20178e-03
6.90177e-03
6.66561e-03
6.44356e-03
6.15215e-03
5.59722e-03
4.81325e-03
4.09245e-03
3.69432e-03
3.63535e-03
3.78898e-03
4.11728e-03
4.43517e-03
4.45744e-03
4.34195e-03
4.31593e-03
4.26852e-03
4.15216e-03
3.94224e-03
3.76879e-03
3.93440e-03
4.34488e-03
4.79350e-03
5.28602e-03
5.66911e-03
5.92176e-03
6.17956e-03
6.28423e-03
6.28920e-03
6.42890e-03
6.72182e-03
7.14991e-03
7.60650e-03
7.92993e-03
8.08415e-03
8.12619e-03
8.07940e-03
7.87133e-03
7.38589e-03
6.61768e-03
5.84411e-03
5.33527e-03
4.94643e-03
4.42993e-03
3.89634e-03
3.49661e-03
3.18495e-03
2.83131e-03
2.36956e-03
2.07754e-03
2.12042e-03
2.27080e-03
2.42678e-03
2.66495e-03
3.04704e-03
3.52343e-03
3.90172e-03
4.04779e-03
3.92086e-03
3.49291e-03
2.88118e-03
2.40533e-03
2.16535e-03
1.96852e-03
1.74335e-03
1.56090e-03
1.44557e-03
1.25451e-03
8.93736e-04
5.32815e-04
3.93134e-04
4.31126e-04
4.16522e-04
3.06131e-04
1.87277e-04
7.67032e-06
-1.82739e-04
-7.22017e-05
3.50769e-04
7.60783e-04
1.02244e-03
1.12554e-03
1.11580e-03
1.02939e-03
7.73978e-04
2.97498e-04
-3.22193e-04
-1.00138e-03
-1.85749e-03
-2.92126e-03
-3.99230e-03
-4.96416e-03
-5.87131e-03
-6.78395e-03
-7.69946e-03
-8.41908e-03
-8.71138e-03
-8.69658e-03
-8.66129e-03
-8.63774e-03
-8.67107e-03
-8.92922e-03
-9.45578e-03
-1.01726e-02
-1.09357e-02
-1.15989e-02
-1.19988e-02
-1.20415e-02
-1.17715e-02
-1.12688e-02
-1.06568e-02
-9.99851e-03
-9.44245e-03
-9.21972e-03
-9.21717e-03
-9.24431e-03
-9.24618e-03
-9.22900e-03
-9.26862e-03
-9.17673e-03
-8.63867e-03
-7.64737e-03
-6.61184e-03
-5.76632e-03
-4.81461e-03
-3.66119e-03
-2.40599e-03
-1.09862e-03
2.49055e-04
1.87992e-03
3.83050e-03
5.88591e-03
7.80840e-03
9.29347e-03
1.03073e-02
1.09424e-02
1.13032e-02
1.15964e-02
1.19165e-02
1.23092e-02
1.27118e-02
1.29696e-02
1.30669e-02
1.30836e-02
1.30047e-02
1.26384e-02
1.18848e-02
1.09145e-02
9.99861e-03
9.21059e-03
8.38049e-03
7.44052e-03
6.47637e-03
5.64826e-03
5.14732e-03
5.01822e-03
5.30011e-03
6.06292e-03
7.19071e-03
8.43702e-03
9.48848e-03
1.02330e-02
1.08445e-02
1.15424e-02
1.22673e-02
1.27363e-02
1.31253e-02
1.36880e-02
1.43171e-02
1.50286e-02
1.57651e-02
1.63336e-02
1.64913e-02
1.62635e-02
1.61326e-02
1.62873e-02
1.65209e-02
1.66468e-02
1.67113e-02
1.66874e-02
1.62660e-02
1.53405e-02
1.40916e-02
1.28016e-02
1.17616e-02
1.11104e-02
1.08804e-02
1.12567e-02
1.21142e-02
1.29775e-02
1.37420e-02
1.42630e-02
1.43693e-02
1.41247e-02
1.36007e-02
1.29359e-02
1.20762e-02
1.09741e-02
9.80403e-03
8.76085e-03
7.93945e-03
7.31243e-03
7.03839e-03
7.23872e-03
7.78727e-03
8.55059e-03
9.40726e-03
1.02988e-02
1.12461e-02
1.21755e-02
1.29514e-02
1.35177e-02
1.36905e-02
1.33079e-02
1.24911e-02
1.13926e-02
1.01778e-02
8.87902e-03
7.45465e-03
6.07328e-03
4.81507e-03
3.65594e-03
2.77379e-03
2.25450e-03
1.73552e-03
8.37785e-04
-4.12161e-04
-1.76832e-03
-3.10350e-03
-4.42790e-03
-5.58686e-03
-6.44321e-03
-7.15859e-03
-7.84352e-03
-8.37440e-03
-8.76913e-03
-9.36492e-03
-1.04794e-02
-1.20495e-02
-1.37205e-02
-1.51464e-02
-1.60874e-02
-1.63946e-02
-1.59970e-02
-1.50264e-02
-1.38864e-02
-1.28991e-02
-1.20832e-02
-1.14231e-02
-1.10954e-02
-1.12046e-02
-1.16774e-02
-1.24602e-02
-1.33864e-02
-1.41775e-02
-1.47232e-02
-1.50592e-02
-1.51726e-02
-1.50970e-02
-1.49481e-02
-1.47483e-02
-1.44192e-02
-1.39604e-02
-1.34356e-02
-1.28466e-02
-1.23223e-02
-1.18924e-02
-1.13742e-02
-1.07636e-02
-9.97201e-03
-9.01072e-03
-8.12765e-03
-7.41823e-03
-7.02787e-03
-6.99557e-03
-7.27057e-03
-7.82964e-03
-8.51831e-03
-9.22128e-03
-9.84366e-03
-1.03178e-02
-1.06265e-02
-1.07933e-02
-1.07863e-02
-1.05175e-02
-1.00961e-02
-9.71652e-03
-9.46310e-03
-9.32755e-03
-9.28835e-03
-9.18351e-03
-8.95199e-03
-8.75457e-03
-8.85762e-03
-8.65951e-03
-8.55279e-03
-8.49002e-03
-8.36981e-03
-8.08650e-03
-7.65726e-03
-6.99439e-03
-6.07921e-03
-5.11728e-03
-4.11898e-03
-3.07857e-03
-2.09666e-03
-1.23018e-03
-7.17264e-04
-8.53827e-04
-1.72393e-03
-3.28993e-03
-5.30250e-03
-7.38487e-03
-9.29484e-03
-1.07881e-02
-1.16604e-02
-1.18501e-02
-1.14807e-02
-1.08984e-02
-1.02682e-02
-9.58112e-03
-9.01058e-03
-8.69630e-03
-8.55787e-03
-8.41598e-03
-8.14182e-03
-7.67383e-03
-6.97821e-03
-6.19425e-03
-5.46450e-03
-4.68680e-03
-3.80897e-03
-2.91286e-03
-1.96644e-03
-9.04603e-04
1.20032e-04
9.51054e-04
1.55801e-03
1.99764e-03
2.51490e-03
3.24669e-03
4.11132e-03
4.94245e-03
5.69615e-03
6.43720e-03
7.05333e-03
7.60699e-03
8.13039e-03
8.51549e-03
8.87253e-03
9.18726e-03
9.43441e-03
9.60416e-03
9.53428e-03
9.16627e-03
8.57827e-03
7.79989e-03
6.79942e-03
5.66880e-03
4.48966e-03
3.40191e-03
2.71765e-03
2.45940e-03
2.43972e-03
2.65604e-03
3.15719e-03
3.77248e-03
4.22015e-03
4.54917e-03
4.83727e-03
4.86129e-03
4.46845e-03
3.63132e-03
2.45408e-03
1.17437e-03
3.18733e-05
-8.91430e-04
-1.65401e-03
-2.20659e-03
-2.62949e-03
-3.03462e-03
-3.33627e-03
-3.58340e-03
-3.86633e-03
-4.07049e-03
-4.00778e-03
-3.71296e-03
-3.29480e-03
-2.63726e-03
-1.63945e-03
-4.30011e-04
7.81248e-04
2.02844e-03
3.42296e-03
4.93161e-03
6.44359e-03
7.77699e-03
8.91553e-03
9.79328e-03
1.02245e-02
1.01825e-02
9.72975e-03
9.06619e-03
8.31993e-03
7.46494e-03
6.49914e-03
5.38969e-03
4.14825e-03
2.87232e-03
1.71169e-03
7.23931e-04
-9.97279e-05
-6.80469e-04
-1.07271e-03
-1.35849e-03
-1.50107e-03
-1.56049e-03
-1.52516e-03
-1.21684e-03
-5.62088e-04
4.98170e-04
1.97288e-03
3.63644e-03
5.25312e-03
6.76396e-03
8.15086e-03
9.29960e-03
1.01049e-02
1.05370e-02
1.07406e-02
1.08849e-02
1.09678e-02
1.10438e-02
1.11688e-02
1.13365e-02
1.14361e-02
1.12545e-02
1.07809e-02
1.01269e-02
9.38604e-03
8.57818e-03
7.74228e-03
7.02714e-03
6.53278e-03
6.22079e-03
6.01459e-03
5.86151e-03
5.58772e-03
5.12278e-03
4.58444e-03
4.01357e-03
3.42882e-03
2.85800e-03
2.29560e-03
1.78857e-03
1.38895e-03
9.71262e-04
4.97315e-04
1.17881e-04
-1.92949e-04
-4.70848e-04
-6.76281e-04
-7.58777e-04
-6.86179e-04
-4.52633e-04
-4.61859e-06
5.61135e-04
1.09920e-03
1.56999e-03
2.00746e-03
2.44982e-03
2.78100e-03
2.94100e-03
3.07915e-03
3.36288e-03
3.78797e-03
4.27646e-03
4.85123e-03
5.42340e-03
5.75264e-03
5.71590e-03
5.32037e-03
4.60936e-03
3.66278e-03
2.66778e-03
1.79046e-03
9.86732e-04
2.33842e-04
-2.85290e-04
-4.82394e-04
-5.34567e-04
-5.60047e-04
-5.39921e-04
-6.24931e-04
-9.22819e-04
-1.31351e-03
-1.72822e-03
-2.11395e-03
-2.37238e-03
-2.58827e-03
-2.97998e-03
-3.62119e-03
-4.43667e-03
-5.26796e-03
-5.95162e-03
-6.44760e-03
-6.79814e-03
-7.02505e-03
-7.07514e-03
-6.95489e-03
-6.72973e-03
-6.34583e-03
-5.84737e-03
-5.40588e-03
-5.06778e-03
-4.85666e-03
-4.89146e-03
-5.20611e-03
-5.68215e-03
-6.20729e-03
-6.73225e-03
-7.24248e-03
-7.71148e-03
-8.07810e-03
-8.32404e-03
-8.53327e-03
-8.73856e-03
-8.82196e-03
-8.70950e-03
-8.43431e-03
-8.05240e-03
-7.64892e-03
-7.35912e-03
-7.29382e-03
-7.48260e-03
-7.90492e-03
-8.49508e-03
-9.15023e-03
-9.73017e-03
-1.01828e-02
-1.04825e-02
-1.05769e-02
-1.04996e-02
-1.02278e-02
-9.77007e-03
-9.24287e-03
-8.73273e-03
-8.23388e-03
-7.74546e-03
-7.34787e-03
-6.99550e-03
-6.66257e-03
-6.33145e-03
-5.89960e-03
-5.43686e-03
-5.06729e-03
-4.82095e-03
-4.65753e-03
-4.57786e-03
-4.54083e-03
-4.39315e-03
-4.11544e-03
-3.80281e-03
-3.51438e-03
-3.24045e-03
-3.02335e-03
-2.90749e-03
-2.80972e-03
-2.61112e-03
-2.24803e-03
-1.76416e-03
-1.18720e-03
-5.15635e-04
1.55249e-04
7.09938e-04
1.11338e-03
1.38867e-03
1.53086e-03
1.48039e-03
1.24793e-03
9.65111e-04
7.14524e-04
5.21915e-04
4.35558e-04
4.76009e-04
6.01902e-04
7.75368e-04
1.00529e-03
1.26115e-03
1.51543e-03
1.73376e-03
1.82946e-03
1.76950e-03
1.58977e-03
1.34094e-03
1.02728e-03
6.72708e-04
2.96795e-04
-4.33090e-05
-1.80673e-04
-8.62716e-05
1.47470e-04
4.58142e-04
7.98998e-04
1.13394e-03
1.38213e-03
1.48994e-03
1.56792e-03
1.72889e-03
1.91424e-03
2.08479e-03
2.22988e-03
2.32771e-03
2.44104e-03
2.61313e-03
2.80999e-03
2.98253e-03
3.13443e-03
3.23424e-03
3.24409e-03
3.20485e-03
3.12759e-03
3.03914e-03
2.93094e-03
2.78441e-03
2.64344e-03
2.49704e-03
2.36086e-03
2.26880e-03
2.18217e-03
2.08694e-03
2.00107e-03
1.90182e-03
1.77717e-03
1.66794e-03
1.62936e-03
1.71254e-03
1.92853e-03
2.21373e-03
2.51561e-03
2.81448e-03
3.03561e-03
3.14281e-03
3.14866e-03
3.07209e-03
2.98285e-03
2.89443e-03
2.78516e-03
2.70830e-03
2.75515e-03
2.93793e-03
3.16754e-03
3.40345e-03
3.63715e-03
3.82513e-03
3.95119e-03
4.00998e-03
4.01569e-03
4.03340e-03
4.08079e-03
4.14054e-03
4.23165e-03
4.33877e-03
4.44704e-03
4.59033e-03
4.76278e-03
4.90104e-03
4.96928e-03
4.98929e-03
4.95198e-03
4.85066e-03
4.70556e-03
4.51484e-03
4.31552e-03
4.13889e-03
3.97408e-03
3.83058e-03
3.72152e-03
3.62634e-03
3.52961e-03
3.45041e-03
3.38856e-03
3.32609e-03
3.25861e-03
3.15671e-03
3.00594e-03
2.85201e-03
2.72552e-03
2.63413e-03
2.59451e-03
2.58912e-03
2.59148e-03
2.59719e-03
2.59792e-03
2.57935e-03
2.52186e-03
2.41582e-03
2.26942e-03
2.08167e-03
1.84300e-03
1.55956e-03
1.26121e-03
9.73243e-04
6.96127e-04
4.31286e-04
1.94762e-04
-6.69006e-06
-1.82519e-04
-3.31781e-04
-4.42059e-04
-5.09258e-04
-5.37938e-04
-5.43974e-04
-5.43635e-04
-5.46743e-04
-5.44198e-04
-5.25224e-04
-5.05512e-04
-5.04115e-04
-5.31145e-04
-5.80173e-04
-6.41339e-04
-7.11820e-04
-7.79263e-04
-8.40080e-04
-9.01914e-04
-9.74181e-04
-1.05698e-03
-1.14067e-03
-1.22228e-03
-1.29873e-03
-1.36622e-03
-1.42177e-03
-1.45192e-03
-1.44491e-03
-1.40076e-03
-1.32475e-03
-1.23616e-03
-1.15570e-03
-1.08634e-03
-1.02247e-03
-9.66212e-04
-9.32827e-04
-9.25924e-04
-9.43082e-04
-9.83716e-04
-1.03584e-03
-1.09091e-03
-1.14157e-03
-1.18502e-03
-1.22314e-03
-1.24628e-03
-1.24836e-03
-1.23492e-03
-1.20408e-03
-1.14884e-03
-1.08081e-03
-1.01825e-03
-9.67654e-04
-9.26112e-04
-8.87068e-04
-8.53965e-04
-8.31643e-04
-8.11327e-04
-7.83440e-04
-7.54543e-04
-7.35656e-04
-7.21082e-04
-7.02996e-04
-6.84243e-04
-6.68809e-04
-6.60748e-04
-6.59728e-04
-6.58836e-04
-6.55206e-04
-6.48024e-04
-6.37154e-04
-6.26702e-04
-6.15588e-04
-6.02213e-04
-5.90132e-04
-5.77978e-04
-5.61155e-04
-5.41476e-04
-5.21284e-04
-4.98228e-04
-4.74748e-04
-4.53432e-04
-4.33087e-04
-4.16393e-04
-4.03620e-04
-3.92976e-04
-3.85161e-04
-3.80587e-04
-3.78343e-04
-3.78269e-04
-3.82156e-04
-3.88920e-04
-3.96005e-04
-4.02133e-04
-4.04834e-04
-4.02048e-04
-3.95708e-04
-3.89303e-04
-3.83331e-04
-3.76878e-04
-3.70426e-04
-3.63946e-04
-3.56543e-04
-3.48691e-04
-3.40869e-04
-3.32786e-04
-3.24303e-04
-3.14195e-04
-3.02119e-04
-2.89388e-04
-2.77508e-04
-2.67579e-04
-2.59633e-04
-2.53934e-04
-2.50876e-04
-2.49892e-04
-2.50042e-04
-2.50443e-04
-2.50511e-04
-2.49854e-04
-2.48268e-04
-2.45701e-04
-2.42152e-04
-2.37978e-04
-2.33690e-04
-2.29647e-04
-2.26017e-04
-2.22719e-04
-2.19456e-04
-2.16163e-04
-2.13030e-04
-2.09786e-04
-2.06266e-04
-2.02803e-04
-1.99367e-04
-1.95869e-04
-1.92440e-04
-1.89121e-04
-1.86050e-04
-1.83275e-04
-1.80659e-04
-1.78143e-04
-1.75727e-04
-1.73390e-04
-1.71052e-04
-1.68626e-04
-1.66105e-04
-1.63526e-04
-1.60930e-04
-1.58340e-04
-1.55752e-04
-1.53155e-04
-1.50527e-04
-1.47857e-04
-1.45157e-04
-1.42431e-04
-1.39663e-04
-1.36855e-04
-1.34029e-04
-1.31190e-04
-1.28351e-04
-1.25537e-04
-1.22749e-04
-1.19988e-04
-1.17260e-04
-1.14560e-04
-1.11875e-04
-1.09197e-04
-1.06520e-04
-1.03842e-04
-1.01161e-04
-9.84757e-05
-9.57880e-05
-9.30992e-05
-9.04096e-05
-8.77201e-05
-8.50325e-05
-8.23476e-05
-7.96659e-05
-7.69876e-05
-7.43128e-05
-7.16417e-05
-6.89745e-05
-6.63113e-05
-6.36523e-05
-6.09977e-05
-5.83477e-05
