3.25747e-03
3.25500e-03
3.25255e-03
3.25008e-03
3.24762e-03
3.24513e-03
3.24262e-03
3.24012e-03
3.23761e-03
3.23519e-03
3.23293e-03
3.23076e-03
3.22838e-03
3.22581e-03
3.22285e-03
3.22028e-03
3.21873e-03
3.21736e-03
3.21493e-03
3.21165e-03
3.20789e-03
3.20549e-03
3.20475e-03
3.20277e-03
3.20039e-03
3.19703e-03
3.19092e-03
3.18692e-03
3.18438e-03
3.17584e-03
3.16606e-03
3.16269e-03
3.16482e-03
3.16977e-03
3.15882e-03
3.14053e-03
3.13345e-03
3.15742e-03
3.20564e-03
3.24955e-03
3.27747e-03
3.28898e-03
3.28949e-03
3.27188e-03
3.23292e-03
3.21528e-03
3.19644e-03
3.14423e-03
3.10451e-03
3.13022e-03
3.21261e-03
3.28296e-03
3.23839e-03
3.15160e-03
3.07899e-03
3.05500e-03
3.07979e-03
3.13896e-03
3.24994e-03
3.40797e-03
3.57527e-03
3.68977e-03
3.63315e-03
3.42211e-03
3.31552e-03
3.39849e-03
3.50416e-03
3.51616e-03
3.37301e-03
3.20231e-03
3.11480e-03
3.04913e-03
3.04871e-03
3.12680e-03
3.06648e-03
2.66029e-03
1.89741e-03
9.29072e-04
1.72590e-04
3.58881e-04
1.63846e-03
3.56585e-03
5.65710e-03
7.28756e-03
7.86604e-03
6.89930e-03
4.65238e-03
2.24959e-03
6.09129e-04
1.13995e-04
6.49581e-04
2.27600e-03
4.99808e-03
7.79013e-03
9.15291e-03
8.30611e-03
5.62520e-03
2.30215e-03
-8.35626e-04
-3.22525e-03
-3.83023e-03
-1.71821e-03
2.06669e-03
6.08417e-03
1.02273e-02
1.38505e-02
1.52801e-02
1.34432e-02
8.43492e-03
1.09084e-03
-5.94369e-03
-1.07950e-02
-1.29516e-02
-9.82290e-03
1.11706e-04
1.36052e-02
2.52523e-02
3.15322e-02
2.99388e-02
2.08640e-02
8.21728e-03
-5.05926e-03
-1.62466e-02
-2.14545e-02
-1.91628e-02
-1.08438e-02
8.19171e-05
1.02163e-02
1.64805e-02
1.81888e-02
1.56571e-02
8.34685e-03
-2.73892e-03
-1.04068e-02
-1.30714e-02
-1.17660e-02
-5.83284e-03
2.85165e-03
1.05504e-02
1.73867e-02
2.08574e-02
1.91433e-02
1.30483e-02
3.42189e-03
-8.11644e-03
-1.51613e-02
-1.47765e-02
-6.47655e-03
7.09546e-03
1.91698e-02
2.29922e-02
1.82881e-02
8.76342e-03
-2.77395e-03
-1.39174e-02
-2.17180e-02
-2.19396e-02
-1.22329e-02
4.15585e-03
1.89971e-02
2.66960e-02
2.85087e-02
3.07318e-02
3.16043e-02
2.45390e-02
1.39095e-02
5.92715e-03
2.45065e-03
3.90489e-03
9.56320e-03
1.59470e-02
2.28080e-02
2.93399e-02
2.98763e-02
2.04915e-02
5.13638e-03
-1.07276e-02
-2.04158e-02
-2.39969e-02
-2.51813e-02
-2.92394e-02
-3.14005e-02
-1.98904e-02
8.12303e-03
4.56487e-02
7.13401e-02
7.24697e-02
5.16068e-02
1.64611e-02
-2.03619e-02
-4.40835e-02
-5.40789e-02
-4.91262e-02
-2.93588e-02
-9.04225e-04
3.06309e-02
6.08638e-02
8.10154e-02
8.56659e-02
7.38434e-02
4.30133e-02
-5.06705e-03
-5.15995e-02
-8.17125e-02
-9.14244e-02
-7.68429e-02
-4.14134e-02
-1.39081e-03
3.28406e-02
5.25123e-02
5.79139e-02
5.34740e-02
4.05472e-02
2.11698e-02
1.66030e-03
-9.65745e-03
-7.26110e-03
6.60493e-03
2.25659e-02
3.24286e-02
3.72236e-02
4.03321e-02
3.39760e-02
6.91901e-03
-3.75338e-02
-8.43410e-02
-1.14628e-01
-1.08744e-01
-6.02366e-02
4.61569e-03
5.69400e-02
9.26308e-02
1.04648e-01
8.51655e-02
4.84221e-02
1.46413e-02
-8.28547e-03
-1.40352e-02
-2.39712e-03
1.82670e-02
3.49954e-02
3.81244e-02
2.48916e-02
-3.18308e-03
-3.36360e-02
-4.74842e-02
-4.21716e-02
-3.36511e-02
-3.63369e-02
-4.35143e-02
-3.33914e-02
1.67063e-03
4.17038e-02
5.39227e-02
3.10296e-02
-9.08392e-03
-4.52820e-02
-5.93462e-02
-4.64912e-02
-1.65320e-02
1.43095e-02
4.28662e-02
7.11221e-02
9.29682e-02
9.96819e-02
8.43181e-02
3.88991e-02
-2.64535e-02
-8.64088e-02
-1.28237e-01
-1.26009e-01
-7.99417e-02
-1.61028e-02
3.88488e-02
8.00557e-02
1.01255e-01
1.02444e-01
8.09155e-02
3.30099e-02
-3.11358e-02
-8.76390e-02
-1.04765e-01
-7.48392e-02
-2.46923e-02
1.96591e-02
5.74093e-02
8.63056e-02
1.06665e-01
1.05982e-01
6.97523e-02
8.07857e-03
-5.62482e-02
-1.07826e-01
-1.31375e-01
-1.10572e-01
-5.42905e-02
1.32926e-02
7.48779e-02
1.14141e-01
1.21272e-01
9.67436e-02
5.08277e-02
2.33776e-03
-2.57688e-02
-2.48530e-02
-6.85992e-03
1.06782e-02
1.87653e-02
1.70908e-02
9.11067e-03
-4.75180e-03
-3.04919e-02
-6.68091e-02
-9.86814e-02
-9.83114e-02
-4.78473e-02
3.11533e-02
1.05806e-01
1.45390e-01
1.29273e-01
7.12552e-02
6.66933e-03
-5.64027e-02
-1.14033e-01
-1.39677e-01
-1.14617e-01
-4.81491e-02
2.89113e-02
8.79798e-02
1.12883e-01
1.09477e-01
7.25555e-02
-3.49655e-03
-1.14969e-01
-2.09978e-01
-2.47628e-01
-2.14818e-01
-1.23158e-01
1.29968e-02
1.27781e-01
1.91856e-01
2.21539e-01
1.96762e-01
1.03015e-01
-1.00746e-02
-9.72475e-02
-1.50598e-01
-1.61839e-01
-1.20832e-01
-5.79928e-02
5.09028e-03
7.46639e-02
1.27549e-01
1.43566e-01
1.25522e-01
7.65108e-02
6.91983e-03
-4.87923e-02
-7.63058e-02
-7.53762e-02
-4.88302e-02
-1.21378e-02
1.24364e-02
2.39849e-02
2.85989e-02
1.98710e-02
-3.18542e-03
-2.65741e-02
-3.70815e-02
-2.05167e-02
2.19320e-02
6.72761e-02
8.89114e-02
5.78719e-02
-1.76561e-02
-7.82584e-02
-1.13468e-01
-1.18226e-01
-8.66820e-02
-3.82793e-02
-5.03939e-03
2.40333e-02
4.75181e-02
6.68417e-02
5.78146e-02
4.99437e-04
-9.84180e-02
-1.68840e-01
-1.84993e-01
-1.44549e-01
-9.11627e-02
-3.46991e-02
2.55280e-02
6.82309e-02
7.75674e-02
4.76261e-02
-2.53037e-02
-1.08210e-01
-1.64184e-01
-1.77407e-01
-1.46217e-01
-8.49742e-02
-1.40215e-02
4.27657e-02
7.56733e-02
8.44545e-02
7.92000e-02
6.91348e-02
4.46407e-02
-9.98730e-03
-6.92573e-02
-9.78623e-02
-8.97127e-02
-5.86474e-02
-2.72258e-02
-8.21499e-04
2.66630e-02
5.75753e-02
6.88968e-02
3.08629e-02
-4.50136e-02
-1.07833e-01
-1.30318e-01
-1.17456e-01
-8.66778e-02
-4.72219e-02
-1.55184e-02
1.26297e-02
3.74654e-02
4.03103e-02
2.17685e-02
-1.91048e-03
-2.68926e-02
-5.15712e-02
-6.79236e-02
-7.35814e-02
-6.16865e-02
-4.23719e-02
-2.36605e-02
-1.94301e-02
-4.33031e-02
-7.96899e-02
-1.05527e-01
-9.66711e-02
-5.84933e-02
-1.78548e-02
4.20480e-03
-4.53725e-03
-2.59963e-02
-3.79595e-02
-4.47795e-02
-6.00204e-02
-7.89439e-02
-8.25589e-02
-5.85387e-02
-1.78915e-02
1.78710e-02
3.42298e-02
2.98724e-02
1.25338e-02
-4.37279e-03
-1.47080e-02
-2.35361e-02
-3.77516e-02
-5.29349e-02
-5.12565e-02
-2.15656e-02
2.77857e-02
7.65141e-02
1.13395e-01
1.21069e-01
8.98843e-02
2.10722e-02
-5.66352e-02
-1.42212e-01
-2.07870e-01
-2.09578e-01
-1.53623e-01
-8.10504e-02
-1.04422e-02
4.63132e-02
7.38210e-02
8.06080e-02
5.76770e-02
8.84223e-03
-6.33145e-02
-1.16195e-01
-1.44638e-01
-1.44538e-01
-1.18864e-01
-8.42232e-02
-6.39723e-02
-6.16576e-02
-7.13968e-02
-9.55158e-02
-1.33543e-01
-1.62345e-01
-1.66642e-01
-1.51039e-01
-1.28877e-01
-1.10404e-01
-9.95244e-02
-8.69551e-02
-7.01068e-02
-6.54477e-02
-8.77220e-02
-1.30482e-01
-1.78407e-01
-2.16295e-01
-2.21331e-01
-1.85019e-01
-1.33033e-01
-9.26699e-02
-5.78377e-02
-1.81025e-02
1.99941e-02
4.51994e-02
4.59650e-02
2.05275e-02
-1.57810e-02
-4.43460e-02
-5.80799e-02
-5.98576e-02
-6.50459e-02
-8.57639e-02
-1.15286e-01
-1.34922e-01
-1.31394e-01
-1.14531e-01
-1.02632e-01
-1.02928e-01
-1.08927e-01
-1.14441e-01
-1.25802e-01
-1.46395e-01
-1.57747e-01
-1.28263e-01
-5.75573e-02
2.39647e-02
9.75627e-02
1.41720e-01
1.73476e-01
2.17850e-01
2.56998e-01
2.71443e-01
2.49581e-01
2.04563e-01
1.60053e-01
1.37423e-01
1.25911e-01
1.05704e-01
6.49608e-02
5.57858e-03
-4.60919e-02
-1.02916e-01
-1.62185e-01
-2.19538e-01
-2.65896e-01
-2.82334e-01
-2.56241e-01
-2.09509e-01
-1.59295e-01
-1.01910e-01
-3.87054e-02
2.25056e-02
5.90993e-02
6.27602e-02
4.96856e-02
4.55259e-02
5.99705e-02
8.45539e-02
1.07261e-01
1.31070e-01
1.62044e-01
2.00839e-01
2.43032e-01
2.68020e-01
2.38876e-01
1.43669e-01
-1.87072e-03
-1.76703e-01
-3.32396e-01
-4.40417e-01
-4.99904e-01
-5.17255e-01
-4.98504e-01
-4.44100e-01
-3.53125e-01
-2.48188e-01
-1.53582e-01
-6.31699e-02
3.08425e-02
1.20035e-01
1.90542e-01
2.29688e-01
2.44941e-01
2.43435e-01
2.32701e-01
2.27130e-01
2.32839e-01
2.43269e-01
2.42300e-01
2.25450e-01
2.02179e-01
1.81688e-01
1.61333e-01
1.30369e-01
8.00040e-02
9.15005e-03
-6.15679e-02
-1.18829e-01
-1.55356e-01
-1.64599e-01
-1.43027e-01
-9.73847e-02
-2.63587e-02
5.70099e-02
1.26736e-01
1.84658e-01
2.16733e-01
2.12618e-01
1.73270e-01
1.09588e-01
4.30627e-02
6.67146e-03
6.89230e-03
3.72041e-02
9.84222e-02
1.98722e-01
2.95927e-01
3.61899e-01
3.98558e-01
3.98862e-01
3.65863e-01
3.23870e-01
2.82145e-01
2.47670e-01
2.12717e-01
1.62800e-01
1.21330e-01
6.81247e-02
-7.81295e-03
-8.63555e-02
-1.58983e-01
-2.08299e-01
-2.28034e-01
-2.12040e-01
-1.70720e-01
-1.26579e-01
-8.62098e-02
-2.86600e-02
5.85394e-02
1.61701e-01
2.56555e-01
2.97928e-01
2.94320e-01
2.66753e-01
2.27750e-01
1.82788e-01
1.51920e-01
1.43884e-01
1.63433e-01
2.01700e-01
2.53963e-01
2.98652e-01
3.27651e-01
3.30243e-01
2.92028e-01
2.24326e-01
1.62551e-01
1.08815e-01
7.50875e-02
5.79613e-02
6.10515e-02
7.92403e-02
9.45866e-02
9.15468e-02
5.40490e-02
7.86256e-03
-2.87359e-02
-4.90073e-02
-4.48855e-02
-2.12225e-02
7.54898e-03
2.93015e-02
5.66438e-02
8.73431e-02
1.12470e-01
1.21627e-01
9.66105e-02
4.85612e-02
1.19366e-02
1.26315e-02
4.61783e-02
7.65478e-02
8.38532e-02
7.60893e-02
6.26690e-02
4.88677e-02
3.11186e-02
6.74068e-03
-1.42147e-02
-3.20694e-02
-4.51952e-02
-4.20206e-02
-1.46265e-02
2.78870e-02
8.07856e-02
1.22371e-01
1.47894e-01
1.61442e-01
1.56454e-01
1.30972e-01
9.84230e-02
5.76178e-02
1.27454e-02
-1.49903e-02
-1.93197e-02
-1.26055e-02
-1.13642e-02
-1.44526e-02
-2.57051e-02
-5.97303e-02
-1.11617e-01
-1.68716e-01
-2.11231e-01
-2.28323e-01
-2.06764e-01
-1.54655e-01
-8.36303e-02
-2.02359e-02
2.51901e-02
6.16582e-02
7.87866e-02
6.41135e-02
2.55122e-02
-2.65445e-02
-9.54168e-02
-1.51855e-01
-1.91835e-01
-2.00653e-01
-1.53498e-01
-4.11346e-02
9.06787e-02
2.26223e-01
3.21413e-01
3.53079e-01
3.55414e-01
3.40405e-01
3.02392e-01
2.46775e-01
1.54612e-01
3.70739e-02
-4.35835e-02
-8.70304e-02
-1.00447e-01
-8.83417e-02
-6.94893e-02
-5.62105e-02
-4.08591e-02
-2.34055e-02
-1.47142e-02
-3.38474e-02
-8.57909e-02
-1.68554e-01
-2.44077e-01
-2.97563e-01
-3.34338e-01
-3.51872e-01
-3.59241e-01
-3.56423e-01
-3.33987e-01
-2.92692e-01
-2.25548e-01
-1.31296e-01
-4.08700e-02
4.70329e-02
1.21600e-01
1.80267e-01
2.22713e-01
2.27143e-01
1.88626e-01
1.38582e-01
9.93928e-02
7.36032e-02
6.09570e-02
5.20044e-02
3.86296e-02
3.42431e-02
3.92856e-02
2.66954e-02
-1.13885e-02
-5.96455e-02
-1.10912e-01
-1.50734e-01
-1.76484e-01
-2.04137e-01
-2.38943e-01
-2.75256e-01
-2.99757e-01
-3.07346e-01
-3.01460e-01
-2.85249e-01
-2.63499e-01
-2.40242e-01
-2.13962e-01
-1.85660e-01
-1.53230e-01
-1.11586e-01
-7.04900e-02
-3.53345e-02
-1.08128e-02
1.66324e-03
6.03437e-03
1.47992e-02
3.69802e-02
7.13482e-02
1.11579e-01
1.49593e-01
1.95781e-01
2.49500e-01
2.82931e-01
2.81230e-01
2.37386e-01
1.53313e-01
4.26602e-02
-6.24050e-02
-1.41700e-01
-1.79147e-01
-1.87206e-01
-1.78103e-01
-1.57923e-01
-1.28666e-01
-9.97117e-02
-7.45290e-02
-6.21680e-02
-7.70245e-02
-1.05583e-01
-1.25154e-01
-1.30493e-01
-1.32114e-01
-1.36746e-01
-1.38193e-01
-1.32763e-01
-1.13351e-01
-7.86259e-02
-2.45633e-02
3.49009e-02
8.81052e-02
1.41912e-01
1.83523e-01
2.06218e-01
2.11391e-01
2.07191e-01
1.98042e-01
1.77134e-01
1.30665e-01
7.28622e-02
2.35580e-02
-1.75804e-02
-5.45943e-02
-8.93424e-02
-1.16096e-01
-1.29953e-01
-1.37119e-01
-1.40425e-01
-1.34455e-01
-1.15892e-01
-8.96658e-02
-5.87339e-02
-3.28846e-02
-1.56531e-02
-9.26457e-03
-1.72897e-02
-3.68375e-02
-6.08182e-02
-8.56804e-02
-1.06993e-01
-1.22524e-01
-1.25262e-01
-1.05280e-01
-6.97564e-02
-3.95410e-02
-2.85396e-02
-3.96267e-02
-7.00963e-02
-1.08718e-01
-1.35934e-01
-1.37048e-01
-1.10828e-01
-7.11642e-02
-2.83316e-02
8.74464e-03
3.58976e-02
5.01069e-02
4.85452e-02
3.44131e-02
1.81576e-02
8.10235e-03
6.70613e-03
1.25282e-02
2.63295e-02
5.42031e-02
9.79960e-02
1.42933e-01
1.72004e-01
1.82074e-01
1.69376e-01
1.32364e-01
7.60480e-02
3.35976e-03
-5.69445e-02
-8.08071e-02
-6.59362e-02
-1.82021e-02
4.26059e-02
8.61495e-02
1.07167e-01
1.19472e-01
1.24776e-01
1.11270e-01
7.59197e-02
2.48173e-02
-2.11710e-02
-3.28803e-02
-5.39178e-03
3.47310e-02
6.27299e-02
7.64301e-02
8.84890e-02
1.13033e-01
1.42904e-01
1.63968e-01
1.69207e-01
1.55583e-01
1.23782e-01
9.02464e-02
6.96506e-02
6.38865e-02
6.96538e-02
7.94216e-02
8.66839e-02
8.89721e-02
8.70550e-02
8.25599e-02
7.78637e-02
7.50533e-02
8.03585e-02
9.22383e-02
1.02866e-01
1.09993e-01
1.13440e-01
1.09779e-01
8.90902e-02
5.25329e-02
1.58018e-02
-1.73209e-02
-4.48487e-02
-6.24521e-02
-6.71352e-02
-4.92641e-02
-2.35379e-02
-4.10316e-03
4.75902e-03
-1.36738e-03
-8.30995e-03
-7.14337e-03
-1.23173e-02
-3.12467e-02
-5.94952e-02
-8.17737e-02
-8.71603e-02
-7.17059e-02
-4.75890e-02
-3.27049e-02
-2.32174e-02
-1.59231e-02
-5.03235e-03
1.04019e-02
2.65617e-02
4.38633e-02
6.49314e-02
8.03161e-02
7.61022e-02
5.05788e-02
2.06484e-02
-1.22903e-02
-3.81031e-02
-5.40601e-02
-5.77586e-02
-3.99820e-02
-5.43995e-03
2.50506e-02
4.71725e-02
5.75226e-02
5.48718e-02
4.44443e-02
3.02240e-02
1.60400e-02
3.80354e-03
-6.24562e-03
-1.52670e-02
-2.52807e-02
-3.98888e-02
-4.62527e-02
-3.46717e-02
-1.07871e-02
1.51038e-02
4.11085e-02
6.35397e-02
8.46502e-02
1.02268e-01
1.11582e-01
1.03380e-01
6.90145e-02
1.34600e-02
-3.82886e-02
-7.84112e-02
-1.09438e-01
-1.30611e-01
-1.37482e-01
-1.26139e-01
-1.02449e-01
-7.62576e-02
-5.08940e-02
-3.09877e-02
-2.13789e-02
-2.43355e-02
-5.00309e-02
-9.45327e-02
-1.32096e-01
-1.44958e-01
-1.30294e-01
-9.46285e-02
-5.57781e-02
-2.21524e-02
8.19119e-03
3.39603e-02
4.96170e-02
4.55641e-02
1.80974e-02
-1.94497e-02
-4.74232e-02
-5.35344e-02
-3.65905e-02
-1.01769e-02
1.75814e-02
5.05117e-02
9.34695e-02
1.30395e-01
1.58015e-01
1.71853e-01
1.59604e-01
1.19703e-01
5.31614e-02
-4.00767e-02
-1.35819e-01
-2.27697e-01
-2.83633e-01
-2.84093e-01
-2.31220e-01
-1.52124e-01
-6.45614e-02
1.97146e-02
8.78844e-02
1.48615e-01
1.89657e-01
2.14519e-01
2.18168e-01
1.89741e-01
1.40841e-01
9.71635e-02
6.02285e-02
4.07081e-02
3.72688e-02
5.57096e-02
8.83736e-02
1.15021e-01
1.18096e-01
8.83851e-02
4.08071e-02
-1.41538e-02
-5.59649e-02
-6.94237e-02
-5.90637e-02
-4.93549e-02
-4.74711e-02
-3.37441e-02
-3.89256e-03
2.95034e-02
4.97908e-02
4.72778e-02
2.93370e-02
1.65232e-02
1.90162e-02
3.21724e-02
3.84489e-02
2.80515e-02
8.25018e-03
-6.87296e-03
-1.59803e-02
-2.69721e-02
-4.48670e-02
-6.79822e-02
-8.47504e-02
-7.67582e-02
-4.70669e-02
-1.04219e-02
1.50809e-02
8.46361e-03
-4.16736e-02
-1.13855e-01
-1.88428e-01
-2.53696e-01
-3.04523e-01
-3.26485e-01
-3.09065e-01
-2.46758e-01
-1.68499e-01
-8.13860e-02
-5.69075e-04
6.21102e-02
1.14871e-01
1.50595e-01
1.70529e-01
1.66959e-01
1.23848e-01
5.41165e-02
-1.28343e-02
-7.62850e-02
-1.32979e-01
-1.85533e-01
-2.41865e-01
-2.93263e-01
-3.24241e-01
-3.22114e-01
-2.88268e-01
-2.33748e-01
-1.79501e-01
-1.32702e-01
-9.92299e-02
-6.30781e-02
-1.56515e-02
3.91381e-02
8.90175e-02
1.21386e-01
1.43686e-01
1.60842e-01
1.79741e-01
1.98109e-01
2.09126e-01
2.11366e-01
2.03444e-01
1.93336e-01
1.99241e-01
2.34498e-01
2.88899e-01
3.38134e-01
3.66201e-01
3.67835e-01
3.43982e-01
3.03999e-01
2.57950e-01
2.12484e-01
1.59450e-01
1.01612e-01
6.18934e-02
5.46606e-02
6.92197e-02
8.67778e-02
8.78617e-02
5.62389e-02
-1.56744e-02
-9.78062e-02
-1.73258e-01
-2.29127e-01
-2.66615e-01
-2.92490e-01
-2.82371e-01
-2.30639e-01
-1.67820e-01
-1.15700e-01
-8.00105e-02
-6.79553e-02
-7.56695e-02
-8.37836e-02
-9.02478e-02
-1.03878e-01
-1.23596e-01
-1.38606e-01
-1.34128e-01
-1.00157e-01
-4.04236e-02
2.70185e-02
7.99875e-02
1.14707e-01
1.30343e-01
1.20782e-01
8.00239e-02
1.30214e-02
-5.66062e-02
-1.05706e-01
-1.33060e-01
-1.49677e-01
-1.57089e-01
-1.46028e-01
-1.11821e-01
-6.65342e-02
-2.70932e-02
-4.53370e-03
-3.87087e-03
-2.30337e-02
-5.51990e-02
-8.80928e-02
-1.13597e-01
-1.23534e-01
-1.02416e-01
-4.70919e-02
2.44709e-02
9.24264e-02
1.42384e-01
1.76844e-01
2.07462e-01
2.25470e-01
2.22048e-01
1.95454e-01
1.59707e-01
1.22171e-01
9.16807e-02
6.79194e-02
4.46396e-02
1.57601e-02
-4.53069e-03
-1.19594e-02
-2.13593e-02
-3.84373e-02
-5.32424e-02
-5.48556e-02
-4.21656e-02
-2.43924e-02
-1.43900e-02
-1.54773e-02
-2.50954e-02
-3.55825e-02
-4.52466e-02
-5.58097e-02
-6.38999e-02
-6.30786e-02
-5.20269e-02
-3.61350e-02
-1.99955e-02
-1.59871e-02
-3.00817e-02
-5.54420e-02
-8.20161e-02
-1.00124e-01
-1.04098e-01
-1.05130e-01
-1.08651e-01
-1.11171e-01
-1.06255e-01
-1.04645e-01
-1.04793e-01
-1.00294e-01
-8.73784e-02
-6.68270e-02
-3.96986e-02
-2.04807e-03
3.75600e-02
6.52061e-02
8.35554e-02
9.60430e-02
9.72131e-02
8.99800e-02
7.84768e-02
5.93883e-02
3.29015e-02
2.30732e-03
-2.60133e-02
-4.69065e-02
-6.10738e-02
-6.81714e-02
-7.18464e-02
-7.51171e-02
-7.93853e-02
-8.64436e-02
-8.96253e-02
-7.61457e-02
-4.64087e-02
-9.21542e-03
2.48512e-02
6.10060e-02
9.55137e-02
1.20165e-01
1.25933e-01
1.09091e-01
8.09290e-02
5.97411e-02
5.12549e-02
4.65152e-02
4.24729e-02
4.40461e-02
5.28291e-02
6.64959e-02
8.34875e-02
9.65255e-02
8.99314e-02
6.64874e-02
4.51389e-02
3.46841e-02
3.25370e-02
4.11848e-02
5.57929e-02
7.06635e-02
8.29494e-02
8.87427e-02
7.52538e-02
3.80729e-02
-1.25575e-02
-7.23440e-02
-1.29601e-01
-1.76401e-01
-2.09106e-01
-2.19339e-01
-2.08875e-01
-1.89039e-01
-1.76298e-01
-1.80702e-01
-1.94060e-01
-1.96722e-01
-1.73393e-01
-1.26864e-01
-7.32994e-02
-1.93846e-02
3.77138e-02
9.42988e-02
1.49352e-01
1.90392e-01
2.05692e-01
1.85188e-01
1.34953e-01
6.84130e-02
1.30168e-02
-1.89636e-02
-2.63504e-02
-8.35172e-03
2.65797e-02
8.72573e-02
1.74099e-01
2.43810e-01
2.92337e-01
3.11984e-01
3.13189e-01
3.03938e-01
2.83658e-01
2.52998e-01
2.19434e-01
1.81104e-01
1.39066e-01
9.94932e-02
6.98377e-02
4.60048e-02
2.26764e-02
-1.12418e-03
-2.68668e-02
-4.56822e-02
-4.94087e-02
-3.04479e-02
9.74921e-03
5.37965e-02
8.77166e-02
1.15157e-01
1.34621e-01
1.44809e-01
1.41428e-01
1.20634e-01
8.99288e-02
6.40117e-02
5.71974e-02
7.37703e-02
1.01548e-01
1.19601e-01
1.10139e-01
7.10246e-02
1.58088e-02
-4.24097e-02
-9.77551e-02
-1.52167e-01
-2.04627e-01
-2.39053e-01
-2.43459e-01
-2.29378e-01
-2.15673e-01
-2.08891e-01
-1.87237e-01
-1.40479e-01
-7.70340e-02
-1.04395e-02
2.95518e-02
4.87181e-02
6.26127e-02
7.48853e-02
7.68101e-02
6.45748e-02
5.47658e-02
5.02019e-02
4.10131e-02
2.17240e-02
-9.43330e-03
-3.79648e-02
-5.28057e-02
-4.91878e-02
-3.36166e-02
-1.81610e-02
-6.85472e-03
-4.31437e-03
-8.25221e-03
-2.11234e-02
-4.20385e-02
-6.60359e-02
-8.09697e-02
-7.45193e-02
-4.60321e-02
-7.21392e-03
3.21274e-02
6.09717e-02
7.84339e-02
8.84383e-02
9.51993e-02
9.81505e-02
8.96449e-02
7.61688e-02
6.20744e-02
4.25823e-02
1.71551e-02
-1.28239e-02
-3.80549e-02
-4.92319e-02
-4.52872e-02
-3.32432e-02
-2.24780e-02
-2.11103e-02
-3.86357e-02
-7.23797e-02
-1.11409e-01
-1.48103e-01
-1.73217e-01
-1.76424e-01
-1.52444e-01
-1.12875e-01
-7.27883e-02
-4.26324e-02
-2.64149e-02
-2.58151e-02
-3.84335e-02
-6.22131e-02
-9.42367e-02
-1.23783e-01
-1.41720e-01
-1.37180e-01
-1.02894e-01
-4.96437e-02
7.53580e-03
5.51353e-02
8.43197e-02
9.44443e-02
8.24633e-02
4.45682e-02
-1.36308e-02
-7.86446e-02
-1.30338e-01
-1.55986e-01
-1.54977e-01
-1.34065e-01
-1.01934e-01
-6.71304e-02
-3.54496e-02
-4.68749e-03
2.68802e-02
5.60496e-02
7.40124e-02
7.64089e-02
6.79864e-02
5.40219e-02
4.00004e-02
3.31544e-02
3.45058e-02
3.76292e-02
3.92600e-02
4.12010e-02
4.01252e-02
2.82078e-02
3.33152e-03
-2.60996e-02
-4.82776e-02
-5.91139e-02
-5.80217e-02
-4.17359e-02
-9.70651e-03
2.76265e-02
6.69494e-02
1.09314e-01
1.41447e-01
1.50981e-01
1.27731e-01
8.73181e-02
4.74108e-02
2.09844e-02
1.78343e-02
3.67632e-02
6.58150e-02
9.36159e-02
1.10345e-01
1.06167e-01
7.72951e-02
3.61032e-02
-9.19007e-03
-4.54469e-02
-6.88633e-02
-7.92165e-02
-6.98577e-02
-4.15262e-02
-3.49625e-03
4.69688e-02
1.06345e-01
1.58079e-01
1.95529e-01
2.14218e-01
2.07261e-01
1.79051e-01
1.40731e-01
9.50899e-02
5.47644e-02
2.16734e-02
-1.11869e-02
-4.77041e-02
-9.02060e-02
-1.26632e-01
-1.50115e-01
-1.57922e-01
-1.46594e-01
-1.25701e-01
-9.96334e-02
-7.03602e-02
-3.81847e-02
-6.22291e-03
2.62530e-02
5.63940e-02
8.70789e-02
1.11553e-01
1.20539e-01
1.03067e-01
7.12607e-02
4.30575e-02
3.45725e-02
4.83370e-02
6.80817e-02
8.33095e-02
9.23830e-02
9.54385e-02
9.07071e-02
7.06185e-02
3.64294e-02
-1.00248e-02
-5.33723e-02
-8.42389e-02
-1.04029e-01
-1.04913e-01
-8.21381e-02
-4.66378e-02
-5.34016e-03
3.23902e-02
5.74312e-02
7.47912e-02
8.51186e-02
7.68619e-02
4.68513e-02
1.07303e-02
-2.33339e-02
-4.50844e-02
-5.55675e-02
-5.21993e-02
-3.24024e-02
-7.78452e-03
8.54953e-03
8.64144e-03
-1.11477e-02
-3.32169e-02
-5.00849e-02
-5.87187e-02
-3.93797e-02
5.33112e-03
6.00458e-02
1.11411e-01
1.46529e-01
1.58010e-01
1.36915e-01
8.53634e-02
2.34723e-02
-3.87324e-02
-8.87904e-02
-1.07612e-01
-9.20430e-02
-5.55471e-02
-1.55599e-02
2.14285e-02
4.53734e-02
5.74589e-02
7.00060e-02
7.58788e-02
6.18020e-02
4.08262e-02
1.81365e-02
-4.06679e-04
-1.35834e-02
-1.86034e-02
-1.62779e-02
-1.15848e-02
-8.31265e-03
-9.77544e-03
-1.97744e-02
-3.91184e-02
-6.31734e-02
-8.46383e-02
-9.18970e-02
-6.68553e-02
-2.24320e-02
3.38615e-02
7.72573e-02
1.03170e-01
1.10105e-01
8.68369e-02
4.66613e-02
1.13972e-02
-2.68423e-02
-6.22893e-02
-8.74632e-02
-9.39623e-02
-7.37376e-02
-4.31898e-02
-2.65779e-02
-2.41231e-02
-2.11911e-02
-1.84771e-02
-1.01567e-02
1.67891e-03
5.27460e-03
-8.89973e-03
-3.34047e-02
-6.55652e-02
-7.74201e-02
-5.70523e-02
-2.78053e-02
-9.92891e-03
-5.22550e-04
8.03538e-03
2.01974e-02
2.82906e-02
2.08804e-02
-3.82789e-03
-3.47372e-02
-6.41700e-02
-8.46224e-02
-9.44157e-02
-9.60408e-02
-9.13079e-02
-7.96064e-02
-6.53894e-02
-4.69172e-02
-3.14081e-02
-2.42160e-02
-2.66755e-02
-3.99848e-02
-5.92419e-02
-6.97731e-02
-6.47557e-02
-3.80994e-02
-9.41751e-03
1.77711e-02
3.71805e-02
4.80232e-02
4.84915e-02
3.39627e-02
4.51774e-03
-2.49849e-02
-6.25773e-02
-1.03031e-01
-1.32422e-01
-1.48020e-01
-1.52355e-01
-1.45577e-01
-1.30672e-01
-1.14226e-01
-9.82002e-02
-8.33209e-02
-7.31263e-02
-6.71413e-02
-6.19119e-02
-5.38631e-02
-4.21839e-02
-2.87416e-02
-1.47444e-02
-5.09571e-03
5.28475e-03
1.84658e-02
2.87535e-02
2.25084e-02
3.80998e-03
-1.22340e-02
-1.16622e-02
1.38570e-04
1.19592e-02
1.60585e-02
1.83919e-02
1.95676e-02
2.19868e-02
2.43986e-02
2.38288e-02
1.30395e-02
-5.27983e-03
-3.32494e-02
-6.41337e-02
-9.17625e-02
-1.05831e-01
-9.39983e-02
-5.24452e-02
1.70649e-03
6.39754e-02
1.16607e-01
1.44940e-01
1.51366e-01
1.28057e-01
7.12100e-02
-2.23735e-03
-7.96947e-02
-1.45161e-01
-1.80904e-01
-1.96401e-01
-1.93183e-01
-1.75931e-01
-1.58187e-01
-1.45938e-01
-1.37345e-01
-1.38123e-01
-1.54795e-01
-1.80804e-01
-2.00139e-01
-2.11472e-01
-2.06952e-01
-1.84908e-01
-1.48664e-01
-1.10552e-01
-7.53430e-02
-4.59723e-02
-1.96163e-02
-3.18760e-03
3.01415e-03
2.82616e-03
9.88785e-05
1.05688e-02
3.74108e-02
5.88350e-02
6.77351e-02
6.66989e-02
4.98645e-02
1.91368e-02
-2.04497e-02
-6.65031e-02
-9.73026e-02
-1.05522e-01
-7.80629e-02
-3.97233e-02
-4.08646e-03
2.17642e-02
4.72151e-02
7.81881e-02
1.06928e-01
1.30346e-01
1.42598e-01
1.45568e-01
1.41794e-01
1.28298e-01
1.00686e-01
6.38127e-02
2.51466e-02
-7.23896e-03
-3.09681e-02
-4.41728e-02
-3.29586e-02
-3.29594e-03
3.52717e-02
7.01215e-02
9.43028e-02
9.68152e-02
7.59067e-02
4.49112e-02
2.24505e-02
1.06222e-02
8.85368e-03
1.81510e-02
3.17990e-02
4.37762e-02
5.12432e-02
5.98424e-02
6.96360e-02
6.84663e-02
5.59006e-02
4.17275e-02
3.48397e-02
3.20608e-02
2.78274e-02
2.37789e-02
3.51629e-02
6.55342e-02
1.04576e-01
1.31595e-01
1.41299e-01
1.37234e-01
1.17244e-01
8.36627e-02
3.88287e-02
-6.88597e-03
-4.51678e-02
-7.03901e-02
-7.19791e-02
-4.66309e-02
-8.63316e-03
2.73264e-02
5.79742e-02
9.01535e-02
1.20332e-01
1.38247e-01
1.35382e-01
1.15570e-01
9.07326e-02
7.30598e-02
6.50327e-02
6.34458e-02
6.43717e-02
6.37555e-02
5.90915e-02
4.99545e-02
3.50407e-02
1.39448e-02
-1.51511e-02
-4.70247e-02
-7.33589e-02
-9.00138e-02
-9.78715e-02
-9.84091e-02
-9.57999e-02
-9.21852e-02
-8.51191e-02
-7.14152e-02
-4.86938e-02
-2.43530e-02
-6.32698e-03
5.12579e-03
9.48009e-03
8.46252e-03
7.78072e-03
9.44097e-03
8.84044e-03
3.77883e-03
9.58457e-04
2.27090e-03
3.84731e-03
3.70989e-03
2.71618e-03
2.21444e-03
2.60258e-03
5.93265e-03
1.46306e-02
2.55259e-02
3.61339e-02
4.80153e-02
6.12920e-02
7.32230e-02
8.05464e-02
8.49469e-02
8.94506e-02
9.13349e-02
9.07680e-02
8.85232e-02
7.94775e-02
6.17637e-02
4.25913e-02
2.01211e-02
-6.91360e-03
-4.22025e-02
-7.59418e-02
-9.57316e-02
-1.01774e-01
-9.51923e-02
-7.52792e-02
-5.33365e-02
-3.56987e-02
-2.28419e-02
-1.99336e-02
-3.26021e-02
-5.16591e-02
-6.44577e-02
-5.76797e-02
-2.32379e-02
2.93070e-02
8.50011e-02
1.34214e-01
1.68105e-01
1.84097e-01
1.78763e-01
1.50447e-01
1.02310e-01
4.76339e-02
2.01907e-03
-2.08582e-02
-1.10981e-02
3.09818e-02
7.65192e-02
1.08637e-01
1.31359e-01
1.50517e-01
1.52187e-01
1.26346e-01
7.70451e-02
2.30561e-02
-1.82046e-02
-5.23474e-02
-6.96476e-02
-7.26498e-02
-5.77908e-02
-3.58313e-02
-8.11377e-03
1.87758e-02
3.46533e-02
3.32999e-02
1.64639e-02
-1.59744e-02
-5.35060e-02
-9.27838e-02
-1.28059e-01
-1.54339e-01
-1.64471e-01
-1.49987e-01
-1.18234e-01
-7.72772e-02
-3.29150e-02
1.46289e-02
5.51014e-02
8.36613e-02
1.05070e-01
1.19099e-01
1.27862e-01
1.34468e-01
1.33726e-01
1.20028e-01
9.81487e-02
6.99000e-02
3.01958e-02
-1.15619e-02
-4.42707e-02
-6.53018e-02
-7.86487e-02
-8.85341e-02
-8.37870e-02
-5.81084e-02
-2.22480e-02
1.02608e-02
3.45339e-02
4.56515e-02
4.72173e-02
3.82757e-02
1.29783e-02
-3.76546e-02
-1.03077e-01
-1.65848e-01
-2.18934e-01
-2.48139e-01
-2.61872e-01
-2.51759e-01
-2.12453e-01
-1.45230e-01
-7.19786e-02
-1.23801e-02
3.10423e-02
5.48379e-02
7.40896e-02
9.16970e-02
9.33117e-02
7.17086e-02
4.25011e-02
1.53848e-02
7.54880e-04
-3.21492e-03
1.09040e-02
4.24860e-02
7.89005e-02
1.12421e-01
1.35898e-01
1.46548e-01
1.35342e-01
1.03525e-01
5.72391e-02
4.88437e-03
-4.97798e-02
-8.71255e-02
-1.01182e-01
-8.81797e-02
-5.84327e-02
-1.98504e-02
1.49767e-02
3.42140e-02
3.94897e-02
3.12828e-02
1.74129e-02
7.54969e-03
3.78480e-03
7.32319e-03
1.73773e-02
2.33766e-02
2.05720e-02
1.15100e-02
-3.46644e-03
-2.58688e-02
-5.06711e-02
-7.00062e-02
-7.98258e-02
-7.71304e-02
-6.57237e-02
-5.44425e-02
-4.67118e-02
-4.06385e-02
-3.18555e-02
-1.81399e-02
-2.54259e-03
1.29773e-02
3.09914e-02
5.17983e-02
7.21052e-02
8.99498e-02
1.01372e-01
1.00900e-01
8.59540e-02
6.30862e-02
3.26607e-02
9.56856e-05
-3.44731e-02
-6.04646e-02
-7.40811e-02
-7.63409e-02
-7.02743e-02
-6.64841e-02
-6.97308e-02
-7.60216e-02
-7.37445e-02
-6.08860e-02
-4.31941e-02
-2.62058e-02
-1.22902e-02
2.23102e-03
1.34998e-02
2.02690e-02
2.47997e-02
2.81923e-02
2.61318e-02
1.33023e-02
-4.59743e-03
-3.47946e-02
-6.72868e-02
-9.19475e-02
-1.06375e-01
-1.05200e-01
-8.99575e-02
-7.42793e-02
-5.73050e-02
-3.57178e-02
-1.34319e-02
4.58570e-03
9.22659e-03
1.74148e-03
-1.35329e-02
-2.90948e-02
-3.97019e-02
-4.35095e-02
-3.94650e-02
-3.00961e-02
-1.79298e-02
-5.82002e-03
7.71843e-05
-1.46253e-03
-1.01444e-02
-2.42550e-02
-3.79978e-02
-4.93718e-02
-5.82153e-02
-6.21433e-02
-6.33057e-02
-6.72398e-02
-7.32407e-02
-7.46592e-02
-6.70867e-02
-5.34563e-02
-3.95354e-02
-2.29795e-02
1.25726e-03
2.59467e-02
4.71384e-02
6.24022e-02
6.90939e-02
6.53362e-02
5.48832e-02
4.51549e-02
3.70101e-02
2.48651e-02
6.61995e-03
-1.44383e-02
-3.38691e-02
-4.86292e-02
-5.90251e-02
-6.49410e-02
-7.00754e-02
-7.42478e-02
-7.18121e-02
-6.45580e-02
-5.56703e-02
-4.70476e-02
-3.98925e-02
-3.47571e-02
-2.86097e-02
-2.42409e-02
-2.67855e-02
-3.18412e-02
-3.90020e-02
-4.63367e-02
-4.98579e-02
-5.78583e-02
-6.96536e-02
-7.94556e-02
-8.47832e-02
-7.99981e-02
-6.74538e-02
-5.38536e-02
-4.35376e-02
-3.27502e-02
-2.52524e-02
-2.26573e-02
-2.82894e-02
-3.64385e-02
-4.08790e-02
-4.28843e-02
-3.40668e-02
-1.36426e-02
8.36569e-03
2.81809e-02
4.66915e-02
5.87845e-02
5.36531e-02
3.71573e-02
1.00207e-02
-1.96293e-02
-4.05283e-02
-5.68810e-02
-6.86567e-02
-6.65484e-02
-4.70337e-02
-1.88157e-02
2.05859e-03
1.32517e-02
2.21030e-02
2.76483e-02
3.19673e-02
3.71412e-02
4.24837e-02
3.79068e-02
3.24144e-02
4.31382e-02
6.36886e-02
7.97438e-02
8.58769e-02
7.86881e-02
5.86179e-02
3.32592e-02
5.46736e-03
-2.12122e-02
-4.45148e-02
-6.19801e-02
-6.96036e-02
-6.49264e-02
-4.72969e-02
-2.94124e-02
-9.61866e-03
6.07009e-03
1.50861e-02
1.58176e-02
1.29103e-02
1.04997e-02
1.41843e-02
2.78797e-02
4.76987e-02
6.91722e-02
8.70978e-02
9.66037e-02
9.87038e-02
9.47418e-02
7.87533e-02
5.40338e-02
2.75680e-02
-1.88391e-03
-2.30021e-02
-3.20653e-02
-3.22602e-02
-2.54783e-02
-2.16169e-02
-2.24877e-02
-2.69363e-02
-3.57045e-02
-4.45778e-02
-4.16394e-02
-2.72606e-02
-8.80931e-03
1.42542e-02
3.76434e-02
5.79487e-02
7.21275e-02
7.95695e-02
7.53683e-02
6.02950e-02
3.37908e-02
-9.46637e-04
-3.09284e-02
-4.74460e-02
-5.02916e-02
-3.98661e-02
-2.70784e-02
-2.06059e-02
-2.24727e-02
-2.94551e-02
-3.76628e-02
-4.05195e-02
-4.18519e-02
-3.55015e-02
-1.68288e-02
9.77911e-03
3.73460e-02
6.11439e-02
7.12800e-02
7.22187e-02
6.82545e-02
6.41672e-02
5.31300e-02
3.56684e-02
2.11212e-02
7.68527e-03
-7.37402e-05
5.73245e-03
2.14388e-02
3.37994e-02
3.91281e-02
4.04503e-02
3.54724e-02
2.97549e-02
2.29128e-02
1.62615e-02
1.56306e-02
2.07685e-02
2.68077e-02
2.80100e-02
2.82149e-02
3.16526e-02
3.45185e-02
3.16788e-02
2.55031e-02
2.30081e-02
2.44548e-02
2.11851e-02
1.55072e-02
8.95712e-03
5.70176e-04
-3.40113e-03
-7.30804e-03
-1.72820e-02
-2.81140e-02
-2.38385e-02
-1.12075e-02
1.45001e-03
9.06008e-03
1.10439e-02
1.27052e-02
1.09217e-02
-4.01197e-03
-1.99925e-02
-2.99246e-02
-3.32130e-02
-2.96932e-02
-1.48843e-02
3.82494e-03
2.23412e-02
4.02377e-02
5.85191e-02
7.41212e-02
8.17978e-02
8.13759e-02
7.48778e-02
6.25936e-02
4.15824e-02
1.77561e-02
-4.17169e-03
-2.35307e-02
-3.69095e-02
-3.66643e-02
-2.21314e-02
-4.85350e-03
6.52078e-03
1.46814e-02
1.47810e-02
4.89241e-03
-7.34256e-03
-1.78328e-02
-2.63237e-02
-3.60782e-02
-4.56424e-02
-4.12130e-02
-3.32236e-02
-2.73613e-02
-2.69193e-02
-3.09391e-02
-3.88852e-02
-4.19967e-02
-3.81339e-02
-2.86728e-02
-1.74455e-02
-6.15262e-03
3.27768e-03
1.30584e-02
1.57907e-02
5.75550e-03
-1.08635e-02
-2.81922e-02
-4.10061e-02
-5.08993e-02
-6.18892e-02
-6.53050e-02
-5.55019e-02
-3.91103e-02
-2.45539e-02
-7.39385e-03
1.12822e-02
2.48080e-02
3.18707e-02
3.12475e-02
2.26455e-02
1.46785e-02
2.98230e-03
-8.85411e-03
-1.58234e-02
-1.90450e-02
-1.82798e-02
-1.45419e-02
-1.62260e-02
-2.07185e-02
-2.17781e-02
-1.97486e-02
-8.07327e-03
9.15470e-03
2.32178e-02
3.00536e-02
2.91517e-02
3.21171e-02
3.64080e-02
2.70605e-02
6.07258e-03
-1.24194e-02
-2.85574e-02
-3.90977e-02
-4.40734e-02
-4.46422e-02
-3.62751e-02
-2.19008e-02
-4.24458e-03
1.25977e-02
2.55342e-02
3.64817e-02
5.17342e-02
6.12337e-02
5.93201e-02
4.51073e-02
2.34971e-02
-6.73214e-03
-2.98187e-02
-3.65318e-02
-2.49900e-02
-4.02143e-03
1.67679e-02
3.57595e-02
5.26214e-02
6.42052e-02
6.68832e-02
6.33990e-02
5.44740e-02
4.15906e-02
3.10035e-02
3.06715e-02
3.54075e-02
3.84054e-02
4.28154e-02
4.69430e-02
4.57962e-02
3.91083e-02
3.09164e-02
2.86606e-02
2.93187e-02
3.05360e-02
3.51150e-02
4.38890e-02
5.19443e-02
5.07623e-02
4.01808e-02
2.97916e-02
1.96937e-02
8.23817e-03
-1.72243e-03
-1.22202e-02
-2.03691e-02
-1.93248e-02
-9.66328e-03
-1.26643e-04
8.84029e-03
1.64498e-02
1.93709e-02
1.74515e-02
1.32724e-02
1.26170e-02
1.69341e-02
2.46917e-02
2.76191e-02
2.54026e-02
2.58875e-02
2.62276e-02
1.75370e-02
-1.84802e-03
-2.19025e-02
-3.30415e-02
-3.41482e-02
-3.17630e-02
-2.47492e-02
-1.28230e-02
-2.59035e-03
2.06952e-03
6.47266e-03
1.55230e-02
2.47131e-02
2.63170e-02
2.02238e-02
1.01270e-02
5.81469e-04
-6.58441e-03
-1.20199e-02
-1.29622e-02
-7.90051e-03
-3.52370e-05
9.42468e-03
1.87025e-02
2.32046e-02
2.22959e-02
1.74069e-02
1.39908e-02
1.81321e-02
2.94862e-02
4.09777e-02
4.86733e-02
5.35202e-02
5.54583e-02
5.34366e-02
4.71448e-02
3.81120e-02
2.94880e-02
2.44896e-02
2.24657e-02
1.91205e-02
1.69182e-02
1.85584e-02
2.16948e-02
1.94916e-02
9.04633e-03
-5.54472e-03
-1.99338e-02
-3.03199e-02
-3.72006e-02
-3.82883e-02
-3.14399e-02
-1.82920e-02
-2.08358e-03
1.27794e-02
2.33624e-02
2.56211e-02
1.99545e-02
8.59194e-03
-7.32139e-03
-2.20478e-02
-3.18034e-02
-3.52832e-02
-2.98294e-02
-1.89844e-02
-9.89226e-03
-7.76285e-03
-1.29229e-02
-1.98195e-02
-2.39850e-02
-2.60722e-02
-2.67544e-02
-2.42943e-02
-1.94506e-02
-1.64603e-02
-1.35563e-02
-9.94411e-03
-9.37381e-03
-1.45385e-02
-2.25118e-02
-2.78792e-02
-3.22571e-02
-3.55708e-02
-3.37002e-02
-2.76141e-02
-2.02084e-02
-1.21304e-02
-3.74155e-03
4.77570e-03
1.30375e-02
1.71001e-02
1.21226e-02
1.00563e-03
-9.07788e-03
-1.57378e-02
-1.83246e-02
-1.94492e-02
-1.83896e-02
-1.62122e-02
-1.14755e-02
-7.74785e-03
-8.57122e-03
-1.07621e-02
-1.66803e-02
-2.60072e-02
-3.26702e-02
-3.23684e-02
-2.70708e-02
-2.35505e-02
-2.20101e-02
-1.42697e-02
-7.42133e-03
-8.02808e-03
-1.42589e-02
-2.53779e-02
-3.67419e-02
-4.36937e-02
-3.89201e-02
-2.28794e-02
-6.34590e-03
7.76858e-03
1.99342e-02
3.38413e-02
4.40079e-02
4.99899e-02
5.16760e-02
4.46352e-02
3.61806e-02
2.91033e-02
1.56633e-02
5.77758e-03
3.95716e-04
-6.83992e-03
-1.55599e-02
-1.22423e-02
-1.69817e-03
3.67173e-03
1.84434e-03
-2.60826e-03
-9.32769e-03
-1.20031e-02
-8.75299e-03
-3.09993e-03
2.30030e-03
9.04246e-03
1.72816e-02
1.65473e-02
1.45040e-02
1.65184e-02
2.14542e-02
2.33244e-02
1.27703e-02
6.33483e-03
1.64148e-02
3.19890e-02
4.20531e-02
4.64253e-02
4.85464e-02
5.10269e-02
4.98013e-02
3.63850e-02
1.18108e-02
-1.30276e-02
-3.08398e-02
-3.78366e-02
-3.67092e-02
-2.36191e-02
-6.36651e-03
1.27809e-02
2.77910e-02
3.65246e-02
4.19404e-02
4.07036e-02
3.19514e-02
2.05274e-02
9.29902e-03
-1.76340e-03
-1.19625e-02
-1.94537e-02
-2.17430e-02
-1.93095e-02
-1.27428e-02
-3.93754e-03
4.73667e-03
9.53526e-03
8.86476e-03
6.52736e-03
5.14682e-03
2.06578e-03
-3.67545e-03
-9.68344e-03
-1.21349e-02
-1.41601e-02
-1.69676e-02
-1.66175e-02
-1.11212e-02
-2.97540e-03
1.72659e-03
3.16454e-04
-2.24217e-03
-2.38267e-03
-2.62033e-04
7.14464e-03
1.94386e-02
3.03210e-02
4.14944e-02
5.13372e-02
5.34952e-02
4.63694e-02
3.34228e-02
1.95293e-02
7.61738e-03
-3.38001e-03
-1.11359e-02
-1.09532e-02
-6.27741e-03
1.43881e-05
7.91872e-03
1.34883e-02
1.63660e-02
1.63102e-02
1.02026e-02
-1.02566e-04
-6.75754e-03
-8.16104e-03
-2.29507e-03
3.55147e-03
8.28428e-03
1.51910e-02
2.14729e-02
2.57949e-02
3.17625e-02
3.57668e-02
3.49739e-02
2.80357e-02
1.76772e-02
8.21120e-03
-5.39667e-04
-8.87734e-03
-1.72158e-02
-2.51819e-02
-2.11794e-02
-1.38126e-02
-8.18811e-03
-6.87619e-03
-6.66486e-03
-5.98707e-03
-9.19937e-03
-1.13851e-02
-1.03602e-02
-8.55788e-03
-4.74839e-03
4.35883e-03
2.10713e-02
3.47906e-02
4.32038e-02
4.06355e-02
2.73935e-02
1.08284e-02
-1.06834e-03
-3.12558e-03
-4.48452e-04
6.52135e-03
1.23693e-02
1.47548e-02
1.59259e-02
1.59430e-02
1.54623e-02
1.41182e-02
7.81662e-03
9.00322e-04
-1.97376e-03
1.62569e-03
1.41583e-02
2.86444e-02
4.19950e-02
5.11080e-02
5.52743e-02
5.34332e-02
4.44089e-02
2.94740e-02
1.14600e-02
-4.00436e-03
-1.25313e-02
-1.16375e-02
-3.87797e-03
5.75855e-03
1.32442e-02
1.70402e-02
1.59774e-02
1.16512e-02
8.55989e-04
-1.51703e-02
-2.96552e-02
-3.83280e-02
-3.82302e-02
-2.91765e-02
-1.65075e-02
-5.86723e-03
9.52546e-04
9.57364e-03
2.06222e-02
2.65206e-02
2.00614e-02
9.50706e-03
-1.26025e-04
-2.88450e-03
3.41186e-03
1.37761e-02
2.05812e-02
2.45016e-02
2.31305e-02
1.61529e-02
3.13892e-03
-8.61386e-03
-1.48847e-02
-1.69880e-02
-1.25823e-02
-2.74220e-03
6.93761e-03
1.37358e-02
1.36210e-02
6.42636e-03
-6.58815e-03
-1.76681e-02
-2.36083e-02
-2.43836e-02
-1.61811e-02
-5.20509e-03
1.18670e-03
6.53603e-03
8.10708e-03
5.28812e-03
7.16660e-04
-4.64344e-03
-1.19681e-02
-2.04198e-02
-2.55877e-02
-2.44780e-02
-1.52159e-02
-2.34009e-03
1.01586e-02
2.04382e-02
2.76374e-02
2.89532e-02
2.18823e-02
1.27886e-02
6.53326e-03
2.33332e-03
-1.52417e-03
-2.52639e-03
2.35413e-03
7.75124e-03
7.75085e-03
4.53934e-03
-1.13457e-03
-9.70272e-03
-1.51598e-02
-1.78269e-02
-2.04190e-02
-2.09949e-02
-1.62988e-02
-5.93195e-03
2.34452e-03
4.80056e-03
3.86812e-03
5.12332e-03
5.02977e-03
-1.67521e-03
-7.43975e-03
-1.19739e-02
-1.96916e-02
-2.69180e-02
-3.07433e-02
-3.09072e-02
-3.01675e-02
-3.37081e-02
-4.02656e-02
-4.25032e-02
-4.02188e-02
-3.50845e-02
-2.92117e-02
-1.86062e-02
-4.00318e-03
9.44016e-03
1.45684e-02
9.98899e-03
2.79861e-04
-8.43953e-03
-1.96077e-02
-3.20541e-02
-4.63205e-02
-5.94491e-02
-6.20985e-02
-5.47657e-02
-4.26974e-02
-2.81223e-02
-1.46919e-02
-3.68413e-03
6.27921e-03
1.06782e-02
6.16239e-03
-4.92807e-03
-1.74081e-02
-2.80308e-02
-3.64705e-02
-4.20218e-02
-4.12084e-02
-3.34360e-02
-2.21331e-02
-1.26230e-02
-6.12419e-03
-4.76450e-03
-6.49537e-03
-6.81446e-03
-2.98689e-03
-1.92944e-03
-7.54292e-03
-1.82081e-02
-2.59983e-02
-3.08983e-02
-3.17258e-02
-2.93663e-02
-2.57881e-02
-2.49607e-02
-3.04562e-02
-3.78606e-02
-4.63654e-02
-5.16847e-02
-5.30817e-02
-5.13440e-02
-4.59127e-02
-3.79195e-02
-3.15334e-02
-2.39182e-02
-1.26907e-02
-5.28377e-03
-2.87635e-03
-1.69318e-03
-2.61446e-03
-8.11328e-03
-1.89476e-02
-3.17127e-02
-4.50115e-02
-5.84287e-02
-6.95375e-02
-7.25538e-02
-6.40994e-02
-4.77704e-02
-3.15683e-02
-2.01775e-02
-1.42728e-02
-9.28581e-03
-8.64747e-03
-1.83375e-02
-2.91661e-02
-3.78151e-02
-4.62260e-02
-5.37929e-02
-5.68213e-02
-5.50866e-02
-5.04479e-02
-4.21106e-02
-3.21954e-02
-1.73153e-02
-4.22945e-03
8.84850e-03
1.69471e-02
2.16762e-02
2.67867e-02
3.14848e-02
3.32421e-02
3.14189e-02
2.72189e-02
2.12531e-02
1.22477e-02
-2.77017e-03
-2.30445e-02
-3.96385e-02
-4.67471e-02
-4.71520e-02
-4.22368e-02
-3.53622e-02
-2.77971e-02
-1.87739e-02
-1.09984e-02
-9.90149e-03
-9.83628e-03
-4.67402e-03
9.72078e-04
3.36561e-03
6.33648e-04
-5.28095e-03
-8.39455e-03
-6.71920e-03
-2.04633e-03
4.84511e-03
9.73182e-03
1.31343e-02
2.00025e-02
2.64703e-02
3.10725e-02
3.63131e-02
3.66773e-02
3.28604e-02
2.36526e-02
1.18938e-02
7.41768e-04
-8.60826e-03
-1.58700e-02
-2.11434e-02
-2.51913e-02
-2.93977e-02
-2.85233e-02
-1.85703e-02
-6.48866e-03
1.97000e-03
8.76542e-03
1.64058e-02
2.57926e-02
3.54983e-02
4.39987e-02
4.58473e-02
4.24859e-02
3.45083e-02
2.48859e-02
1.91923e-02
6.36080e-03
-8.62224e-03
-1.81902e-02
-1.67148e-02
-3.19889e-03
1.47386e-02
2.77960e-02
4.14688e-02
5.53171e-02
6.24890e-02
6.18241e-02
5.73680e-02
5.08729e-02
4.24603e-02
3.24306e-02
2.27062e-02
1.49853e-02
9.94876e-03
1.13095e-02
1.70317e-02
2.09246e-02
1.97110e-02
1.75452e-02
1.99170e-02
2.66252e-02
2.99146e-02
3.22905e-02
3.57338e-02
3.67724e-02
3.54162e-02
3.05209e-02
2.15862e-02
1.39475e-02
1.08520e-02
1.50572e-02
2.52107e-02
3.17953e-02
3.50392e-02
4.13243e-02
4.52878e-02
3.95446e-02
3.01275e-02
2.21688e-02
9.59186e-03
-5.96257e-03
-1.65671e-02
-1.76275e-02
-1.42877e-02
-1.30103e-02
-8.31622e-03
1.31493e-03
1.06695e-02
1.21225e-02
7.83368e-03
2.81031e-03
-1.33194e-03
-7.59981e-03
-1.65718e-02
-2.19112e-02
-1.76989e-02
-6.15065e-03
4.50573e-03
1.18568e-02
1.75175e-02
1.84057e-02
1.29572e-02
6.67495e-03
-2.37784e-04
-8.39946e-03
-1.63768e-02
-1.46634e-02
-5.75541e-03
3.58616e-03
8.57606e-03
1.63304e-02
2.72498e-02
3.64272e-02
3.72407e-02
2.38735e-02
7.87715e-03
-1.15096e-02
-2.70505e-02
-3.30540e-02
-3.54224e-02
-3.34266e-02
-3.02906e-02
-2.59464e-02
-2.46375e-02
-2.58519e-02
-2.31405e-02
-1.66795e-02
-9.05709e-03
5.64770e-05
4.73418e-03
8.55488e-03
1.21050e-02
9.86828e-03
5.45211e-03
-1.66170e-04
-3.51683e-03
-7.18125e-03
-8.22940e-03
-3.20930e-03
4.06224e-03
1.21874e-02
1.86809e-02
1.90419e-02
1.61647e-02
1.36371e-02
5.92358e-03
-7.82773e-03
-1.79649e-02
-2.18352e-02
-2.44730e-02
-2.70796e-02
-3.13338e-02
-3.56334e-02
-3.62696e-02
-3.20781e-02
-2.56399e-02
-2.13290e-02
-1.83012e-02
-1.76482e-02
-1.85529e-02
-1.72718e-02
-1.21440e-02
-4.59652e-03
1.65925e-03
7.57373e-03
1.65411e-02
2.31028e-02
2.61511e-02
2.47945e-02
1.91427e-02
1.24613e-02
4.62282e-03
-3.87717e-03
-1.19669e-02
-1.43918e-02
-7.08705e-03
4.15045e-03
1.20887e-02
1.29889e-02
1.13966e-02
9.18020e-03
3.54377e-03
-1.48753e-03
-5.20645e-03
-7.96560e-03
-8.37308e-03
-7.30207e-03
-3.31993e-03
1.70181e-03
6.17344e-03
9.51019e-03
9.20145e-03
3.58496e-03
-6.36788e-03
-1.57909e-02
-1.95109e-02
-1.92501e-02
-1.96447e-02
-1.88063e-02
-1.69224e-02
-1.64713e-02
-1.54643e-02
-1.13013e-02
-7.81561e-03
-7.82053e-03
-9.35528e-03
-9.68265e-03
-9.14028e-03
-1.06614e-02
-1.54284e-02
-1.86335e-02
-1.63741e-02
-1.38410e-02
-1.39551e-02
-1.56247e-02
-1.82261e-02
-2.09286e-02
-2.44360e-02
-2.49419e-02
-2.36744e-02
-2.07022e-02
-1.66673e-02
-1.18971e-02
-8.24736e-03
-7.67575e-03
-3.96760e-03
3.49514e-04
-4.36337e-03
-1.08445e-02
-1.11968e-02
-8.60142e-03
-1.24724e-02
-1.86344e-02
-2.19751e-02
-1.97656e-02
-1.59903e-02
-1.59312e-02
-2.05540e-02
-2.65880e-02
-2.83106e-02
-2.36762e-02
-1.64731e-02
-9.25738e-03
-6.67829e-03
-8.72891e-03
-8.14622e-03
-7.60694e-03
-8.70617e-03
-8.65252e-03
-2.74212e-03
5.51200e-03
1.01963e-02
1.00032e-02
7.91243e-03
7.62052e-03
8.33920e-03
4.14948e-03
-8.69844e-04
-9.26894e-04
1.04565e-03
2.28412e-03
6.78839e-03
1.37920e-02
1.85219e-02
2.14682e-02
1.92705e-02
1.08535e-02
2.22935e-03
-9.09950e-03
-2.39357e-02
-3.49826e-02
-4.18287e-02
-4.55598e-02
-4.37932e-02
-3.41358e-02
-2.11344e-02
-3.92276e-03
8.04883e-03
1.23006e-02
1.45272e-02
1.54208e-02
6.39053e-03
-3.64017e-03
-9.68642e-03
-1.23340e-02
-7.93129e-03
1.97559e-03
9.46382e-03
2.08533e-02
2.97693e-02
3.11253e-02
2.28073e-02
9.94479e-03
-2.00970e-03
-1.02956e-02
-1.54487e-02
-1.27854e-02
-1.78518e-03
9.24845e-03
1.98621e-02
2.73930e-02
2.41981e-02
1.51102e-02
7.07945e-03
5.94102e-03
3.71532e-03
-5.44777e-03
-1.01410e-02
-7.75253e-03
1.51028e-03
1.13922e-02
1.84709e-02
2.26495e-02
2.78253e-02
2.92398e-02
2.66744e-02
2.57242e-02
2.69863e-02
2.83302e-02
2.83446e-02
2.80221e-02
3.00532e-02
3.00581e-02
2.75948e-02
2.62809e-02
2.17148e-02
1.48586e-02
9.54800e-03
5.95292e-03
2.98291e-03
6.59061e-03
1.14851e-02
6.19993e-03
-1.43241e-03
-2.64230e-03
-4.72657e-03
-8.03655e-03
-8.66046e-03
-7.26503e-03
-1.40380e-03
8.31490e-03
1.54786e-02
2.07076e-02
2.53260e-02
2.64546e-02
1.97812e-02
8.53785e-03
-8.66336e-04
-5.22369e-03
-6.45008e-03
-1.96323e-03
2.57533e-03
1.77093e-03
1.33373e-03
2.51689e-03
8.76954e-04
-2.28947e-03
-7.58347e-03
-1.19317e-02
-1.59625e-02
-1.40041e-02
-8.19258e-03
-1.89333e-03
5.68625e-03
8.84991e-03
1.20793e-02
1.55010e-02
2.11116e-02
2.49409e-02
1.90241e-02
6.66377e-03
-4.10508e-03
-1.07797e-02
-1.22473e-02
-1.54650e-02
-1.98891e-02
-2.10624e-02
-2.02259e-02
-2.04425e-02
-2.63904e-02
-3.19881e-02
-3.18414e-02
-2.95080e-02
-2.87327e-02
-2.93313e-02
-2.50344e-02
-2.01273e-02
-2.00462e-02
-2.16696e-02
-1.73338e-02
-1.13890e-02
-7.95826e-03
-4.95129e-03
-3.60385e-03
-4.72685e-03
-1.05485e-02
-1.47390e-02
-8.66720e-03
-1.35760e-03
-1.52892e-03
-7.67452e-03
-1.45077e-02
-1.81932e-02
-2.02804e-02
-2.12493e-02
-1.68008e-02
-1.09310e-02
-6.77502e-03
-4.16526e-03
-4.27502e-03
-3.15783e-03
1.57534e-03
5.67785e-03
5.35071e-03
-8.53930e-04
-1.31584e-02
-2.59029e-02
-3.58431e-02
-4.03246e-02
-3.85130e-02
-3.01585e-02
-1.65475e-02
-2.71185e-03
7.28726e-03
1.56196e-02
2.12439e-02
2.15696e-02
2.01637e-02
2.03851e-02
2.04705e-02
1.83984e-02
1.59061e-02
1.64395e-02
2.02201e-02
1.88474e-02
1.30942e-02
9.47130e-03
5.52711e-03
-9.66057e-04
-5.33720e-03
-4.62567e-03
-1.10018e-03
4.85761e-03
1.17277e-02
1.50173e-02
1.63160e-02
2.03467e-02
2.43809e-02
2.67974e-02
2.55149e-02
1.89388e-02
1.03011e-02
3.72806e-03
-1.38785e-03
-4.20400e-03
-6.31316e-03
-1.10481e-02
-1.07613e-02
1.58166e-03
1.48958e-02
2.17223e-02
2.43768e-02
2.86078e-02
3.14069e-02
3.10729e-02
3.05371e-02
3.09613e-02
3.17262e-02
3.19927e-02
3.16425e-02
2.95308e-02
2.34439e-02
1.85708e-02
1.42276e-02
1.10277e-02
7.41277e-03
7.78381e-03
1.05471e-02
9.75687e-03
5.44560e-03
2.78109e-03
4.00661e-03
5.46001e-03
5.66252e-03
4.77339e-03
4.44128e-03
3.90092e-03
-2.45335e-03
-1.00719e-02
-7.33150e-03
1.56410e-03
7.84339e-03
7.14272e-03
6.55588e-03
4.72130e-03
2.65476e-03
-3.13368e-03
-1.03514e-02
-1.76602e-02
-2.30968e-02
-2.53530e-02
-2.24979e-02
-1.12746e-02
1.48037e-03
1.00708e-02
1.82656e-02
2.21499e-02
1.50849e-02
7.11917e-04
-8.55855e-03
-1.20781e-02
-1.51259e-02
-1.87880e-02
-1.62681e-02
-1.08070e-02
-5.40910e-03
-2.52698e-03
2.67289e-04
7.97302e-03
1.21709e-02
5.55982e-03
-5.23682e-03
-1.26524e-02
-1.64267e-02
-1.49836e-02
-1.10400e-02
-6.15488e-03
-7.15111e-04
3.66352e-03
6.81420e-03
6.93343e-03
3.95515e-03
1.23350e-03
-1.81036e-03
-4.42975e-03
-4.60977e-03
-3.27985e-03
-2.69326e-04
3.27188e-03
3.22493e-04
-8.43352e-03
-1.58163e-02
-1.86769e-02
-2.23850e-02
-2.74352e-02
-2.78661e-02
-2.07112e-02
-1.14656e-02
-2.67216e-03
6.72973e-03
1.53379e-02
2.17421e-02
2.25005e-02
1.87307e-02
1.23601e-02
9.55003e-03
8.83129e-03
6.20167e-03
4.64345e-03
4.67419e-03
5.03372e-03
4.86240e-03
5.38416e-03
8.22322e-03
9.75362e-03
5.77081e-03
2.20728e-03
-2.59630e-04
-4.58655e-04
4.19438e-03
1.05064e-02
1.47362e-02
1.44162e-02
1.22122e-02
1.12265e-02
6.19773e-03
2.41129e-03
1.96378e-04
-3.56523e-03
-5.07977e-03
-4.01808e-03
-2.47155e-04
7.49777e-03
1.71186e-02
2.33046e-02
2.55113e-02
2.28012e-02
1.68263e-02
8.99762e-03
-1.71380e-03
-9.56181e-03
-1.26808e-02
-1.73013e-02
-1.88092e-02
-1.40821e-02
-1.06451e-02
-1.18306e-02
-1.41542e-02
-1.45446e-02
-1.36763e-02
-1.50739e-02
-2.02000e-02
-2.77805e-02
-3.27596e-02
-3.36473e-02
-3.18751e-02
-2.91565e-02
-2.50316e-02
-1.89756e-02
-1.16346e-02
-1.32980e-03
6.07951e-03
5.55290e-03
2.10451e-03
1.11899e-04
1.07885e-03
4.64053e-03
6.59970e-03
7.08212e-03
8.69077e-03
1.10074e-02
1.32275e-02
1.23983e-02
7.53414e-03
3.09479e-03
3.17412e-04
-3.25962e-03
-4.65987e-03
-2.06321e-03
3.02020e-03
8.00994e-03
1.14883e-02
1.53755e-02
2.13200e-02
2.54690e-02
2.81318e-02
2.33586e-02
1.38872e-02
4.63034e-03
-4.47490e-03
-6.00205e-03
-2.44951e-03
8.74998e-04
6.83464e-03
1.42026e-02
1.53821e-02
1.23868e-02
9.22983e-03
4.54033e-03
2.34958e-03
1.99619e-03
4.62458e-03
1.37804e-02
2.44792e-02
3.29957e-02
3.72317e-02
4.56516e-02
5.09355e-02
4.85539e-02
3.66054e-02
2.60649e-02
1.78718e-02
1.23667e-02
7.07032e-03
1.66861e-03
3.56361e-03
7.33300e-03
1.28857e-02
2.21473e-02
2.54241e-02
2.17109e-02
1.37171e-02
4.17962e-03
-3.57278e-03
-5.60578e-03
-5.35861e-03
-3.96304e-03
-2.57289e-03
-3.38452e-03
-4.10665e-03
7.82840e-04
6.38526e-03
6.20611e-03
9.41769e-04
-5.25303e-03
-7.02968e-03
-9.59557e-03
-1.07373e-02
-1.01958e-02
-7.42085e-03
-1.34747e-03
4.36014e-03
7.86750e-03
7.05620e-03
3.57700e-03
4.41324e-04
-2.35946e-03
-9.73321e-05
5.72391e-03
7.53450e-03
5.42676e-03
5.80226e-03
1.30342e-02
2.41763e-02
3.21772e-02
3.67653e-02
3.93603e-02
3.90455e-02
3.40695e-02
2.48626e-02
1.53300e-02
7.24201e-03
-4.42708e-04
-8.49364e-03
-1.35231e-02
-1.72910e-02
-2.11245e-02
-2.23587e-02
-2.15856e-02
-1.91279e-02
-1.49008e-02
-1.04592e-02
-8.50705e-03
-9.21720e-03
-8.23099e-03
-5.27940e-03
-3.74360e-03
-2.51831e-03
-2.41628e-03
-2.67642e-03
-3.08162e-03
-4.58562e-03
-5.59586e-03
-9.16908e-03
-1.43579e-02
-1.94631e-02
-2.30399e-02
-2.30142e-02
-2.13982e-02
-1.94799e-02
-1.98237e-02
-2.26217e-02
-2.40962e-02
-2.35191e-02
-2.24731e-02
-2.07900e-02
-1.68859e-02
-1.32655e-02
-1.30020e-02
-1.30502e-02
-9.33129e-03
-4.66891e-03
-2.21226e-03
3.49201e-04
3.35298e-03
3.76396e-03
-4.15436e-04
-9.52291e-03
-1.81901e-02
-2.23882e-02
-2.58345e-02
-3.07309e-02
-3.24932e-02
-2.86010e-02
-2.21994e-02
-2.05241e-02
-2.17269e-02
-1.92872e-02
-1.47582e-02
-1.32498e-02
-1.45160e-02
-1.42228e-02
-1.24434e-02
-1.35138e-02
-1.54126e-02
-1.54470e-02
-1.47588e-02
-1.43908e-02
-1.31975e-02
-1.05155e-02
-8.02134e-03
-4.65840e-03
-6.48744e-05
3.38561e-03
6.23759e-03
1.05916e-02
1.25075e-02
1.09760e-02
7.07873e-03
1.60846e-03
-2.64704e-03
-7.74015e-03
-1.29150e-02
-1.56110e-02
-1.55365e-02
-1.72343e-02
-2.02733e-02
-1.75140e-02
-1.08929e-02
-2.48949e-03
3.84463e-03
6.16650e-03
8.93410e-03
1.06286e-02
1.01032e-02
8.05525e-03
4.25660e-03
9.33975e-04
4.39984e-04
-1.07001e-03
-3.38952e-03
1.05429e-03
8.93400e-03
1.52226e-02
2.08111e-02
2.49238e-02
2.69418e-02
2.66976e-02
2.46810e-02
2.05361e-02
1.55990e-02
1.14826e-02
9.33768e-03
9.45536e-03
1.03425e-02
1.28591e-02
1.78857e-02
2.12123e-02
2.36717e-02
2.59208e-02
2.49986e-02
2.26632e-02
2.26819e-02
2.10360e-02
1.76279e-02
1.77292e-02
2.00752e-02
1.89089e-02
1.50360e-02
1.01843e-02
5.56210e-03
1.62269e-03
-8.76553e-04
6.50263e-04
6.09397e-03
1.28233e-02
1.77024e-02
1.77345e-02
1.83735e-02
2.50671e-02
3.26587e-02
3.55992e-02
3.27038e-02
2.64276e-02
1.97931e-02
1.36481e-02
9.47268e-03
6.20945e-03
2.27888e-03
2.04225e-04
2.45559e-03
5.73390e-03
7.95769e-03
9.55955e-03
1.25330e-02
1.57671e-02
1.62849e-02
1.52926e-02
1.46117e-02
1.09200e-02
6.19881e-03
7.58231e-03
1.37883e-02
1.37738e-02
7.23999e-03
3.69603e-03
5.19077e-03
7.41374e-03
7.49290e-03
6.24863e-03
5.53769e-03
5.72736e-03
6.00155e-03
5.90962e-03
5.73714e-03
5.68826e-03
5.74023e-03
5.76887e-03
5.76680e-03
5.72269e-03
5.61818e-03
5.22365e-03
1.19974e-03
-4.29905e-03
-7.25502e-03
-8.16870e-03
-9.63439e-03
-1.16666e-02
-8.60313e-03
-2.82116e-03
3.31248e-04
-1.26944e-03
-5.22541e-03
-1.00714e-02
-1.40930e-02
-1.79065e-02
-2.10775e-02
-1.76633e-02
-1.07895e-02
-5.45595e-03
-2.86540e-03
-1.96637e-03
-2.70249e-03
-4.68076e-03
-5.50120e-03
-8.51557e-03
-1.32829e-02
-1.82559e-02
-1.98275e-02
-1.51868e-02
-1.03327e-02
-8.01234e-03
-5.75057e-03
-4.08238e-03
-4.03924e-03
-4.57648e-03
-4.19463e-03
-1.31551e-03
-1.09039e-03
-4.04378e-03
-7.86352e-03
-1.18348e-02
-8.16443e-03
-1.99366e-03
-9.57282e-04
-1.02052e-03
-2.68282e-04
-2.37249e-03
-5.27210e-03
-1.08441e-02
-2.02266e-02
-2.95446e-02
-3.20696e-02
-2.64598e-02
-1.65113e-02
-6.70175e-03
3.01981e-03
9.21173e-03
6.69419e-03
1.63846e-03
-4.16648e-03
-1.46144e-02
-2.56649e-02
-3.09508e-02
-2.96955e-02
-2.49746e-02
-2.02167e-02
-1.69356e-02
-1.36111e-02
-7.01038e-03
-1.51119e-04
-7.13650e-04
-2.73911e-03
-3.88071e-03
-4.49906e-03
-3.89763e-03
-3.27912e-03
-3.27783e-03
-3.74125e-03
-3.50805e-03
1.81105e-03
6.53501e-03
7.94715e-04
-9.70975e-03
-1.92693e-02
-2.31407e-02
-2.13076e-02
-1.92968e-02
-1.91834e-02
-1.43842e-02
-9.84669e-03
-5.09972e-03
-1.96921e-03
2.81622e-03
5.86639e-03
-1.75272e-03
-7.58396e-03
-6.02415e-03
-2.05282e-03
1.98356e-03
6.10847e-03
6.65044e-03
7.79728e-03
6.06867e-03
3.32943e-03
-2.67275e-03
-6.53888e-03
-1.09966e-02
-1.37142e-02
-1.51974e-02
-1.32705e-02
-1.09401e-02
-1.11999e-02
-5.61136e-03
5.05972e-03
8.74013e-03
5.18395e-03
2.48721e-03
3.45922e-03
5.23470e-03
2.47083e-03
-3.63103e-03
-6.34766e-03
-1.05452e-02
-1.03826e-02
-6.64731e-03
-2.91236e-03
-1.44879e-03
2.99469e-03
6.41266e-03
5.19873e-03
3.71914e-03
4.70030e-04
-3.99544e-03
-5.13475e-03
-3.54512e-03
-6.08714e-03
-1.16422e-02
-7.77279e-03
-1.38708e-03
-3.10027e-03
-1.18147e-02
-1.48342e-02
-6.05454e-03
4.37340e-04
-3.07584e-04
-1.04880e-03
5.85443e-04
4.07942e-03
4.55589e-03
-2.26766e-03
-6.67185e-03
-4.97650e-03
-2.28339e-03
-2.07919e-03
-3.31904e-03
-2.42512e-03
3.82419e-03
7.78636e-03
7.88714e-03
1.15878e-02
1.48466e-02
1.44135e-02
1.31193e-02
1.21766e-02
9.27471e-03
5.13634e-03
4.19701e-03
6.56748e-03
9.62233e-03
8.66959e-03
9.00376e-03
1.15420e-02
7.62062e-03
1.56218e-03
-4.97964e-03
-1.01080e-02
-1.06918e-02
-3.32420e-03
5.95953e-03
1.33941e-02
1.97002e-02
2.28388e-02
2.22404e-02
1.93099e-02
1.37169e-02
9.70362e-03
4.29019e-03
-3.56380e-03
-7.49023e-03
-8.39744e-03
-3.08783e-03
6.06636e-03
1.31807e-02
1.52147e-02
1.40685e-02
1.45744e-02
1.27209e-02
7.49726e-03
8.33348e-04
-7.39272e-03
-1.17951e-02
-5.89730e-03
6.47149e-03
1.67771e-02
2.21349e-02
2.54881e-02
2.94253e-02
2.83007e-02
1.90615e-02
6.37881e-03
-4.84762e-03
-1.09617e-02
-1.17473e-02
-1.01889e-02
-6.96360e-03
8.42526e-05
6.72540e-03
9.78988e-03
1.38782e-02
1.63606e-02
1.42264e-02
1.22982e-02
1.30214e-02
1.43183e-02
1.29512e-02
1.18520e-02
1.34458e-02
1.48672e-02
1.46056e-02
1.38651e-02
1.36807e-02
1.38456e-02
1.22031e-02
9.55678e-03
6.94867e-03
5.20683e-03
5.27087e-03
6.04536e-03
6.10503e-03
5.64489e-03
5.25271e-03
5.29835e-03
5.47587e-03
5.11853e-03
6.62738e-06
-2.17398e-03
3.24672e-03
7.89429e-03
7.67784e-03
1.02574e-02
1.41370e-02
1.21330e-02
5.86848e-03
2.29999e-03
-1.15232e-03
-3.79958e-03
-7.91226e-04
5.34343e-03
8.15676e-03
1.12992e-02
1.43365e-02
1.38339e-02
7.30757e-03
-1.55471e-03
-9.43012e-03
-1.42992e-02
-1.96082e-02
-2.23022e-02
-2.04451e-02
-1.29547e-02
-1.83118e-03
9.98079e-03
1.65907e-02
2.03443e-02
2.20951e-02
2.10697e-02
2.07255e-02
1.45569e-02
3.77758e-03
-5.53589e-03
-6.77120e-03
-9.49108e-03
-1.27453e-02
-1.29274e-02
-1.25379e-02
-1.28718e-02
-1.51979e-02
-2.15170e-02
-2.48329e-02
-2.28399e-02
-1.90494e-02
-1.31256e-02
-9.40964e-03
-5.68452e-03
-4.04049e-03
-5.40535e-03
-6.04472e-03
-5.48818e-03
-4.47816e-03
-2.80241e-03
2.93400e-03
6.01670e-03
2.67061e-03
-5.62231e-03
-1.20959e-02
-1.64687e-02
-2.01548e-02
-2.25866e-02
-2.27361e-02
-1.92537e-02
-1.23357e-02
-6.58693e-03
-4.90258e-03
-6.43048e-03
-1.06713e-02
-1.75395e-02
-2.29665e-02
-2.44792e-02
-2.31080e-02
-2.00850e-02
-1.58874e-02
-9.94278e-03
-5.82927e-03
-6.43261e-03
-8.38002e-03
-8.66910e-03
-9.76219e-03
-1.38416e-02
-1.71322e-02
-1.65760e-02
-1.13287e-02
-7.74356e-03
-8.50957e-03
-1.11867e-02
-1.06758e-02
-7.82355e-03
-6.88717e-03
-7.56843e-03
-5.70732e-03
-6.42970e-04
2.00767e-03
5.04111e-04
-6.26451e-03
-1.16621e-02
-1.56546e-02
-1.81149e-02
-1.97012e-02
-1.85691e-02
-1.27290e-02
-6.71633e-03
-3.38151e-04
1.71934e-03
2.48415e-03
3.83716e-03
6.99058e-03
6.04347e-03
-1.02262e-04
-2.82676e-03
-8.95475e-04
1.10372e-03
6.95128e-04
-4.35218e-04
-1.00113e-03
-6.55343e-04
-4.31893e-04
-2.06571e-03
-8.34401e-03
-1.33382e-02
-1.75839e-02
-1.82255e-02
-1.19624e-02
-2.54389e-03
2.17719e-03
7.90013e-06
-3.02624e-03
-2.87690e-03
-1.40471e-04
2.26792e-03
5.85155e-04
-1.95590e-03
-2.06382e-03
-1.00336e-03
-4.79710e-04
-8.89851e-04
-4.22899e-05
4.13637e-03
8.24748e-03
8.44375e-03
6.67025e-03
6.03669e-03
6.54057e-03
5.55310e-03
4.82645e-03
6.49954e-03
7.82695e-03
7.33961e-03
4.31907e-03
-5.22866e-04
-1.50523e-03
2.00473e-03
4.26070e-03
5.23565e-03
6.17544e-03
6.36683e-03
5.97382e-03
5.90858e-03
6.60799e-03
1.19552e-02
1.67747e-02
1.63902e-02
1.41021e-02
1.35123e-02
1.45336e-02
1.54662e-02
1.54595e-02
1.50636e-02
1.50921e-02
1.81875e-02
2.04765e-02
1.95378e-02
1.53615e-02
1.22969e-02
7.25244e-03
3.52134e-03
2.93967e-03
5.59080e-03
8.69804e-03
1.15513e-02
1.49435e-02
1.71501e-02
2.20348e-02
2.49102e-02
2.38515e-02
2.25083e-02
2.26420e-02
2.21506e-02
1.98546e-02
2.00251e-02
2.35310e-02
2.54445e-02
2.57409e-02
2.58604e-02
2.39974e-02
2.20883e-02
1.84807e-02
1.40676e-02
1.31997e-02
1.28018e-02
9.06603e-03
5.23695e-03
4.87663e-03
6.44926e-03
9.01877e-03
1.11056e-02
1.06789e-02
6.94589e-03
4.12471e-03
4.84468e-03
6.44300e-03
6.78069e-03
6.28172e-03
1.08233e-02
1.58298e-02
1.59002e-02
1.37757e-02
1.24568e-02
7.01191e-03
2.90991e-03
-1.63929e-03
-4.88142e-03
-9.78944e-03
-1.33510e-02
-1.21736e-02
-1.03497e-02
-3.93546e-03
1.27818e-03
5.32427e-03
6.24137e-03
4.73192e-03
4.06723e-03
4.80379e-03
5.76030e-03
6.04460e-03
5.92575e-03
5.78580e-03
5.72379e-03
5.80611e-03
5.75021e-03
4.33182e-03
1.32596e-03
-1.10370e-03
-1.65583e-03
-5.33463e-04
-1.57396e-03
-3.55165e-03
-3.97968e-03
-3.30084e-03
-2.99592e-03
-5.37368e-03
-1.02886e-02
-1.34568e-02
-1.27937e-02
-1.09433e-02
-8.03124e-03
-3.80590e-03
-1.47002e-03
2.54631e-03
6.38803e-03
6.29589e-03
5.20329e-03
7.54403e-03
1.06549e-02
8.15112e-03
7.95402e-03
1.01178e-02
7.21843e-03
-2.16740e-03
-6.92810e-03
-7.58302e-03
-1.02120e-02
-1.15168e-02
-4.83288e-03
2.04836e-03
6.43744e-03
8.58285e-03
1.22557e-02
1.49989e-02
1.35087e-02
8.87299e-03
1.94629e-03
-7.12842e-03
-1.49556e-02
-1.57123e-02
-1.11395e-02
-8.50318e-03
-7.61787e-03
-3.92531e-03
8.40330e-04
5.55133e-03
4.82712e-03
-1.56827e-03
-5.83428e-03
-4.52643e-03
-1.86032e-03
-1.55036e-03
-4.54204e-03
-6.06952e-03
-3.75595e-03
8.63379e-04
5.31144e-03
1.59819e-03
-4.97561e-03
-6.02335e-03
-6.12541e-03
-9.57192e-03
-1.26303e-02
-1.24880e-02
-1.13612e-02
-1.11464e-02
-1.18171e-02
-1.22611e-02
-1.20242e-02
-1.15494e-02
-1.21253e-02
-1.88893e-02
-2.38708e-02
-2.30800e-02
-2.43604e-02
-2.85676e-02
-2.99146e-02
-2.50653e-02
-1.74816e-02
-1.05148e-02
-9.75212e-03
-1.27991e-02
-1.40513e-02
-1.27146e-02
-1.12254e-02
-1.09706e-02
-1.15551e-02
-1.20273e-02
-1.20954e-02
-1.03786e-02
-5.94366e-03
-1.96669e-03
-2.10076e-03
-6.07196e-03
-1.13805e-02
-1.36883e-02
-1.23290e-02
-1.06346e-02
-1.07915e-02
-1.18640e-02
-1.22306e-02
-9.77129e-03
-9.31991e-03
-1.15505e-02
-1.26482e-02
-1.22641e-02
-1.16374e-02
-1.16020e-02
-1.18723e-02
-1.20695e-02
-1.22768e-02
-1.45732e-02
-1.46363e-02
-1.45999e-02
-1.64505e-02
-2.02963e-02
-2.23670e-02
-2.08846e-02
-1.62456e-02
-1.05918e-02
-9.95178e-03
-1.24890e-02
-1.37435e-02
-1.27846e-02
-1.16356e-02
-1.13770e-02
-1.17969e-02
-1.16157e-02
-1.12797e-02
-1.11935e-02
-1.13378e-02
-1.13620e-02
-1.13458e-02
-1.12603e-02
-1.12863e-02
-1.14013e-02
-1.18780e-02
-1.20518e-02
-1.10326e-02
-7.00960e-03
-2.45917e-03
-1.65967e-03
-3.63903e-03
-4.66406e-03
-3.98443e-03
-2.91961e-03
-2.62161e-03
-2.91360e-03
-3.34234e-03
-6.22618e-03
-1.34081e-02
-1.97414e-02
-2.02692e-02
-1.43218e-02
-5.94456e-03
2.27406e-03
7.18153e-03
6.36517e-03
5.17897e-03
7.94954e-03
1.10338e-02
1.40168e-02
1.48032e-02
1.02288e-02
3.96913e-03
2.74854e-03
4.82047e-03
4.07339e-04
-1.55682e-03
4.04563e-03
7.44127e-03
6.01060e-03
3.63581e-03
-5.93452e-04
-4.93687e-03
-5.03081e-03
-2.18167e-03
2.42513e-03
6.09985e-03
6.09395e-03
3.99964e-03
2.45407e-03
2.82881e-04
-4.76661e-04
4.93778e-04
2.12359e-03
7.10476e-03
1.71441e-02
2.48959e-02
2.58874e-02
2.66194e-02
2.95680e-02
2.85740e-02
2.24897e-02
1.69493e-02
1.33599e-02
1.16570e-02
1.03652e-02
1.07106e-02
1.21038e-02
1.03129e-02
8.12165e-03
7.98283e-03
7.29682e-03
4.75874e-03
3.33137e-03
1.86223e-03
-9.26541e-05
-3.62694e-04
4.48696e-03
1.23463e-02
1.76081e-02
1.80742e-02
1.61165e-02
1.33934e-02
1.14169e-02
7.90703e-03
1.66333e-03
-3.82100e-03
-5.57047e-03
-6.17741e-03
-5.91675e-03
-4.21448e-03
-1.64797e-03
2.23228e-03
6.59379e-03
6.83743e-03
3.48503e-03
2.09248e-03
3.10997e-03
-3.99806e-04
-5.90333e-03
-9.00691e-03
-6.38622e-03
2.74373e-03
1.07831e-02
1.38557e-02
1.26700e-02
8.31249e-03
3.24257e-03
-4.44185e-04
-3.70860e-03
-7.55111e-03
-1.18829e-02
-1.38176e-02
-1.27277e-02
-9.09616e-03
-4.51149e-03
-3.00251e-03
-4.31084e-03
-3.13062e-03
-2.84306e-03
-4.51861e-03
-5.10917e-03
-4.77040e-03
-6.36784e-03
-5.82718e-03
-3.35852e-03
-3.92224e-05
1.35553e-03
3.61582e-04
2.63087e-03
1.82344e-03
-3.92196e-03
-7.08988e-03
-1.15148e-02
-1.43522e-02
-1.29868e-02
-1.14350e-02
-7.99603e-03
-3.12953e-03
4.50529e-03
1.07692e-02
1.39349e-02
1.30988e-02
4.92812e-03
-6.04587e-03
-1.15615e-02
-1.26844e-02
-1.16515e-02
-1.11328e-02
-1.17585e-02
-8.87578e-03
2.71196e-03
9.75755e-03
1.28898e-02
1.28395e-02
7.53732e-03
9.84070e-04
-5.58523e-03
-8.21863e-03
-4.15595e-03
1.12267e-03
5.97615e-03
6.94951e-03
6.24116e-03
1.04275e-02
1.07356e-02
4.63104e-03
-1.70147e-03
-4.68524e-03
-3.71471e-03
-1.87557e-03
-1.03827e-03
1.65137e-03
5.43083e-03
6.35980e-03
5.02997e-03
3.36281e-03
-4.89206e-05
-5.63130e-03
-1.23710e-02
-1.41322e-02
-1.05522e-02
-4.62377e-03
2.22659e-04
5.01083e-04
-3.41206e-03
-5.83775e-03
-4.66328e-03
-4.30632e-03
-8.04683e-03
-1.15533e-02
-1.07558e-02
-7.71344e-03
-1.45571e-03
4.86419e-03
9.78922e-03
1.40943e-02
1.48895e-02
1.33996e-02
1.26145e-02
1.04544e-02
4.12109e-03
-2.22537e-03
-4.50879e-03
-3.21140e-03
-1.88232e-03
-2.26729e-03
-2.08261e-03
2.60656e-04
3.18255e-03
7.02225e-03
1.16245e-02
1.45520e-02
1.44931e-02
1.30117e-02
1.09920e-02
1.11312e-02
1.40376e-02
1.52981e-02
1.05069e-02
4.05295e-03
2.69480e-03
1.19539e-03
-2.70224e-03
-4.46178e-03
-3.21638e-03
1.33260e-03
4.47166e-03
6.21963e-03
1.10506e-02
1.48539e-02
1.44146e-02
1.06827e-02
5.89193e-03
3.51319e-03
2.69221e-03
-4.78286e-04
-3.58446e-03
-2.05059e-03
1.88575e-03
4.90237e-03
7.88961e-03
7.73077e-03
4.55420e-03
5.12154e-04
-3.03706e-03
-4.30356e-03
-3.35792e-03
-2.13016e-03
2.56534e-03
6.80546e-03
9.04714e-03
1.19731e-02
1.39174e-02
1.36487e-02
1.28765e-02
1.30100e-02
1.30082e-02
8.09351e-03
3.16542e-03
2.91689e-03
2.51210e-03
3.30873e-03
5.07841e-03
5.16481e-03
4.08897e-03
3.43591e-03
3.29670e-03
-1.72360e-03
-9.25837e-03
-1.15987e-02
-6.64115e-03
3.45340e-04
4.57144e-03
4.39042e-03
2.27128e-03
1.50748e-03
2.36302e-03
3.39072e-03
3.38272e-03
2.84306e-03
2.58199e-03
2.46810e-03
-1.21241e-05
-2.70105e-03
-2.57415e-03
9.88187e-04
3.90081e-03
3.48006e-03
4.39619e-03
6.22202e-03
4.21311e-03
9.32972e-04
-2.27706e-03
-5.81810e-03
-5.07322e-03
-4.27166e-03
-5.87918e-03
-7.38571e-03
-1.00399e-02
-1.18377e-02
-9.09256e-03
-5.63593e-03
-5.62180e-03
-7.27399e-03
-7.75642e-03
-2.12359e-03
3.72066e-03
2.97088e-03
-4.81222e-03
-1.07474e-02
-9.22583e-03
-5.63222e-03
-5.04885e-03
-9.08678e-03
-9.98009e-03
-4.58740e-03
2.13014e-03
4.40350e-03
7.20320e-03
7.95109e-03
5.50684e-03
2.01594e-03
4.57987e-04
1.83112e-03
2.98987e-03
3.07801e-03
5.22813e-03
1.00541e-02
1.22958e-02
8.39175e-03
1.62499e-03
-3.43989e-03
-6.32728e-03
-6.96152e-03
-8.41065e-03
-8.10950e-03
-6.21471e-03
-5.48847e-03
-1.11254e-03
3.30010e-03
3.00975e-03
-1.73146e-03
-7.38157e-03
-8.81451e-03
-6.69639e-03
-5.20055e-03
-5.74757e-03
-6.93432e-03
-7.31901e-03
-7.24333e-03
-9.52868e-03
-1.17928e-02
-9.14824e-03
-5.79041e-03
-5.74212e-03
-7.57488e-03
-1.11207e-02
-1.55517e-02
-1.43810e-02
-8.52263e-03
-1.03624e-02
-1.68425e-02
-1.64078e-02
-1.17786e-02
-7.44416e-03
-6.12723e-03
-5.02012e-03
-3.82204e-03
-3.98107e-03
-6.85415e-03
-9.74475e-03
-1.43063e-02
-1.55808e-02
-1.24087e-02
-8.28964e-03
-6.65405e-03
-8.19837e-03
-9.31729e-03
-6.49473e-03
-8.11339e-04
-9.41106e-04
-7.41379e-03
-1.17684e-02
-1.27717e-02
-9.89637e-03
-1.75756e-03
3.03900e-03
8.08269e-04
-4.48745e-03
-5.23414e-03
-1.11697e-03
1.49221e-03
8.59176e-04
1.17127e-03
1.48311e-03
-2.74843e-04
-3.50808e-03
-7.95001e-03
-1.22814e-02
-1.22979e-02
-8.64150e-03
-5.11728e-03
-3.77403e-03
-4.58866e-03
-3.65215e-03
-6.83333e-04
2.27702e-03
2.23069e-03
-6.73938e-04
-3.98950e-03
-5.76984e-03
-5.08387e-03
-2.55925e-03
1.70484e-03
6.36551e-03
8.89776e-03
6.79686e-03
1.17556e-03
-4.09878e-03
-7.42455e-03
-7.66959e-03
-4.40622e-03
-1.11552e-03
1.96508e-03
5.62135e-03
8.55923e-03
1.02074e-02
1.19135e-02
1.26530e-02
1.08538e-02
6.37019e-03
2.54871e-03
1.36328e-03
5.80120e-04
9.94640e-04
3.84717e-03
6.10152e-03
8.08181e-03
8.70640e-03
7.80623e-03
6.30599e-03
2.71813e-03
2.60009e-04
4.77789e-03
6.93638e-03
5.14214e-03
7.29312e-03
1.31151e-02
1.79770e-02
1.69853e-02
1.11259e-02
6.70146e-03
9.06674e-03
1.04669e-02
8.90218e-03
7.68719e-03
7.63263e-03
8.06289e-03
8.20460e-03
8.07498e-03
7.63526e-03
4.41775e-03
2.15499e-03
2.96051e-03
3.94207e-03
4.38561e-03
7.12274e-03
8.55688e-03
4.67639e-03
4.59878e-03
7.48449e-03
5.39405e-03
2.20152e-03
2.37522e-03
6.90263e-03
9.73426e-03
6.06756e-03
4.28111e-03
6.85499e-03
8.81688e-03
8.58220e-03
7.74038e-03
7.50224e-03
7.58383e-03
5.46810e-03
5.58852e-03
8.36886e-03
1.17217e-02
1.12111e-02
7.59958e-03
6.29403e-03
7.45331e-03
8.71000e-03
8.45024e-03
5.65579e-03
2.59075e-03
4.44950e-03
1.06599e-02
1.63593e-02
1.61886e-02
1.29398e-02
1.35997e-02
1.62311e-02
1.55821e-02
1.06307e-02
4.75010e-03
1.81304e-03
2.62465e-03
5.75738e-03
1.01614e-02
1.44838e-02
1.54305e-02
1.17257e-02
8.24381e-03
6.36918e-03
6.41021e-03
6.77433e-03
3.08454e-03
-2.22366e-03
-3.64984e-03
-9.31619e-04
3.05054e-03
5.03152e-03
6.20287e-03
6.77298e-03
6.18653e-03
5.81179e-03
2.67560e-03
5.52253e-04
-1.59345e-03
5.54001e-05
9.21675e-05
-2.46522e-03
-3.10209e-03
6.10476e-04
3.83752e-03
5.69228e-03
6.61291e-03
6.06486e-03
5.48598e-03
2.83306e-03
-1.78034e-03
-3.97585e-03
-2.77560e-03
-1.21842e-03
9.86385e-04
-9.36740e-05
-3.01240e-03
-1.58957e-03
2.01905e-03
2.97412e-03
-3.11238e-04
-3.77395e-03
-1.72065e-03
4.90165e-03
1.09969e-02
1.42688e-02
1.30129e-02
9.45153e-03
6.46565e-03
3.48993e-03
-1.49684e-03
-8.43218e-03
-1.12767e-02
-8.92583e-03
-7.26826e-03
-4.95329e-03
-7.03070e-04
2.60204e-03
3.92005e-03
5.23122e-03
4.63116e-03
1.66110e-03
4.11375e-04
6.95155e-04
-1.40055e-03
-4.37428e-03
-8.08814e-03
-1.10429e-02
-9.60235e-03
-9.38632e-03
-1.04678e-02
-9.22402e-03
-1.02234e-02
-1.22123e-02
-1.18162e-02
-4.83038e-03
6.47337e-05
-1.67266e-03
-4.63883e-03
-8.39567e-03
-1.22598e-02
-1.27754e-02
-1.09870e-02
-1.00092e-02
-7.50582e-03
-3.77600e-03
-4.56038e-03
-5.53300e-03
-4.06210e-03
-5.46105e-03
-1.03946e-02
-1.32995e-02
-1.21945e-02
-1.03430e-02
-8.06135e-03
-9.15494e-03
-1.21777e-02
-1.29684e-02
-1.18793e-02
-1.09896e-02
-1.11459e-02
-1.16522e-02
-1.18757e-02
-1.15969e-02
-9.36673e-03
-4.99448e-03
-3.72676e-03
-3.45930e-03
4.69920e-05
2.58233e-03
3.32872e-03
2.40272e-03
-2.35680e-03
-7.80521e-03
-1.20560e-02
-1.25502e-02
-1.05546e-02
-8.44572e-03
-5.20315e-03
-1.41743e-03
7.67206e-04
-2.03601e-03
-4.95662e-03
-4.37587e-03
-3.51245e-03
-6.56543e-03
-1.09325e-02
-9.31711e-03
-4.94211e-03
-6.47417e-04
3.35419e-03
6.34577e-03
6.65486e-03
4.84221e-03
-1.74102e-03
-5.93185e-03
-7.16278e-03
-1.02731e-02
-1.18550e-02
-1.11448e-02
-7.02565e-03
-1.61227e-03
1.89676e-03
-5.13851e-04
-4.66062e-03
-7.34431e-03
-5.25021e-03
-1.66263e-03
-1.27271e-03
-2.85404e-03
-3.84308e-03
-3.28763e-03
3.46583e-04
5.45096e-03
7.68928e-03
6.71033e-03
7.14959e-03
7.97990e-03
6.38104e-03
1.29817e-03
-3.92137e-03
-6.10777e-03
-4.42911e-03
8.23145e-04
6.10928e-03
7.76599e-03
6.11213e-03
4.78561e-03
4.90274e-03
1.96468e-03
-3.09224e-03
-6.10268e-03
-8.59607e-03
-1.09436e-02
-8.83655e-03
-2.42003e-03
1.66952e-03
3.66467e-03
4.18417e-03
3.22104e-03
4.43281e-03
4.93422e-03
9.12074e-04
-3.62661e-03
-4.13533e-03
-2.17361e-03
-1.35669e-03
-2.05243e-03
-2.87581e-03
-1.41760e-03
3.08894e-03
5.74239e-03
1.46558e-03
-4.25817e-03
-4.20722e-03
5.98339e-04
1.45564e-03
4.33106e-04
-4.18860e-04
3.87264e-03
8.06064e-03
6.43838e-03
6.71316e-04
-4.55259e-03
-4.46565e-03
-2.82693e-03
-4.85143e-03
-6.76605e-03
-3.81757e-03
4.84791e-04
6.05756e-03
7.15888e-03
1.21076e-03
-4.98375e-03
-5.19455e-03
-1.33556e-03
3.36831e-03
7.38398e-03
7.00997e-03
1.90071e-03
2.34096e-03
5.78358e-03
5.40486e-04
-5.19167e-03
-4.73306e-03
-2.16360e-03
-1.42406e-03
-2.55437e-03
-3.18755e-03
-2.87338e-04
-7.52798e-04
-3.58577e-03
-1.34642e-03
-1.21545e-03
-3.46398e-03
-4.14829e-03
-3.50242e-03
-2.91893e-03
-3.03702e-03
-3.38047e-03
-3.52154e-03
-3.43008e-03
-3.30499e-03
-3.52379e-03
-6.19101e-03
-8.72959e-03
-8.56964e-03
-7.20957e-03
-4.42783e-03
-2.63826e-03
-3.26141e-03
-4.13881e-03
-1.35997e-03
4.14925e-03
4.05042e-03
-2.66017e-03
-9.53389e-03
-1.32543e-02
-1.30710e-02
-1.14467e-02
-1.09257e-02
-9.09593e-03
-4.85537e-03
-2.34066e-03
-1.05876e-03
-2.44553e-03
-4.77344e-03
-5.06167e-03
-6.26369e-03
-5.49688e-03
-3.17012e-03
-2.67405e-03
-3.61193e-03
-4.11068e-03
-1.23773e-03
4.13829e-03
6.67882e-03
5.52006e-03
3.88847e-03
1.59601e-03
2.46977e-03
5.42226e-03
6.45672e-03
7.67702e-03
9.22774e-03
7.55816e-03
4.28719e-03
3.56608e-03
4.91311e-03
5.81056e-03
5.49837e-03
4.85515e-03
4.65236e-03
4.83787e-03
5.02757e-03
5.02969e-03
4.95200e-03
4.90032e-03
4.92375e-03
4.93126e-03
4.79664e-03
4.60976e-03
4.24612e-03
2.26514e-04
-5.08797e-03
-6.03786e-03
-3.99257e-03
-2.54913e-03
6.36736e-04
3.08168e-03
3.11993e-03
5.48194e-03
1.03425e-02
9.65571e-03
1.62021e-03
-5.89703e-03
-9.43675e-03
-1.15225e-02
-1.29620e-02
-1.10829e-02
-6.05339e-03
9.03433e-04
7.40698e-03
1.09715e-02
7.83778e-03
1.47552e-03
-1.94115e-03
-3.66800e-03
-4.83762e-03
-4.55414e-03
-1.98620e-04
6.93466e-03
1.20625e-02
1.29373e-02
1.13636e-02
1.04383e-02
8.94249e-03
4.92927e-03
-2.01701e-04
-4.59166e-03
-6.38791e-03
-5.29101e-03
-4.01887e-04
4.74897e-03
6.71126e-03
4.74073e-03
-4.72941e-04
-3.50998e-03
-3.71306e-04
4.43627e-03
5.17163e-03
3.10154e-03
1.92753e-03
2.55514e-03
3.64949e-03
5.72720e-03
6.04599e-03
3.62001e-03
1.81643e-03
-1.50814e-03
-5.57456e-03
-4.27058e-03
1.96970e-03
6.06162e-03
6.93887e-03
9.31524e-03
1.18265e-02
8.38380e-03
1.98823e-03
-3.04198e-03
-3.70143e-03
-1.93782e-04
1.84563e-03
2.55436e-03
3.67342e-03
5.92012e-03
6.11831e-03
3.75500e-03
2.64083e-03
3.47856e-03
2.58215e-03
1.91623e-03
4.03562e-03
9.46524e-03
1.64163e-02
2.12720e-02
2.19332e-02
1.65549e-02
1.05609e-02
1.00859e-02
9.08014e-03
4.60823e-03
-1.47858e-03
-5.89083e-03
-5.50733e-03
3.98596e-04
7.96401e-03
1.05192e-02
7.95744e-03
3.79112e-03
1.64039e-03
2.72988e-03
4.12988e-03
2.09216e-03
-1.31178e-03
-1.02910e-04
6.08206e-03
1.41519e-02
2.06406e-02
2.42074e-02
2.70004e-02
2.87581e-02
2.48907e-02
1.67283e-02
8.99561e-03
3.72187e-03
4.43175e-04
-2.90917e-03
-3.48871e-03
7.98286e-04
4.54196e-03
3.93239e-03
1.96085e-03
3.86049e-03
9.38588e-03
1.28449e-02
1.17149e-02
5.42928e-03
-3.76394e-05
3.99892e-04
3.03908e-03
2.10408e-03
6.95166e-04
1.87773e-03
5.32547e-03
7.59242e-03
4.63288e-03
4.18264e-04
-5.07284e-03
-7.85068e-03
-1.20470e-03
8.19511e-03
1.01008e-02
6.54332e-03
6.48252e-03
7.11013e-03
3.67444e-03
5.74302e-04
-1.86550e-03
-5.34192e-03
-7.45375e-03
-6.90861e-03
-5.64787e-03
-6.60439e-04
3.60347e-03
2.99580e-03
8.28885e-04
2.16898e-04
1.30668e-03
1.73862e-03
-3.67641e-03
-1.18242e-02
-1.66171e-02
-1.39869e-02
-6.37531e-03
2.13816e-03
9.88770e-03
1.15356e-02
3.87140e-03
-3.13252e-03
-6.92612e-03
-8.40856e-03
-9.71861e-03
-1.12800e-02
-9.13050e-03
-6.14289e-03
-1.03024e-03
2.74027e-03
4.79313e-03
7.94578e-03
1.00464e-02
9.61351e-03
6.13109e-03
6.15028e-04
-6.18726e-03
-6.65445e-03
2.19259e-04
-2.18528e-03
-8.80973e-03
-7.39022e-03
-6.01513e-03
-7.81485e-03
-1.24593e-02
-1.78012e-02
-1.50720e-02
-7.28543e-03
-4.84091e-03
-7.64474e-03
-6.76643e-03
-4.00106e-03
-3.53514e-03
-7.45499e-03
-1.02353e-02
-9.25938e-03
-7.68410e-03
-6.92253e-03
-1.29388e-03
2.36638e-03
-2.55423e-03
-1.00480e-02
-1.16803e-02
-8.44840e-03
-6.45416e-03
-7.16626e-03
-8.68062e-03
-9.11046e-03
-8.69100e-03
-8.20738e-03
-7.33433e-03
-4.44824e-03
-1.96434e-03
2.21411e-04
1.04375e-03
1.04560e-03
2.80354e-03
2.41543e-03
2.40760e-03
1.10545e-03
-4.89263e-04
-1.99046e-04
5.05184e-04
7.03251e-04
3.84236e-04
2.82976e-04
2.10908e-04
-5.31759e-04
-4.26893e-03
-9.07085e-03
-1.08124e-02
-1.11235e-02
-8.77408e-03
-5.93111e-03
-2.82896e-03
6.48080e-04
1.20985e-03
-9.14300e-05
-6.43912e-04
-9.76391e-05
-1.42071e-03
-7.37162e-03
-1.21289e-02
-1.31547e-02
-1.11075e-02
-8.85423e-03
-9.58668e-03
-9.50244e-03
-8.48704e-03
-6.83964e-03
-4.09234e-03
-1.75355e-03
-1.18074e-03
-3.71599e-03
-6.88801e-03
-7.68881e-03
-6.21019e-03
-6.78229e-03
-8.47770e-03
-8.76351e-03
-8.45242e-03
-8.24130e-03
-8.38676e-03
-8.52627e-03
-8.61732e-03
-8.20136e-03
-3.96197e-03
1.46813e-03
2.17444e-03
-1.72451e-04
-1.46178e-03
-6.52071e-04
2.92241e-04
-1.35604e-03
-4.11973e-03
-2.93215e-03
6.72133e-04
1.83281e-03
4.35961e-04
-7.33717e-04
-2.97442e-03
-4.77742e-03
-4.45877e-03
-3.29660e-03
-9.12306e-04
-1.75753e-03
-7.26020e-03
-1.04337e-02
-6.49129e-03
6.70051e-04
3.22864e-03
9.38202e-04
-1.21282e-03
-7.22394e-04
8.01793e-04
1.34036e-03
1.32416e-03
7.11782e-03
1.18070e-02
1.05093e-02
7.90524e-03
4.38791e-03
3.09982e-03
1.64007e-03
8.95220e-04
4.73127e-03
1.06196e-02
1.19344e-02
9.53239e-03
8.09127e-03
8.48372e-03
4.24813e-03
2.08181e-03
2.73814e-03
5.36248e-03
7.38631e-03
5.61096e-03
1.37283e-03
-6.01632e-04
9.46374e-04
2.34407e-03
3.21577e-03
6.21440e-03
1.06185e-02
1.15677e-02
9.96619e-03
7.88805e-03
4.07371e-03
4.73473e-04
5.50071e-04
2.22236e-03
3.12500e-03
5.35446e-03
1.18546e-02
1.81031e-02
2.01842e-02
1.75824e-02
1.50228e-02
1.71431e-02
2.02352e-02
2.04344e-02
1.77902e-02
1.25470e-02
8.88233e-03
9.37354e-03
1.13270e-02
1.16668e-02
1.08625e-02
1.00993e-02
9.99289e-03
1.02252e-02
1.02928e-02
8.21745e-03
5.29059e-03
2.69960e-03
1.26996e-03
3.56768e-03
8.87414e-03
1.20090e-02
1.10765e-02
9.00990e-03
8.83963e-03
9.99357e-03
1.05918e-02
1.02587e-02
9.87478e-03
9.77864e-03
1.01917e-02
1.26523e-02
1.25326e-02
9.77452e-03
8.79682e-03
9.41781e-03
1.02995e-02
1.04400e-02
1.36476e-02
1.88410e-02
2.03623e-02
1.81540e-02
1.34556e-02
8.47416e-03
7.42144e-03
3.27558e-03
-3.19773e-04
3.44017e-04
1.73513e-03
1.73074e-03
7.64985e-04
2.27656e-04
3.56026e-04
7.51889e-04
2.61876e-03
1.01149e-02
1.93893e-02
2.10313e-02
1.56350e-02
7.67938e-03
5.49084e-03
7.39513e-03
3.80567e-03
-2.17498e-03
-8.51130e-03
-1.22693e-02
-1.60505e-02
-1.64338e-02
-9.19000e-03
-3.12186e-03
6.96998e-04
3.66716e-03
7.53245e-03
9.33267e-03
8.27480e-03
4.74457e-03
-5.03202e-04
-1.92594e-03
2.07527e-04
1.54410e-03
9.18592e-04
-2.38583e-04
-5.62329e-04
-2.28649e-04
-1.65674e-05
-1.64892e-03
-4.66455e-03
-7.71864e-03
-8.98653e-03
-4.61698e-03
1.78481e-03
6.51094e-03
7.06446e-03
1.65634e-03
-4.96712e-03
-8.88276e-03
-9.68320e-03
-1.22086e-02
-1.29536e-02
-9.27164e-03
-6.77963e-03
-5.29932e-03
-1.59758e-03
3.13290e-03
2.60055e-03
-1.30119e-03
-5.07413e-03
-8.72738e-03
-9.77880e-03
-8.68080e-03
-7.65717e-03
-5.52498e-03
-1.33347e-03
4.83470e-04
-3.07753e-03
-7.10510e-03
-9.96531e-03
-1.37179e-02
-1.79336e-02
-1.92854e-02
-1.74966e-02
-1.33938e-02
-8.67918e-03
-7.69937e-03
-3.32479e-03
3.05254e-04
-1.17122e-03
-9.25518e-03
-1.41141e-02
-1.47212e-02
-1.39575e-02
-1.23598e-02
-9.95167e-03
-7.48782e-03
-2.85792e-03
-2.79909e-04
-8.63945e-04
-3.73879e-05
-2.05116e-03
-7.78461e-03
-1.41298e-02
-2.01363e-02
-2.12548e-02
-1.73731e-02
-1.19937e-02
-6.21035e-03
1.05597e-03
6.84864e-03
6.95468e-03
4.33696e-03
9.42775e-04
-3.43098e-03
-7.32203e-03
-1.13426e-02
-1.26161e-02
-1.13370e-02
-1.05766e-02
-9.04452e-03
-5.31952e-03
-2.67119e-03
-5.08251e-03
-1.09036e-02
-1.43691e-02
-1.49870e-02
-1.36670e-02
-1.14532e-02
-1.11016e-02
-1.18505e-02
-9.62005e-03
-4.45669e-03
-1.87781e-03
-3.02715e-03
-4.68869e-03
-5.20540e-03
-9.29916e-03
-1.38118e-02
-1.60192e-02
-1.40726e-02
-1.08448e-02
-1.08172e-02
-1.24160e-02
-1.27685e-02
-5.89764e-03
-3.92643e-04
1.76122e-03
4.30758e-03
2.00026e-03
-4.18895e-03
-6.45892e-03
-6.92938e-03
-4.10970e-03
-1.43322e-03
-2.22964e-03
-2.92381e-03
4.70303e-04
4.98098e-03
2.47874e-03
-3.96793e-03
-6.20618e-03
-5.63251e-03
-9.54227e-03
-1.16177e-02
-5.19369e-03
-2.61748e-04
-1.95365e-03
-7.62514e-03
-1.35221e-02
-1.30531e-02
-9.08338e-03
-9.22195e-03
-9.09572e-03
-4.35654e-03
1.28364e-03
5.68799e-03
4.76295e-03
2.16974e-03
3.47028e-03
5.67608e-03
3.93127e-03
-3.75557e-03
-1.21502e-02
-1.41607e-02
-7.47247e-03
-4.03674e-04
-1.35898e-04
-1.00247e-03
2.53508e-03
6.04318e-03
5.80634e-03
-9.01613e-04
-9.17923e-03
-1.36975e-02
-9.84609e-03
-4.64579e-03
-1.68468e-03
1.43558e-03
5.21957e-03
9.53888e-03
1.04043e-02
5.35995e-03
-4.02781e-03
-7.22660e-03
-3.63013e-03
-9.09427e-04
-1.66279e-03
-3.66351e-03
-4.25130e-03
-1.72137e-03
4.97634e-03
9.47615e-03
8.64981e-03
3.26990e-03
-1.38864e-03
-2.28943e-03
-2.61496e-03
-2.89053e-03
-2.96174e-03
-3.00664e-03
-1.08036e-03
3.48573e-03
6.65333e-03
6.12852e-03
4.56346e-03
4.20127e-03
2.79328e-03
-1.49570e-03
-2.18269e-03
-1.31926e-03
1.70050e-04
1.78880e-03
1.75449e-03
3.30954e-03
2.88977e-03
3.46496e-04
-3.51381e-03
-4.98988e-03
-3.53685e-03
-2.15437e-03
7.12947e-04
2.48451e-03
4.60496e-03
5.93025e-03
5.19621e-03
2.93941e-03
-2.95309e-03
-5.80250e-03
-3.89994e-03
-1.90593e-03
-4.07816e-04
5.34330e-03
1.19699e-02
1.21623e-02
5.60496e-03
1.84630e-03
3.99217e-03
6.72412e-03
6.79643e-03
2.55110e-03
-3.95589e-03
-5.82260e-03
-1.22761e-03
5.51143e-03
1.21968e-02
1.55195e-02
1.42273e-02
1.22616e-02
1.20676e-02
8.39943e-03
4.61096e-03
7.09265e-03
8.72356e-03
6.54589e-03
4.70763e-03
4.74437e-03
5.58294e-03
5.84023e-03
5.58658e-03
5.30331e-03
5.01440e-03
1.90079e-03
-3.13065e-04
9.00352e-05
-1.32266e-03
2.82900e-03
7.61985e-03
7.15268e-03
7.83757e-03
6.28968e-03
3.67301e-03
-2.41160e-03
-5.90100e-03
-3.98154e-03
-1.88627e-03
-3.39817e-04
4.33076e-03
7.13422e-03
5.54395e-03
2.25030e-03
-3.68866e-03
-6.89003e-03
-8.50985e-03
-1.12572e-02
-1.33284e-02
-1.58176e-02
-1.58205e-02
-1.21433e-02
-7.60007e-03
-3.22416e-03
-2.45959e-03
-4.29691e-03
-5.19642e-03
-5.86491e-03
-9.00291e-03
-1.26964e-02
-1.32226e-02
-1.18254e-02
-1.10089e-02
-7.59940e-03
-6.27759e-04
7.00873e-03
1.10653e-02
9.80321e-03
5.81011e-03
2.95026e-03
-9.79329e-05
-3.78362e-03
-6.20054e-03
-5.46582e-03
-5.52630e-04
4.96662e-03
6.49518e-03
-6.13325e-04
-9.91627e-03
-1.43900e-02
-1.30642e-02
-7.78390e-03
-2.45547e-03
-1.40111e-03
-9.00139e-04
2.78857e-03
5.85943e-03
5.74322e-03
4.42313e-03
4.46484e-04
-7.87819e-03
-1.48132e-02
-1.78717e-02
-1.97683e-02
-1.42214e-02
-8.64416e-03
-3.48776e-03
1.60322e-03
4.89368e-03
5.35387e-03
3.54436e-03
-2.85482e-03
-6.96195e-03
-7.80841e-03
-6.89443e-03
-3.03474e-03
1.05464e-04
5.64143e-03
1.14741e-02
1.46716e-02
1.42202e-02
1.19637e-02
8.10084e-03
3.51207e-03
-5.98223e-04
-3.56209e-03
-3.71079e-03
-1.04960e-03
3.26564e-03
4.88947e-03
6.49539e-05
-5.59668e-03
-6.02109e-03
-3.54823e-03
-5.18780e-03
-1.16898e-02
-1.50118e-02
-1.30986e-02
-8.05848e-03
6.84166e-04
1.02776e-02
1.55910e-02
1.40820e-02
8.32520e-03
2.98182e-05
-5.84389e-03
-5.01870e-03
-1.80294e-03
-1.40376e-03
-4.38016e-03
-7.08059e-03
-5.17422e-03
3.60023e-04
7.67891e-03
1.16377e-02
1.01316e-02
6.13926e-03
3.42324e-03
4.08071e-03
5.92731e-03
6.56947e-03
7.83722e-03
9.96922e-03
1.23178e-02
1.39107e-02
1.18816e-02
6.68838e-03
3.32182e-03
2.07080e-03
-8.97978e-04
-5.74403e-03
-8.48846e-03
-6.13811e-03
-2.07410e-03
2.57381e-03
8.33049e-03
1.31156e-02
1.64670e-02
1.60337e-02
1.26380e-02
7.74633e-03
4.04797e-03
4.40221e-03
6.31498e-03
6.69464e-03
5.68496e-03
4.67405e-03
2.62061e-03
4.76754e-04
2.25106e-03
5.90138e-03
6.79894e-03
5.34332e-03
4.32221e-03
4.59666e-03
5.31059e-03
5.33888e-03
2.45053e-03
-2.94971e-03
-5.44841e-03
-4.09265e-03
-2.53353e-03
-2.26307e-03
1.96289e-03
6.47402e-03
6.12152e-03
1.52341e-03
-1.33767e-03
2.35414e-03
7.27092e-03
1.25751e-02
1.49303e-02
8.59545e-03
1.67893e-03
-3.10212e-03
-4.78763e-03
-2.73927e-03
3.36751e-03
4.96270e-03
-1.91554e-03
-9.80020e-03
-1.35991e-02
-7.78799e-03
-7.51674e-04
-6.53220e-04
-4.14452e-03
-5.76754e-03
-4.79461e-03
-3.22522e-03
-1.32113e-04
4.52268e-03
6.47959e-03
5.04384e-03
3.56315e-03
3.88701e-03
4.81455e-03
1.94542e-03
-3.85143e-03
-5.79183e-03
-3.89292e-03
-2.07031e-03
3.61006e-04
-1.54817e-03
-5.66374e-03
-1.22377e-02
-1.48984e-02
-6.29997e-03
-3.15871e-03
-1.05511e-02
-1.61608e-02
-1.46088e-02
-8.17143e-03
-1.84497e-03
-1.56198e-03
-4.51355e-03
-5.29924e-03
2.22118e-03
8.40634e-03
1.03214e-02
9.68621e-03
8.09875e-03
5.05776e-03
3.36980e-03
1.22341e-03
-3.19645e-03
-4.92452e-03
-3.74329e-03
-2.14681e-03
3.88252e-03
7.37336e-03
1.41820e-03
-6.16795e-03
-7.06403e-03
-3.56021e-03
-1.75485e-03
-2.70020e-03
-4.17384e-03
-3.58769e-03
8.02857e-04
5.96768e-03
6.76316e-03
4.69346e-03
3.56698e-03
2.54353e-03
-2.51414e-03
-5.78027e-03
-5.19146e-03
-5.63572e-03
-4.28550e-03
-1.10195e-03
4.55810e-03
7.08475e-03
5.14728e-03
3.48981e-03
2.99050e-03
2.81015e-04
-4.81710e-03
-7.95080e-03
-5.10400e-03
9.75745e-05
7.78042e-03
1.67119e-02
2.13034e-02
1.89840e-02
9.46709e-03
1.37268e-03
-7.65507e-04
-2.08730e-03
-3.02760e-03
-2.83106e-03
-1.69819e-03
-7.89032e-04
-2.99559e-03
-5.13296e-03
-4.80935e-03
-2.22361e-03
-3.72305e-04
-2.45829e-03
-3.41099e-03
1.16434e-03
7.82923e-03
1.26554e-02
1.42364e-02
1.33105e-02
1.22559e-02
1.12793e-02
7.88765e-03
1.41711e-03
-6.06795e-03
-8.22017e-03
-3.74186e-03
2.84577e-03
8.64718e-03
1.24757e-02
1.37153e-02
1.27260e-02
8.18064e-03
3.20916e-03
-9.07512e-04
-3.93854e-03
-3.67538e-03
1.55246e-03
7.00186e-03
7.05336e-03
4.45775e-03
5.45312e-03
1.07112e-02
1.08989e-02
3.15116e-03
-4.32110e-03
-3.75733e-03
3.69711e-03
1.07224e-02
1.40769e-02
1.39798e-02
1.05462e-02
5.32986e-03
8.55378e-04
-2.44740e-03
-3.85380e-03
-3.04889e-03
1.54419e-03
6.81723e-03
1.08000e-02
1.18702e-02
1.08903e-02
7.93114e-03
3.83180e-03
1.10771e-03
3.09339e-04
2.85062e-03
6.16406e-03
8.18298e-03
7.32046e-03
6.54903e-03
9.91421e-03
1.01630e-02
5.26306e-03
2.64297e-03
3.99154e-03
5.37816e-03
1.16666e-03
-5.29568e-03
-6.76263e-03
-4.42942e-03
-2.97777e-03
-3.49811e-03
-2.50663e-03
2.17316e-03
1.04488e-02
1.52573e-02
1.37396e-02
1.07245e-02
5.31251e-03
1.06858e-03
-3.08109e-03
-5.94661e-03
-5.40100e-03
-3.92194e-03
1.14269e-03
5.42590e-03
9.69477e-03
1.23857e-02
1.11940e-02
4.98088e-03
1.78039e-04
1.30230e-03
3.56205e-03
1.73769e-03
4.96477e-04
2.54698e-03
8.69988e-03
1.33077e-02
1.16869e-02
3.96950e-03
-4.25642e-03
-8.16786e-03
-1.27209e-02
-1.58081e-02
-1.55633e-02
-1.21015e-02
-9.41520e-03
-2.69430e-03
3.14863e-03
2.56258e-03
1.38026e-04
1.91703e-03
2.85958e-03
-1.56438e-03
-7.20002e-03
-3.98992e-03
2.88890e-03
3.86974e-03
9.46345e-04
-8.85296e-04
-1.77154e-04
1.05775e-03
1.22177e-03
-1.87146e-03
-7.56759e-03
-1.29618e-02
-1.67003e-02
-1.72113e-02
-1.30627e-02
-7.30602e-03
-3.03118e-03
-2.37733e-04
1.57467e-04
-3.44595e-03
-8.62081e-03
-1.03106e-02
-8.39045e-03
-6.89431e-03
-7.44731e-03
-8.61621e-03
-8.39147e-03
-2.84670e-03
2.30600e-03
1.92301e-03
-4.35359e-04
-1.10439e-03
-3.52622e-04
-3.48728e-03
-9.13834e-03
-1.45916e-02
-1.79194e-02
-1.52929e-02
-6.87005e-03
1.43735e-03
7.07037e-03
9.36137e-03
6.33107e-03
5.37957e-04
-2.17914e-03
-5.59838e-04
-4.63125e-04
-5.10515e-03
-9.71643e-03
-1.17739e-02
-1.07993e-02
-7.95018e-03
-5.03063e-03
-3.48990e-03
-6.00937e-03
-9.66911e-03
-1.01647e-02
-8.81138e-03
-1.17777e-02
-1.53527e-02
-1.21400e-02
-4.87083e-03
5.82643e-04
1.77401e-03
1.83331e-03
1.27862e-03
-2.38735e-03
-7.84082e-03
-1.39473e-02
-1.37588e-02
-4.37347e-03
3.98199e-03
3.48978e-03
-9.00375e-04
-2.33948e-03
-8.33306e-04
-1.99110e-03
-7.66520e-03
-1.20161e-02
-1.32684e-02
-1.10279e-02
-5.70711e-03
-7.33946e-04
1.40183e-03
4.87002e-04
-8.16680e-04
-2.17851e-03
-5.31512e-03
-7.18314e-03
-3.34294e-03
1.89606e-03
2.87803e-03
3.65466e-03
7.98283e-03
7.83223e-03
1.08174e-03
-3.95652e-03
-6.21482e-03
-7.83469e-03
-9.39877e-03
-1.18363e-02
-1.29466e-02
-1.10965e-02
-7.71348e-03
-5.49534e-03
-3.02565e-03
1.29027e-03
6.24025e-03
9.07175e-03
6.20811e-03
2.19016e-03
-2.46871e-04
-1.13024e-04
1.37708e-03
-1.46343e-05
-6.64421e-03
-9.03446e-03
-1.21298e-03
4.39376e-03
1.83796e-03
-5.43612e-03
-1.07431e-02
-1.01429e-02
-7.46999e-03
-9.59338e-03
-9.66718e-03
-4.46185e-03
1.31745e-03
2.26685e-03
-1.39483e-04
-1.61066e-03
-3.64871e-03
-1.88190e-03
-2.01742e-03
-7.53792e-03
-1.05221e-02
-8.82734e-03
-1.57990e-03
3.52245e-03
5.00930e-03
7.25085e-03
8.65648e-03
3.50851e-03
-2.17214e-03
-4.12968e-03
-1.48675e-03
-5.36050e-04
-2.96064e-03
-2.04229e-03
6.34748e-04
1.55988e-03
3.42826e-03
7.92646e-03
1.03372e-02
9.34496e-03
7.99135e-03
7.96740e-03
6.79699e-03
4.55628e-03
4.09950e-03
6.74463e-03
7.87255e-03
5.37519e-03
3.43870e-03
3.64243e-03
2.67027e-03
2.50493e-04
-6.10859e-04
2.06100e-04
2.64273e-03
6.55743e-03
8.20387e-03
3.79114e-03
-1.55340e-03
-4.88601e-04
6.35094e-03
1.15238e-02
1.09993e-02
9.62343e-03
1.16974e-02
1.37156e-02
1.21754e-02
8.49396e-03
7.14262e-03
7.11648e-03
5.50033e-03
3.36626e-03
5.21444e-04
-7.56165e-04
1.28335e-04
7.93788e-04
6.02876e-04
-1.87501e-05
-1.40660e-04
7.91195e-04
3.24358e-03
3.64673e-03
7.09226e-03
1.02490e-02
9.43281e-03
8.10367e-03
8.08702e-03
8.91772e-03
9.37834e-03
9.00424e-03
5.23258e-03
-3.98838e-04
-1.61788e-03
3.76400e-03
1.02102e-02
7.68955e-03
-8.61808e-04
-4.33371e-03
-4.94380e-03
-7.80455e-03
-9.30044e-03
-5.40682e-03
5.11611e-04
4.79288e-03
7.82634e-03
8.70450e-03
1.01540e-02
9.93465e-03
1.03731e-02
9.75302e-03
5.17019e-03
-1.49280e-04
-1.75238e-03
-9.53321e-06
1.16096e-03
8.01671e-04
1.62621e-03
3.78956e-03
4.49284e-03
3.67183e-03
1.10234e-03
-1.49409e-03
-1.76643e-03
-4.29860e-04
2.27111e-03
4.53031e-03
2.59036e-03
7.28209e-04
2.27173e-03
2.51769e-03
-1.62376e-04
-3.03374e-03
-3.82545e-03
-1.18899e-03
8.85912e-04
2.09391e-04
-8.39447e-04
1.87270e-03
9.68872e-03
1.65657e-02
1.84724e-02
1.53560e-02
1.10176e-02
8.87925e-03
5.46345e-03
1.27198e-04
-1.41822e-03
1.94502e-03
8.84638e-03
1.14409e-02
8.67846e-03
5.55097e-03
2.13767e-03
-8.87589e-04
-9.66047e-04
1.44160e-03
5.06499e-03
5.36302e-03
2.40439e-03
4.81706e-03
6.67027e-03
7.98081e-03
8.90283e-03
2.22228e-03
-3.51194e-03
-8.48268e-03
-1.00820e-02
-7.34390e-03
1.09870e-04
3.94859e-03
1.12762e-03
-1.88081e-03
-4.66116e-03
-2.03507e-03
1.80298e-03
2.41805e-03
5.96823e-03
9.68633e-03
7.41673e-03
6.09400e-03
8.30049e-03
1.00768e-02
9.49354e-03
3.42583e-03
-1.99340e-03
-1.37171e-03
1.36597e-03
2.10961e-03
8.56631e-04
-3.27305e-04
-5.26250e-04
-2.10679e-04
-2.11913e-03
-6.86452e-03
-1.05462e-02
-1.40931e-02
-1.78296e-02
-1.83318e-02
-1.49167e-02
-9.73803e-03
-7.29666e-03
-6.57593e-03
-3.43661e-03
1.62672e-03
2.71249e-03
-6.36347e-04
-4.36593e-03
-7.53877e-03
-9.76505e-03
-8.09363e-03
-1.30369e-03
6.99590e-03
1.16553e-02
1.09773e-02
6.86000e-03
3.58767e-03
-3.71234e-04
-5.50696e-03
-6.76552e-03
-3.55233e-03
2.61519e-04
5.50798e-04
-1.40872e-03
-1.13071e-03
3.18295e-03
7.49553e-03
5.43722e-03
1.66537e-03
5.26768e-04
-1.10787e-03
-2.86948e-03
-5.41441e-03
-7.55030e-03
-9.92300e-03
-1.10833e-02
-1.03653e-02
-9.05460e-03
-7.07453e-03
-7.99803e-03
-6.82094e-03
-2.03333e-03
1.48988e-03
6.36768e-03
1.20322e-02
1.61503e-02
1.62934e-02
1.09448e-02
1.83543e-03
-4.64592e-03
-7.30721e-03
-1.30301e-02
-1.91189e-02
-1.70649e-02
-9.46300e-03
-3.64167e-03
-1.04020e-03
-2.16200e-03
-3.91920e-03
-4.18754e-03
-5.80896e-03
-9.96748e-03
-1.23245e-02
-1.10845e-02
-4.75575e-03
-3.31339e-05
-1.12738e-03
-4.00565e-03
-7.34993e-03
-1.11829e-02
-1.30038e-02
-1.70335e-02
-2.08466e-02
-1.82574e-02
-1.19276e-02
-8.79538e-03
-5.79844e-03
-3.06725e-03
-3.24490e-03
-4.14612e-03
-4.34538e-03
-5.58659e-03
-7.81724e-03
-8.31736e-03
-7.71412e-03
-7.25025e-03
-5.56489e-03
-3.36749e-03
-5.21314e-03
-1.08334e-02
-1.46300e-02
-1.58763e-02
-1.86810e-02
-2.15787e-02
-2.19053e-02
-1.87491e-02
-1.16598e-02
-4.10122e-03
2.12860e-05
1.97562e-04
-3.06699e-03
-5.81129e-03
-5.38559e-03
-5.32585e-03
-8.96159e-03
-1.32676e-02
-1.39656e-02
-1.08223e-02
-5.55068e-03
6.43870e-04
5.46747e-03
5.70302e-03
3.30946e-03
-8.19134e-05
-4.77338e-03
-7.19627e-03
-6.66042e-03
-3.64093e-03
-7.32958e-04
2.36315e-03
5.02150e-03
5.12716e-03
4.03489e-03
3.62384e-03
1.36130e-03
-3.75927e-03
-6.13687e-03
-7.15291e-03
-9.70510e-03
-7.84076e-03
-1.76663e-03
3.71243e-03
5.91489e-03
6.22258e-03
7.63042e-03
7.79739e-03
4.91170e-03
1.59375e-03
-4.37990e-03
-8.87330e-03
-5.06890e-03
2.90884e-03
7.60898e-03
7.94080e-03
1.08030e-02
1.27954e-02
8.71667e-03
3.36609e-03
2.64753e-03
5.09458e-03
4.56019e-03
-2.23020e-03
-6.81482e-03
-5.25602e-03
-2.88659e-03
-1.74554e-03
-6.48054e-05
9.56251e-04
1.18056e-04
-1.25825e-03
-5.01198e-03
-8.89960e-03
-8.69023e-03
-3.14424e-03
2.96892e-03
6.37649e-03
6.84138e-03
1.06221e-02
1.09746e-02
8.17666e-03
4.10940e-03
-5.36716e-04
-4.46115e-03
-4.89737e-03
-2.72738e-03
3.89683e-03
4.74676e-03
2.95561e-03
3.17692e-04
-1.73681e-03
-3.40868e-03
-1.62391e-03
-1.59649e-03
-4.22079e-03
-4.89728e-03
-4.16871e-03
2.73701e-04
9.12630e-03
1.59513e-02
1.52743e-02
1.20884e-02
1.11082e-02
9.38419e-03
4.58138e-03
-3.32569e-03
-6.97325e-03
-7.22291e-03
-4.40432e-03
-1.86550e-03
-3.19441e-03
-4.50990e-03
-1.47303e-03
4.64155e-03
3.71937e-03
2.07957e-03
-2.95497e-03
-6.60755e-03
-5.08038e-03
-2.97096e-03
-2.26122e-03
2.96614e-03
6.92062e-03
5.50078e-03
3.45979e-03
3.36462e-03
4.62693e-03
5.30038e-03
5.15662e-03
4.70875e-03
4.61102e-03
4.70797e-03
4.87526e-03
4.58419e-03
1.04540e-03
-4.49967e-03
-6.59643e-03
-1.10129e-02
-1.40566e-02
-9.58937e-03
-2.41664e-03
2.50826e-03
5.24258e-03
8.44639e-03
1.25111e-02
1.34433e-02
6.24770e-03
1.23048e-03
2.64751e-03
-6.59712e-04
-4.97102e-03
-4.94194e-03
-3.22256e-03
6.88758e-04
5.37850e-03
6.33432e-03
4.33122e-03
2.73910e-03
-3.18338e-03
-7.53258e-03
-1.16884e-02
-1.11893e-02
-4.62932e-03
-1.02124e-03
4.23287e-04
5.70509e-03
1.32244e-02
2.05578e-02
2.32650e-02
1.61174e-02
6.75022e-03
-1.64687e-04
-4.14887e-03
-6.27751e-03
-1.93061e-03
6.27007e-03
1.36200e-02
1.56174e-02
1.30323e-02
1.07567e-02
3.42004e-03
-7.92614e-03
-1.72717e-02
-2.14352e-02
-1.80296e-02
-8.53483e-03
1.61897e-03
9.15447e-03
1.28271e-02
1.21389e-02
5.27803e-03
-7.43354e-03
-1.89496e-02
-2.59914e-02
-2.85548e-02
-2.05971e-02
-7.09116e-03
2.50029e-03
8.12221e-03
1.13796e-02
1.21734e-02
1.13514e-02
6.74589e-03
2.41665e-03
-1.85682e-03
-4.78584e-03
-3.85139e-03
9.27687e-05
5.11090e-03
6.69666e-03
7.95569e-03
5.71990e-03
-2.46879e-03
-1.11177e-02
-1.72889e-02
-2.12154e-02
-2.11459e-02
-1.32470e-02
-2.10659e-03
2.25885e-04
-1.60270e-03
-5.25340e-03
-6.80485e-03
-5.22340e-03
-6.94840e-03
-1.25212e-02
-1.46824e-02
-9.66994e-03
-2.64693e-03
-8.26189e-04
2.59419e-03
5.45870e-03
4.77036e-03
3.12790e-03
-3.36899e-03
-1.06361e-02
-1.41498e-02
-1.34520e-02
-1.12140e-02
-8.11491e-03
-3.71889e-03
7.65983e-04
8.04440e-03
1.11433e-02
8.50440e-03
9.14175e-06
-7.40027e-03
-9.95869e-03
-8.21437e-03
-2.62599e-03
5.39762e-03
4.87401e-03
2.24242e-03
3.06107e-03
3.85955e-03
-1.78665e-03
-6.95048e-03
-8.80244e-03
-9.04320e-03
-1.11051e-02
-1.32751e-02
-9.67996e-03
-3.26367e-03
2.00655e-03
5.01296e-03
4.76000e-03
3.12777e-03
2.90703e-03
1.33377e-04
-8.08928e-03
-1.50858e-02
-1.47778e-02
-1.14276e-02
-7.39001e-03
-3.03356e-03
3.66216e-03
6.37059e-03
3.81537e-03
-1.31495e-03
-6.09068e-03
-6.16151e-03
-7.05449e-03
-1.14172e-02
-1.06109e-02
-3.89258e-03
2.64820e-03
9.29287e-03
1.10002e-02
8.14188e-03
3.31299e-03
-1.42570e-03
-4.69240e-03
-5.15182e-03
-6.12409e-03
-5.04740e-03
-2.40406e-03
1.02927e-03
3.97748e-03
1.68629e-03
-5.53387e-04
9.23500e-04
-1.82069e-03
-6.32002e-03
-9.89587e-03
-1.22957e-02
-9.68564e-03
-7.67448e-03
-1.02736e-02
-9.74693e-03
-3.87866e-03
6.61072e-04
-1.99896e-03
-6.14109e-03
-6.12033e-03
-4.18184e-03
-3.13166e-03
-3.63231e-03
-3.38885e-03
4.81530e-04
5.37448e-03
4.75906e-03
3.76472e-06
-2.00854e-03
1.12140e-03
5.68202e-03
6.79056e-03
4.90380e-03
3.68023e-03
4.02831e-03
4.92660e-03
5.19499e-03
4.86322e-03
3.23251e-03
1.73911e-03
2.14173e-03
1.42498e-03
1.02519e-05
-1.48809e-03
-3.96476e-03
-4.85873e-03
-4.12914e-03
-3.50067e-03
-3.76540e-03
-4.07306e-03
-2.05900e-03
2.82363e-03
6.08767e-03
5.53032e-03
3.83740e-03
3.64706e-03
4.36842e-03
2.83586e-03
-1.96512e-03
-5.41446e-03
-4.97829e-03
-3.27115e-03
-2.99741e-03
-3.85301e-03
-4.53814e-03
-4.49969e-03
-4.03688e-03
-1.67339e-03
2.96582e-03
6.02180e-03
5.38188e-03
4.06895e-03
6.30583e-03
6.87200e-03
1.96425e-03
-4.41737e-03
-8.93561e-03
-9.16324e-03
-5.12355e-03
-1.94429e-03
-1.64318e-04
3.21957e-03
7.91543e-03
1.26099e-02
1.41361e-02
1.26087e-02
6.71482e-03
2.23438e-03
5.28950e-04
-2.11788e-03
-3.89396e-03
-7.72198e-04
7.94917e-03
1.80554e-02
2.41045e-02
2.29687e-02
1.64381e-02
1.01954e-02
4.06684e-03
-5.43411e-04
-3.38086e-03
-3.79427e-03
-2.67949e-03
6.66758e-04
5.64061e-03
1.00729e-02
1.34297e-02
1.37574e-02
1.22733e-02
8.49725e-03
4.73935e-04
-6.25669e-03
-9.02309e-03
-7.39958e-03
-1.97783e-03
4.15748e-03
9.88085e-03
1.15550e-02
1.17728e-02
1.07316e-02
5.17072e-03
1.45397e-03
1.20517e-03
4.63601e-03
8.17034e-03
1.14805e-02
1.56016e-02
1.96894e-02
2.11822e-02
1.68293e-02
1.01997e-02
4.09962e-03
-1.72263e-03
-6.13941e-03
-8.07221e-03
-6.36123e-03
-1.36386e-03
3.72533e-03
8.00062e-03
1.38285e-02
2.04776e-02
2.29425e-02
1.73991e-02
6.45714e-03
-3.15563e-03
-6.31342e-03
-5.45279e-03
-3.82164e-03
-1.83862e-04
6.15928e-03
1.29991e-02
1.89700e-02
2.23854e-02
1.91582e-02
1.25780e-02
7.73446e-03
4.81328e-03
-6.72189e-04
-1.88566e-03
3.60625e-03
7.39120e-03
6.44802e-03
9.17751e-03
1.39442e-02
1.70876e-02
1.49499e-02
1.11850e-02
5.26505e-03
2.41779e-03
4.71149e-03
6.55968e-03
6.20811e-03
4.73419e-03
4.49860e-03
8.23940e-03
1.40577e-02
1.51127e-02
8.52816e-03
-1.46802e-03
-6.83238e-03
-3.49763e-03
5.90453e-03
9.48741e-03
5.98951e-03
4.40931e-03
1.14385e-02
1.96103e-02
1.96068e-02
1.24599e-02
4.62023e-03
-2.03988e-03
-5.10155e-03
-2.21060e-03
3.88881e-03
8.86659e-03
1.04341e-02
1.05296e-02
1.32189e-02
1.61155e-02
1.42166e-02
7.59041e-03
-2.22562e-03
-8.38345e-03
-9.00266e-03
-8.67659e-03
-6.62648e-03
7.60006e-04
7.18811e-03
1.04488e-02
1.24925e-02
1.27309e-02
1.20805e-02
9.92584e-03
3.67158e-03
-3.75484e-03
-6.38450e-03
-4.42858e-03
-2.28591e-03
2.30391e-03
6.03420e-03
7.58911e-03
7.76436e-03
4.71614e-03
-1.76018e-04
-2.56058e-03
-4.32443e-03
-4.90291e-03
-8.47797e-04
4.83107e-03
6.00586e-03
3.20993e-03
-1.65799e-03
-6.49004e-03
-6.51830e-03
-8.50311e-04
3.87539e-03
-1.55524e-03
-7.96267e-03
-6.88997e-03
-2.78597e-04
5.53376e-03
5.39687e-03
1.72677e-03
-2.17593e-03
-2.57300e-03
7.16562e-04
4.50069e-03
6.40547e-03
7.36255e-03
6.14332e-03
2.93033e-03
3.86026e-04
-2.69118e-03
-7.09636e-03
-1.18357e-02
-1.40508e-02
-9.33628e-03
-8.30522e-04
4.53745e-03
4.67053e-03
2.51469e-03
1.79041e-03
2.58400e-03
-5.74054e-04
-9.48219e-03
-1.58424e-02
-1.49523e-02
-1.14339e-02
-5.55167e-03
3.01602e-03
9.29828e-03
1.14921e-02
8.67675e-03
2.94071e-03
-1.70085e-03
-5.66016e-03
-1.17897e-02
-1.45713e-02
-1.27435e-02
-1.11834e-02
-8.41366e-03
-4.38147e-03
-5.52912e-05
4.29260e-03
1.08418e-02
7.61603e-03
-5.50623e-04
-6.66462e-03
-7.00503e-03
-2.00562e-03
5.00268e-03
7.92768e-03
8.38677e-03
1.05219e-02
1.03615e-02
6.18899e-03
6.20879e-04
-3.50127e-03
-6.80163e-03
-1.02842e-02
-1.32104e-02
-1.35673e-02
-1.27466e-02
-1.25537e-02
-1.31771e-02
-1.33144e-02
-9.29268e-03
-2.02951e-03
1.14072e-03
-2.23587e-03
-3.08990e-03
1.79210e-03
4.84564e-03
2.02980e-03
-4.28634e-03
-9.97858e-03
-1.39227e-02
-1.64054e-02
-1.49857e-02
-1.18396e-02
-9.14685e-03
-5.87317e-03
-4.03728e-03
-1.33102e-04
8.59422e-04
-4.03797e-03
-7.61728e-03
-6.60999e-03
-4.42100e-03
-3.97654e-03
-4.88941e-03
-5.66824e-03
-8.88111e-03
-1.35979e-02
-1.49145e-02
-1.32058e-02
-1.18113e-02
-1.14224e-02
-8.78012e-03
-3.93144e-03
7.01564e-04
3.59984e-03
3.48743e-03
2.14172e-03
1.72628e-03
1.80632e-03
-1.08063e-03
-5.30482e-03
-6.48723e-03
-7.45723e-03
-1.03026e-02
-8.83194e-03
-4.43580e-03
-4.49357e-03
-1.00493e-02
-1.47549e-02
-1.30924e-02
-6.62807e-03
-2.39084e-03
-1.82399e-03
-2.08822e-03
-2.27963e-03
-3.68964e-03
-5.59349e-03
-7.65888e-03
-1.12117e-02
-1.53858e-02
-1.59475e-02
-1.49948e-02
-1.33869e-02
-9.51878e-03
-2.89567e-03
2.76346e-03
3.32667e-03
1.30648e-03
3.31126e-04
-1.06276e-03
-4.64002e-03
-8.56063e-03
-7.65681e-03
-1.46210e-03
4.50534e-03
9.84112e-03
1.08399e-02
8.27822e-03
4.28160e-03
3.08228e-04
-2.71178e-03
-5.96270e-03
-1.22055e-02
-1.71993e-02
-1.48640e-02
-9.65909e-03
-3.12509e-03
3.51205e-03
7.09987e-03
8.40813e-03
8.21574e-03
7.89188e-03
8.34294e-03
8.83701e-03
6.46242e-03
-8.09226e-04
-7.38191e-03
-7.58533e-03
-4.81410e-03
-3.80688e-03
-5.10570e-03
-8.72310e-03
-1.34553e-02
-1.45088e-02
-1.12836e-02
-6.43108e-03
-2.42633e-03
1.56638e-04
3.91510e-04
-3.18204e-03
-6.85996e-03
-6.48801e-03
-2.04842e-03
3.24000e-03
4.14319e-03
1.78993e-03
4.87115e-04
1.07005e-03
1.16026e-03
4.03443e-04
1.35911e-03
2.69777e-03
4.29633e-03
5.82980e-03
4.13727e-03
-2.66993e-04
-2.98739e-03
-3.80292e-03
-6.03151e-03
-9.76898e-03
-1.21250e-02
-1.17170e-02
-1.02994e-02
-6.85739e-03
-1.54643e-03
3.96068e-03
8.26797e-03
9.56161e-03
8.64218e-03
8.01848e-03
6.92200e-03
3.98449e-03
1.10217e-04
-3.22343e-03
-4.45787e-03
-2.15595e-03
2.02622e-03
4.10319e-03
2.99093e-03
1.42536e-03
-1.24927e-04
-2.77533e-03
-6.41469e-03
-7.95739e-03
-7.05028e-03
-5.92101e-03
-4.06951e-03
-8.25281e-04
2.62918e-03
5.76974e-03
8.31959e-03
7.12729e-03
7.58833e-04
-5.18188e-03
-9.23224e-03
-1.02036e-02
-8.92738e-03
-8.04690e-03
-6.52651e-03
-1.70045e-03
3.52064e-03
6.24215e-03
4.37908e-03
1.46546e-03
-5.28174e-04
-2.54304e-03
-5.23265e-03
-8.20840e-03
-8.94995e-03
-2.77956e-03
5.24311e-03
1.31560e-02
1.67716e-02
1.47220e-02
8.31112e-03
3.10628e-03
-2.93654e-04
-3.10250e-03
-7.44282e-03
-1.18583e-02
-1.19919e-02
-5.90063e-03
2.41750e-03
7.98378e-03
9.85979e-03
1.06004e-02
1.05641e-02
6.06361e-03
-1.09609e-03
-7.13254e-03
-9.43898e-03
-8.24385e-03
-6.50844e-03
-2.60924e-03
1.36265e-03
3.26689e-03
2.95555e-03
1.74097e-03
-3.91793e-04
-3.20757e-03
-3.46854e-03
-2.45361e-04
2.22129e-03
5.43646e-03
9.01068e-03
1.11013e-02
1.09813e-02
7.60933e-03
2.09746e-03
-2.10709e-03
-5.68768e-03
-1.05480e-02
-1.36279e-02
-9.67650e-03
-3.25899e-03
1.58276e-03
5.54056e-03
5.86876e-03
6.17550e-03
7.08210e-03
7.27853e-03
3.65333e-03
3.79455e-04
-4.55158e-03
-8.90551e-03
-8.38858e-03
-4.47507e-03
-9.29101e-04
-1.06074e-03
-2.80708e-03
-1.65165e-03
4.15565e-04
7.59425e-04
1.68347e-04
-1.94461e-04
1.83438e-04
2.54200e-03
5.85149e-03
8.25128e-03
8.12686e-03
4.95121e-03
1.55346e-03
1.23413e-03
2.73528e-03
1.69691e-03
-1.06295e-04
-2.47772e-04
2.06288e-03
3.60200e-03
2.98348e-03
2.07233e-03
1.64788e-03
-1.32903e-03
-3.63688e-03
-4.06144e-03
-2.84936e-03
-1.06921e-03
2.92674e-03
7.42712e-03
8.08866e-03
7.61072e-03
6.62118e-03
5.83436e-03
4.54508e-03
7.78879e-04
-5.07040e-03
-8.23862e-03
-7.34474e-03
-4.56335e-03
-3.12856e-03
-1.48775e-03
1.20877e-03
3.64306e-03
5.42871e-03
6.10569e-03
8.15707e-03
1.02257e-02
8.86099e-03
5.46386e-03
3.98471e-03
5.01220e-03
7.17092e-03
6.76914e-03
2.06159e-03
-3.55797e-03
-6.54786e-03
-8.31950e-03
-1.03331e-02
-1.11121e-02
-1.09296e-02
-1.17321e-02
-1.27032e-02
-1.01319e-02
-4.49612e-03
-1.12214e-03
-1.57064e-03
-3.37063e-04
1.63592e-03
3.09997e-03
3.80024e-03
3.56216e-03
3.14340e-03
1.84406e-03
1.09097e-03
2.31369e-05
-3.03998e-03
-4.67713e-03
-4.98684e-03
-4.66788e-03
-1.47383e-03
4.38113e-03
8.93428e-03
1.00093e-02
9.91766e-03
8.60735e-03
6.46752e-03
3.65927e-03
1.48439e-03
-6.63353e-04
-2.82241e-03
-5.38947e-03
-7.53647e-03
-7.53376e-03
-6.63584e-03
-6.21827e-03
-6.39829e-03
-5.28368e-03
-2.07960e-03
-2.22868e-04
1.21200e-03
3.10047e-03
4.59611e-03
5.92897e-03
6.22989e-03
6.86653e-03
6.09355e-03
2.10313e-03
-1.18669e-03
-1.93878e-03
-2.99377e-03
-2.82757e-03
-2.74597e-03
-2.29562e-03
-8.26956e-04
6.67969e-04
9.31194e-04
3.43567e-04
1.92820e-04
1.47234e-03
3.35181e-03
3.80771e-03
3.06746e-03
2.09842e-03
3.36450e-04
-1.07328e-03
-6.60070e-04
8.75266e-04
1.70469e-03
2.19170e-03
3.06810e-03
4.21114e-03
5.12962e-03
5.13617e-03
4.72730e-03
4.37243e-03
3.34077e-03
1.39872e-03
-3.11687e-04
-1.47277e-03
-1.38435e-03
-3.42653e-04
-2.89452e-04
-2.19156e-04
5.64036e-04
1.19290e-03
2.01111e-03
3.37832e-03
3.85042e-03
3.21246e-03
2.23452e-03
2.01381e-03
2.44533e-03
2.54346e-03
2.02668e-03
2.09220e-03
2.47257e-03
2.20074e-03
9.45713e-04
2.62165e-04
8.05658e-04
1.93973e-03
2.85835e-03
3.06014e-03
2.39439e-03
1.96577e-03
2.72652e-03
3.89610e-03
4.39180e-03
3.54522e-03
2.11510e-03
8.74334e-04
2.91649e-04
3.02556e-04
9.48147e-04
1.77866e-03
2.15706e-03
1.97187e-03
1.64400e-03
1.30155e-03
6.96422e-04
3.84913e-04
3.51739e-04
6.97747e-04
1.04780e-03
1.40397e-03
1.76700e-03
1.77545e-03
1.60071e-03
1.54938e-03
1.75851e-03
2.11457e-03
2.48448e-03
2.88210e-03
2.92948e-03
2.56139e-03
2.11453e-03
1.71887e-03
1.15747e-03
5.10542e-04
-6.28735e-05
-1.94050e-04
2.96729e-04
9.04989e-04
1.35783e-03
1.75472e-03
1.94257e-03
1.85435e-03
1.72781e-03
1.62501e-03
1.56811e-03
1.69355e-03
1.78851e-03
1.71318e-03
1.50359e-03
1.15006e-03
6.06449e-04
-1.15952e-04
-6.27096e-04
-6.73454e-04
-3.83625e-04
6.63086e-05
5.81946e-04
1.15430e-03
1.87471e-03
2.53464e-03
2.74283e-03
2.55285e-03
2.11051e-03
1.47476e-03
8.55346e-04
6.01847e-04
5.84138e-04
5.96139e-04
7.16290e-04
9.11477e-04
1.13076e-03
1.30079e-03
1.17380e-03
7.87565e-04
4.45742e-04
1.53079e-04
-1.33243e-04
-2.77797e-04
-2.30957e-04
2.17666e-05
4.15803e-04
7.99199e-04
1.03458e-03
1.06828e-03
9.33163e-04
7.66960e-04
6.43327e-04
6.46860e-04
7.46264e-04
8.27395e-04
8.46617e-04
8.47506e-04
8.31070e-04
7.69607e-04
6.60315e-04
5.72442e-04
5.66803e-04
5.64938e-04
5.12201e-04
4.94221e-04
5.18809e-04
4.91886e-04
4.27229e-04
3.71792e-04
3.67645e-04
4.08900e-04
4.14311e-04
3.35276e-04
3.02814e-04
3.79624e-04
4.58238e-04
4.58125e-04
4.32068e-04
4.41011e-04
4.38726e-04
4.01556e-04
3.78091e-04
3.81753e-04
3.84771e-04
3.76984e-04
3.63500e-04
3.42031e-04
3.25366e-04
3.50575e-04
3.96897e-04
4.16170e-04
3.96886e-04
3.78919e-04
3.75469e-04
3.50381e-04
3.21845e-04
3.23282e-04
3.12464e-04
2.68376e-04
2.40806e-04
2.57490e-04
2.97786e-04
3.18846e-04
3.06884e-04
2.70322e-04
2.25983e-04
2.01471e-04
1.73698e-04
1.33908e-04
1.07904e-04
1.08620e-04
1.28344e-04
1.52909e-04
1.68703e-04
1.68031e-04
1.56659e-04
1.33979e-04
1.08462e-04
9.07875e-05
8.15365e-05
7.00712e-05
5.92669e-05
5.78957e-05
5.98354e-05
5.83176e-05
5.26491e-05
4.37697e-05
2.47915e-05
-2.28447e-06
-2.75492e-05
-4.56305e-05
-5.63972e-05
-6.11376e-05
-6.21393e-05
-6.28553e-05
-6.92229e-05
-7.44295e-05
-7.71660e-05
-8.61361e-05
-1.02120e-04
-1.18241e-04
-1.30375e-04
-1.38655e-04
-1.46699e-04
-1.56546e-04
-1.66751e-04
-1.74815e-04
-1.82564e-04
-1.93981e-04
-2.07106e-04
-2.17598e-04
-2.25722e-04
-2.33424e-04
-2.42921e-04
-2.54228e-04
-2.66194e-04
-2.75716e-04
-2.83949e-04
-2.93410e-04
-3.04295e-04
-3.15380e-04
-3.25090e-04
-3.33820e-04
-3.41820e-04
-3.50765e-04
-3.60443e-04
-3.69821e-04
-3.79361e-04
-3.89199e-04
-3.99411e-04
-4.09671e-04
-4.19701e-04
-4.29512e-04
-4.39035e-04
-4.48437e-04
-4.57929e-04
-4.67296e-04
-4.76581e-04
-4.86068e-04
-4.95585e-04
-5.05025e-04
-5.14646e-04
-5.24348e-04
-5.34025e-04
-5.43668e-04
-5.53267e-04
-5.62781e-04
-5.72239e-04
-5.81697e-04
-5.91132e-04
-6.00538e-04
-6.09958e-04
-6.19444e-04
-6.28922e-04
-6.38357e-04
-6.47806e-04
-6.57265e-04
-6.66694e-04
-6.76094e-04
-6.85469e-04
-6.94823e-04
-7.04176e-04
-7.13527e-04
-7.22877e-04
-7.32221e-04
-7.41549e-04
-7.50860e-04
-7.60157e-04
-7.69436e-04
-7.78701e-04
-7.87951e-04
-7.97187e-04
-8.06408e-04
-8.15616e-04
-8.24810e-04
-8.33989e-04
-8.43154e-04
-8.52304e-04
-8.61437e-04
-8.70555e-04
-8.79656e-04
-8.88741e-04
-8.97809e-04
-9.06860e-04
-9.15894e-04
-9.24911e-04
-9.33911e-04
-9.42892e-04
-9.51856e-04
-9.60802e-04
-9.69729e-04
-9.78637e-04
-9.87527e-04
-9.96397e-04
-1.00525e-03
-1.01408e-03
-1.02289e-03
-1.03168e-03
-1.04046e-03
-1.04921e-03
-1.05794e-03
