2.24094e-03
2.24129e-03
2.24166e-03
2.24201e-03
2.24238e-03
2.24273e-03
2.24309e-03
2.24342e-03
2.24369e-03
2.24389e-03
2.24414e-03
2.24453e-03
2.24510e-03
2.24574e-03
2.24622e-03
2.24642e-03
2.24644e-03
2.24656e-03
2.24766e-03
2.25049e-03
2.25469e-03
2.25827e-03
2.25830e-03
2.25275e-03
2.24278e-03
2.23292e-03
2.22811e-03
2.23246e-03
2.24471e-03
2.26117e-03
2.27725e-03
2.28788e-03
2.28721e-03
2.27218e-03
2.24715e-03
2.22671e-03
2.22402e-03
2.24146e-03
2.26543e-03
2.27187e-03
2.24410e-03
2.19079e-03
2.14270e-03
2.13972e-03
2.19791e-03
2.29819e-03
2.39051e-03
2.41956e-03
2.35110e-03
2.20866e-03
2.03850e-03
1.89856e-03
1.85327e-03
1.92113e-03
2.06238e-03
2.19392e-03
2.22650e-03
2.15133e-03
2.02663e-03
1.94107e-03
1.96292e-03
2.12799e-03
2.40920e-03
2.71742e-03
2.94203e-03
2.95389e-03
2.69269e-03
2.21571e-03
1.64123e-03
1.19697e-03
1.03609e-03
1.13076e-03
1.35021e-03
1.58112e-03
1.85747e-03
2.37761e-03
3.31009e-03
4.56979e-03
5.75621e-03
6.32068e-03
5.79051e-03
4.03315e-03
1.32684e-03
-1.69977e-03
-4.05654e-03
-4.65727e-03
-2.99738e-03
5.77993e-04
5.06790e-03
8.99671e-03
1.06737e-02
9.05299e-03
4.37054e-03
-1.94533e-03
-7.82939e-03
-1.13541e-02
-1.15570e-02
-8.45062e-03
-2.68286e-03
4.35843e-03
1.06938e-02
1.45363e-02
1.45919e-02
1.08592e-02
4.27044e-03
-3.86927e-03
-1.08761e-02
-1.40285e-02
-1.21432e-02
-5.65885e-03
4.02516e-03
1.44344e-02
2.19606e-02
2.35713e-02
1.85306e-02
8.19294e-03
-4.35613e-03
-1.51797e-02
-2.12035e-02
-2.07167e-02
-1.38092e-02
-2.76725e-03
9.17480e-03
1.87262e-02
2.30914e-02
2.10995e-02
1.39624e-02
4.89594e-03
-2.69515e-03
-6.46245e-03
-6.25974e-03
-3.84460e-03
-1.09015e-03
1.46185e-03
4.25690e-03
7.64917e-03
1.08672e-02
1.30686e-02
1.37409e-02
1.28736e-02
1.03152e-02
6.18048e-03
1.15108e-03
-2.75113e-03
-2.68129e-03
2.59466e-03
1.02497e-02
1.48040e-02
1.16583e-02
1.03403e-03
-1.23374e-02
-2.22128e-02
-2.39277e-02
-1.59578e-02
-1.31152e-03
1.40196e-02
2.34140e-02
2.19598e-02
9.42274e-03
-9.89383e-03
-2.85751e-02
-3.71857e-02
-2.85855e-02
-1.71889e-03
3.34396e-02
5.91882e-02
6.21055e-02
3.83619e-02
-1.77817e-03
-4.05923e-02
-6.29476e-02
-6.28330e-02
-4.30178e-02
-1.43964e-02
1.07411e-02
2.54990e-02
2.81838e-02
2.11634e-02
8.88633e-03
-2.05302e-03
-3.29489e-03
7.26511e-03
2.51088e-02
3.83683e-02
3.39661e-02
6.78545e-03
-3.28991e-02
-6.79892e-02
-8.32181e-02
-7.09891e-02
-3.34186e-02
2.09284e-02
7.86386e-02
1.21456e-01
1.30338e-01
9.84144e-02
3.12787e-02
-4.96164e-02
-1.14876e-01
-1.41172e-01
-1.22543e-01
-7.30139e-02
-1.48874e-02
3.21666e-02
5.70635e-02
5.76321e-02
3.89619e-02
1.14093e-02
-1.40686e-02
-3.01420e-02
-3.41344e-02
-2.68390e-02
-1.10176e-02
1.02340e-02
3.30245e-02
4.93928e-02
4.91216e-02
2.70102e-02
-1.13275e-02
-5.08360e-02
-7.38212e-02
-6.80977e-02
-3.38059e-02
1.38535e-02
5.36006e-02
7.07327e-02
6.27749e-02
3.78190e-02
7.91126e-03
-1.88206e-02
-4.02965e-02
-5.45710e-02
-5.76670e-02
-4.56877e-02
-1.98161e-02
1.30984e-02
4.14629e-02
5.25710e-02
3.98546e-02
6.66579e-03
-3.61533e-02
-7.26224e-02
-8.61467e-02
-6.64187e-02
-1.49432e-02
5.36357e-02
1.15393e-01
1.46128e-01
1.33103e-01
8.19369e-02
1.34865e-02
-4.69931e-02
-8.07639e-02
-8.27995e-02
-5.83375e-02
-1.51135e-02
3.63222e-02
8.27559e-02
1.10545e-01
1.08449e-01
7.37559e-02
2.05317e-02
-2.62756e-02
-4.91721e-02
-4.71723e-02
-2.78422e-02
-8.43801e-04
2.60232e-02
4.77080e-02
5.50768e-02
3.95616e-02
5.98241e-03
-2.78717e-02
-4.48778e-02
-4.24676e-02
-3.39605e-02
-3.43847e-02
-4.36994e-02
-4.60551e-02
-2.99393e-02
3.43811e-03
4.27270e-02
7.15228e-02
7.69065e-02
5.69161e-02
2.15430e-02
-1.47720e-02
-3.93170e-02
-4.61650e-02
-3.57808e-02
-1.27346e-02
1.44811e-02
3.76502e-02
4.96495e-02
4.72644e-02
3.19430e-02
8.48605e-03
-1.59880e-02
-3.29029e-02
-3.60378e-02
-2.24202e-02
5.78966e-03
3.93619e-02
6.12358e-02
5.65322e-02
2.41096e-02
-2.30471e-02
-6.51810e-02
-8.58032e-02
-7.97029e-02
-5.19624e-02
-1.18030e-02
3.11930e-02
6.58418e-02
8.00063e-02
6.49450e-02
2.21400e-02
-3.23971e-02
-7.55305e-02
-8.92504e-02
-6.61601e-02
-1.17576e-02
5.83511e-02
1.23123e-01
1.61241e-01
1.54809e-01
9.73699e-02
-1.05722e-03
-1.13841e-01
-2.09839e-01
-2.59164e-01
-2.41159e-01
-1.52692e-01
-2.03881e-02
1.19142e-01
2.30176e-01
2.78601e-01
2.47191e-01
1.52131e-01
2.30841e-02
-9.88665e-02
-1.72694e-01
-1.75748e-01
-1.18671e-01
-2.69633e-02
7.43764e-02
1.52948e-01
1.75200e-01
1.31927e-01
3.88220e-02
-7.01582e-02
-1.48686e-01
-1.65753e-01
-1.24474e-01
-5.02682e-02
2.92618e-02
8.69723e-02
1.05909e-01
8.34724e-02
2.87307e-02
-4.23880e-02
-1.03687e-01
-1.32742e-01
-1.22276e-01
-7.95968e-02
-1.70755e-02
4.40282e-02
8.14549e-02
8.25329e-02
5.36273e-02
1.32791e-02
-1.78315e-02
-2.88979e-02
-1.68290e-02
1.56285e-02
6.31258e-02
1.10837e-01
1.46454e-01
1.58093e-01
1.35204e-01
7.71035e-02
-2.08646e-03
-8.39068e-02
-1.42300e-01
-1.53665e-01
-1.06797e-01
-2.89403e-02
4.86118e-02
1.01802e-01
1.10962e-01
6.58144e-02
-1.34105e-02
-1.01210e-01
-1.73135e-01
-2.01566e-01
-1.75391e-01
-1.06019e-01
-9.33046e-03
9.41112e-02
1.67996e-01
1.78811e-01
1.26975e-01
3.91540e-02
-4.92035e-02
-1.08473e-01
-1.27966e-01
-1.11498e-01
-6.47940e-02
6.10330e-03
8.19186e-02
1.35779e-01
1.49046e-01
1.19085e-01
5.61703e-02
-1.41447e-02
-6.49945e-02
-8.72635e-02
-8.92082e-02
-8.18838e-02
-7.16257e-02
-5.80847e-02
-3.72847e-02
-1.01569e-02
1.66490e-02
3.47867e-02
3.82798e-02
2.83573e-02
1.29542e-02
2.26546e-04
-6.37894e-03
-5.53159e-03
2.20570e-03
1.35575e-02
1.74584e-02
3.12710e-03
-2.48526e-02
-4.78063e-02
-4.84008e-02
-2.23480e-02
2.38492e-02
7.33816e-02
1.09339e-01
1.21413e-01
1.06189e-01
6.28345e-02
-2.50320e-03
-7.36061e-02
-1.34577e-01
-1.72317e-01
-1.74257e-01
-1.36249e-01
-6.87817e-02
8.39221e-03
7.39260e-02
1.12683e-01
1.16796e-01
8.68634e-02
2.98386e-02
-3.54234e-02
-8.55111e-02
-1.06851e-01
-1.00903e-01
-8.08244e-02
-6.20221e-02
-5.02828e-02
-4.15984e-02
-2.94319e-02
-1.24565e-02
4.09804e-03
1.19288e-02
6.00517e-03
-1.19234e-02
-3.29307e-02
-4.70090e-02
-4.26399e-02
-1.08354e-02
4.59741e-02
1.08457e-01
1.50611e-01
1.50183e-01
9.68198e-02
-1.26357e-04
-1.03729e-01
-1.77280e-01
-2.01303e-01
-1.73161e-01
-9.79455e-02
-6.19983e-04
8.53481e-02
1.34275e-01
1.33419e-01
8.34308e-02
2.86499e-03
-7.22651e-02
-1.14167e-01
-1.12766e-01
-7.31732e-02
-1.86297e-02
1.85757e-02
1.61933e-02
-2.56666e-02
-8.54701e-02
-1.32012e-01
-1.40969e-01
-1.07243e-01
-4.18396e-02
4.08152e-02
1.25091e-01
1.87034e-01
1.98333e-01
1.48225e-01
5.24808e-02
-5.65245e-02
-1.44360e-01
-1.88642e-01
-1.80870e-01
-1.24593e-01
-3.04719e-02
7.53667e-02
1.56697e-01
1.82936e-01
1.39519e-01
3.41790e-02
-9.69818e-02
-2.05126e-01
-2.51077e-01
-2.19914e-01
-1.30043e-01
-2.59890e-02
5.10692e-02
7.83997e-02
5.33728e-02
-8.97431e-03
-8.11536e-02
-1.33119e-01
-1.42652e-01
-1.05927e-01
-3.40038e-02
4.63536e-02
1.02826e-01
1.11755e-01
7.17064e-02
-1.51091e-03
-8.17749e-02
-1.43631e-01
-1.66710e-01
-1.45197e-01
-8.39769e-02
-2.72739e-03
6.70101e-02
1.00186e-01
8.95577e-02
3.73883e-02
-4.13582e-02
-1.11650e-01
-1.42202e-01
-1.24531e-01
-7.29824e-02
-1.45603e-02
3.00335e-02
5.78885e-02
6.66721e-02
4.94764e-02
3.30954e-03
-5.77422e-02
-1.09675e-01
-1.32649e-01
-1.20483e-01
-7.76353e-02
-1.67751e-02
4.60563e-02
9.34592e-02
1.11046e-01
9.58469e-02
5.70024e-02
5.32711e-03
-5.02429e-02
-9.86153e-02
-1.28586e-01
-1.34529e-01
-1.18432e-01
-8.94199e-02
-5.98441e-02
-3.72157e-02
-2.15689e-02
-7.97158e-03
8.35754e-03
2.71859e-02
4.46968e-02
5.53794e-02
5.43650e-02
3.81404e-02
4.02100e-03
-4.78736e-02
-1.10261e-01
-1.67952e-01
-2.03316e-01
-1.98110e-01
-1.41644e-01
-4.34791e-02
7.00576e-02
1.67703e-01
2.19879e-01
2.07340e-01
1.29866e-01
6.53893e-03
-1.29030e-01
-2.35394e-01
-2.79764e-01
-2.55620e-01
-1.74722e-01
-5.81848e-02
6.24947e-02
1.55789e-01
2.02708e-01
1.98500e-01
1.46088e-01
6.03304e-02
-3.53763e-02
-1.22371e-01
-1.82187e-01
-1.96186e-01
-1.60737e-01
-9.15787e-02
-1.11612e-02
5.53871e-02
9.23938e-02
9.82246e-02
7.88453e-02
4.21702e-02
-3.46567e-03
-5.08054e-02
-9.00111e-02
-1.10426e-01
-1.07842e-01
-8.47231e-02
-4.93331e-02
-1.32112e-02
1.69118e-02
3.82694e-02
5.11885e-02
5.98638e-02
6.82119e-02
7.73807e-02
8.29628e-02
7.50514e-02
4.51713e-02
-1.23115e-03
-4.56032e-02
-6.77740e-02
-5.80719e-02
-1.50347e-02
4.83162e-02
1.07959e-01
1.45324e-01
1.50857e-01
1.24315e-01
7.70197e-02
2.34052e-02
-2.18063e-02
-4.78620e-02
-5.20005e-02
-3.81349e-02
-1.57634e-02
5.11154e-03
1.83704e-02
2.34320e-02
2.41833e-02
2.72556e-02
3.38310e-02
4.26124e-02
4.62445e-02
3.84498e-02
1.64984e-02
-1.45480e-02
-4.50738e-02
-6.64146e-02
-7.01228e-02
-4.87795e-02
-7.05728e-03
3.85688e-02
7.15894e-02
8.22957e-02
6.75871e-02
3.45347e-02
-4.32016e-03
-3.50513e-02
-4.73682e-02
-3.45071e-02
2.44010e-03
5.58330e-02
1.13203e-01
1.54771e-01
1.64024e-01
1.41033e-01
9.65958e-02
4.54415e-02
2.07572e-03
-2.18438e-02
-2.01505e-02
5.88597e-03
4.63965e-02
8.20265e-02
9.33985e-02
7.42868e-02
3.37188e-02
-1.25202e-02
-5.14924e-02
-8.03964e-02
-1.01304e-01
-1.22158e-01
-1.44108e-01
-1.55654e-01
-1.45028e-01
-1.09246e-01
-5.05754e-02
1.46841e-02
6.59253e-02
9.21386e-02
9.41761e-02
7.97968e-02
6.04792e-02
4.60567e-02
3.83479e-02
3.84203e-02
4.97306e-02
7.15981e-02
9.75735e-02
1.19647e-01
1.29084e-01
1.21145e-01
9.76823e-02
6.47282e-02
2.99471e-02
2.44762e-03
-1.34761e-02
-1.92957e-02
-2.05963e-02
-2.30433e-02
-2.69369e-02
-2.89969e-02
-2.37300e-02
-8.65265e-03
1.01637e-02
2.41557e-02
2.96892e-02
2.75129e-02
1.93653e-02
5.98061e-03
-1.16819e-02
-3.12075e-02
-4.52252e-02
-4.44305e-02
-2.52592e-02
7.25677e-03
4.48464e-02
7.43931e-02
8.52483e-02
7.65566e-02
5.41140e-02
2.05239e-02
-1.75205e-02
-5.01259e-02
-7.01233e-02
-7.55452e-02
-7.37563e-02
-7.33756e-02
-7.38961e-02
-6.76383e-02
-4.54795e-02
-6.61089e-03
3.74229e-02
7.14452e-02
8.33444e-02
7.19328e-02
4.64132e-02
2.42655e-02
2.14247e-02
4.75098e-02
1.11915e-01
2.11382e-01
3.24810e-01
4.29011e-01
5.04957e-01
5.33773e-01
5.02667e-01
4.06503e-01
2.56276e-01
8.19745e-02
-6.97531e-02
-1.63582e-01
-1.90823e-01
-1.64707e-01
-1.16293e-01
-7.59422e-02
-6.80524e-02
-1.00310e-01
-1.57724e-01
-2.13947e-01
-2.42596e-01
-2.27523e-01
-1.66826e-01
-7.86865e-02
1.09078e-02
8.00890e-02
1.14801e-01
1.09289e-01
7.17483e-02
2.14886e-02
-2.13003e-02
-4.18696e-02
-3.78458e-02
-1.52224e-02
2.04827e-02
6.25804e-02
1.02553e-01
1.33411e-01
1.51399e-01
1.56562e-01
1.52644e-01
1.41906e-01
1.23806e-01
9.90774e-02
7.31755e-02
5.54313e-02
5.25468e-02
6.18813e-02
7.54134e-02
8.43303e-02
8.26371e-02
6.92451e-02
4.45585e-02
1.00014e-02
-2.77896e-02
-5.54975e-02
-5.85540e-02
-3.13992e-02
2.02810e-02
8.32903e-02
1.36909e-01
1.63337e-01
1.53023e-01
1.04831e-01
2.92803e-02
-5.36495e-02
-1.22034e-01
-1.61809e-01
-1.71556e-01
-1.57626e-01
-1.28409e-01
-9.18377e-02
-5.61607e-02
-2.75776e-02
-6.77329e-03
9.13187e-03
2.31061e-02
3.82610e-02
5.54216e-02
7.10809e-02
7.84390e-02
7.01976e-02
4.18061e-02
-3.74117e-03
-5.26270e-02
-8.57369e-02
-8.84794e-02
-5.52714e-02
9.99840e-03
9.12735e-02
1.68043e-01
2.24378e-01
2.47862e-01
2.30980e-01
1.75732e-01
9.36755e-02
6.00342e-03
-6.38818e-02
-1.04926e-01
-1.17593e-01
-1.08472e-01
-8.82844e-02
-6.64119e-02
-4.89722e-02
-4.20918e-02
-5.07287e-02
-7.51391e-02
-1.08674e-01
-1.41015e-01
-1.63639e-01
-1.71669e-01
-1.63326e-01
-1.39186e-01
-1.03627e-01
-6.28323e-02
-2.28853e-02
8.65152e-03
2.57345e-02
2.59848e-02
9.42951e-03
-2.08811e-02
-5.63916e-02
-8.51198e-02
-9.65529e-02
-8.39228e-02
-4.76053e-02
3.05222e-03
5.47798e-02
9.39088e-02
1.09792e-01
1.01353e-01
7.79169e-02
5.36502e-02
3.99976e-02
4.02472e-02
4.67915e-02
4.52821e-02
2.60299e-02
-1.15017e-02
-6.25133e-02
-1.17219e-01
-1.65419e-01
-1.98985e-01
-2.10322e-01
-1.92989e-01
-1.48815e-01
-8.84357e-02
-2.67676e-02
2.11309e-02
4.41838e-02
4.00157e-02
1.56026e-02
-1.79222e-02
-4.95005e-02
-6.93204e-02
-7.23453e-02
-6.00726e-02
-3.89448e-02
-1.58525e-02
2.80715e-03
1.25604e-02
9.74576e-03
-4.40592e-03
-2.17716e-02
-3.15186e-02
-2.60644e-02
-2.24798e-03
3.51685e-02
7.95603e-02
1.23433e-01
1.55761e-01
1.66517e-01
1.53700e-01
1.21960e-01
7.69179e-02
2.55187e-02
-2.73469e-02
-7.39680e-02
-1.06433e-01
-1.20123e-01
-1.16648e-01
-9.75898e-02
-6.55498e-02
-2.32011e-02
2.19742e-02
5.91554e-02
8.10350e-02
8.99415e-02
9.44973e-02
9.26202e-02
7.43276e-02
2.99941e-02
-3.63133e-02
-1.12718e-01
-1.88318e-01
-2.55057e-01
-3.05140e-01
-3.30879e-01
-3.27018e-01
-2.92652e-01
-2.30046e-01
-1.45439e-01
-4.66076e-02
5.52200e-02
1.39671e-01
1.91767e-01
2.00937e-01
1.66164e-01
8.78925e-02
-1.86383e-02
-1.26214e-01
-2.07461e-01
-2.46518e-01
-2.40198e-01
-1.92144e-01
-1.09911e-01
-1.15915e-02
8.30664e-02
1.56822e-01
1.96492e-01
1.97855e-01
1.63538e-01
1.00503e-01
2.32163e-02
-4.99478e-02
-1.06604e-01
-1.39445e-01
-1.48428e-01
-1.37742e-01
-1.12672e-01
-7.79727e-02
-3.69420e-02
5.90651e-03
4.02903e-02
5.65112e-02
5.03858e-02
2.75124e-02
-1.38597e-03
-2.62507e-02
-4.14677e-02
-4.62626e-02
-4.32437e-02
-3.71606e-02
-3.34644e-02
-3.54721e-02
-4.23286e-02
-4.93468e-02
-5.15741e-02
-4.81988e-02
-4.31598e-02
-4.08153e-02
-4.22051e-02
-4.35310e-02
-3.83371e-02
-2.02432e-02
1.68953e-02
7.23011e-02
1.35804e-01
1.89342e-01
2.12070e-01
1.90320e-01
1.28180e-01
4.27230e-02
-4.53352e-02
-1.11702e-01
-1.33158e-01
-1.02048e-01
-2.78591e-02
6.36882e-02
1.44291e-01
1.94111e-01
1.99212e-01
1.54937e-01
7.26673e-02
-2.56331e-02
-1.16965e-01
-1.82672e-01
-2.08396e-01
-1.87268e-01
-1.21399e-01
-2.91865e-02
6.32659e-02
1.37377e-01
1.83521e-01
1.97315e-01
1.79933e-01
1.35204e-01
7.25693e-02
6.77184e-03
-5.23847e-02
-9.25529e-02
-1.00367e-01
-7.47287e-02
-2.37073e-02
3.83652e-02
8.74667e-02
1.02729e-01
7.87821e-02
2.53924e-02
-3.68104e-02
-8.57978e-02
-1.08613e-01
-1.03091e-01
-7.46924e-02
-3.62922e-02
-2.96948e-03
1.84648e-02
2.69870e-02
2.32804e-02
1.24647e-02
4.03406e-03
5.42417e-03
1.81453e-02
3.60273e-02
5.09161e-02
5.90580e-02
6.18012e-02
6.43061e-02
7.30463e-02
8.95241e-02
1.10069e-01
1.26964e-01
1.34045e-01
1.28909e-01
1.12909e-01
8.90480e-02
5.85358e-02
2.02827e-02
-2.40231e-02
-6.70952e-02
-9.66934e-02
-1.00518e-01
-7.15840e-02
-1.46311e-02
5.98735e-02
1.36679e-01
1.98130e-01
2.27701e-01
2.10133e-01
1.42558e-01
4.26244e-02
-6.80924e-02
-1.66069e-01
-2.28696e-01
-2.39760e-01
-1.97700e-01
-1.19038e-01
-3.15127e-02
4.38762e-02
9.73143e-02
1.28131e-01
1.37352e-01
1.25837e-01
9.67894e-02
6.10478e-02
3.02448e-02
8.30361e-03
-6.92942e-03
-1.76907e-02
-2.11170e-02
-1.41471e-02
2.34603e-03
2.31556e-02
4.30171e-02
5.79169e-02
6.35168e-02
6.07484e-02
5.39636e-02
4.66119e-02
3.87627e-02
2.70998e-02
9.17122e-03
-1.38959e-02
-3.72710e-02
-5.54812e-02
-6.59020e-02
-6.97953e-02
-6.95640e-02
-6.77330e-02
-6.57960e-02
-6.27143e-02
-5.56699e-02
-4.31807e-02
-2.24844e-02
1.32631e-02
6.24062e-02
1.13731e-01
1.50771e-01
1.56798e-01
1.25026e-01
6.17062e-02
-1.70873e-02
-9.08949e-02
-1.34900e-01
-1.33737e-01
-9.37977e-02
-3.31053e-02
3.15316e-02
8.84782e-02
1.26682e-01
1.36245e-01
1.13881e-01
6.68125e-02
1.10300e-02
-3.27738e-02
-4.91960e-02
-3.79717e-02
-1.15948e-02
1.24374e-02
1.96060e-02
5.94409e-03
-1.85605e-02
-3.75779e-02
-3.93830e-02
-2.08382e-02
1.03527e-02
4.24080e-02
6.85477e-02
8.54554e-02
8.92082e-02
7.71025e-02
5.03177e-02
1.68377e-02
-1.08837e-02
-2.41585e-02
-2.44245e-02
-2.04201e-02
-1.99162e-02
-2.40284e-02
-2.99579e-02
-3.55778e-02
-4.03216e-02
-4.59859e-02
-5.12200e-02
-4.87208e-02
-3.28345e-02
-3.11902e-03
3.37869e-02
6.60428e-02
8.09011e-02
6.71598e-02
2.31515e-02
-3.72223e-02
-9.66673e-02
-1.39123e-01
-1.50993e-01
-1.26986e-01
-7.73267e-02
-2.18959e-02
2.42397e-02
5.82581e-02
8.26831e-02
9.81845e-02
1.01299e-01
8.89343e-02
6.16891e-02
2.27161e-02
-2.42128e-02
-7.55150e-02
-1.28161e-01
-1.76486e-01
-2.09263e-01
-2.13321e-01
-1.82057e-01
-1.15813e-01
-3.05912e-02
4.78199e-02
9.55791e-02
9.89888e-02
5.89589e-02
-9.51311e-03
-8.61871e-02
-1.46351e-01
-1.66935e-01
-1.37595e-01
-6.78377e-02
1.83360e-02
9.62460e-02
1.51216e-01
1.78416e-01
1.78590e-01
1.53577e-01
1.12046e-01
6.47668e-02
2.07397e-02
-1.38466e-02
-3.13317e-02
-2.69909e-02
-3.60527e-03
2.85267e-02
5.73006e-02
7.71280e-02
8.93547e-02
9.90746e-02
1.07265e-01
1.10189e-01
1.01156e-01
7.89314e-02
4.82660e-02
1.65397e-02
-8.62074e-03
-2.25950e-02
-2.57343e-02
-2.29744e-02
-2.00473e-02
-2.02602e-02
-2.30525e-02
-2.79986e-02
-3.63572e-02
-4.80736e-02
-6.17013e-02
-7.60947e-02
-8.87100e-02
-9.51474e-02
-8.95489e-02
-6.66735e-02
-2.64932e-02
2.31973e-02
7.00175e-02
1.02447e-01
1.12872e-01
1.00756e-01
7.21603e-02
3.39876e-02
-5.05213e-03
-3.87584e-02
-6.10292e-02
-6.37397e-02
-4.84384e-02
-2.61142e-02
-9.69270e-03
-9.95349e-03
-2.95787e-02
-6.06664e-02
-9.33859e-02
-1.19358e-01
-1.28224e-01
-1.12024e-01
-7.00382e-02
-7.58705e-03
6.77022e-02
1.44728e-01
2.02673e-01
2.21942e-01
1.92562e-01
1.11252e-01
-1.15865e-02
-1.49155e-01
-2.69429e-01
-3.44044e-01
-3.56841e-01
-3.10882e-01
-2.22817e-01
-1.14598e-01
-9.46990e-03
7.58377e-02
1.32190e-01
1.51876e-01
1.28604e-01
6.77589e-02
-7.89711e-03
-6.95615e-02
-9.09027e-02
-6.45052e-02
-7.85834e-03
5.04012e-02
9.03173e-02
1.04678e-01
9.36291e-02
6.35501e-02
2.68592e-02
-3.15208e-03
-1.74996e-02
-8.83132e-03
2.39049e-02
6.81901e-02
1.08813e-01
1.27782e-01
1.11498e-01
6.04024e-02
-6.49299e-03
-6.37960e-02
-9.44408e-02
-9.28721e-02
-6.76578e-02
-3.07760e-02
5.24247e-03
2.96231e-02
3.77849e-02
3.08313e-02
1.55035e-02
2.30036e-03
-1.12909e-03
7.15978e-03
2.67687e-02
5.67068e-02
9.34777e-02
1.31687e-01
1.61219e-01
1.70723e-01
1.55154e-01
1.18500e-01
7.44890e-02
3.90211e-02
2.19520e-02
2.47474e-02
4.35830e-02
7.29336e-02
1.05545e-01
1.33849e-01
1.48265e-01
1.33384e-01
8.41768e-02
1.23529e-02
-6.23278e-02
-1.24650e-01
-1.65971e-01
-1.76571e-01
-1.51734e-01
-9.92096e-02
-3.66062e-02
2.14668e-02
6.39194e-02
8.50848e-02
8.48597e-02
6.55815e-02
3.61736e-02
5.41877e-03
-2.03014e-02
-3.58032e-02
-3.86981e-02
-3.06392e-02
-1.48591e-02
8.06644e-04
8.68717e-03
9.70717e-03
1.03567e-02
1.64473e-02
2.55459e-02
3.03546e-02
2.32839e-02
3.69084e-03
-2.41725e-02
-5.25135e-02
-7.33468e-02
-8.05733e-02
-7.19256e-02
-4.86871e-02
-1.79117e-02
1.27903e-02
3.69469e-02
4.83659e-02
4.36571e-02
2.43971e-02
-3.95993e-03
-3.32812e-02
-5.19342e-02
-5.06959e-02
-2.83530e-02
1.02820e-02
5.33871e-02
8.50298e-02
9.43179e-02
7.83471e-02
3.99689e-02
-1.08772e-02
-6.15257e-02
-1.02243e-01
-1.25411e-01
-1.28147e-01
-1.15241e-01
-9.40067e-02
-7.13984e-02
-5.22250e-02
-3.79665e-02
-2.75544e-02
-1.81963e-02
-6.60668e-03
8.39832e-03
2.42570e-02
3.51489e-02
3.37872e-02
1.78283e-02
-7.49948e-03
-3.42130e-02
-5.45352e-02
-6.42863e-02
-6.32391e-02
-5.03724e-02
-2.44358e-02
1.43561e-02
6.07155e-02
1.01983e-01
1.24724e-01
1.21995e-01
9.44855e-02
4.82538e-02
-5.53552e-03
-5.50237e-02
-9.15865e-02
-1.10612e-01
-1.11718e-01
-9.60689e-02
-6.56557e-02
-2.61134e-02
1.43584e-02
4.72252e-02
6.43739e-02
5.98815e-02
3.52970e-02
2.40953e-04
-3.37096e-02
-5.83477e-02
-7.20333e-02
-7.85310e-02
-8.02356e-02
-7.73554e-02
-7.07854e-02
-6.05353e-02
-4.79540e-02
-3.41356e-02
-1.94198e-02
-5.00959e-03
6.95513e-03
1.37941e-02
1.29842e-02
4.13456e-03
-8.41234e-03
-2.02625e-02
-3.05200e-02
-4.10571e-02
-5.20365e-02
-6.16774e-02
-6.37931e-02
-5.27445e-02
-2.59712e-02
1.19932e-02
5.33786e-02
8.88623e-02
1.06886e-01
9.87107e-02
6.51680e-02
1.30252e-02
-4.48852e-02
-9.22413e-02
-1.16175e-01
-1.12465e-01
-8.44771e-02
-4.17865e-02
1.84044e-03
3.68724e-02
5.83015e-02
6.18147e-02
4.95830e-02
3.02173e-02
1.37366e-02
6.16254e-03
6.11200e-03
5.92615e-03
-1.96791e-03
-2.01198e-02
-4.34977e-02
-6.44059e-02
-8.08467e-02
-9.44667e-02
-1.09080e-01
-1.24836e-01
-1.36061e-01
-1.37103e-01
-1.27006e-01
-1.11407e-01
-9.64189e-02
-8.55805e-02
-7.96167e-02
-7.61231e-02
-7.09295e-02
-6.38836e-02
-6.14206e-02
-7.04308e-02
-9.37309e-02
-1.25709e-01
-1.56005e-01
-1.72129e-01
-1.66242e-01
-1.34976e-01
-8.02759e-02
-1.32422e-02
5.22008e-02
1.01860e-01
1.25955e-01
1.21366e-01
9.11916e-02
4.09808e-02
-2.28604e-02
-8.79961e-02
-1.38066e-01
-1.60809e-01
-1.51075e-01
-1.12837e-01
-6.07501e-02
-7.34261e-03
4.03722e-02
7.84403e-02
9.93458e-02
9.63713e-02
6.79700e-02
2.27823e-02
-2.82549e-02
-7.17411e-02
-9.47518e-02
-9.26386e-02
-6.75610e-02
-3.02901e-02
3.48355e-03
2.22931e-02
2.37165e-02
1.25157e-02
-5.09057e-03
-2.28775e-02
-3.46417e-02
-3.85342e-02
-3.28815e-02
-1.97964e-02
-3.53151e-03
9.86527e-03
1.24636e-02
3.21659e-03
-1.09547e-02
-1.87969e-02
-1.38149e-02
3.21197e-03
2.93801e-02
5.90582e-02
8.73111e-02
1.08564e-01
1.18740e-01
1.18832e-01
1.10280e-01
9.65610e-02
8.20102e-02
6.75018e-02
5.44974e-02
4.61410e-02
4.08784e-02
3.24678e-02
1.77060e-02
-6.34589e-03
-4.04326e-02
-7.95117e-02
-1.14466e-01
-1.36247e-01
-1.38456e-01
-1.20299e-01
-8.24456e-02
-2.95656e-02
2.82412e-02
8.04151e-02
1.17324e-01
1.33140e-01
1.25980e-01
9.55452e-02
4.66448e-02
-7.59627e-03
-5.33729e-02
-7.76937e-02
-7.40851e-02
-4.75825e-02
-1.26541e-02
1.51929e-02
2.75119e-02
2.68645e-02
1.97719e-02
1.23885e-02
1.03991e-02
1.54388e-02
2.15938e-02
1.91284e-02
4.10042e-03
-2.08734e-02
-4.98946e-02
-7.58069e-02
-9.07636e-02
-8.92105e-02
-6.80333e-02
-3.04390e-02
1.38372e-02
5.20482e-02
7.39729e-02
7.35968e-02
5.14517e-02
1.52481e-02
-2.21640e-02
-4.77977e-02
-5.24334e-02
-3.46456e-02
-2.15595e-03
3.15452e-02
5.20052e-02
5.24720e-02
3.36821e-02
4.34044e-03
-2.09036e-02
-3.10662e-02
-2.23813e-02
3.22249e-03
3.86632e-02
7.60468e-02
1.10222e-01
1.37169e-01
1.55618e-01
1.64214e-01
1.61524e-01
1.48263e-01
1.25309e-01
9.48510e-02
6.11190e-02
2.93153e-02
2.30938e-03
-1.80457e-02
-3.05572e-02
-3.20272e-02
-1.96746e-02
6.23270e-03
3.96941e-02
7.47936e-02
1.03668e-01
1.22204e-01
1.30510e-01
1.25714e-01
1.06585e-01
7.61793e-02
3.91018e-02
-4.11770e-04
-3.53528e-02
-5.74964e-02
-6.38192e-02
-5.24976e-02
-2.52463e-02
1.27631e-02
5.49000e-02
9.13274e-02
1.14382e-01
1.20685e-01
1.12919e-01
9.63435e-02
7.78821e-02
6.27399e-02
5.17983e-02
4.36663e-02
3.58436e-02
2.93280e-02
2.56686e-02
2.60583e-02
3.23277e-02
4.86434e-02
7.41932e-02
1.03444e-01
1.28260e-01
1.37851e-01
1.23524e-01
8.83004e-02
4.29736e-02
6.33942e-05
-3.07077e-02
-4.49344e-02
-4.27949e-02
-2.93163e-02
-1.15628e-02
2.40324e-03
7.90525e-03
4.68139e-03
-3.92660e-03
-7.77369e-03
1.51102e-03
2.27648e-02
4.77342e-02
6.83193e-02
7.64198e-02
6.65432e-02
4.09468e-02
7.81726e-03
-2.53736e-02
-4.87701e-02
-5.50291e-02
-4.05775e-02
-1.04114e-02
2.54816e-02
5.51022e-02
6.45675e-02
4.80618e-02
9.45730e-03
-4.14232e-02
-8.95813e-02
-1.20473e-01
-1.28185e-01
-1.12232e-01
-7.52405e-02
-2.73721e-02
1.81632e-02
5.23039e-02
7.03854e-02
6.80617e-02
4.60314e-02
1.05366e-02
-3.02785e-02
-6.22903e-02
-7.19601e-02
-5.94073e-02
-3.45116e-02
-6.61734e-03
1.74279e-02
3.39029e-02
3.99980e-02
3.45286e-02
2.11538e-02
6.93707e-03
7.32368e-04
7.63134e-03
2.56154e-02
4.80137e-02
6.66265e-02
7.16887e-02
5.63950e-02
2.07876e-02
-2.79322e-02
-7.50105e-02
-1.04261e-01
-1.07642e-01
-8.51911e-02
-4.35186e-02
2.39147e-03
3.91145e-02
5.79427e-02
5.66825e-02
3.75857e-02
6.74324e-03
-2.76506e-02
-5.81791e-02
-8.05380e-02
-9.27742e-02
-9.65905e-02
-9.45779e-02
-8.86867e-02
-7.99732e-02
-6.88199e-02
-5.51481e-02
-4.07789e-02
-2.83537e-02
-1.82931e-02
-9.55552e-03
8.57540e-04
1.30806e-02
2.39895e-02
3.09991e-02
3.49445e-02
3.87806e-02
4.56997e-02
5.75381e-02
7.39095e-02
9.26125e-02
1.11485e-01
1.29498e-01
1.44652e-01
1.52626e-01
1.48357e-01
1.29851e-01
9.81055e-02
5.77563e-02
1.30290e-02
-3.15835e-02
-6.96097e-02
-9.52467e-02
-1.02765e-01
-8.71761e-02
-5.03780e-02
-3.75466e-03
3.67361e-02
5.83664e-02
5.70999e-02
3.83558e-02
1.17208e-02
-1.29753e-02
-2.70458e-02
-2.54897e-02
-7.90500e-03
2.05072e-02
5.21548e-02
7.89901e-02
9.40479e-02
9.42226e-02
8.04470e-02
5.70560e-02
2.99510e-02
3.08650e-03
-2.11055e-02
-4.05228e-02
-5.40365e-02
-6.06322e-02
-5.97407e-02
-5.29805e-02
-4.46995e-02
-3.88342e-02
-3.67658e-02
-3.82914e-02
-4.29910e-02
-5.12806e-02
-6.39266e-02
-7.63193e-02
-8.13274e-02
-7.24270e-02
-4.65208e-02
-4.59862e-03
4.29152e-02
8.36342e-02
1.06447e-01
1.03230e-01
7.64303e-02
3.51326e-02
-1.10652e-02
-5.28450e-02
-8.22663e-02
-9.57242e-02
-9.22404e-02
-7.47493e-02
-5.10260e-02
-2.90323e-02
-1.28296e-02
-3.29698e-03
-2.09164e-03
-1.04654e-02
-2.88066e-02
-5.27980e-02
-7.43112e-02
-8.90587e-02
-9.85414e-02
-1.06502e-01
-1.13749e-01
-1.16675e-01
-1.09028e-01
-8.81453e-02
-5.18653e-02
-7.16566e-03
3.77164e-02
7.39043e-02
9.26004e-02
9.00696e-02
6.93003e-02
2.88902e-02
-3.09219e-02
-9.22248e-02
-1.37007e-01
-1.57178e-01
-1.51768e-01
-1.26332e-01
-9.13160e-02
-5.53281e-02
-2.72840e-02
-1.48664e-02
-1.86944e-02
-3.20404e-02
-4.72011e-02
-5.72831e-02
-5.63029e-02
-4.34134e-02
-2.39859e-02
-4.73137e-03
7.00635e-03
5.74916e-03
-9.74421e-03
-3.47462e-02
-6.01121e-02
-7.76494e-02
-8.20612e-02
-7.12396e-02
-4.93357e-02
-2.25674e-02
4.24765e-03
2.71893e-02
4.28079e-02
4.82370e-02
4.31180e-02
2.90434e-02
8.24939e-03
-1.52481e-02
-3.74022e-02
-5.48949e-02
-6.64835e-02
-7.11833e-02
-6.61488e-02
-4.99643e-02
-2.44266e-02
7.96780e-03
4.15790e-02
7.21605e-02
9.61055e-02
1.08202e-01
1.04641e-01
8.64110e-02
5.92918e-02
2.88257e-02
2.11015e-03
-1.40837e-02
-1.54952e-02
-2.63289e-03
2.03723e-02
4.69476e-02
7.08944e-02
8.95756e-02
9.76894e-02
9.30852e-02
7.76264e-02
5.35639e-02
2.30882e-02
-6.54671e-03
-2.95990e-02
-4.33425e-02
-4.33758e-02
-2.72492e-02
-1.12858e-03
2.78368e-02
5.23617e-02
6.22782e-02
5.13299e-02
2.12406e-02
-1.92541e-02
-6.05091e-02
-9.27090e-02
-1.08697e-01
-1.07506e-01
-9.24260e-02
-6.53611e-02
-3.29408e-02
-1.99306e-03
2.11286e-02
3.03005e-02
2.53907e-02
1.18696e-02
-1.87953e-03
-7.65525e-03
-2.45478e-04
2.14721e-02
5.44667e-02
9.20805e-02
1.27576e-01
1.52478e-01
1.58094e-01
1.40380e-01
1.02913e-01
5.26128e-02
-5.80551e-04
-4.54920e-02
-7.45002e-02
-8.47589e-02
-7.49764e-02
-4.68033e-02
-9.10171e-03
2.76977e-02
5.35684e-02
6.09276e-02
4.97003e-02
2.68703e-02
1.85690e-03
-1.66891e-02
-2.38590e-02
-2.07231e-02
-1.09002e-02
2.73754e-03
1.77275e-02
2.87720e-02
3.02541e-02
2.04251e-02
3.27608e-03
-1.44838e-02
-2.76478e-02
-3.43208e-02
-3.48336e-02
-3.25759e-02
-3.16072e-02
-3.48967e-02
-4.21137e-02
-5.16837e-02
-6.03992e-02
-6.14865e-02
-5.23989e-02
-3.38608e-02
-8.68009e-03
1.65176e-02
3.73848e-02
5.09010e-02
5.62768e-02
5.66288e-02
5.57442e-02
5.57142e-02
5.42717e-02
4.84639e-02
3.80261e-02
2.64233e-02
1.86814e-02
1.91367e-02
2.93484e-02
4.62274e-02
6.14629e-02
6.58628e-02
5.75386e-02
3.90722e-02
1.52499e-02
-8.85604e-03
-3.09737e-02
-4.79590e-02
-5.78576e-02
-6.10960e-02
-5.86411e-02
-5.15670e-02
-4.09647e-02
-2.98234e-02
-2.12618e-02
-1.66875e-02
-1.75121e-02
-2.34024e-02
-3.00927e-02
-3.30600e-02
-3.00995e-02
-2.02248e-02
-5.10070e-03
9.77808e-03
1.93947e-02
2.24375e-02
2.15764e-02
2.11496e-02
2.55184e-02
3.63857e-02
5.16516e-02
6.58370e-02
7.29853e-02
6.84340e-02
5.16603e-02
2.66403e-02
-2.39217e-04
-2.30344e-02
-3.86664e-02
-4.77101e-02
-5.31179e-02
-5.66595e-02
-5.83481e-02
-5.74427e-02
-5.23650e-02
-4.19220e-02
-2.88094e-02
-1.71722e-02
-9.99275e-03
-1.09584e-02
-2.23520e-02
-4.11444e-02
-6.12957e-02
-7.74710e-02
-8.32720e-02
-7.31488e-02
-4.80288e-02
-1.56067e-02
1.50671e-02
3.50787e-02
3.85919e-02
2.44227e-02
-2.01322e-03
-3.04580e-02
-5.13769e-02
-5.94426e-02
-5.21604e-02
-3.08214e-02
-1.40303e-03
2.64570e-02
4.29362e-02
4.08168e-02
1.94186e-02
-1.64723e-02
-5.67383e-02
-9.08255e-02
-1.10369e-01
-1.09744e-01
-8.79798e-02
-5.03288e-02
-2.18281e-03
4.38613e-02
7.36358e-02
7.81475e-02
5.72101e-02
2.02767e-02
-1.70368e-02
-4.33408e-02
-5.47164e-02
-4.89756e-02
-2.89893e-02
-8.63314e-04
2.85658e-02
5.19982e-02
6.28114e-02
5.93382e-02
4.76282e-02
3.54444e-02
2.76214e-02
2.76395e-02
3.61326e-02
4.84403e-02
5.72312e-02
5.48086e-02
3.91075e-02
1.42781e-02
-1.14833e-02
-2.91275e-02
-3.53284e-02
-3.26542e-02
-2.41481e-02
-1.24388e-02
-4.38105e-05
6.42548e-03
1.89875e-03
-1.09975e-02
-2.66668e-02
-3.88628e-02
-4.52313e-02
-4.67306e-02
-4.39936e-02
-3.77182e-02
-2.86587e-02
-1.82094e-02
-1.00635e-02
-6.52658e-03
-9.33960e-03
-1.67385e-02
-2.34875e-02
-2.54703e-02
-2.30782e-02
-1.70424e-02
-7.96621e-03
3.74904e-03
1.75371e-02
2.98158e-02
3.61426e-02
3.33903e-02
2.16701e-02
2.47537e-03
-2.08249e-02
-4.26249e-02
-5.85155e-02
-6.58376e-02
-6.31932e-02
-5.08200e-02
-2.95131e-02
-3.45726e-03
2.11304e-02
4.01993e-02
4.94925e-02
4.66230e-02
3.21642e-02
9.01238e-03
-1.77768e-02
-4.29829e-02
-6.17529e-02
-7.24443e-02
-7.27417e-02
-6.23721e-02
-4.44804e-02
-2.50180e-02
-1.13693e-02
-7.46878e-03
-1.13274e-02
-1.97905e-02
-2.88719e-02
-3.43931e-02
-3.27516e-02
-2.24794e-02
-7.72925e-03
6.52637e-03
1.62856e-02
1.97640e-02
1.91425e-02
1.67253e-02
1.55057e-02
1.66630e-02
2.05647e-02
2.63643e-02
3.11143e-02
3.10739e-02
2.32766e-02
8.18757e-03
-9.56587e-03
-2.28884e-02
-2.51331e-02
-1.41234e-02
8.46637e-03
3.70899e-02
6.40024e-02
8.03208e-02
8.11207e-02
6.60531e-02
4.00702e-02
1.08789e-02
-1.46551e-02
-2.86230e-02
-2.63323e-02
-1.01868e-02
1.59844e-02
4.37101e-02
6.12327e-02
6.31489e-02
5.03127e-02
2.95117e-02
9.84802e-03
-3.49844e-03
-7.76897e-03
-4.47943e-03
3.85543e-03
1.41547e-02
2.11958e-02
2.18294e-02
1.60866e-02
5.73025e-03
-3.47219e-03
-4.70801e-03
7.11458e-03
3.20124e-02
6.18359e-02
8.64649e-02
9.87726e-02
9.64674e-02
8.14463e-02
5.93386e-02
3.60478e-02
1.77247e-02
6.52963e-03
1.80018e-03
4.67317e-03
1.42585e-02
2.62801e-02
3.68554e-02
4.29608e-02
4.20561e-02
3.72336e-02
3.24207e-02
2.84072e-02
2.26258e-02
1.15698e-02
-3.67247e-03
-1.97001e-02
-3.32077e-02
-4.21253e-02
-4.57868e-02
-4.46391e-02
-3.59417e-02
-1.96735e-02
8.56313e-04
2.19468e-02
4.09188e-02
5.47853e-02
6.09806e-02
5.93446e-02
4.94293e-02
3.46284e-02
1.71241e-02
8.11650e-04
-1.10588e-02
-1.49298e-02
-8.82175e-03
4.01435e-03
1.76982e-02
2.71957e-02
2.95462e-02
2.33031e-02
9.63674e-03
-8.03920e-03
-2.40157e-02
-3.41275e-02
-3.77337e-02
-3.60973e-02
-3.17545e-02
-2.71203e-02
-2.31978e-02
-2.08489e-02
-2.02178e-02
-2.04215e-02
-2.07457e-02
-2.30310e-02
-2.90600e-02
-3.78369e-02
-4.53304e-02
-4.71722e-02
-4.01230e-02
-2.35204e-02
-3.43697e-03
1.51296e-02
2.69328e-02
2.78929e-02
1.90484e-02
6.10437e-03
-6.49697e-03
-1.57577e-02
-1.85856e-02
-1.43613e-02
-5.51010e-03
5.77611e-03
1.54395e-02
1.84996e-02
1.36074e-02
2.51946e-03
-1.11346e-02
-2.34757e-02
-3.25054e-02
-3.72349e-02
-3.79591e-02
-3.53382e-02
-2.86351e-02
-1.90826e-02
-9.57644e-03
-3.14444e-03
2.60795e-04
2.50634e-03
3.51481e-03
4.35687e-03
5.63216e-03
6.64425e-03
6.26354e-03
1.07717e-03
-1.11578e-02
-2.84310e-02
-4.58912e-02
-5.81483e-02
-5.90574e-02
-4.58559e-02
-2.21345e-02
5.02263e-03
2.62100e-02
3.55668e-02
3.05558e-02
1.33554e-02
-9.16386e-03
-2.88086e-02
-3.94615e-02
-3.78841e-02
-2.28408e-02
1.90991e-03
2.53071e-02
3.86527e-02
3.76602e-02
2.30577e-02
2.55949e-03
-1.44773e-02
-2.25896e-02
-2.00983e-02
-7.80307e-03
1.07355e-02
2.95612e-02
4.38116e-02
4.98383e-02
4.74935e-02
3.98322e-02
2.93246e-02
1.85034e-02
8.23796e-03
1.29116e-04
-3.92669e-03
-3.30355e-03
1.17957e-03
8.90969e-03
1.70446e-02
2.16670e-02
2.07128e-02
1.41447e-02
4.99326e-03
-1.92981e-03
-3.08471e-03
1.41599e-03
9.01093e-03
1.68004e-02
2.30052e-02
2.58219e-02
2.35094e-02
1.68420e-02
1.03819e-02
7.58382e-03
8.53719e-03
1.26172e-02
1.93453e-02
2.81913e-02
3.74878e-02
4.29449e-02
4.02003e-02
2.83456e-02
1.04800e-02
-8.41114e-03
-2.37810e-02
-3.26792e-02
-3.53606e-02
-3.42773e-02
-3.14919e-02
-2.85245e-02
-2.73110e-02
-2.90705e-02
-3.27805e-02
-3.57949e-02
-3.63382e-02
-3.43611e-02
-3.12412e-02
-2.77681e-02
-2.30775e-02
-1.64740e-02
-9.60811e-03
-3.80669e-03
3.14251e-04
3.34813e-03
5.73921e-03
5.99546e-03
3.45854e-03
-9.47102e-04
-5.37643e-03
-8.03068e-03
-8.01512e-03
-4.87802e-03
1.46348e-03
9.64179e-03
1.79579e-02
2.45333e-02
2.65682e-02
2.32494e-02
1.71478e-02
1.05033e-02
4.34335e-03
-1.01486e-04
-1.42518e-03
-4.82800e-05
1.88425e-03
2.78170e-03
2.58050e-03
2.04617e-03
1.92337e-03
4.26124e-03
1.02749e-02
1.84806e-02
2.73243e-02
3.46002e-02
3.70160e-02
3.29316e-02
2.34888e-02
1.02885e-02
-3.99755e-03
-1.56468e-02
-2.14095e-02
-2.00736e-02
-1.38467e-02
-6.87896e-03
-2.85884e-03
-2.41211e-03
-3.74307e-03
-5.48199e-03
-6.34911e-03
-6.23257e-03
-5.59116e-03
-5.19079e-03
-5.21803e-03
-7.36032e-03
-1.12131e-02
-1.62181e-02
-2.10832e-02
-2.38021e-02
-2.23991e-02
-1.72696e-02
-1.09873e-02
-6.41984e-03
-4.91700e-03
-7.33740e-03
-1.18464e-02
-1.50031e-02
-1.38882e-02
-8.40469e-03
1.18376e-03
1.33324e-02
2.39200e-02
2.98163e-02
2.91003e-02
2.26242e-02
1.49522e-02
8.45749e-03
4.22414e-03
3.07768e-03
3.64236e-03
7.84752e-03
1.48283e-02
2.04270e-02
2.23797e-02
1.93909e-02
1.07395e-02
3.58798e-04
-8.55445e-03
-1.38317e-02
-1.38590e-02
-8.82683e-03
-1.49690e-03
7.12236e-03
1.67319e-02
2.60037e-02
3.37090e-02
3.79788e-02
3.79449e-02
3.31735e-02
2.50231e-02
1.44160e-02
3.28447e-03
-6.57669e-03
-1.03507e-02
-6.10765e-03
4.74871e-03
1.83972e-02
3.09567e-02
3.95831e-02
4.19430e-02
3.96196e-02
3.42329e-02
2.71133e-02
2.06409e-02
1.73647e-02
1.81066e-02
2.07220e-02
2.30502e-02
2.58883e-02
2.87184e-02
3.01748e-02
2.98889e-02
2.69370e-02
2.25154e-02
1.69868e-02
1.02931e-02
4.94534e-03
2.61640e-03
3.21340e-03
7.05308e-03
1.34843e-02
2.07818e-02
2.62935e-02
2.72985e-02
2.34798e-02
1.61164e-02
7.11285e-03
-1.46655e-03
-7.16849e-03
-8.40872e-03
-6.34633e-03
-2.72649e-03
1.87804e-03
7.92477e-03
1.55376e-02
2.32280e-02
2.83468e-02
2.90005e-02
2.45145e-02
1.57223e-02
4.38853e-03
-6.44536e-03
-1.27236e-02
-1.05829e-02
9.74241e-04
1.79076e-02
3.40950e-02
4.52038e-02
4.94846e-02
4.70452e-02
3.99717e-02
3.17403e-02
2.52392e-02
2.15661e-02
2.04334e-02
2.05640e-02
2.06887e-02
1.89691e-02
1.50759e-02
1.07146e-02
8.24389e-03
9.42942e-03
1.36385e-02
1.98069e-02
2.45595e-02
2.28266e-02
1.32301e-02
-1.04390e-03
-1.43177e-02
-2.26937e-02
-2.48361e-02
-1.81703e-02
-3.98132e-03
1.32973e-02
2.79526e-02
3.37471e-02
2.94747e-02
1.94016e-02
8.42549e-03
-1.85584e-03
-1.30457e-02
-2.36424e-02
-3.13932e-02
-3.53917e-02
-3.61758e-02
-3.35134e-02
-2.81515e-02
-2.24918e-02
-1.76729e-02
-1.38059e-02
-1.11069e-02
-1.00401e-02
-1.00217e-02
-1.14584e-02
-1.46732e-02
-1.91842e-02
-2.51731e-02
-3.18408e-02
-3.76769e-02
-4.21882e-02
-4.32376e-02
-3.86141e-02
-2.69272e-02
-9.19954e-03
9.28642e-03
2.19929e-02
2.61176e-02
2.18175e-02
1.11214e-02
-3.22316e-03
-1.71641e-02
-2.81732e-02
-3.27604e-02
-2.78530e-02
-1.40803e-02
5.09265e-03
2.27127e-02
2.95702e-02
2.11833e-02
-2.03666e-04
-2.73338e-02
-5.06014e-02
-6.33575e-02
-6.44311e-02
-5.62133e-02
-4.30918e-02
-2.87921e-02
-1.50523e-02
-3.84660e-03
2.72059e-03
3.67427e-03
3.74127e-04
-4.55987e-03
-9.95501e-03
-1.50770e-02
-1.83711e-02
-1.79901e-02
-1.30587e-02
-5.38190e-03
2.59388e-03
9.58307e-03
1.50465e-02
1.94389e-02
2.28571e-02
2.48419e-02
2.37957e-02
1.93637e-02
1.35239e-02
8.98865e-03
7.21034e-03
7.42817e-03
7.29548e-03
4.85493e-03
-5.56203e-04
-6.71011e-03
-8.59828e-03
-4.86539e-03
2.78953e-03
1.35478e-02
2.52369e-02
3.31511e-02
3.42822e-02
2.54256e-02
6.90281e-03
-1.53974e-02
-3.47673e-02
-4.55710e-02
-4.41435e-02
-3.26215e-02
-1.50330e-02
6.44149e-04
6.40772e-03
1.00715e-03
-1.30160e-02
-3.06593e-02
-4.56528e-02
-5.38302e-02
-5.39107e-02
-4.55054e-02
-2.88439e-02
-8.15111e-03
9.95605e-03
2.00931e-02
1.80139e-02
5.88976e-03
-9.92152e-03
-2.31882e-02
-2.83388e-02
-2.33256e-02
-1.17362e-02
1.32985e-03
1.08417e-02
1.22396e-02
3.95449e-03
-1.14963e-02
-2.83683e-02
-4.08892e-02
-4.60621e-02
-4.36987e-02
-3.62263e-02
-2.76294e-02
-2.17779e-02
-2.00335e-02
-2.22936e-02
-2.74995e-02
-3.48191e-02
-4.40910e-02
-5.24521e-02
-5.68243e-02
-5.56716e-02
-5.01005e-02
-4.26203e-02
-3.36218e-02
-2.55543e-02
-2.11680e-02
-2.04562e-02
-2.22771e-02
-2.57240e-02
-2.97820e-02
-3.41448e-02
-3.73655e-02
-3.75311e-02
-3.44003e-02
-3.06191e-02
-2.63782e-02
-2.25775e-02
-2.08663e-02
-2.30727e-02
-2.87231e-02
-3.49265e-02
-3.89997e-02
-3.96694e-02
-3.73128e-02
-3.31503e-02
-2.93330e-02
-2.56235e-02
-2.28254e-02
-2.29806e-02
-2.59318e-02
-2.91092e-02
-2.96138e-02
-2.55115e-02
-1.73131e-02
-7.41041e-03
1.27443e-03
6.09317e-03
6.92023e-03
4.50121e-03
-3.38599e-04
-5.87249e-03
-1.08106e-02
-1.49210e-02
-1.73611e-02
-1.68317e-02
-1.41697e-02
-1.07396e-02
-6.98765e-03
-3.02936e-03
1.09582e-03
4.47281e-03
6.21591e-03
6.41626e-03
3.62986e-03
-2.87647e-03
-9.43515e-03
-1.27584e-02
-1.28266e-02
-1.03293e-02
-6.23843e-03
-2.91192e-03
-1.85556e-03
-5.21425e-03
-1.28928e-02
-2.12278e-02
-2.73251e-02
-2.99337e-02
-2.96105e-02
-2.71465e-02
-2.30575e-02
-1.67747e-02
-7.73728e-03
5.95477e-04
3.67536e-03
5.33636e-04
-7.12518e-03
-1.65975e-02
-2.48958e-02
-2.94136e-02
-2.94080e-02
-2.53320e-02
-1.89037e-02
-1.26972e-02
-9.30219e-03
-1.02216e-02
-1.51038e-02
-2.20191e-02
-2.77523e-02
-2.93460e-02
-2.53091e-02
-1.42532e-02
2.88481e-03
2.13242e-02
3.54542e-02
3.93153e-02
3.17022e-02
1.43696e-02
-7.36984e-03
-2.77877e-02
-4.30127e-02
-5.02862e-02
-4.77986e-02
-3.57266e-02
-1.58965e-02
8.46392e-03
2.99891e-02
4.11408e-02
3.85809e-02
2.57803e-02
8.67229e-03
-7.61857e-03
-2.05089e-02
-2.87027e-02
-3.10449e-02
-2.64261e-02
-1.52152e-02
-1.58509e-03
9.13165e-03
1.46944e-02
1.59501e-02
1.52666e-02
1.47475e-02
1.50856e-02
1.54845e-02
1.53718e-02
1.55325e-02
1.61700e-02
1.67433e-02
1.63098e-02
1.39807e-02
1.06812e-02
8.30277e-03
9.02148e-03
1.34432e-02
1.96571e-02
2.48185e-02
2.71939e-02
2.64411e-02
2.48585e-02
2.46743e-02
2.56607e-02
2.68695e-02
2.66106e-02
2.39968e-02
2.04576e-02
1.81923e-02
1.77804e-02
1.84709e-02
1.92164e-02
2.06562e-02
2.13734e-02
2.05426e-02
1.81212e-02
1.19669e-02
2.32202e-03
-8.13011e-03
-1.53486e-02
-1.40630e-02
-4.80025e-03
9.48427e-03
2.53735e-02
3.86662e-02
4.69405e-02
4.85743e-02
4.38257e-02
3.50094e-02
2.45167e-02
1.54473e-02
1.00877e-02
9.42668e-03
1.28684e-02
1.82128e-02
2.45064e-02
3.05445e-02
3.47244e-02
3.42931e-02
2.77297e-02
1.77804e-02
8.92881e-03
2.67957e-03
-2.34785e-03
-7.24331e-03
-1.07424e-02
-1.07948e-02
-8.48107e-03
-6.47764e-03
-5.85965e-03
-7.00964e-03
-8.49607e-03
-7.36506e-03
-3.20474e-03
9.98850e-04
3.09770e-03
2.31308e-03
-2.73632e-04
-3.29706e-03
-5.76316e-03
-6.97502e-03
-5.23243e-03
-3.61545e-04
5.61986e-03
9.16485e-03
9.08097e-03
7.25624e-03
5.86813e-03
6.65359e-03
1.09693e-02
1.67044e-02
2.04649e-02
2.04842e-02
1.87441e-02
1.69114e-02
1.44525e-02
1.22101e-02
1.11133e-02
1.11130e-02
1.27929e-02
1.74841e-02
2.40532e-02
3.00814e-02
3.24778e-02
2.77582e-02
1.74551e-02
4.79222e-03
-7.24053e-03
-1.69634e-02
-2.15374e-02
-1.87267e-02
-8.28399e-03
5.73849e-03
1.90238e-02
2.76690e-02
2.77370e-02
2.16295e-02
1.31076e-02
4.45485e-03
-3.74753e-03
-1.04614e-02
-1.32194e-02
-9.83473e-03
-3.03604e-03
2.32040e-03
4.19692e-03
4.46504e-03
4.67166e-03
5.48338e-03
7.65194e-03
1.09521e-02
1.32469e-02
1.55136e-02
1.84477e-02
2.28406e-02
2.85457e-02
3.39129e-02
3.75354e-02
3.94823e-02
3.95490e-02
3.80493e-02
3.54853e-02
3.17731e-02
2.74095e-02
2.24899e-02
1.65713e-02
9.90472e-03
2.93463e-03
-3.12879e-03
-5.62164e-03
-4.63303e-03
-1.15509e-03
4.71483e-03
1.20021e-02
1.70891e-02
1.67346e-02
1.02156e-02
-6.06370e-04
-1.12163e-02
-1.66982e-02
-1.45776e-02
-4.84721e-03
1.00072e-02
2.49971e-02
3.49310e-02
3.72537e-02
3.24004e-02
2.29745e-02
1.19082e-02
2.97095e-03
-4.41385e-04
1.62634e-03
7.19878e-03
1.25738e-02
1.42441e-02
1.22093e-02
7.19743e-03
1.52576e-04
-5.62703e-03
-7.92471e-03
-6.55685e-03
-1.42309e-03
6.02147e-03
1.25933e-02
1.49352e-02
1.10431e-02
2.78032e-03
-5.53319e-03
-1.14321e-02
-1.51718e-02
-1.83403e-02
-2.14231e-02
-2.30045e-02
-2.17219e-02
-1.86501e-02
-1.61052e-02
-1.52455e-02
-1.49603e-02
-1.40547e-02
-1.28158e-02
-1.25967e-02
-1.38491e-02
-1.54970e-02
-1.64622e-02
-1.65148e-02
-1.46759e-02
-1.02201e-02
-3.05700e-03
6.39069e-03
1.58388e-02
2.16871e-02
2.18246e-02
1.61894e-02
6.47344e-03
-3.48824e-03
-9.37611e-03
-9.87765e-03
-7.60544e-03
-5.00700e-03
-3.19847e-03
-3.24960e-03
-5.04944e-03
-6.95204e-03
-7.81472e-03
-7.56554e-03
-6.97116e-03
-7.33600e-03
-9.78751e-03
-1.33896e-02
-1.74919e-02
-2.16570e-02
-2.45580e-02
-2.46414e-02
-2.16353e-02
-1.58067e-02
-7.89775e-03
8.83998e-04
7.80935e-03
1.00934e-02
6.62781e-03
-1.26599e-03
-1.17491e-02
-2.09750e-02
-2.54491e-02
-2.38359e-02
-1.77475e-02
-9.12314e-03
6.55917e-04
8.14571e-03
1.12467e-02
9.18721e-03
2.72166e-03
-4.24866e-03
-8.83488e-03
-9.85877e-03
-7.22037e-03
-2.60032e-03
2.43030e-03
8.75071e-03
1.72267e-02
2.49595e-02
2.91514e-02
2.89716e-02
2.54799e-02
2.14817e-02
1.95197e-02
2.14459e-02
2.69389e-02
3.33023e-02
3.77446e-02
3.71608e-02
3.09614e-02
2.04688e-02
8.66190e-03
-1.01686e-03
-6.11805e-03
-7.00580e-03
-3.19509e-03
5.81409e-03
1.84317e-02
3.13254e-02
4.10879e-02
4.41596e-02
3.91397e-02
2.84690e-02
1.61495e-02
6.52901e-03
4.47568e-03
1.05977e-02
1.98363e-02
2.72232e-02
3.03924e-02
2.76547e-02
1.99287e-02
1.13776e-02
6.29645e-03
6.65997e-03
1.12857e-02
1.72147e-02
2.23268e-02
2.50174e-02
2.41087e-02
2.02164e-02
1.51410e-02
9.18467e-03
4.20194e-03
9.05766e-04
-9.42673e-04
-2.74508e-04
2.90535e-03
8.64427e-03
1.65345e-02
2.42463e-02
2.90048e-02
3.02208e-02
2.96041e-02
2.88314e-02
2.87284e-02
2.91141e-02
2.84562e-02
2.56217e-02
2.21634e-02
1.88278e-02
1.52740e-02
1.12741e-02
6.85636e-03
1.06601e-03
-5.48369e-03
-1.01718e-02
-1.07190e-02
-7.26809e-03
-1.22110e-03
5.36184e-03
9.92534e-03
1.14749e-02
1.10028e-02
9.00439e-03
5.95461e-03
4.16537e-03
5.56390e-03
8.74725e-03
1.21033e-02
1.36398e-02
1.27117e-02
1.00361e-02
6.10020e-03
7.65780e-04
-5.42303e-03
-1.11235e-02
-1.50009e-02
-1.64479e-02
-1.55343e-02
-1.42931e-02
-1.36182e-02
-1.11660e-02
-6.36488e-03
-1.44887e-03
1.22304e-03
6.49865e-04
-3.81022e-03
-1.05088e-02
-1.69084e-02
-2.09003e-02
-2.19762e-02
-1.95869e-02
-1.34571e-02
-3.98300e-03
6.14648e-03
1.28580e-02
1.30839e-02
6.78298e-03
-2.07282e-03
-1.02965e-02
-1.48403e-02
-1.30980e-02
-5.84344e-03
3.89056e-03
1.25638e-02
1.74434e-02
1.74595e-02
1.37335e-02
7.73872e-03
2.14340e-03
2.67156e-04
1.87306e-03
5.22513e-03
9.10584e-03
1.19915e-02
1.20687e-02
9.00526e-03
4.09619e-03
-1.07512e-03
-5.64257e-03
-7.87013e-03
-6.46172e-03
-2.32440e-03
2.81817e-03
8.46515e-03
1.33940e-02
1.41765e-02
1.00741e-02
3.67375e-03
-3.26179e-03
-9.66946e-03
-1.38793e-02
-1.45353e-02
-1.25999e-02
-9.73031e-03
-5.51103e-03
-1.65746e-04
4.26010e-03
4.41219e-03
-6.81265e-04
-8.47500e-03
-1.40943e-02
-1.50154e-02
-1.30049e-02
-1.02301e-02
-8.00674e-03
-7.73673e-03
-9.49050e-03
-1.16105e-02
-1.26842e-02
-1.17955e-02
-8.07030e-03
-2.05139e-03
3.57628e-03
6.53626e-03
6.79377e-03
5.13111e-03
1.38327e-03
-4.18252e-03
-1.00832e-02
-1.44940e-02
-1.57941e-02
-1.42654e-02
-1.13777e-02
-7.87556e-03
-4.13837e-03
-3.49671e-04
3.13673e-03
5.44327e-03
6.22117e-03
5.04838e-03
6.86018e-04
-6.35060e-03
-1.35655e-02
-1.88054e-02
-2.11463e-02
-2.06945e-02
-1.74949e-02
-1.14316e-02
-3.79033e-03
2.73592e-03
6.07116e-03
6.46409e-03
5.13671e-03
2.65310e-03
1.27219e-04
-1.00952e-03
-1.47005e-03
-2.05330e-03
-3.12905e-03
-5.52625e-03
-9.37505e-03
-1.35748e-02
-1.64202e-02
-1.68668e-02
-1.48196e-02
-1.09138e-02
-6.24366e-03
-1.95689e-03
4.36299e-04
-4.80848e-04
-4.84582e-03
-1.25733e-02
-2.14235e-02
-2.94684e-02
-3.59444e-02
-4.02534e-02
-4.12959e-02
-3.84615e-02
-3.26628e-02
-2.64351e-02
-2.39928e-02
-2.61350e-02
-2.99515e-02
-3.22172e-02
-3.21516e-02
-2.98086e-02
-2.65067e-02
-2.23419e-02
-1.84699e-02
-1.55837e-02
-1.51450e-02
-1.77282e-02
-2.11383e-02
-2.53514e-02
-3.05624e-02
-3.46143e-02
-3.74600e-02
-3.93028e-02
-4.12246e-02
-4.33113e-02
-4.68539e-02
-5.00629e-02
-5.07590e-02
-4.88141e-02
-4.34168e-02
-3.53678e-02
-2.74975e-02
-2.39392e-02
-2.56934e-02
-3.05992e-02
-3.70118e-02
-4.34583e-02
-4.68137e-02
-4.46477e-02
-3.91822e-02
-3.30701e-02
-2.73603e-02
-2.45691e-02
-2.69066e-02
-3.31250e-02
-3.98401e-02
-4.42341e-02
-4.53290e-02
-4.31125e-02
-3.74467e-02
-2.93676e-02
-2.10646e-02
-1.58812e-02
-1.52141e-02
-1.78709e-02
-2.33832e-02
-3.10480e-02
-3.90993e-02
-4.70116e-02
-5.36662e-02
-5.67854e-02
-5.47567e-02
-4.80198e-02
-3.78522e-02
-2.67747e-02
-1.86775e-02
-1.52650e-02
-1.59409e-02
-1.95963e-02
-2.52859e-02
-3.07254e-02
-3.38207e-02
-3.34659e-02
-2.98935e-02
-2.54233e-02
-2.25059e-02
-2.24223e-02
-2.46325e-02
-2.76580e-02
-3.03422e-02
-3.16851e-02
-3.03919e-02
-2.66692e-02
-2.14780e-02
-1.49850e-02
-7.36750e-03
-2.67870e-04
5.06155e-03
7.64059e-03
6.96842e-03
4.46100e-03
1.94497e-03
1.02523e-03
9.94072e-04
3.02709e-04
-1.51914e-03
-4.80230e-03
-6.83822e-03
-6.79536e-03
-4.55486e-03
-1.61934e-03
2.42005e-03
6.52815e-03
8.69344e-03
7.71618e-03
3.83636e-03
-2.30762e-03
-8.05635e-03
-1.18239e-02
-1.26103e-02
-1.09053e-02
-7.24297e-03
-9.67804e-04
7.10660e-03
1.60692e-02
2.40486e-02
2.82034e-02
2.61713e-02
1.88156e-02
9.05353e-03
3.79332e-04
-5.52061e-03
-7.46714e-03
-5.32765e-03
9.52545e-05
7.67466e-03
1.52398e-02
1.93120e-02
1.84123e-02
1.40957e-02
8.79529e-03
4.14566e-03
1.04476e-03
4.97063e-04
2.84062e-03
7.80990e-03
1.42849e-02
2.03930e-02
2.38764e-02
2.32039e-02
1.92483e-02
1.47806e-02
1.16352e-02
1.12366e-02
1.52521e-02
2.31483e-02
3.19800e-02
3.82711e-02
3.97075e-02
3.58897e-02
2.89710e-02
2.13983e-02
1.46291e-02
9.05849e-03
5.65429e-03
5.52424e-03
9.12323e-03
1.53455e-02
2.24773e-02
2.84094e-02
3.09146e-02
2.92204e-02
2.37393e-02
1.56428e-02
8.05561e-03
3.99592e-03
3.73831e-03
6.20637e-03
9.22901e-03
1.16936e-02
1.31487e-02
1.34224e-02
1.31871e-02
1.29735e-02
1.30779e-02
1.36213e-02
1.55265e-02
1.88300e-02
2.18378e-02
2.29119e-02
2.12841e-02
1.74870e-02
1.39939e-02
1.14179e-02
1.09027e-02
1.22775e-02
1.36821e-02
1.42326e-02
1.39400e-02
1.34200e-02
1.31079e-02
1.31375e-02
1.33369e-02
1.35787e-02
1.47792e-02
1.66622e-02
1.79245e-02
1.83076e-02
1.81184e-02
1.89773e-02
2.08347e-02
2.32309e-02
2.55788e-02
2.69060e-02
2.71291e-02
2.58369e-02
2.36327e-02
2.11779e-02
1.89955e-02
1.77630e-02
1.65736e-02
1.50159e-02
1.37147e-02
1.30746e-02
1.29367e-02
1.29209e-02
1.19988e-02
1.01652e-02
8.53500e-03
7.12619e-03
6.32372e-03
6.78000e-03
8.53372e-03
1.08945e-02
1.26624e-02
1.39372e-02
1.53184e-02
1.65123e-02
1.71649e-02
1.73592e-02
1.80098e-02
1.88184e-02
1.79613e-02
1.54240e-02
1.23510e-02
1.03062e-02
9.66436e-03
8.59942e-03
5.70639e-03
1.17729e-03
-3.22507e-03
-5.10293e-03
-3.92342e-03
-2.44049e-04
5.87452e-03
1.24517e-02
1.66100e-02
1.69206e-02
1.38507e-02
9.05405e-03
4.79056e-03
2.02111e-03
3.80472e-04
-4.56837e-04
-7.78662e-04
-9.31645e-04
-1.11201e-03
-2.02812e-03
-4.55246e-03
-8.65308e-03
-1.34338e-02
-1.74288e-02
-1.87482e-02
-1.66446e-02
-1.14199e-02
-3.83491e-03
5.59334e-03
1.47277e-02
2.10340e-02
2.34287e-02
2.18112e-02
1.65872e-02
9.37012e-03
3.22280e-03
-2.45931e-04
-3.37369e-04
2.85903e-03
7.08837e-03
1.03856e-02
1.14137e-02
8.90057e-03
2.22612e-03
-7.43337e-03
-1.65458e-02
-2.19848e-02
-2.26642e-02
-1.96927e-02
-1.40135e-02
-6.81296e-03
-6.98236e-04
1.86351e-03
-3.88726e-04
-6.91043e-03
-1.48850e-02
-2.02691e-02
-2.07316e-02
-1.66951e-02
-1.09672e-02
-5.72101e-03
-3.10448e-03
-4.53953e-03
-8.95631e-03
-1.43102e-02
-1.92139e-02
-2.33483e-02
-2.61827e-02
-2.62604e-02
-2.28283e-02
-1.61974e-02
-7.56410e-03
6.19458e-04
5.11673e-03
4.37999e-03
-5.54884e-04
-7.58271e-03
-1.37252e-02
-1.67255e-02
-1.63553e-02
-1.33615e-02
-8.99122e-03
-4.97805e-03
-3.32107e-03
-5.06391e-03
-9.31832e-03
-1.38897e-02
-1.66387e-02
-1.70809e-02
-1.58961e-02
-1.42266e-02
-1.34287e-02
-1.30617e-02
-1.26206e-02
-1.22879e-02
-1.25764e-02
-1.44092e-02
-1.70138e-02
-1.76744e-02
-1.46349e-02
-8.34680e-03
-2.92089e-04
8.51217e-03
1.58243e-02
1.90410e-02
1.75795e-02
1.30681e-02
8.35125e-03
5.67236e-03
5.36947e-03
6.23228e-03
6.96926e-03
6.53624e-03
4.62309e-03
1.90499e-03
-1.32160e-03
-5.11114e-03
-8.81239e-03
-1.08038e-02
-9.60016e-03
-5.16230e-03
1.89487e-03
1.00497e-02
1.71156e-02
2.12831e-02
2.12889e-02
1.72537e-02
1.07007e-02
4.02626e-03
-1.15952e-03
-4.17073e-03
-4.38568e-03
-2.09358e-03
2.89514e-03
9.93328e-03
1.68414e-02
2.22078e-02
2.53799e-02
2.57277e-02
2.39506e-02
2.09104e-02
1.70698e-02
1.29503e-02
9.67460e-03
8.81796e-03
1.02872e-02
1.24827e-02
1.31429e-02
1.15779e-02
8.14803e-03
4.17098e-03
1.60151e-03
9.56211e-04
2.16879e-03
5.13681e-03
9.28302e-03
1.37635e-02
1.74535e-02
1.86685e-02
1.66213e-02
1.22654e-02
7.23447e-03
2.59747e-03
-8.10378e-04
-2.36686e-03
-1.14696e-03
3.02062e-03
7.21739e-03
9.29116e-03
9.90288e-03
1.06463e-02
1.22797e-02
1.47544e-02
1.81842e-02
2.16948e-02
2.38337e-02
2.28666e-02
1.77412e-02
1.07739e-02
5.17013e-03
2.74615e-03
3.57849e-03
6.92968e-03
1.20634e-02
1.75569e-02
2.24122e-02
2.57978e-02
2.66279e-02
2.37088e-02
1.70398e-02
8.08581e-03
2.17957e-05
-4.33145e-03
-4.26966e-03
-9.31458e-04
4.42782e-03
9.87616e-03
1.30926e-02
1.29698e-02
9.85314e-03
5.13268e-03
2.30114e-04
-4.17842e-03
-6.87086e-03
-7.03223e-03
-4.44806e-03
1.14653e-03
8.37082e-03
1.42678e-02
1.61860e-02
1.29820e-02
5.59734e-03
-3.05495e-03
-1.01025e-02
-1.41700e-02
-1.44467e-02
-1.13296e-02
-5.78569e-03
-2.60866e-04
2.64248e-03
3.77703e-03
3.71753e-03
3.62576e-03
4.47614e-03
5.65650e-03
6.44344e-03
5.60321e-03
2.66488e-03
-9.24321e-04
-4.02138e-03
-6.15418e-03
-5.19903e-03
-1.73659e-03
2.30778e-03
5.40457e-03
7.51422e-03
9.04766e-03
8.97341e-03
6.53416e-03
2.33584e-03
-1.50157e-03
-3.42520e-03
-4.49377e-03
-4.78931e-03
-4.11546e-03
-4.20505e-03
-5.57352e-03
-7.12077e-03
-7.97548e-03
-8.01831e-03
-7.64542e-03
-6.42170e-03
-4.56136e-03
-2.33150e-03
-1.03688e-03
-1.45660e-03
-2.54199e-03
-3.33008e-03
-3.42948e-03
-3.20632e-03
-2.94209e-03
-2.83636e-03
-1.85033e-03
1.10328e-03
5.55743e-03
1.03325e-02
1.40381e-02
1.56283e-02
1.56063e-02
1.38438e-02
1.14983e-02
8.99632e-03
5.78370e-03
1.84711e-03
-1.37256e-03
-1.52343e-03
2.69225e-03
8.37020e-03
1.28289e-02
1.52319e-02
1.43163e-02
1.05172e-02
4.28629e-03
-2.58698e-03
-8.17453e-03
-1.01245e-02
-8.83551e-03
-6.95469e-03
-3.81938e-03
-3.16159e-04
1.62122e-03
3.05553e-03
3.40856e-03
3.62708e-03
4.63788e-03
5.54597e-03
6.01896e-03
5.89537e-03
5.73096e-03
6.66044e-03
8.55926e-03
8.85672e-03
8.57220e-03
7.80816e-03
7.59468e-03
7.47473e-03
6.59292e-03
5.71345e-03
5.19844e-03
5.14411e-03
5.27604e-03
5.31572e-03
5.19082e-03
5.08341e-03
6.13369e-03
8.02586e-03
1.05047e-02
1.28490e-02
1.38402e-02
1.26108e-02
7.83878e-03
3.61835e-05
-7.04264e-03
-1.01616e-02
-9.51765e-03
-5.51584e-03
-5.85552e-04
4.20478e-03
7.65805e-03
8.61620e-03
6.74571e-03
2.73183e-03
-2.02377e-03
-6.28129e-03
-8.33390e-03
-6.35160e-03
-1.81704e-03
3.88941e-03
9.78411e-03
1.45612e-02
1.70487e-02
1.60598e-02
1.22861e-02
7.90352e-03
6.06069e-03
7.15090e-03
9.29436e-03
1.16343e-02
1.35388e-02
1.51105e-02
1.54442e-02
1.42220e-02
1.16985e-02
8.18031e-03
5.33308e-03
3.96883e-03
2.92204e-03
1.63703e-03
7.15450e-04
5.40035e-04
2.18113e-03
5.78823e-03
1.03136e-02
1.33836e-02
1.29153e-02
9.03820e-03
3.67996e-03
-1.22712e-03
-4.19760e-03
-5.66450e-03
-5.20203e-03
-2.28661e-03
2.27843e-03
7.12313e-03
1.12945e-02
1.33648e-02
1.21388e-02
8.63746e-03
5.04486e-03
2.40723e-03
1.10789e-03
9.61535e-04
1.23409e-03
1.39795e-03
1.75117e-03
2.96861e-03
4.95874e-03
7.78581e-03
1.11551e-02
1.36885e-02
1.46763e-02
1.45386e-02
1.40921e-02
1.33879e-02
1.15761e-02
8.64231e-03
6.04886e-03
4.81109e-03
4.78637e-03
5.23703e-03
6.15582e-03
8.34459e-03
1.14061e-02
1.43782e-02
1.67581e-02
1.65779e-02
1.20957e-02
3.91590e-03
-5.11585e-03
-1.23181e-02
-1.63345e-02
-1.60903e-02
-1.10451e-02
-2.74490e-03
6.58428e-03
1.41128e-02
1.70611e-02
1.35287e-02
4.54540e-03
-6.41425e-03
-1.50887e-02
-1.89670e-02
-1.73584e-02
-1.17121e-02
-3.28972e-03
5.61967e-03
1.16268e-02
1.35528e-02
1.19177e-02
7.14277e-03
8.74477e-04
-4.86444e-03
-8.53719e-03
-9.72364e-03
-7.74219e-03
-3.86150e-03
-9.68152e-04
-1.95227e-04
-8.65129e-04
-1.71390e-03
-2.00996e-03
-1.80114e-03
-2.29562e-03
-3.87026e-03
-5.35713e-03
-6.15293e-03
-6.30061e-03
-7.21308e-03
-7.80359e-03
-7.30099e-03
-7.61530e-03
-9.16139e-03
-1.18695e-02
-1.58045e-02
-1.91218e-02
-2.05240e-02
-1.81331e-02
-1.36010e-02
-8.23430e-03
-3.67642e-03
-1.76173e-03
-1.85610e-03
-2.76047e-03
-5.64076e-03
-1.18525e-02
-2.03963e-02
-2.75919e-02
-3.16868e-02
-3.22266e-02
-2.78431e-02
-2.08544e-02
-1.42611e-02
-9.65942e-03
-7.77823e-03
-9.19820e-03
-1.30855e-02
-1.79510e-02
-2.25578e-02
-2.64429e-02
-2.85345e-02
-2.77344e-02
-2.44852e-02
-2.10115e-02
-1.79286e-02
-1.49170e-02
-1.26369e-02
-1.16655e-02
-1.16276e-02
-1.19170e-02
-1.25325e-02
-1.39454e-02
-1.54739e-02
-1.63418e-02
-1.68993e-02
-1.81324e-02
-1.96796e-02
-2.06868e-02
-2.04300e-02
-1.81953e-02
-1.42241e-02
-1.04488e-02
-9.17888e-03
-1.09098e-02
-1.47547e-02
-1.94655e-02
-2.26811e-02
-2.29122e-02
-1.99562e-02
-1.38604e-02
-6.27834e-03
-2.71820e-04
1.68659e-03
-4.06358e-05
-4.03682e-03
-8.68506e-03
-1.23717e-02
-1.45544e-02
-1.44803e-02
-1.27518e-02
-1.11449e-02
-9.73691e-03
-9.32270e-03
-1.03872e-02
-1.34848e-02
-1.76919e-02
-2.05694e-02
-2.13882e-02
-1.99072e-02
-1.64937e-02
-1.29090e-02
-1.10015e-02
-1.08237e-02
-1.14223e-02
-1.06975e-02
-7.63229e-03
-3.94832e-03
-6.35467e-04
1.75166e-03
2.60442e-03
3.49015e-03
3.74042e-03
2.99274e-03
2.14222e-03
6.30034e-04
-1.22702e-03
-2.28166e-03
-1.15024e-03
2.34134e-03
6.29221e-03
1.06448e-02
1.42907e-02
1.56965e-02
1.41889e-02
1.02969e-02
5.44962e-03
9.49216e-04
-1.55866e-03
-7.02963e-04
2.79586e-03
6.50966e-03
9.62039e-03
1.25845e-02
1.47274e-02
1.51407e-02
1.31652e-02
9.71437e-03
6.40466e-03
3.45483e-03
6.07023e-04
-1.35324e-03
-1.21922e-03
1.70519e-03
5.75852e-03
9.23974e-03
1.11437e-02
1.21811e-02
1.34589e-02
1.47786e-02
1.49148e-02
1.35281e-02
1.17601e-02
1.00832e-02
8.33873e-03
6.40984e-03
4.32330e-03
3.53963e-03
4.59854e-03
7.20435e-03
1.00869e-02
1.26277e-02
1.36632e-02
1.19578e-02
9.71818e-03
9.13581e-03
8.99241e-03
7.35983e-03
3.52310e-03
-5.16095e-04
-2.73645e-03
-2.99358e-03
-2.34759e-03
-1.83207e-03
-2.88795e-03
-3.95957e-03
-3.66252e-03
-1.57105e-03
2.41258e-03
7.13655e-03
1.06658e-02
1.18098e-02
1.11820e-02
9.14033e-03
6.82195e-03
4.57873e-03
2.92312e-03
2.59305e-03
3.96657e-03
5.95175e-03
7.09593e-03
6.70612e-03
4.31414e-03
7.83794e-04
-1.95859e-03
-2.91073e-03
-2.53821e-03
-9.16456e-04
2.30363e-03
6.24600e-03
9.47897e-03
1.11162e-02
1.05382e-02
7.13107e-03
2.05294e-03
-1.82338e-03
-3.83824e-03
-4.20773e-03
-2.56312e-03
1.14049e-03
5.05124e-03
8.17377e-03
1.02793e-02
1.12015e-02
1.13684e-02
1.22023e-02
1.39779e-02
1.56151e-02
1.64624e-02
1.75534e-02
1.80081e-02
1.71997e-02
1.62134e-02
1.45357e-02
1.26487e-02
1.26349e-02
1.43993e-02
1.61125e-02
1.79697e-02
1.93711e-02
1.83698e-02
1.39196e-02
8.13724e-03
1.98833e-03
-4.70411e-03
-9.82672e-03
-1.19813e-02
-1.19274e-02
-1.08376e-02
-8.85437e-03
-5.14844e-03
1.33471e-04
5.04962e-03
8.46790e-03
9.59972e-03
7.28385e-03
1.69634e-03
-4.95269e-03
-9.71476e-03
-1.01593e-02
-5.73135e-03
1.49536e-03
8.47248e-03
1.35243e-02
1.56988e-02
1.37142e-02
8.82038e-03
3.15514e-03
-3.15406e-03
-9.18193e-03
-1.29937e-02
-1.42162e-02
-1.39620e-02
-1.26321e-02
-1.08980e-02
-8.93638e-03
-6.99750e-03
-5.95299e-03
-5.78181e-03
-5.99702e-03
-5.10639e-03
-3.22516e-03
-1.74779e-03
-1.26270e-03
-1.49879e-03
-1.88983e-03
-2.08727e-03
-2.31431e-03
-3.53679e-03
-5.34968e-03
-6.56928e-03
-6.93200e-03
-6.69812e-03
-6.14400e-03
-4.75432e-03
-3.14326e-03
-2.27518e-03
-2.68219e-03
-4.93254e-03
-8.78083e-03
-1.24300e-02
-1.36343e-02
-1.21574e-02
-9.25724e-03
-6.76229e-03
-5.83724e-03
-6.12953e-03
-6.78081e-03
-7.09035e-03
-6.97948e-03
-6.68916e-03
-7.25986e-03
-9.64475e-03
-1.29531e-02
-1.44841e-02
-1.35138e-02
-1.16518e-02
-1.04972e-02
-1.12802e-02
-1.35378e-02
-1.54626e-02
-1.61265e-02
-1.39299e-02
-9.67768e-03
-5.24761e-03
-3.34562e-03
-5.60443e-03
-9.40439e-03
-1.29245e-02
-1.51936e-02
-1.57925e-02
-1.53793e-02
-1.37241e-02
-1.05106e-02
-7.38412e-03
-5.91316e-03
-5.92599e-03
-6.80996e-03
-8.54545e-03
-1.03627e-02
-1.14993e-02
-1.24757e-02
-1.20927e-02
-9.77047e-03
-6.77697e-03
-3.99093e-03
-1.77308e-03
1.43786e-04
1.54421e-03
1.63605e-03
1.98249e-04
-1.68046e-03
-3.40552e-03
-5.09905e-03
-6.34640e-03
-8.25600e-03
-1.14674e-02
-1.45087e-02
-1.60511e-02
-1.61928e-02
-1.57097e-02
-1.53603e-02
-1.53648e-02
-1.56845e-02
-1.60307e-02
-1.62304e-02
-1.61569e-02
-1.50872e-02
-1.22832e-02
-8.95012e-03
-4.96676e-03
-8.59355e-04
1.81712e-03
3.81055e-03
5.50839e-03
5.28097e-03
3.55863e-03
1.03019e-03
-1.30033e-03
-3.44750e-03
-5.31885e-03
-6.23953e-03
-6.42383e-03
-6.26227e-03
-6.17020e-03
-6.22305e-03
-6.35589e-03
-6.21906e-03
-4.95117e-03
-2.80297e-03
-2.54977e-04
1.89455e-03
2.79564e-03
2.77764e-03
2.40831e-03
2.23955e-03
2.30973e-03
2.51688e-03
2.56741e-03
2.49749e-03
2.62116e-03
3.85033e-03
5.61888e-03
6.48719e-03
5.41940e-03
3.27451e-03
1.24231e-03
-6.72093e-04
-2.09059e-03
-2.23509e-03
-8.11382e-04
1.02904e-03
2.06102e-03
2.12712e-03
1.65979e-03
6.90228e-04
-1.07069e-03
-3.40139e-03
-5.27814e-03
-5.56715e-03
-3.91529e-03
-5.08604e-04
3.93853e-03
9.42735e-03
1.46394e-02
1.75300e-02
1.80286e-02
1.55126e-02
1.13640e-02
8.25420e-03
7.19343e-03
7.66943e-03
1.07260e-02
1.48883e-02
1.73238e-02
1.77036e-02
1.69185e-02
1.62339e-02
1.60208e-02
1.61795e-02
1.52607e-02
1.23568e-02
9.04168e-03
7.06862e-03
6.35997e-03
5.50793e-03
4.14317e-03
3.10247e-03
2.84487e-03
3.89054e-03
4.80849e-03
5.59349e-03
6.50086e-03
7.05524e-03
7.23276e-03
7.16960e-03
7.09661e-03
7.09035e-03
7.15399e-03
7.21610e-03
7.24966e-03
7.23730e-03
7.26769e-03
8.27254e-03
1.13508e-02
1.58578e-02
2.07952e-02
2.39869e-02
2.34185e-02
2.00038e-02
1.56573e-02
1.07462e-02
5.62710e-03
1.37053e-03
-1.03231e-03
-6.33094e-04
2.63009e-03
6.43273e-03
8.84659e-03
9.84850e-03
9.24220e-03
7.90177e-03
6.49730e-03
4.28117e-03
1.31586e-03
-1.00224e-03
-1.96604e-03
-1.88316e-03
-1.51646e-03
-1.29742e-03
-6.66065e-04
1.44720e-03
4.47612e-03
6.83586e-03
7.67446e-03
6.74566e-03
3.93912e-03
4.69864e-04
-3.26580e-03
-7.16196e-03
-9.99248e-03
-1.10067e-02
-1.00726e-02
-7.24944e-03
-3.84579e-03
-8.47574e-04
2.10633e-03
4.97464e-03
6.83673e-03
7.35393e-03
5.32393e-03
1.52807e-03
-1.44787e-03
-2.49265e-03
-2.04157e-03
-3.94233e-04
1.70425e-03
2.93283e-03
2.25242e-03
1.04392e-04
-1.78092e-03
-4.34101e-03
-6.75854e-03
-8.33386e-03
-8.58239e-03
-6.53269e-03
-3.49289e-03
-4.47747e-04
2.69800e-03
4.49902e-03
3.30585e-03
4.13445e-04
-1.87512e-03
-2.54728e-03
-2.08337e-03
-1.41184e-03
-2.67175e-04
2.25247e-03
5.24352e-03
7.20981e-03
7.67676e-03
6.07645e-03
2.45799e-03
-9.96965e-04
-2.60891e-03
-2.51832e-03
-1.79660e-03
-1.25326e-03
-1.24259e-03
-2.71029e-03
-6.15286e-03
-9.60383e-03
-1.01137e-02
-6.97658e-03
-2.94396e-03
-5.87900e-04
7.18858e-04
1.75014e-03
2.31166e-03
2.54852e-03
1.49209e-03
-3.36310e-04
-1.71507e-03
-2.19965e-03
-2.05840e-03
-1.73777e-03
-1.34899e-03
-9.93008e-05
1.81973e-03
3.99019e-03
4.78265e-03
3.61456e-03
1.13066e-03
-1.31853e-03
-2.37651e-03
-1.92649e-03
3.39177e-04
3.85798e-03
6.82533e-03
7.98378e-03
7.79141e-03
7.13159e-03
6.29594e-03
3.77959e-03
-5.40027e-05
-4.54211e-03
-7.13315e-03
-5.86758e-03
-2.67181e-03
9.62165e-04
4.40681e-03
6.19857e-03
4.22350e-03
1.36049e-05
-4.31604e-03
-8.06068e-03
-1.02862e-02
-1.08682e-02
-1.05408e-02
-9.22353e-03
-6.24093e-03
-3.04683e-03
-1.79517e-03
-3.04366e-03
-5.22819e-03
-6.11219e-03
-4.80951e-03
-2.56282e-03
-1.07246e-03
-7.66591e-04
-1.27769e-03
-2.79859e-03
-6.01039e-03
-9.36967e-03
-1.11649e-02
-1.13076e-02
-1.02453e-02
-8.35976e-03
-7.16245e-03
-7.93156e-03
-9.76001e-03
-1.11128e-02
-1.14649e-02
-1.10564e-02
-9.61744e-03
-6.41121e-03
-2.03009e-03
2.77496e-03
6.39900e-03
7.77870e-03
6.98830e-03
4.09282e-03
-8.59245e-04
-6.45154e-03
-1.02276e-02
-1.13247e-02
-1.00295e-02
-6.86740e-03
-3.38822e-03
-1.30702e-03
-9.54071e-04
-1.49399e-03
-2.03930e-03
-2.22480e-03
-2.78841e-03
-4.84596e-03
-7.90261e-03
-1.02538e-02
-1.03801e-02
-7.75026e-03
-3.89831e-03
1.91641e-04
4.12471e-03
6.74530e-03
7.62506e-03
7.37580e-03
5.59681e-03
2.31882e-03
-5.97548e-04
-1.89172e-03
-1.79348e-03
-1.19541e-03
-1.61066e-04
1.32221e-03
1.84909e-03
3.13121e-05
-3.95789e-03
-8.25422e-03
-1.15457e-02
-1.43555e-02
-1.62458e-02
-1.57296e-02
-1.32043e-02
-9.40574e-03
-5.09770e-03
-2.06958e-03
-1.03302e-03
-1.33215e-03
-1.93781e-03
-3.69092e-03
-6.12611e-03
-7.19669e-03
-6.01799e-03
-3.46627e-03
-1.40064e-03
-6.84285e-04
-1.01649e-03
-1.57579e-03
-1.84741e-03
-1.72793e-03
-1.46359e-03
-1.25887e-03
-1.23199e-03
-1.30112e-03
-1.39923e-03
-1.46749e-03
-2.17702e-03
-3.75068e-03
-5.27407e-03
-5.33638e-03
-3.75796e-03
-1.89083e-03
-9.01571e-04
-8.76023e-04
-1.34575e-03
-2.43967e-03
-5.03764e-03
-8.23954e-03
-1.03743e-02
-1.09488e-02
-1.05485e-02
-9.99254e-03
-9.09214e-03
-6.94656e-03
-4.03479e-03
-1.88770e-03
-2.49639e-03
-5.89099e-03
-9.50361e-03
-1.19663e-02
-1.34749e-02
-1.34719e-02
-1.13247e-02
-7.42739e-03
-3.51417e-03
-1.32790e-03
-2.58156e-03
-6.56934e-03
-1.02555e-02
-1.17697e-02
-1.13223e-02
-8.54276e-03
-4.41580e-03
-1.47463e-03
-6.72873e-04
-1.31571e-03
-3.45922e-03
-6.96113e-03
-9.90618e-03
-1.11333e-02
-1.09122e-02
-9.57677e-03
-6.93956e-03
-3.83885e-03
-1.72404e-03
-1.23355e-03
-3.02254e-03
-6.72680e-03
-1.00228e-02
-1.21222e-02
-1.27313e-02
-1.19107e-02
-1.07825e-02
-1.02209e-02
-1.02802e-02
-1.06064e-02
-1.08349e-02
-1.08500e-02
-1.07140e-02
-9.71346e-03
-7.11923e-03
-3.93680e-03
-1.74792e-03
-1.08469e-03
-7.37225e-04
-3.14674e-04
-4.89626e-04
-1.09675e-03
-1.55083e-03
-9.56781e-04
1.50654e-03
4.94314e-03
7.47416e-03
8.31057e-03
7.98021e-03
7.34127e-03
5.67980e-03
3.21543e-03
1.87263e-03
2.04550e-03
3.52351e-03
5.66737e-03
7.29680e-03
7.79253e-03
7.03818e-03
4.68750e-03
1.39139e-03
-1.13967e-03
-1.52989e-03
6.76417e-04
4.42352e-03
8.27546e-03
1.16609e-02
1.26647e-02
1.07491e-02
8.02572e-03
5.54432e-03
2.63138e-03
4.49863e-04
5.04812e-04
1.51263e-03
1.80687e-03
1.92617e-03
2.29099e-03
3.04135e-03
4.59627e-03
6.27758e-03
7.23109e-03
7.37836e-03
6.83762e-03
5.04015e-03
2.18189e-03
9.19508e-04
2.73476e-03
6.04145e-03
9.40105e-03
1.13979e-02
1.06269e-02
8.32531e-03
6.02389e-03
2.94821e-03
7.44061e-05
1.04828e-05
2.86460e-03
6.56522e-03
9.86708e-03
1.27441e-02
1.38490e-02
1.42238e-02
1.48174e-02
1.54553e-02
1.47650e-02
1.29892e-02
1.15404e-02
1.21358e-02
1.42526e-02
1.70649e-02
1.84158e-02
1.75606e-02
1.61197e-02
1.50972e-02
1.26896e-02
9.12178e-03
6.72893e-03
5.96505e-03
6.34442e-03
6.83550e-03
7.07772e-03
8.01486e-03
9.73125e-03
1.20412e-02
1.44974e-02
1.57441e-02
1.58801e-02
1.45474e-02
1.33889e-02
1.27665e-02
1.29687e-02
1.31543e-02
1.24659e-02
1.23398e-02
1.33859e-02
1.47191e-02
1.54877e-02
1.46640e-02
1.35369e-02
1.35215e-02
1.33619e-02
1.16177e-02
8.83093e-03
6.65786e-03
5.91712e-03
6.20562e-03
6.76406e-03
7.74368e-03
9.96418e-03
1.29531e-02
1.52164e-02
1.60040e-02
1.57612e-02
1.52885e-02
1.50826e-02
1.47032e-02
1.30079e-02
1.00154e-02
7.36106e-03
6.14419e-03
6.18452e-03
6.67262e-03
6.97949e-03
6.88579e-03
6.57068e-03
6.33922e-03
6.33729e-03
6.45528e-03
6.58597e-03
6.61899e-03
6.30903e-03
4.86107e-03
2.90740e-03
1.95885e-03
3.05162e-03
5.00105e-03
5.43378e-03
5.22455e-03
5.44083e-03
5.62000e-03
4.66181e-03
2.90021e-03
6.07801e-04
-5.40504e-04
2.69729e-04
1.53951e-03
3.34412e-03
3.89516e-03
1.74530e-03
-1.49907e-03
-3.57687e-03
-4.90434e-03
-5.13499e-03
-4.11214e-03
-1.15331e-03
2.97602e-03
7.74085e-03
1.22334e-02
1.38584e-02
1.16745e-02
6.90670e-03
1.62450e-03
-2.14773e-03
-3.45817e-03
-3.13477e-03
-2.41526e-03
-1.46219e-03
5.72483e-04
3.34553e-03
6.16093e-03
8.54750e-03
9.29354e-03
8.06775e-03
5.59938e-03
2.86531e-03
4.75978e-04
-9.16065e-04
-1.15318e-04
2.58338e-03
5.69755e-03
8.31129e-03
9.86340e-03
9.75197e-03
7.56707e-03
3.59693e-03
-6.45801e-04
-3.42162e-03
-4.12950e-03
-3.69621e-03
-3.12551e-03
-3.04774e-03
-3.29593e-03
-3.12222e-03
-6.69339e-04
2.96041e-03
5.43633e-03
6.09454e-03
5.62942e-03
4.98747e-03
4.55175e-03
3.51142e-03
3.08889e-03
3.86088e-03
4.81944e-03
5.39992e-03
6.53336e-03
8.26758e-03
1.05009e-02
1.16151e-02
9.72980e-03
6.61833e-03
3.49410e-03
2.45830e-04
-3.42975e-03
-5.69021e-03
-5.60435e-03
-3.48499e-03
1.00539e-04
3.41033e-03
4.99713e-03
4.07405e-03
7.94075e-04
-2.81634e-03
-4.81464e-03
-4.98458e-03
-4.25118e-03
-2.93598e-03
-6.15994e-04
2.09979e-03
3.25729e-03
1.48630e-03
-2.03592e-03
-4.86380e-03
-5.82303e-03
-5.39364e-03
-4.64374e-03
-4.30497e-03
-4.49607e-03
-4.96542e-03
-5.34177e-03
-5.45430e-03
-5.35220e-03
-5.23980e-03
-5.66841e-03
-6.75930e-03
-7.15221e-03
-6.26420e-03
-3.87486e-03
-2.87858e-04
2.98239e-03
5.51946e-03
6.89487e-03
6.06589e-03
4.11960e-03
2.69975e-03
2.34372e-03
2.62752e-03
2.91446e-03
6.50652e-04
-3.44629e-03
-6.46409e-03
-7.44932e-03
-6.91703e-03
-5.15378e-03
-4.18301e-03
-5.04123e-03
-6.35986e-03
-7.26158e-03
-7.34243e-03
-7.04115e-03
-6.69331e-03
-5.80103e-03
-4.19734e-03
-2.90840e-03
-1.47483e-03
-7.01187e-04
-3.04533e-04
4.40149e-04
2.12745e-03
5.31622e-03
8.77810e-03
1.08284e-02
1.11379e-02
9.77636e-03
6.81187e-03
3.41724e-03
1.21640e-03
-6.71552e-05
-1.27947e-03
-1.66979e-03
-6.38794e-04
1.88849e-03
5.70135e-03
8.99663e-03
1.04348e-02
1.02742e-02
9.11845e-03
6.76806e-03
3.62982e-03
1.17174e-03
2.40971e-04
4.01354e-04
8.57915e-04
1.03578e-03
8.92382e-04
6.60868e-04
1.47966e-03
4.37840e-03
7.83631e-03
9.31782e-03
7.68747e-03
3.86479e-03
1.53951e-04
-2.29475e-03
-2.35878e-03
-7.60975e-04
6.63569e-04
1.09137e-03
7.13344e-04
1.60804e-04
-1.12997e-04
-4.69786e-05
1.71019e-04
5.17457e-05
-1.50856e-03
-4.78591e-03
-7.94013e-03
-9.42523e-03
-9.32966e-03
-8.66265e-03
-8.21476e-03
-8.26544e-03
-8.56330e-03
-8.44093e-03
-5.99290e-03
-2.21995e-03
4.16730e-04
2.28874e-03
3.65364e-03
3.20019e-03
1.45993e-03
8.11339e-05
-3.31525e-04
-1.44044e-05
4.14994e-04
6.06660e-04
5.04531e-04
3.07422e-04
1.61550e-04
1.51826e-04
2.06265e-04
2.83663e-04
3.01574e-04
3.03594e-04
2.67529e-04
1.37065e-04
-2.25940e-03
-6.23516e-03
-9.02083e-03
-9.88331e-03
-9.38452e-03
-8.71518e-03
-8.43664e-03
-8.66276e-03
-9.06256e-03
-9.43424e-03
-9.52606e-03
-9.47728e-03
-9.38221e-03
-1.02886e-02
-1.12294e-02
-1.19157e-02
-1.19209e-02
-1.08476e-02
-9.69289e-03
-9.06143e-03
-9.07850e-03
-9.38183e-03
-1.05999e-02
-1.25378e-02
-1.46458e-02
-1.53944e-02
-1.42960e-02
-1.31974e-02
-1.23634e-02
-1.12430e-02
-1.01600e-02
-9.57939e-03
-9.45484e-03
-1.02688e-02
-1.20323e-02
-1.37005e-02
-1.45029e-02
-1.51510e-02
-1.57523e-02
-1.62239e-02
-1.70483e-02
-1.73135e-02
-1.63126e-02
-1.49189e-02
-1.46918e-02
-1.53961e-02
-1.48480e-02
-1.25963e-02
-1.02027e-02
-8.94394e-03
-8.85913e-03
-9.32178e-03
-9.68223e-03
-9.72031e-03
-9.51652e-03
-9.30844e-03
-9.23862e-03
-1.06444e-02
-1.39596e-02
-1.72339e-02
-1.88737e-02
-1.89231e-02
-1.83197e-02
-1.72372e-02
-1.49792e-02
-1.20197e-02
-9.82107e-03
-9.02955e-03
-9.21823e-03
-9.66292e-03
-1.05827e-02
-1.21702e-02
-1.35790e-02
-1.35088e-02
-1.17204e-02
-8.42015e-03
-4.25398e-03
-1.16639e-03
-1.54970e-04
-1.93944e-03
-5.87305e-03
-1.07084e-02
-1.53020e-02
-1.81972e-02
-1.89877e-02
-1.79059e-02
-1.51813e-02
-1.19914e-02
-9.21932e-03
-7.12311e-03
-6.68070e-03
-8.01604e-03
-9.74278e-03
-1.07206e-02
-1.07691e-02
-1.03712e-02
-1.00388e-02
-1.00029e-02
-1.01698e-02
-1.03629e-02
-1.04460e-02
-1.03983e-02
-9.79177e-03
-8.17796e-03
-6.32400e-03
-4.83206e-03
-3.71773e-03
-3.82255e-03
-5.33010e-03
-7.75472e-03
-9.87288e-03
-1.11798e-02
-1.19562e-02
-1.17411e-02
-1.07633e-02
-8.99152e-03
-5.77415e-03
-2.51978e-03
-7.82701e-04
-6.38893e-04
-2.16219e-03
-5.58596e-03
-9.08290e-03
-1.08418e-02
-1.08717e-02
-9.68007e-03
-7.64805e-03
-5.88920e-03
-5.66965e-03
-7.27624e-03
-9.36721e-03
-1.05633e-02
-1.11238e-02
-1.20983e-02
-1.33590e-02
-1.37755e-02
-1.26062e-02
-9.83459e-03
-5.69312e-03
-1.53625e-03
1.58638e-03
2.82676e-03
1.65068e-03
-1.34227e-03
-5.55151e-03
-9.06363e-03
-1.04927e-02
-9.80293e-03
-7.16344e-03
-3.12971e-03
1.42995e-03
5.46086e-03
7.75235e-03
7.33710e-03
4.04206e-03
-6.89743e-04
-5.63189e-03
-9.12593e-03
-9.76328e-03
-7.41478e-03
-3.55095e-03
-6.65714e-04
1.89936e-04
-3.61583e-04
-1.10545e-03
-8.66151e-04
1.44082e-03
5.07867e-03
7.95151e-03
9.00350e-03
8.66584e-03
7.47282e-03
5.04907e-03
1.79551e-03
-1.56909e-03
-4.83519e-03
-6.04814e-03
-4.34007e-03
-7.82736e-04
3.76156e-03
7.37260e-03
8.77283e-03
8.53902e-03
7.82392e-03
6.78081e-03
4.60676e-03
1.70114e-03
-5.07048e-04
-1.30575e-03
-3.59033e-04
2.47455e-03
5.93996e-03
8.30654e-03
1.02811e-02
1.23212e-02
1.26142e-02
1.07877e-02
7.83502e-03
4.31041e-03
1.07482e-03
-7.91523e-04
-1.21346e-03
-9.06282e-04
-5.81478e-04
1.46010e-04
2.22943e-03
5.18756e-03
7.46216e-03
8.32261e-03
8.14863e-03
7.67542e-03
6.73057e-03
4.51913e-03
1.56846e-03
-6.33388e-04
-1.46230e-03
-1.94628e-03
-2.42940e-03
-2.22714e-03
-1.50611e-03
4.43970e-04
3.83860e-03
6.94905e-03
8.38178e-03
6.89420e-03
2.92213e-03
-2.11636e-03
-6.95183e-03
-9.88179e-03
-9.85636e-03
-6.92432e-03
-2.37312e-03
2.42037e-03
6.07358e-03
7.71021e-03
6.39749e-03
2.75211e-03
-6.11482e-04
-1.99809e-03
-1.62467e-03
6.38718e-04
4.33397e-03
7.38947e-03
7.93424e-03
5.38586e-03
1.47210e-03
-1.32846e-03
-2.05113e-03
-1.44938e-03
-6.60649e-04
-3.32345e-04
8.61415e-04
3.68068e-03
6.52966e-03
6.66546e-03
3.54625e-03
-1.55745e-03
-6.85241e-03
-1.01901e-02
-1.10067e-02
-1.03086e-02
-7.69276e-03
-3.92286e-03
-1.22353e-03
5.57484e-04
2.81637e-03
5.45215e-03
7.32993e-03
8.06926e-03
8.00226e-03
7.73166e-03
7.51388e-03
5.74116e-03
2.35998e-03
-4.49679e-04
-1.65863e-03
-1.43860e-03
9.26846e-05
3.12904e-03
6.24696e-03
8.04293e-03
8.29422e-03
7.74644e-03
5.46697e-03
1.87541e-03
-1.78151e-03
-5.43909e-03
-7.42948e-03
-6.15418e-03
-2.13676e-03
2.97658e-03
7.97763e-03
1.02909e-02
9.48901e-03
7.78093e-03
5.60360e-03
2.66331e-03
2.38006e-05
-1.08480e-03
1.13892e-03
5.38178e-03
8.26519e-03
9.03030e-03
8.27565e-03
7.39690e-03
5.82354e-03
4.13005e-03
4.30184e-03
6.22460e-03
7.94010e-03
9.73723e-03
1.02139e-02
9.05457e-03
5.42883e-03
-1.45386e-04
-4.68880e-03
-6.39940e-03
-4.83182e-03
3.42077e-04
6.08042e-03
1.13921e-02
1.54598e-02
1.69563e-02
1.40189e-02
6.90034e-03
6.65656e-05
-4.16193e-03
-5.34683e-03
-3.46298e-03
6.12634e-04
5.37100e-03
9.80967e-03
1.35918e-02
1.60498e-02
1.66179e-02
1.49202e-02
1.14577e-02
8.14799e-03
5.30405e-03
2.43738e-03
6.77845e-04
2.19678e-03
5.64573e-03
7.88160e-03
6.97746e-03
3.25718e-03
-4.65840e-04
-2.21368e-03
-2.02908e-03
-1.12835e-03
-4.61147e-04
5.38837e-04
3.18457e-03
6.34190e-03
8.74171e-03
1.05776e-02
1.13657e-02
1.03917e-02
8.15869e-03
5.03782e-03
1.66581e-03
-6.63106e-04
-1.38778e-03
-4.17333e-04
2.31205e-03
5.52773e-03
6.27658e-03
3.58106e-03
1.38592e-05
-2.07036e-03
-2.21769e-03
-1.37584e-03
3.15876e-05
1.06498e-03
7.31257e-04
-4.38497e-04
-1.38425e-03
-1.66778e-03
-1.39551e-03
-2.77211e-05
3.05777e-03
8.21184e-03
1.37334e-02
1.70384e-02
1.77966e-02
1.70139e-02
1.44152e-02
1.05799e-02
6.98273e-03
3.48307e-03
1.69704e-03
2.88023e-03
5.85008e-03
8.04768e-03
8.60788e-03
5.74264e-03
1.25757e-03
-1.76968e-03
-2.38249e-03
-1.50704e-03
1.86597e-03
7.29237e-03
1.29113e-02
1.65501e-02
1.74912e-02
1.46464e-02
1.00342e-02
4.79716e-03
3.73390e-04
-1.39089e-03
1.05846e-03
6.25511e-03
1.22171e-02
1.78254e-02
2.07716e-02
2.02497e-02
1.78505e-02
1.56252e-02
1.26362e-02
9.31855e-03
6.31475e-03
4.44892e-03
4.94699e-03
7.32176e-03
1.14147e-02
1.54979e-02
1.75090e-02
1.76205e-02
1.68939e-02
1.64171e-02
1.64373e-02
1.63065e-02
1.46800e-02
1.16412e-02
8.87609e-03
7.60533e-03
7.63188e-03
8.11983e-03
8.39598e-03
9.25716e-03
1.19556e-02
1.52294e-02
1.72022e-02
1.76026e-02
1.71333e-02
1.66249e-02
1.57324e-02
1.35118e-02
1.04768e-02
8.18051e-03
7.41349e-03
9.07351e-03
1.28685e-02
1.63103e-02
1.77530e-02
1.60918e-02
1.26637e-02
9.87136e-03
9.18624e-03
1.04420e-02
1.20513e-02
1.19565e-02
1.01564e-02
8.21801e-03
7.15942e-03
6.24992e-03
5.85728e-03
6.61167e-03
9.45312e-03
1.36623e-02
1.67048e-02
1.76827e-02
1.62092e-02
1.27114e-02
9.09969e-03
7.21175e-03
7.08728e-03
7.77026e-03
8.27070e-03
8.32823e-03
9.06848e-03
9.52182e-03
8.80313e-03
7.89714e-03
6.26311e-03
5.50403e-03
6.27334e-03
7.48535e-03
8.36189e-03
9.87238e-03
1.27335e-02
1.41098e-02
1.22684e-02
9.15511e-03
6.82526e-03
5.13557e-03
3.95361e-03
3.72932e-03
4.95205e-03
6.80672e-03
7.92989e-03
8.10577e-03
7.44468e-03
5.53065e-03
2.33272e-03
-5.01923e-04
-2.27066e-03
-3.63456e-03
-4.31601e-03
-3.51885e-03
-2.05135e-03
-5.22956e-04
1.70740e-03
4.64939e-03
6.05038e-03
4.08990e-03
5.44673e-04
-1.85207e-03
-2.38953e-03
-1.67057e-03
5.17212e-05
3.20860e-03
5.71027e-03
4.98415e-03
3.26431e-04
-6.09174e-03
-1.20256e-02
-1.58387e-02
-1.58321e-02
-1.16421e-02
-5.52384e-03
2.06622e-04
4.56199e-03
5.45056e-03
2.62920e-03
-2.27666e-03
-7.33368e-03
-1.04751e-02
-1.12044e-02
-1.05058e-02
-7.94556e-03
-4.16359e-03
-5.57244e-04
2.86455e-03
3.72368e-03
1.54194e-03
-1.19172e-03
-2.61381e-03
-2.53288e-03
-1.79351e-03
-1.24275e-03
-1.19251e-03
-1.47903e-03
-1.84322e-03
-3.18098e-03
-6.20377e-03
-9.48820e-03
-1.35526e-02
-1.75986e-02
-1.74658e-02
-1.38777e-02
-9.35458e-03
-5.01042e-03
-2.21080e-03
-1.47689e-03
-2.40772e-03
-5.53819e-03
-9.77243e-03
-1.44908e-02
-1.84529e-02
-2.01488e-02
-1.96351e-02
-1.63442e-02
-1.20461e-02
-8.15723e-03
-4.79516e-03
-2.66788e-03
-2.41646e-03
-3.94619e-03
-5.80884e-03
-6.26288e-03
-4.79653e-03
-3.60516e-03
-5.21532e-03
-8.44138e-03
-1.08837e-02
-1.16148e-02
-1.05010e-02
-7.46756e-03
-3.79567e-03
-1.40709e-03
-8.27340e-04
-1.32668e-03
-1.96778e-03
-3.58134e-03
-6.74798e-03
-1.11626e-02
-1.59363e-02
-1.84722e-02
-1.71399e-02
-1.26142e-02
-6.97101e-03
-2.64385e-03
-9.55454e-04
-1.29362e-03
-4.02475e-03
-8.02097e-03
-1.08021e-02
-1.15584e-02
-1.09527e-02
-9.21879e-03
-6.18661e-03
-3.00196e-03
1.01223e-03
5.07692e-03
6.11551e-03
3.41331e-03
-2.65491e-03
-8.85362e-03
-1.41926e-02
-1.80979e-02
-1.96110e-02
-1.95632e-02
-1.79223e-02
-1.47785e-02
-1.17818e-02
-1.04041e-02
-1.01172e-02
-9.01592e-03
-6.07354e-03
-2.68158e-03
1.36105e-04
8.86414e-04
-2.64112e-04
-1.89780e-03
-4.11460e-03
-7.08993e-03
-8.70359e-03
-6.84234e-03
-2.38479e-03
2.96219e-03
6.84208e-03
7.15060e-03
3.74508e-03
-9.55893e-04
-4.61461e-03
-5.61324e-03
-3.93985e-03
-1.73251e-03
-5.50079e-04
6.63591e-04
3.17536e-03
5.04152e-03
4.18140e-03
1.16815e-03
-1.60149e-03
-3.63996e-03
-4.20235e-03
-3.22083e-03
-1.94474e-03
-1.32800e-03
-1.42090e-03
-1.84530e-03
-2.11911e-03
-2.10159e-03
-8.40671e-04
6.97637e-05
-4.27708e-04
-1.39652e-03
-2.14733e-03
-4.53354e-03
-8.23611e-03
-1.07426e-02
-1.15524e-02
-1.10920e-02
-9.99984e-03
-7.13196e-03
-3.16470e-03
1.57963e-03
5.66408e-03
7.01870e-03
5.09739e-03
1.24853e-03
-2.80888e-03
-6.80845e-03
-9.72245e-03
-1.03541e-02
-8.23354e-03
-4.63294e-03
-1.87729e-03
-9.85888e-04
-1.47785e-03
-2.23568e-03
-2.51121e-03
-2.20566e-03
-1.76812e-03
-1.51055e-03
-1.54505e-03
-1.75917e-03
-1.96634e-03
-2.04097e-03
-2.06468e-03
-3.03961e-03
-5.83558e-03
-9.17366e-03
-1.12573e-02
-1.05551e-02
-7.05023e-03
-3.27985e-03
-1.48058e-03
-1.65315e-03
-2.60843e-03
-3.24738e-03
-3.24796e-03
-2.85003e-03
-2.48184e-03
-2.34799e-03
-2.44403e-03
-2.61659e-03
-2.81401e-03
-2.94299e-03
-2.98241e-03
-2.94932e-03
-2.92085e-03
-2.90678e-03
-2.92916e-03
-2.94553e-03
-3.02717e-03
-3.65527e-03
-5.37579e-03
-7.85366e-03
-1.04250e-02
-1.14504e-02
-9.70313e-03
-6.27120e-03
-3.49926e-03
-1.92027e-03
-1.55278e-03
-2.45984e-03
-3.71317e-03
-4.36477e-03
-4.33817e-03
-3.92049e-03
-2.69181e-03
5.29276e-06
2.19589e-03
3.19298e-03
1.98432e-03
-1.20851e-03
-3.96182e-03
-5.08439e-03
-4.66948e-03
-1.63493e-03
3.75358e-03
8.11260e-03
8.64619e-03
5.06469e-03
-5.19965e-04
-7.17285e-03
-1.24914e-02
-1.46714e-02
-1.32797e-02
-9.21607e-03
-3.22147e-03
2.09667e-03
4.41540e-03
4.24640e-03
2.87610e-03
6.22045e-04
-2.67289e-03
-6.50801e-03
-9.45795e-03
-1.04136e-02
-9.05365e-03
-6.75316e-03
-5.38510e-03
-5.32154e-03
-6.00899e-03
-6.54601e-03
-6.62224e-03
-6.41313e-03
-6.33375e-03
-6.43788e-03
-6.62909e-03
-6.81523e-03
-7.40743e-03
-8.39426e-03
-8.58218e-03
-7.76226e-03
-6.92508e-03
-6.55070e-03
-6.65898e-03
-6.90252e-03
-7.11432e-03
-7.78220e-03
-8.60375e-03
-8.46662e-03
-7.62892e-03
-6.12126e-03
-3.52654e-03
-3.71333e-04
1.87438e-03
2.61233e-03
1.58220e-03
-1.18897e-03
-4.61328e-03
-6.86467e-03
-7.48616e-03
-7.04462e-03
-6.50907e-03
-5.47410e-03
-4.89594e-03
-5.43869e-03
-5.44752e-03
-3.28745e-03
-7.32212e-05
2.29951e-03
3.00909e-03
2.55158e-03
-3.49302e-04
-4.40021e-03
-6.89393e-03
-7.36624e-03
-6.63949e-03
-3.63319e-03
4.64712e-04
2.96741e-03
3.48218e-03
1.65448e-03
-2.09794e-03
-6.73126e-03
-1.13529e-02
-1.44916e-02
-1.52349e-02
-1.30881e-02
-7.78247e-03
-8.37559e-04
6.02300e-03
1.02709e-02
8.72697e-03
1.63854e-03
-7.76378e-03
-1.49903e-02
-1.90190e-02
-1.85723e-02
-1.37470e-02
-6.59680e-03
7.10600e-04
6.78601e-03
9.41143e-03
7.70631e-03
4.54701e-03
2.10995e-03
-4.20170e-04
-2.97738e-03
-4.40191e-03
-4.79890e-03
-4.61788e-03
-4.48116e-03
-4.47901e-03
-4.60777e-03
-4.73455e-03
-4.79452e-03
-4.17760e-03
-2.07689e-03
1.20157e-03
3.88555e-03
4.99556e-03
4.82708e-03
4.33180e-03
4.06225e-03
3.20186e-03
5.00288e-04
-2.72614e-03
-4.67517e-03
-5.06038e-03
-4.55529e-03
-3.09797e-03
-5.93380e-05
3.17449e-03
4.87168e-03
5.03554e-03
4.53193e-03
3.67032e-03
1.67777e-03
-1.29849e-03
-3.78846e-03
-4.84571e-03
-4.77662e-03
-4.31587e-03
-3.57374e-03
-1.71495e-03
1.18716e-03
3.70034e-03
5.42681e-03
7.52333e-03
1.02642e-02
1.19651e-02
1.08261e-02
6.40196e-03
-3.25495e-04
-7.06205e-03
-1.03079e-02
-8.10955e-03
-2.30883e-03
3.94134e-03
8.24563e-03
9.06284e-03
6.95194e-03
3.10452e-03
-1.19427e-03
-4.02149e-03
-4.76630e-03
-4.19546e-03
-2.18239e-03
1.20552e-03
4.18342e-03
6.16558e-03
6.96402e-03
6.37979e-03
5.25160e-03
3.93766e-03
2.41409e-03
1.92300e-03
3.07407e-03
4.73819e-03
5.78395e-03
5.99707e-03
5.73106e-03
5.48070e-03
6.12074e-03
7.85862e-03
9.64830e-03
1.06074e-02
1.00209e-02
8.11105e-03
6.27437e-03
5.45511e-03
5.52427e-03
5.14072e-03
4.61320e-03
4.86261e-03
5.56157e-03
7.93300e-03
1.16118e-02
1.44594e-02
1.55247e-02
1.52579e-02
1.46125e-02
1.32879e-02
1.06540e-02
8.60798e-03
9.42558e-03
1.21929e-02
1.45391e-02
1.53378e-02
1.59254e-02
1.79540e-02
2.08199e-02
2.28786e-02
2.25985e-02
1.95600e-02
1.57015e-02
1.14545e-02
7.34175e-03
4.83776e-03
4.22046e-03
6.42056e-03
1.20631e-02
1.84315e-02
2.22358e-02
2.38918e-02
2.34898e-02
2.05975e-02
1.62762e-02
1.03358e-02
4.83928e-03
-3.70118e-05
-1.74254e-03
1.38155e-03
6.86699e-03
1.36983e-02
2.12646e-02
2.71339e-02
2.93706e-02
2.90702e-02
2.56294e-02
1.88403e-02
1.00070e-02
1.89853e-03
-2.83261e-03
-2.66311e-03
1.22409e-03
6.45887e-03
1.01330e-02
1.33285e-02
1.63571e-02
1.79985e-02
1.73012e-02
1.40283e-02
1.04964e-02
8.68973e-03
8.66669e-03
9.41416e-03
1.02294e-02
1.18093e-02
1.45952e-02
1.73344e-02
1.87591e-02
1.83733e-02
1.52699e-02
1.12174e-02
8.82103e-03
8.44886e-03
9.21248e-03
9.93273e-03
9.54238e-03
6.55398e-03
2.51847e-03
3.49916e-04
1.52345e-03
5.42165e-03
9.66310e-03
1.39285e-02
1.73354e-02
1.84916e-02
1.68308e-02
1.26470e-02
6.85005e-03
1.96635e-03
-2.04176e-05
4.80696e-04
3.10815e-03
7.48687e-03
1.35582e-02
1.98988e-02
2.44136e-02
2.51053e-02
2.14274e-02
1.43623e-02
6.04301e-03
-1.05299e-03
-5.57498e-03
-6.38779e-03
-2.94133e-03
2.87146e-03
8.96452e-03
1.44425e-02
1.79302e-02
1.89739e-02
1.76897e-02
1.42805e-02
1.08547e-02
9.21557e-03
9.19144e-03
9.84982e-03
1.12507e-02
1.41569e-02
1.72308e-02
1.93328e-02
2.09255e-02
2.16287e-02
2.07181e-02
1.81651e-02
1.41475e-02
1.04824e-02
8.72679e-03
8.10120e-03
6.66988e-03
3.83110e-03
1.05672e-03
-3.68666e-04
4.34397e-04
3.69335e-03
7.29547e-03
9.09686e-03
9.04508e-03
7.66558e-03
5.02793e-03
1.70173e-03
-1.15294e-03
-2.92979e-03
-2.88597e-03
-1.71448e-03
-6.87314e-04
5.29945e-04
3.14729e-03
6.13754e-03
7.92875e-03
8.25781e-03
7.74650e-03
5.87956e-03
2.53019e-03
-5.40826e-04
-2.03503e-03
-2.02884e-03
-5.83174e-05
4.25287e-03
9.68248e-03
1.42173e-02
1.63771e-02
1.50459e-02
1.09828e-02
6.56298e-03
3.42449e-03
2.25755e-03
3.12913e-03
5.22151e-03
6.24586e-03
5.14947e-03
2.44805e-03
-5.93324e-04
-2.54365e-03
-2.97194e-03
-2.46310e-03
-4.97216e-04
2.95292e-03
6.00343e-03
7.35364e-03
7.21609e-03
5.87509e-03
3.15622e-03
-5.33765e-05
-2.22292e-03
-2.84176e-03
-2.51873e-03
-2.07956e-03
-1.98153e-03
-2.19008e-03
-2.47201e-03
-2.65403e-03
-3.39892e-03
-5.68172e-03
-8.87723e-03
-1.06074e-02
-1.04939e-02
-9.32212e-03
-7.02350e-03
-4.36308e-03
-2.56761e-03
-1.39500e-03
-1.14719e-04
3.73945e-04
-5.26173e-04
-1.90186e-03
-2.74780e-03
-2.86437e-03
-2.58007e-03
-2.28327e-03
-1.47439e-03
7.88195e-04
3.95738e-03
6.36434e-03
7.17448e-03
5.47330e-03
1.59384e-03
-1.94985e-03
-3.45010e-03
-3.17577e-03
-2.33933e-03
-1.86074e-03
-1.97264e-03
-2.36801e-03
-2.69621e-03
-2.84914e-03
-4.22919e-03
-7.42940e-03
-1.05814e-02
-1.21247e-02
-1.14311e-02
-8.47964e-03
-4.73319e-03
-8.55229e-04
3.00279e-03
4.97782e-03
3.59818e-03
-4.40222e-04
-5.29900e-03
-9.35703e-03
-1.14637e-02
-1.17145e-02
-1.06963e-02
-8.39758e-03
-5.35614e-03
-3.05970e-03
-2.26433e-03
-3.00132e-03
-5.43158e-03
-8.84975e-03
-1.14756e-02
-1.23851e-02
-1.15535e-02
-8.94440e-03
-5.44909e-03
-2.88755e-03
-2.05750e-03
-2.45727e-03
-4.04107e-03
-7.23060e-03
-1.04328e-02
-1.20149e-02
-1.20435e-02
-1.09416e-02
-8.59392e-03
-5.48303e-03
-3.11744e-03
-2.30592e-03
-3.50975e-03
-6.92424e-03
-1.05897e-02
-1.25522e-02
-1.36530e-02
-1.58406e-02
-1.81846e-02
-1.81709e-02
-1.56737e-02
-1.27834e-02
-1.12934e-02
-1.12607e-02
-1.19202e-02
-1.23953e-02
-1.24338e-02
-1.20306e-02
-1.11089e-02
-8.83677e-03
-7.88705e-03
-9.59416e-03
-1.30564e-02
-1.73670e-02
-2.04922e-02
-2.15717e-02
-2.11883e-02
-2.02447e-02
-1.83240e-02
-1.53181e-02
-1.26651e-02
-1.18289e-02
-1.35371e-02
-1.71932e-02
-2.04353e-02
-2.17928e-02
-2.15348e-02
-2.07923e-02
-2.03691e-02
-2.04937e-02
-2.08530e-02
-2.11631e-02
-2.12203e-02
-2.11414e-02
-2.09933e-02
-2.08899e-02
-1.96714e-02
-1.65385e-02
-1.09606e-02
-6.43835e-03
-6.64672e-03
-1.21179e-02
-2.11210e-02
-2.86576e-02
-3.16623e-02
-3.10010e-02
-2.81559e-02
-2.43758e-02
-2.05852e-02
-1.68687e-02
-1.39956e-02
-1.34895e-02
-1.59099e-02
-1.93246e-02
-2.15051e-02
-2.18763e-02
-2.12398e-02
-2.05969e-02
-2.04595e-02
-2.07312e-02
-2.10896e-02
-2.12716e-02
-2.12505e-02
-2.11247e-02
-2.09869e-02
-2.01607e-02
-1.77487e-02
-1.45235e-02
-1.28744e-02
-1.44392e-02
-1.80961e-02
-2.25160e-02
-2.67836e-02
-2.87701e-02
-2.72207e-02
-2.36036e-02
-1.93642e-02
-1.52710e-02
-1.26881e-02
-1.19405e-02
-1.23126e-02
-1.36951e-02
-1.66493e-02
-1.97357e-02
-2.14053e-02
-2.20114e-02
-2.19607e-02
-1.98521e-02
-1.60004e-02
-1.27769e-02
-1.15018e-02
-1.22609e-02
-1.48755e-02
-1.79047e-02
-1.93974e-02
-1.98901e-02
-2.02621e-02
-2.05728e-02
-2.08529e-02
-2.07382e-02
-1.91746e-02
-1.59436e-02
-1.28976e-02
-1.14893e-02
-1.16080e-02
-1.22438e-02
-1.23639e-02
-1.09223e-02
-8.97230e-03
-8.57277e-03
-9.00006e-03
-1.00185e-02
-1.14819e-02
-1.23738e-02
-1.37216e-02
-1.53631e-02
-1.64490e-02
-1.56365e-02
-1.34912e-02
-9.54449e-03
-5.09686e-03
-2.62105e-03
-2.21037e-03
-2.96500e-03
-4.75289e-03
-7.98217e-03
-1.10237e-02
-1.24691e-02
-1.23250e-02
-1.06922e-02
-6.70837e-03
-2.67845e-03
-3.37663e-04
-1.28940e-04
-1.68378e-03
-4.12674e-03
-7.42469e-03
-9.53448e-03
-1.03074e-02
-1.08724e-02
-1.14262e-02
-1.18554e-02
-1.13334e-02
-8.96099e-03
-4.93989e-03
-8.28042e-04
2.26175e-03
3.62854e-03
2.36191e-03
-5.79213e-04
-3.73681e-03
-6.87288e-03
-9.61653e-03
-9.85333e-03
-6.34924e-03
-7.24080e-04
4.25605e-03
6.73046e-03
6.70760e-03
4.77965e-03
1.16453e-03
-3.15984e-03
-7.63009e-03
-1.04520e-02
-9.71450e-03
-5.83102e-03
-1.64529e-04
6.30396e-03
1.23753e-02
1.68624e-02
1.87037e-02
1.74369e-02
1.38220e-02
9.21156e-03
4.64443e-03
9.22139e-04
-1.67263e-05
2.35555e-03
5.79337e-03
9.12465e-03
1.25138e-02
1.59761e-02
1.82987e-02
1.78197e-02
1.44980e-02
9.81759e-03
5.08938e-03
8.41165e-04
-2.00028e-03
-2.91645e-03
-1.59790e-03
1.81072e-03
5.09375e-03
6.55676e-03
5.27810e-03
2.71135e-03
2.07079e-03
3.66493e-03
5.59257e-03
6.64896e-03
6.61366e-03
6.17724e-03
5.85392e-03
5.89127e-03
6.01503e-03
6.17606e-03
6.23312e-03
7.10479e-03
7.89767e-03
8.40115e-03
8.31071e-03
6.42856e-03
2.69861e-03
-1.16556e-03
-3.25736e-03
-2.11862e-03
2.49029e-03
9.28808e-03
1.65092e-02
2.11728e-02
2.11323e-02
1.70880e-02
1.08012e-02
4.00495e-03
-1.75822e-03
-5.48236e-03
-6.27349e-03
-4.01733e-03
1.67011e-04
4.87538e-03
9.21015e-03
1.26079e-02
1.44677e-02
1.44530e-02
1.23562e-02
9.07556e-03
6.48676e-03
5.08205e-03
3.39590e-03
7.14488e-04
-1.85855e-03
-3.20571e-03
-2.93169e-03
-1.10546e-03
1.35903e-03
3.81618e-03
5.48516e-03
6.30437e-03
7.72814e-03
1.06715e-02
1.37108e-02
1.54019e-02
1.53458e-02
1.33186e-02
9.75221e-03
6.17592e-03
2.23165e-03
-9.79065e-04
-1.10050e-03
1.83562e-03
5.72394e-03
1.00899e-02
1.37317e-02
1.53028e-02
1.50520e-02
1.31644e-02
9.78077e-03
5.49189e-03
1.02017e-03
-2.18660e-03
-3.30741e-03
-1.93195e-03
1.60866e-03
5.02488e-03
6.54685e-03
6.46125e-03
6.89284e-03
9.61760e-03
1.30856e-02
1.52256e-02
1.33366e-02
8.75079e-03
2.97949e-03
-1.96965e-03
-3.94793e-03
-3.73380e-03
-2.71028e-03
-1.28490e-03
1.22243e-03
3.90505e-03
5.55278e-03
4.97633e-03
2.01204e-03
-1.55478e-03
-2.78405e-03
-4.36011e-04
3.56387e-03
7.28963e-03
1.06493e-02
1.31307e-02
1.35761e-02
1.20627e-02
9.56929e-03
5.66588e-03
9.07840e-04
-2.59506e-03
-3.79446e-03
-3.45404e-03
-2.78759e-03
-2.56742e-03
-2.81406e-03
-3.18233e-03
-2.67123e-03
-3.15263e-04
3.76848e-03
8.60390e-03
1.19386e-02
1.09279e-02
5.69035e-03
-8.30455e-04
-5.44715e-03
-6.32887e-03
-4.63839e-03
-2.35963e-03
-1.91169e-04
1.62136e-03
3.35453e-03
4.77391e-03
5.44340e-03
4.64469e-03
2.17120e-03
7.00054e-04
1.94898e-03
4.40426e-03
6.14651e-03
6.53628e-03
6.05881e-03
5.46095e-03
4.72149e-03
2.87066e-03
-7.39404e-05
-2.10623e-03
-1.29019e-03
1.94580e-03
5.13234e-03
6.55739e-03
5.90738e-03
3.35542e-03
-1.86635e-05
-1.29660e-03
8.75442e-04
4.26860e-03
6.33996e-03
6.53686e-03
5.48942e-03
3.17927e-03
-1.86020e-04
-2.94371e-03
-4.06050e-03
-3.59801e-03
-1.47222e-03
2.00465e-03
4.95100e-03
6.19393e-03
5.98196e-03
4.82419e-03
1.79245e-03
-1.80257e-03
-3.61122e-03
-2.34154e-03
1.43210e-03
5.05611e-03
6.61802e-03
6.09555e-03
3.78533e-03
1.06036e-03
-1.17278e-03
-1.84432e-03
-1.89794e-03
-2.34642e-03
-1.83958e-03
-4.26762e-04
7.64552e-04
2.43196e-03
4.33542e-03
5.52861e-03
5.88661e-03
6.86726e-03
8.55229e-03
9.82277e-03
9.18697e-03
7.05997e-03
3.05095e-03
-1.55248e-03
-5.15758e-03
-6.28615e-03
-3.76414e-03
1.03459e-03
7.62483e-03
1.43330e-02
1.85620e-02
1.85068e-02
1.47788e-02
9.39457e-03
3.10868e-03
-3.29292e-03
-8.46509e-03
-1.04873e-02
-8.27571e-03
-3.55996e-03
1.76256e-03
5.33158e-03
7.19750e-03
7.41906e-03
6.38741e-03
5.30604e-03
3.94168e-03
1.37305e-03
-1.55877e-03
-3.49067e-03
-4.04008e-03
-3.68806e-03
-1.39511e-03
2.35487e-03
5.26014e-03
7.22501e-03
8.64646e-03
9.43935e-03
8.87362e-03
7.99817e-03
7.27088e-03
6.31749e-03
5.60158e-03
5.25410e-03
5.25326e-03
5.37316e-03
6.46494e-03
9.24524e-03
1.25236e-02
1.45837e-02
1.50708e-02
1.46479e-02
1.41802e-02
1.39791e-02
1.23328e-02
9.06159e-03
6.28325e-03
5.04503e-03
5.16883e-03
5.69574e-03
6.02509e-03
5.92877e-03
5.66515e-03
5.43063e-03
5.45495e-03
5.63829e-03
5.78760e-03
5.74389e-03
5.63509e-03
5.52200e-03
5.49739e-03
5.50461e-03
5.54547e-03
5.55549e-03
5.51220e-03
4.51276e-03
1.80284e-03
-1.49007e-03
-4.43479e-03
-5.72655e-03
-4.01030e-03
6.71090e-05
5.12350e-03
9.93377e-03
1.33922e-02
1.47544e-02
1.46534e-02
1.22886e-02
8.52667e-03
5.71620e-03
4.78129e-03
4.31177e-03
4.12947e-03
4.67039e-03
5.35707e-03
6.63965e-03
8.42926e-03
1.06781e-02
1.29426e-02
1.42692e-02
1.36593e-02
1.06498e-02
5.20196e-03
-1.50799e-03
-6.56016e-03
-6.74234e-03
-9.77910e-04
8.42482e-03
1.76745e-02
2.32247e-02
2.44932e-02
2.14860e-02
1.38600e-02
1.53809e-03
-1.15558e-02
-1.91112e-02
-1.69373e-02
-6.02343e-03
9.75065e-03
2.42878e-02
3.13003e-02
2.79658e-02
1.63363e-02
1.47175e-03
-1.18118e-02
-1.88098e-02
-1.80857e-02
-9.93266e-03
3.44667e-03
1.75826e-02
2.72237e-02
2.64143e-02
1.46419e-02
-1.03807e-03
-1.27573e-02
-1.58388e-02
-1.00549e-02
1.34042e-03
1.37674e-02
2.21557e-02
2.36840e-02
1.69299e-02
3.70354e-03
-1.05814e-02
-2.09486e-02
-2.27108e-02
-1.46507e-02
1.29046e-04
1.49522e-02
2.34628e-02
2.40646e-02
1.92060e-02
1.12538e-02
2.80099e-03
-2.65971e-03
-4.27455e-03
-2.57848e-03
1.09288e-03
4.59109e-03
6.11980e-03
5.97212e-03
5.10912e-03
3.71896e-03
1.15774e-03
-7.39577e-04
-1.61610e-03
-1.31975e-03
8.05446e-04
3.68946e-03
5.56131e-03
5.92689e-03
3.61956e-03
-4.31576e-04
-4.43578e-03
-7.21957e-03
-7.40516e-03
-5.56018e-03
-3.72277e-03
-2.94111e-03
-2.33583e-03
-1.21102e-03
-1.05846e-03
-2.25579e-03
-5.46339e-03
-9.68306e-03
-1.26303e-02
-1.35175e-02
-1.30909e-02
-1.23870e-02
-1.11480e-02
-8.53857e-03
-5.58738e-03
-3.66982e-03
-3.20603e-03
-3.59660e-03
-5.88226e-03
-8.65442e-03
-1.05652e-02
-1.08431e-02
-8.60808e-03
-5.41751e-03
-2.41326e-03
7.19783e-04
3.44027e-03
4.03729e-03
1.71193e-03
-1.74726e-03
-4.94119e-03
-7.20288e-03
-9.06587e-03
-1.09019e-02
-1.21991e-02
-1.27764e-02
-1.28541e-02
-1.27533e-02
-1.25827e-02
-1.13411e-02
-9.35639e-03
-6.87546e-03
-4.55508e-03
-3.49823e-03
-4.60001e-03
-8.03289e-03
-1.15235e-02
-1.32610e-02
-1.32316e-02
-1.24428e-02
-1.07163e-02
-7.60027e-03
-3.51811e-03
-2.10837e-04
-2.86250e-05
-2.14030e-03
-5.23006e-03
-9.01255e-03
-1.20023e-02
-1.31278e-02
-1.17777e-02
-8.17954e-03
-4.64449e-03
-1.95908e-03
-1.33924e-03
-2.75913e-03
-5.38468e-03
-8.99766e-03
-1.08449e-02
-9.07512e-03
-5.60005e-03
-3.23790e-03
-2.73698e-03
-3.49336e-03
-4.85231e-03
-7.85128e-03
-1.13611e-02
-1.33895e-02
-1.34641e-02
-1.16195e-02
-9.04924e-03
-6.54876e-03
-4.99737e-03
-5.72144e-03
-7.92354e-03
-1.04115e-02
-1.09706e-02
-8.61368e-03
-5.40857e-03
-3.52766e-03
-3.58506e-03
-5.32924e-03
-6.74384e-03
-7.53482e-03
-7.91375e-03
-6.82781e-03
-5.01249e-03
-3.29138e-03
-2.03284e-03
-2.63196e-03
-5.76379e-03
-9.94580e-03
-1.29380e-02
-1.38536e-02
-1.34464e-02
-1.27937e-02
-1.25315e-02
-1.17348e-02
-9.06507e-03
-5.25804e-03
-1.28221e-03
1.87307e-03
2.12141e-03
-9.38397e-04
-5.85871e-03
-1.04729e-02
-1.30513e-02
-1.33776e-02
-1.21619e-02
-9.42890e-03
-6.07683e-03
-3.10533e-03
-1.56032e-03
-2.01709e-03
-4.76775e-03
-9.01833e-03
-1.30874e-02
-1.65660e-02
-1.86513e-02
-1.72159e-02
-1.20557e-02
-4.89519e-03
1.68469e-03
5.29949e-03
5.12105e-03
1.16515e-03
-5.20526e-03
-1.15413e-02
-1.58197e-02
-1.66681e-02
-1.40750e-02
-8.81202e-03
-2.09950e-03
4.19200e-03
7.23099e-03
4.82960e-03
-2.45983e-03
-1.11729e-02
-1.80569e-02
-2.15711e-02
-2.12042e-02
-1.68723e-02
-9.40361e-03
-1.43939e-03
3.90322e-03
5.54027e-03
4.80340e-03
2.75567e-03
-1.23182e-03
-6.79006e-03
-1.15291e-02
-1.37133e-02
-1.26100e-02
-8.84520e-03
-5.10623e-03
-2.20361e-03
8.10075e-04
4.41460e-03
7.59821e-03
9.25266e-03
1.05412e-02
9.75730e-03
5.70998e-03
1.48010e-04
-6.46884e-03
-1.20822e-02
-1.53403e-02
-1.54089e-02
-1.19871e-02
-5.61658e-03
2.48261e-03
9.57996e-03
1.31850e-02
1.22029e-02
7.64175e-03
9.84007e-04
-5.61554e-03
-1.02382e-02
-1.10467e-02
-8.20695e-03
-3.83476e-03
7.87845e-04
3.52217e-03
2.56593e-03
-1.02021e-03
-4.28695e-03
-5.46762e-03
-4.43079e-03
-9.54419e-04
4.74762e-03
1.00456e-02
1.13929e-02
8.05471e-03
1.57105e-03
-5.79167e-03
-1.06498e-02
-1.19336e-02
-1.02454e-02
-6.04500e-03
-8.46217e-04
3.27915e-03
5.06637e-03
4.29265e-03
1.24469e-03
-3.02840e-03
-6.80521e-03
-7.78506e-03
-5.23961e-03
-5.19918e-04
3.68875e-03
5.51517e-03
4.35822e-03
7.63429e-04
-2.93400e-03
-4.88050e-03
-4.94962e-03
-3.20916e-03
8.67704e-05
3.35931e-03
5.07402e-03
5.15278e-03
3.36785e-03
-2.04745e-04
-3.52768e-03
-3.78555e-03
-4.33513e-04
4.83974e-03
1.01256e-02
1.34873e-02
1.43072e-02
1.36024e-02
1.12013e-02
7.11189e-03
4.17087e-03
1.13380e-03
-1.81617e-03
-3.05448e-03
-8.76750e-04
3.04263e-03
5.97392e-03
8.16527e-03
1.05899e-02
1.27944e-02
1.39993e-02
1.42846e-02
1.36206e-02
1.14835e-02
7.73249e-03
3.16466e-03
-5.44355e-04
-1.06341e-03
2.01825e-03
7.58266e-03
1.42853e-02
1.99847e-02
2.22592e-02
2.03040e-02
1.49128e-02
8.72590e-03
4.04895e-03
8.58941e-04
-7.93739e-04
1.53957e-04
3.52978e-03
8.15445e-03
1.21685e-02
1.50784e-02
1.60752e-02
1.51344e-02
1.20396e-02
7.93406e-03
5.18402e-03
4.49522e-03
6.00443e-03
9.62557e-03
1.32816e-02
1.50384e-02
1.49857e-02
1.40911e-02
1.12792e-02
8.44468e-03
6.82910e-03
5.83710e-03
7.89756e-03
1.17472e-02
1.45658e-02
1.52583e-02
1.41190e-02
1.07133e-02
6.87389e-03
4.77883e-03
4.65299e-03
5.94594e-03
9.20624e-03
1.28920e-02
1.45804e-02
1.34795e-02
1.15155e-02
1.08014e-02
1.02546e-02
8.68696e-03
6.81508e-03
5.66006e-03
5.89283e-03
8.09342e-03
1.14444e-02
1.33170e-02
1.19159e-02
8.40492e-03
4.74577e-03
1.41700e-03
-1.26955e-03
-2.73801e-03
-2.34488e-03
8.89670e-04
7.55918e-03
1.56695e-02
2.16210e-02
2.29015e-02
1.97464e-02
1.35924e-02
6.64215e-03
9.71342e-04
-2.25335e-03
-1.90442e-03
2.65919e-03
1.04201e-02
1.81742e-02
2.27113e-02
2.23423e-02
1.71429e-02
8.79697e-03
6.84887e-04
-5.06398e-03
-7.75080e-03
-7.87549e-03
-4.42323e-03
2.69048e-03
1.11878e-02
1.82979e-02
2.16514e-02
2.05762e-02
1.61669e-02
9.87673e-03
3.56182e-03
-1.14621e-03
-2.63418e-03
2.94021e-04
5.79576e-03
1.09025e-02
1.34682e-02
1.35429e-02
1.20899e-02
9.58969e-03
6.62628e-03
4.03828e-03
2.01785e-03
2.11948e-03
5.41229e-03
1.12497e-02
1.72642e-02
2.02021e-02
1.86480e-02
1.35032e-02
7.43247e-03
3.58884e-03
2.05860e-03
3.11728e-03
6.05039e-03
9.24109e-03
1.15370e-02
1.23595e-02
1.21894e-02
1.08478e-02
8.12196e-03
5.24310e-03
4.45930e-03
5.86767e-03
8.68233e-03
1.13512e-02
1.14437e-02
9.46944e-03
6.43450e-03
3.72602e-03
1.59910e-03
-1.99538e-07
3.33346e-04
2.99876e-03
7.14330e-03
1.05495e-02
1.17773e-02
1.10904e-02
8.81198e-03
5.57617e-03
2.76474e-03
3.43858e-04
-2.06466e-03
-2.85862e-03
-1.18057e-03
1.25135e-03
2.65016e-03
3.12637e-03
3.41317e-03
3.10272e-03
2.30600e-03
1.72312e-03
1.51729e-03
1.59845e-03
2.17917e-03
4.03908e-03
6.80922e-03
9.54664e-03
1.10344e-02
1.00049e-02
6.60315e-03
2.13197e-03
-2.27913e-03
-6.18961e-03
-8.53240e-03
-7.80404e-03
-3.54180e-03
3.34155e-03
9.54158e-03
1.09402e-02
6.99746e-03
4.85945e-05
-7.73098e-03
-1.28065e-02
-1.35826e-02
-1.03217e-02
-3.71192e-03
3.41885e-03
7.73145e-03
8.45227e-03
5.28344e-03
-1.09758e-03
-7.80482e-03
-1.18501e-02
-1.25682e-02
-9.68081e-03
-4.51966e-03
-3.51792e-04
1.77727e-03
1.29277e-03
-1.64580e-03
-5.47293e-03
-7.91990e-03
-7.46480e-03
-4.94168e-03
-9.65880e-04
3.28581e-03
4.91168e-03
2.87127e-03
-1.46502e-03
-6.07241e-03
-9.49807e-03
-1.00552e-02
-7.52751e-03
-3.57647e-03
-6.72113e-04
-1.57700e-04
-2.16515e-03
-5.81498e-03
-9.92022e-03
-1.33854e-02
-1.48016e-02
-1.30850e-02
-8.13168e-03
-1.14065e-03
5.89928e-03
1.01726e-02
8.78383e-03
1.72609e-03
-7.31717e-03
-1.43354e-02
-1.74723e-02
-1.65565e-02
-1.26648e-02
-7.41470e-03
-2.50833e-03
1.18329e-03
3.71642e-03
4.67189e-03
3.54360e-03
6.91822e-04
-3.27750e-03
-8.02283e-03
-1.26556e-02
-1.61037e-02
-1.70140e-02
-1.42468e-02
-9.05258e-03
-4.40317e-03
-1.37007e-03
1.47679e-04
-4.76804e-04
-3.71749e-03
-8.57770e-03
-1.27868e-02
-1.42493e-02
-1.29535e-02
-1.03633e-02
-7.98499e-03
-6.83233e-03
-6.85229e-03
-7.29639e-03
-7.05497e-03
-5.75290e-03
-4.20761e-03
-2.79174e-03
-1.51479e-03
-1.16633e-03
-2.03327e-03
-3.24000e-03
-4.44596e-03
-6.15701e-03
-8.63534e-03
-1.12141e-02
-1.33757e-02
-1.54780e-02
-1.70007e-02
-1.71179e-02
-1.53178e-02
-1.11684e-02
-5.25578e-03
7.94806e-04
5.02458e-03
6.59557e-03
5.08822e-03
1.30140e-03
-3.52372e-03
-8.26320e-03
-1.19746e-02
-1.41987e-02
-1.48890e-02
-1.47543e-02
-1.38317e-02
-1.19226e-02
-8.53542e-03
-4.18982e-03
-8.59070e-05
1.99677e-03
1.07408e-03
-3.12711e-03
-8.48373e-03
-1.24705e-02
-1.43014e-02
-1.31330e-02
-1.01623e-02
-7.18610e-03
-4.68958e-03
-2.46407e-03
-7.01505e-04
-3.41807e-04
-1.22958e-03
-2.81517e-03
-4.42777e-03
-5.84849e-03
-7.03329e-03
-7.62813e-03
-6.54514e-03
-3.55532e-03
-4.59308e-04
1.19380e-03
6.91639e-04
-2.15772e-03
-5.83265e-03
-9.23413e-03
-1.23463e-02
-1.39597e-02
-1.32354e-02
-1.01171e-02
-5.82308e-03
-1.86520e-03
1.08385e-03
2.82426e-03
3.36917e-03
2.74104e-03
3.87571e-04
-3.13238e-03
-6.66258e-03
-9.00316e-03
-9.20534e-03
-6.74089e-03
-2.20419e-03
2.66749e-03
5.87855e-03
7.33756e-03
7.35553e-03
5.94174e-03
2.57181e-03
-2.01246e-03
-5.65710e-03
-7.17929e-03
-6.97345e-03
-5.70404e-03
-4.26192e-03
-2.97346e-03
-1.46092e-03
2.72130e-05
9.69570e-04
1.70646e-03
2.04656e-03
1.73165e-03
6.65103e-04
-1.73558e-03
-5.06133e-03
-7.28709e-03
-6.45731e-03
-2.60001e-03
2.26542e-03
6.19714e-03
8.63682e-03
9.22592e-03
7.02280e-03
2.85794e-03
-7.41211e-04
-2.75062e-03
-3.44011e-03
-2.48743e-03
-4.96909e-04
1.47761e-03
3.26355e-03
5.06099e-03
7.05695e-03
8.69965e-03
8.97163e-03
7.09447e-03
3.27636e-03
-1.46940e-03
-5.73695e-03
-8.26790e-03
-8.43897e-03
-6.70634e-03
-4.61623e-03
-3.05217e-03
-1.28346e-03
6.71730e-04
2.41041e-03
2.87882e-03
1.81298e-03
4.72450e-04
-5.86582e-04
-5.14591e-04
7.10402e-04
2.03974e-03
2.97670e-03
3.31308e-03
2.50608e-03
1.05245e-03
-4.55636e-04
-1.15618e-03
-7.98721e-04
-7.83247e-05
3.65938e-04
3.69995e-04
-2.60312e-04
-1.25837e-03
-2.74795e-03
-4.04736e-03
-4.29788e-03
-3.09711e-03
-1.04994e-03
8.32909e-04
2.79847e-03
4.57666e-03
5.22408e-03
4.35790e-03
2.52297e-03
8.14637e-04
5.98481e-05
-2.02817e-04
-4.54958e-04
-4.57154e-05
1.47710e-03
3.87036e-03
6.22550e-03
8.13276e-03
9.55202e-03
9.11967e-03
6.43349e-03
1.87476e-03
-2.92126e-03
-6.56627e-03
-8.18553e-03
-7.28714e-03
-4.20403e-03
-4.48766e-04
2.68053e-03
4.22456e-03
3.79156e-03
1.84939e-03
-6.14363e-04
-2.63553e-03
-3.70928e-03
-3.56102e-03
-2.72271e-03
-1.70903e-03
-6.43757e-04
1.89618e-04
2.46537e-04
-6.56606e-04
-2.14158e-03
-3.65763e-03
-4.24300e-03
-3.48685e-03
-1.97584e-03
-6.84158e-04
1.17939e-04
5.19610e-04
5.66258e-04
5.36036e-04
5.28652e-04
8.97575e-04
1.45159e-03
2.10428e-03
2.33563e-03
1.73924e-03
8.53357e-04
3.11551e-04
2.30168e-04
6.79603e-04
1.31994e-03
2.21712e-03
3.11773e-03
3.52848e-03
3.22623e-03
2.26581e-03
7.80969e-04
-1.07611e-03
-2.76316e-03
-3.70860e-03
-3.60827e-03
-2.71922e-03
-1.79158e-03
-1.15561e-03
-1.06482e-03
-1.66293e-03
-2.58881e-03
-3.31086e-03
-3.51137e-03
-3.33763e-03
-2.84608e-03
-2.10843e-03
-1.46079e-03
-1.17808e-03
-1.17127e-03
-1.26264e-03
-1.28719e-03
-1.22633e-03
-9.34288e-04
-5.24147e-04
1.15580e-04
9.66707e-04
1.43204e-03
1.17858e-03
4.17963e-04
-4.67067e-04
-1.21985e-03
-1.60307e-03
-1.47134e-03
-1.10141e-03
-8.74513e-04
-1.04732e-03
-1.55312e-03
-2.01812e-03
-2.18489e-03
-2.05538e-03
-1.63071e-03
-8.68555e-04
1.25559e-04
1.00639e-03
1.43348e-03
1.25680e-03
5.30617e-04
-4.96549e-04
-1.51874e-03
-2.25747e-03
-2.52583e-03
-2.30808e-03
-1.78076e-03
-1.19603e-03
-6.86926e-04
-2.95617e-04
-8.56594e-05
-1.31213e-04
-2.97275e-04
-4.07679e-04
-4.03019e-04
-3.07893e-04
-9.90600e-05
1.98851e-04
4.66867e-04
6.92667e-04
9.28974e-04
1.08055e-03
1.02150e-03
7.44070e-04
3.50112e-04
-9.85314e-05
-4.65751e-04
-7.55840e-04
-9.51947e-04
-1.00655e-03
-9.62126e-04
-8.53480e-04
-6.13123e-04
-2.56262e-04
1.08599e-04
4.04365e-04
5.51821e-04
4.99840e-04
3.07689e-04
1.29200e-04
6.47845e-05
1.09730e-04
2.38053e-04
3.79053e-04
5.02424e-04
5.86008e-04
5.99472e-04
5.23140e-04
3.79482e-04
2.55856e-04
2.01585e-04
1.68434e-04
1.37718e-04
1.45300e-04
2.60982e-04
4.68882e-04
6.84386e-04
8.52065e-04
9.31716e-04
9.18733e-04
8.23251e-04
6.50882e-04
4.64579e-04
3.60794e-04
3.78565e-04
4.70547e-04
5.69173e-04
6.26117e-04
6.30536e-04
6.08350e-04
5.75166e-04
5.24914e-04
4.71823e-04
4.46693e-04
4.36691e-04
4.28788e-04
4.25946e-04
4.35253e-04
4.67300e-04
5.09654e-04
5.55887e-04
5.91719e-04
6.00323e-04
5.74027e-04
5.31070e-04
4.88638e-04
4.64882e-04
4.83880e-04
5.36857e-04
5.88891e-04
6.25391e-04
6.43124e-04
6.38371e-04
6.09180e-04
5.59076e-04
5.06553e-04
4.72787e-04
4.68906e-04
4.95380e-04
5.48355e-04
6.00566e-04
6.43480e-04
6.68933e-04
6.69119e-04
6.44570e-04
6.03806e-04
5.62476e-04
5.35531e-04
5.26620e-04
5.28991e-04
5.39008e-04
5.47981e-04
5.49042e-04
5.42001e-04
5.25708e-04
5.01647e-04
4.76485e-04
4.60928e-04
4.62340e-04
4.73731e-04
4.86950e-04
4.95006e-04
4.95062e-04
4.90276e-04
4.83755e-04
4.76151e-04
4.72509e-04
4.74442e-04
4.80450e-04
4.88533e-04
4.92887e-04
4.91211e-04
4.85406e-04
4.78687e-04
4.69995e-04
4.58234e-04
4.44747e-04
4.33635e-04
4.25467e-04
4.19687e-04
4.18430e-04
4.19540e-04
4.21372e-04
4.22100e-04
4.21890e-04
4.20762e-04
4.17922e-04
4.12556e-04
4.07203e-04
4.03699e-04
4.00638e-04
3.97182e-04
3.91929e-04
3.85764e-04
3.80182e-04
3.75756e-04
3.72007e-04
3.68360e-04
3.65219e-04
3.62898e-04
3.59600e-04
3.54145e-04
3.47217e-04
3.40032e-04
3.33449e-04
3.28107e-04
3.23967e-04
3.20364e-04
3.17430e-04
3.14615e-04
3.11385e-04
3.07877e-04
3.03871e-04
2.99299e-04
2.94336e-04
2.89251e-04
2.84177e-04
2.78955e-04
2.73575e-04
2.68122e-04
2.62679e-04
2.57279e-04
2.51936e-04
2.46832e-04
2.41871e-04
2.36934e-04
2.31975e-04
2.26951e-04
2.21677e-04
2.16060e-04
2.10274e-04
2.04487e-04
1.98766e-04
1.93125e-04
1.87504e-04
1.81885e-04
1.76225e-04
1.70485e-04
1.64688e-04
1.58852e-04
1.52959e-04
1.46994e-04
1.40962e-04
1.34903e-04
1.28829e-04
1.22730e-04
1.16599e-04
1.10435e-04
1.04238e-04
9.80121e-05
9.17508e-05
8.54505e-05
7.91069e-05
7.27278e-05
6.63173e-05
5.98749e-05
5.34003e-05
4.68945e-05
4.03565e-05
3.37875e-05
2.71876e-05
2.05554e-05
1.38884e-05
7.18683e-06
4.52565e-07
-6.31178e-06
-1.31055e-05
-1.99278e-05
-2.67791e-05
-3.36594e-05
-4.05690e-05
-4.75078e-05
-5.44756e-05
-6.14720e-05
-6.84965e-05
-7.55487e-05
-8.26280e-05
-8.97341e-05
-9.68669e-05
-1.04026e-04
-1.11211e-04
-1.18422e-04
-1.25659e-04
-1.32921e-04
-1.40208e-04
-1.47519e-04
-1.54855e-04
-1.62214e-04
-1.69598e-04
-1.77004e-04
-1.84434e-04
-1.91887e-04
-1.99362e-04
-2.06859e-04
-2.14378e-04
-2.21918e-04
