5.55401e-05
6.36642e-05
7.54760e-05
8.72533e-05
1.00067e-04
1.10825e-04
1.17323e-04
1.21194e-04
1.31464e-04
1.46466e-04
1.66092e-04
1.78015e-04
1.79572e-04
1.86333e-04
2.11325e-04
2.35647e-04
2.44691e-04
2.40462e-04
2.41983e-04
2.72117e-04
3.14726e-04
3.71649e-04
3.96291e-04
4.08005e-04
4.07160e-04
3.45101e-04
2.82703e-04
2.94490e-04
3.71960e-04
4.23148e-04
3.84555e-04
3.02988e-04
1.84191e-04
7.63346e-05
-9.70540e-05
-1.87976e-04
-1.94359e-04
-9.41837e-05
-4.14804e-05
-2.39630e-05
1.44994e-04
4.04391e-04
7.06950e-04
9.85566e-04
1.04741e-03
8.40440e-04
4.90086e-04
2.73941e-04
2.93257e-04
3.90646e-04
4.72220e-04
4.67893e-04
4.79598e-04
5.40366e-04
5.20399e-04
2.40518e-04
-2.55474e-04
-6.44000e-04
-7.40268e-04
-3.84802e-04
3.71713e-04
1.25867e-03
1.53451e-03
1.25353e-03
1.00386e-03
6.49027e-04
2.38335e-04
3.44658e-05
-6.14012e-05
3.37245e-05
-4.32060e-05
-2.15931e-04
-4.22798e-04
-2.22622e-04
-8.35533e-05
-3.34513e-04
-3.48611e-04
2.89525e-04
1.39487e-03
1.93047e-03
1.87651e-03
1.58849e-03
1.56593e-03
1.43387e-03
9.16331e-04
3.85289e-04
-1.34497e-04
-6.26424e-04
-7.19188e-04
-4.15926e-04
8.93805e-05
1.09606e-03
2.58042e-03
3.77848e-03
4.61147e-03
4.80445e-03
3.97066e-03
2.26808e-03
6.03169e-04
-6.86562e-04
-2.53508e-03
-3.60515e-03
-2.54224e-03
-5.14478e-04
2.69481e-03
5.61516e-03
7.54474e-03
9.01711e-03
1.03449e-02
9.93398e-03
7.84675e-03
5.99392e-03
4.35042e-03
3.34185e-03
2.43687e-03
9.03886e-04
-1.46917e-04
-4.24472e-04
2.20333e-05
-2.80240e-05
-1.09228e-03
-2.54930e-03
-3.60815e-03
-4.22515e-03
-4.01782e-03
-2.62734e-03
-3.65228e-04
1.86855e-03
2.91601e-03
3.00009e-03
1.72683e-03
-5.17565e-04
-1.92524e-03
-2.17185e-03
-2.74875e-03
-3.77546e-03
-5.43900e-03
-7.67261e-03
-7.94991e-03
-6.05235e-03
-3.06776e-03
-5.16215e-04
9.22040e-04
2.44015e-04
-3.03244e-03
-6.74586e-03
-9.28683e-03
-1.04687e-02
-1.07846e-02
-1.02215e-02
-8.73091e-03
-7.45411e-03
-6.05444e-03
-2.46049e-03
2.72813e-03
7.24777e-03
1.15069e-02
1.40234e-02
1.45462e-02
1.30213e-02
9.46748e-03
4.93128e-03
5.65218e-04
-2.03736e-03
-2.46250e-03
-1.46922e-03
-9.68796e-04
-2.85735e-04
7.73999e-04
7.32800e-04
-1.18008e-03
-2.73721e-03
-2.25569e-03
-1.67048e-03
-2.33710e-03
-4.33670e-03
-6.81116e-03
-7.99799e-03
-7.11336e-03
-5.36323e-03
-3.85579e-03
-2.69563e-03
-1.97228e-03
-8.82235e-04
1.50368e-03
4.63823e-03
8.34880e-03
1.20136e-02
1.39991e-02
1.41423e-02
1.32578e-02
1.17100e-02
8.51606e-03
3.76466e-03
-2.06175e-04
-5.78345e-03
-1.32373e-02
-1.93018e-02
-1.81100e-02
-9.37616e-03
-4.55639e-03
-2.45095e-03
-5.49056e-04
1.58574e-03
4.90435e-03
9.33218e-03
1.26014e-02
1.34492e-02
1.21672e-02
9.83944e-03
6.35729e-03
4.29166e-04
-5.82935e-03
-9.75233e-03
-1.05862e-02
-8.34516e-03
-4.59029e-03
-1.64503e-03
-1.73197e-03
-3.83728e-03
-8.49983e-03
-1.55252e-02
-2.10390e-02
-2.28459e-02
-2.23084e-02
-1.87933e-02
-1.25846e-02
-6.70969e-03
-1.39932e-03
2.33080e-03
2.94477e-03
2.19867e-03
3.22714e-03
7.53011e-03
1.34897e-02
1.81192e-02
1.82446e-02
1.24634e-02
3.57630e-03
-2.77956e-03
-7.18975e-03
-1.04801e-02
-9.27366e-03
-3.28129e-03
3.32821e-03
6.50618e-03
2.89624e-03
-3.92146e-03
-8.27699e-03
-9.87717e-03
-8.92512e-03
-4.94557e-03
2.13319e-03
4.72202e-03
5.93879e-04
-6.62020e-03
-1.34946e-02
-1.44572e-02
-1.24452e-02
-1.17077e-02
-1.05364e-02
-8.13846e-03
-5.28562e-03
-2.50905e-03
-3.06150e-04
3.45673e-03
9.04377e-03
1.34405e-02
1.55722e-02
1.71453e-02
1.77717e-02
1.60497e-02
1.18718e-02
7.23483e-03
4.17139e-03
2.25989e-03
1.03673e-03
1.37303e-03
3.63940e-03
6.11178e-03
5.83724e-03
2.72731e-03
-6.23296e-04
-2.26912e-03
-1.20827e-03
3.43659e-04
2.33144e-04
-4.05890e-03
-1.06043e-02
-1.58131e-02
-1.55310e-02
-9.23473e-03
-3.78307e-03
3.07718e-03
1.01326e-02
1.24401e-02
1.04306e-02
3.29853e-03
-7.69089e-03
-1.98565e-02
-2.96456e-02
-3.30578e-02
-3.10051e-02
-2.59355e-02
-2.15666e-02
-1.97685e-02
-2.12297e-02
-2.12966e-02
-1.99014e-02
-1.73612e-02
-1.32882e-02
-8.68010e-03
-2.59832e-03
5.26629e-03
1.26936e-02
2.13520e-02
2.97643e-02
3.42939e-02
3.41274e-02
3.07485e-02
2.56146e-02
1.79419e-02
8.60346e-03
1.20227e-03
-7.62763e-04
2.06135e-03
1.00238e-02
2.18144e-02
3.44170e-02
4.30769e-02
4.26246e-02
3.66325e-02
2.79807e-02
1.97977e-02
1.53805e-02
1.49763e-02
1.27732e-02
7.58301e-03
-2.62522e-03
-1.42050e-02
-2.54635e-02
-3.16145e-02
-3.12676e-02
-2.54602e-02
-1.62246e-02
-9.10986e-03
-5.67996e-03
-3.62227e-03
-1.29650e-03
3.01312e-03
1.00855e-02
1.71979e-02
2.04436e-02
1.99743e-02
1.46253e-02
4.81521e-03
-7.51419e-03
-1.79975e-02
-2.23771e-02
-1.95701e-02
-1.40661e-02
-1.03640e-02
-1.15945e-02
-1.42855e-02
-1.61642e-02
-1.59057e-02
-1.13780e-02
-3.43347e-03
4.47086e-03
7.03549e-03
4.99170e-03
1.24386e-04
-3.59845e-03
-4.19728e-03
-2.76435e-03
-2.81442e-03
-7.42746e-03
-1.44119e-02
-2.15891e-02
-2.70345e-02
-2.81727e-02
-2.36695e-02
-1.76921e-02
-1.48047e-02
-1.33858e-02
-1.39568e-02
-1.40311e-02
-1.17572e-02
-6.08731e-03
1.44016e-03
1.01984e-02
1.83535e-02
2.60433e-02
3.06513e-02
3.42864e-02
3.56975e-02
3.39849e-02
3.22959e-02
3.14094e-02
2.91146e-02
2.40549e-02
1.72001e-02
1.33678e-02
1.23165e-02
1.15280e-02
1.22245e-02
1.38371e-02
1.44635e-02
1.21502e-02
6.26354e-03
-1.76319e-05
-2.98292e-03
2.85624e-04
8.43281e-03
1.79685e-02
2.44161e-02
2.46063e-02
1.77921e-02
9.08706e-03
4.73057e-03
6.76067e-03
8.81836e-03
7.14240e-03
1.95637e-03
-7.30752e-03
-1.85867e-02
-2.69022e-02
-2.90495e-02
-2.54155e-02
-1.85012e-02
-1.20937e-02
-7.90514e-03
-5.73665e-03
-5.02694e-03
-6.04351e-03
-8.59883e-03
-1.53511e-02
-2.42683e-02
-3.27740e-02
-3.85448e-02
-4.24657e-02
-4.61870e-02
-5.14351e-02
-5.36422e-02
-4.89389e-02
-3.34183e-02
-8.77891e-03
1.56284e-02
3.00965e-02
3.24815e-02
2.69290e-02
1.95002e-02
1.46806e-02
1.40337e-02
1.47601e-02
1.43063e-02
1.25849e-02
7.91046e-03
2.45945e-03
6.63468e-04
1.84433e-03
3.51688e-03
4.39446e-03
6.17177e-03
1.04333e-02
1.73276e-02
2.27784e-02
2.34330e-02
2.00892e-02
1.60469e-02
1.42238e-02
1.54085e-02
1.85444e-02
2.19540e-02
2.20705e-02
2.12053e-02
2.17076e-02
2.31409e-02
2.62785e-02
2.87959e-02
2.93637e-02
2.59518e-02
1.80646e-02
5.23124e-03
-9.09207e-03
-2.15659e-02
-3.01336e-02
-3.46059e-02
-3.36726e-02
-3.01542e-02
-2.71646e-02
-2.88774e-02
-3.36448e-02
-3.60172e-02
-3.48900e-02
-3.07885e-02
-2.26451e-02
-1.06164e-02
-5.62036e-04
5.03344e-03
6.97464e-03
7.14156e-03
4.28734e-03
-7.79935e-04
-5.80855e-03
-9.32107e-03
-8.95715e-03
-8.05560e-03
-1.06191e-02
-1.36119e-02
-1.15597e-02
-4.78653e-03
3.33931e-03
8.55660e-03
1.23643e-02
1.36025e-02
1.21222e-02
6.47794e-03
-1.53752e-03
-1.08126e-02
-1.78177e-02
-1.91442e-02
-1.46338e-02
-8.15630e-03
-1.89214e-03
1.87339e-03
3.26350e-03
2.88473e-03
1.83662e-03
-2.45080e-04
-2.39278e-03
-4.96129e-03
-7.79682e-03
-6.46864e-03
2.78160e-03
1.33888e-02
2.02229e-02
2.34786e-02
2.15360e-02
1.58126e-02
8.65233e-03
3.78511e-03
3.91034e-03
1.11706e-02
2.12969e-02
3.03160e-02
3.45618e-02
3.58681e-02
3.35368e-02
2.63241e-02
1.69965e-02
9.23068e-03
3.33099e-03
-2.59634e-03
-1.11266e-02
-2.00670e-02
-2.27127e-02
-1.74753e-02
-5.67300e-03
7.11375e-03
1.58378e-02
1.70554e-02
1.29008e-02
4.52985e-03
-5.24944e-03
-1.10963e-02
-1.23325e-02
-1.05032e-02
-9.61254e-03
-1.26466e-02
-1.96069e-02
-2.58928e-02
-2.86111e-02
-2.64065e-02
-2.08687e-02
-1.55504e-02
-1.23288e-02
-1.14966e-02
-1.13060e-02
-1.02416e-02
-9.74137e-03
-1.12858e-02
-1.35506e-02
-1.65979e-02
-1.79547e-02
-1.65868e-02
-1.19065e-02
-3.08900e-03
8.59821e-03
2.05442e-02
3.05533e-02
3.59840e-02
3.79742e-02
3.81080e-02
3.63235e-02
3.30385e-02
2.63968e-02
1.28708e-02
7.18165e-04
-8.60302e-03
-1.53316e-02
-1.92910e-02
-2.05881e-02
-1.98984e-02
-1.99448e-02
-2.10302e-02
-2.26029e-02
-2.57251e-02
-3.05030e-02
-3.34628e-02
-3.14774e-02
-2.38026e-02
-1.37638e-02
-5.44285e-03
3.59019e-04
1.54078e-03
-2.22960e-03
-7.50070e-03
-8.70153e-03
-4.88476e-03
1.96497e-03
9.67517e-03
1.72492e-02
2.29955e-02
2.45734e-02
2.09859e-02
1.33799e-02
3.71969e-03
-6.82181e-03
-1.78225e-02
-2.47803e-02
-2.81174e-02
-2.81120e-02
-2.22150e-02
-1.26181e-02
-3.92463e-03
2.07722e-03
5.63786e-03
9.08198e-03
1.38971e-02
1.88487e-02
2.15826e-02
2.12844e-02
1.76951e-02
1.04606e-02
4.66559e-05
-9.68849e-03
-1.74078e-02
-1.97519e-02
-1.71106e-02
-1.27283e-02
-9.72945e-03
-9.26695e-03
-1.21937e-02
-1.69352e-02
-2.00579e-02
-1.95182e-02
-1.76553e-02
-1.61436e-02
-1.58883e-02
-1.80414e-02
-2.30439e-02
-3.06402e-02
-3.95479e-02
-4.44676e-02
-4.32240e-02
-3.68459e-02
-2.51669e-02
-7.63782e-03
1.11465e-02
2.52623e-02
3.48099e-02
3.89105e-02
3.93813e-02
3.98639e-02
3.98800e-02
3.75708e-02
3.19920e-02
2.19982e-02
9.21187e-03
2.33563e-04
-1.51846e-03
3.44235e-03
1.29609e-02
2.37585e-02
3.17661e-02
3.65179e-02
3.81687e-02
3.27800e-02
2.41350e-02
1.63201e-02
6.86189e-03
2.07142e-03
3.55047e-03
7.47398e-03
9.31772e-03
8.96743e-03
6.87954e-03
2.24866e-03
-5.84803e-03
-1.41751e-02
-2.01006e-02
-2.36420e-02
-2.50912e-02
-2.35497e-02
-1.95419e-02
-1.29346e-02
-7.15177e-03
-4.69059e-03
-3.84408e-03
-1.76375e-03
2.86341e-03
7.56075e-03
1.04061e-02
8.57411e-03
3.30056e-03
-1.86526e-03
-3.78463e-03
-7.54595e-04
4.70479e-03
1.16946e-02
1.84064e-02
2.53207e-02
3.29873e-02
3.72899e-02
3.68291e-02
3.15746e-02
2.43386e-02
1.98583e-02
1.58180e-02
1.12608e-02
5.51820e-03
-4.79007e-03
-1.67179e-02
-2.30971e-02
-2.12861e-02
-1.55207e-02
-1.03192e-02
-7.25725e-03
-7.15054e-03
-9.89310e-03
-1.58656e-02
-2.27668e-02
-2.93054e-02
-3.10884e-02
-2.69096e-02
-2.13453e-02
-1.66091e-02
-1.22152e-02
-1.03205e-02
-9.92291e-03
-8.67228e-03
-4.45753e-03
1.24121e-03
6.10372e-03
1.15388e-02
1.41625e-02
1.71809e-02
2.10977e-02
2.61296e-02
3.19829e-02
3.66500e-02
3.97279e-02
4.19264e-02
4.30288e-02
4.22549e-02
3.94929e-02
3.44331e-02
2.72337e-02
1.79178e-02
8.67387e-03
3.13024e-04
-5.73626e-03
-9.20312e-03
-1.14580e-02
-1.17791e-02
-1.09825e-02
-1.03373e-02
-1.09875e-02
-1.56805e-02
-2.07148e-02
-2.42071e-02
-2.76481e-02
-3.14142e-02
-3.17082e-02
-2.75262e-02
-2.12596e-02
-1.46055e-02
-8.24588e-03
-3.88816e-03
-2.52685e-03
-4.67086e-03
-9.91748e-03
-1.70367e-02
-2.36127e-02
-2.47769e-02
-2.18528e-02
-1.72404e-02
-1.48726e-02
-1.52414e-02
-1.57766e-02
-1.49806e-02
-1.16546e-02
-6.26279e-03
1.50694e-03
1.02856e-02
1.80743e-02
2.30125e-02
2.56187e-02
2.49467e-02
1.91526e-02
1.12102e-02
4.45261e-03
-3.70836e-04
-3.42157e-04
2.09054e-03
4.09659e-03
4.34189e-03
1.15656e-03
-4.01905e-03
-8.40747e-03
-7.93477e-03
-6.69553e-05
1.34188e-02
2.66288e-02
3.41692e-02
3.41772e-02
3.09466e-02
2.88655e-02
2.94121e-02
2.98840e-02
2.64738e-02
1.69762e-02
3.92548e-03
-9.19755e-03
-1.71234e-02
-1.82608e-02
-1.32185e-02
-8.67112e-03
-6.00474e-03
-5.10259e-03
-5.43110e-03
-7.36932e-03
-1.22032e-02
-1.65012e-02
-1.33868e-02
-3.84412e-03
8.49366e-03
1.70997e-02
1.78924e-02
1.05815e-02
8.44419e-04
-7.32201e-03
-1.27633e-02
-1.71023e-02
-2.08652e-02
-2.58821e-02
-2.94537e-02
-2.75640e-02
-1.98741e-02
-6.47767e-03
1.07261e-02
2.72695e-02
3.94495e-02
4.57856e-02
4.87040e-02
4.86827e-02
4.26184e-02
3.04896e-02
1.18086e-02
-1.04565e-02
-2.58501e-02
-3.05000e-02
-2.76677e-02
-2.05900e-02
-1.27837e-02
-7.52015e-03
-3.21204e-03
1.85611e-03
7.66809e-03
1.12210e-02
1.18808e-02
1.06050e-02
9.12674e-03
5.48871e-03
-1.81571e-04
-3.54589e-03
-3.98914e-03
-5.80313e-04
4.94346e-03
1.14336e-02
1.82325e-02
2.12498e-02
2.35211e-02
2.68435e-02
2.99117e-02
3.25842e-02
3.37496e-02
3.21106e-02
2.57709e-02
1.42773e-02
-1.27039e-03
-1.60765e-02
-2.36682e-02
-2.38151e-02
-2.19039e-02
-1.93615e-02
-1.93504e-02
-2.13443e-02
-2.27021e-02
-2.17020e-02
-1.94059e-02
-1.58811e-02
-1.29632e-02
-1.21471e-02
-1.31912e-02
-1.40867e-02
-1.57414e-02
-1.94361e-02
-2.52375e-02
-2.96128e-02
-3.12244e-02
-2.84908e-02
-2.17627e-02
-1.34323e-02
-8.09518e-03
-5.77313e-03
-6.53026e-03
-9.68224e-03
-1.38608e-02
-1.72901e-02
-1.87078e-02
-1.59987e-02
-7.94223e-03
2.56064e-03
9.99611e-03
1.14829e-02
5.91379e-03
-3.12756e-03
-7.65873e-03
-5.21540e-03
3.35180e-03
1.46239e-02
2.44658e-02
3.18356e-02
3.33533e-02
3.04739e-02
2.46254e-02
1.56674e-02
1.57269e-03
-1.40393e-02
-2.80363e-02
-3.82303e-02
-4.23480e-02
-4.21450e-02
-3.87295e-02
-3.03796e-02
-1.85967e-02
-4.16810e-03
8.95409e-03
1.93949e-02
2.49198e-02
2.50890e-02
2.52225e-02
2.64143e-02
1.97496e-02
7.09332e-03
-7.47127e-03
-1.88081e-02
-2.30697e-02
-1.96721e-02
-1.26699e-02
-6.31275e-03
-2.44424e-03
-6.37002e-04
1.58755e-03
4.69049e-03
7.75127e-03
1.03899e-02
1.10850e-02
1.02999e-02
6.79965e-03
6.90534e-04
-6.91010e-03
-1.63255e-02
-2.25227e-02
-2.35694e-02
-1.96393e-02
-9.94990e-03
3.73522e-03
1.67562e-02
2.70926e-02
3.14435e-02
2.82469e-02
1.71422e-02
4.69510e-04
-1.57861e-02
-2.41581e-02
-2.33307e-02
-1.57182e-02
-6.98761e-03
4.70763e-04
5.76377e-03
1.02373e-02
1.55285e-02
2.18689e-02
2.93543e-02
3.49340e-02
3.54746e-02
3.11383e-02
2.24972e-02
1.04515e-02
3.16108e-05
-6.81398e-03
-9.94658e-03
-1.13670e-02
-1.48209e-02
-2.08288e-02
-2.29232e-02
-1.66946e-02
-3.89323e-03
9.35425e-03
1.69144e-02
1.77112e-02
1.10589e-02
2.49542e-03
-2.53863e-03
-1.98608e-03
1.79723e-03
6.77036e-03
8.29184e-03
6.01258e-03
3.73399e-03
4.81795e-03
9.94753e-03
1.55567e-02
2.07270e-02
2.63812e-02
3.09913e-02
3.33442e-02
3.15716e-02
2.42424e-02
1.08480e-02
-4.04061e-03
-1.85728e-02
-2.82541e-02
-2.91010e-02
-2.25264e-02
-1.25790e-02
-2.62770e-03
5.71383e-03
1.17628e-02
1.56749e-02
1.78321e-02
1.76029e-02
1.55277e-02
1.17513e-02
8.72869e-03
8.09224e-03
8.55083e-03
6.21704e-03
1.32907e-03
-6.47455e-03
-1.37505e-02
-1.85257e-02
-2.32695e-02
-2.83843e-02
-3.26267e-02
-2.93851e-02
-1.94562e-02
-6.37993e-03
4.60284e-03
1.45390e-02
1.93379e-02
1.87320e-02
1.12673e-02
-2.37191e-03
-1.76655e-02
-2.89729e-02
-3.17616e-02
-2.49570e-02
-1.19736e-02
-3.57345e-04
4.55203e-03
6.16316e-03
5.20114e-03
1.31607e-04
-2.53493e-04
5.59653e-03
1.24940e-02
1.54877e-02
1.13871e-02
-1.65038e-03
-2.27136e-02
-4.37255e-02
-5.66324e-02
-6.08302e-02
-5.74171e-02
-5.03575e-02
-4.22288e-02
-3.58910e-02
-2.98304e-02
-2.14365e-02
-8.53616e-03
6.85634e-03
2.05461e-02
2.72365e-02
2.38019e-02
1.61863e-02
1.15573e-02
1.41570e-02
2.08959e-02
2.74339e-02
3.02173e-02
2.71820e-02
1.96655e-02
1.11454e-02
8.42612e-03
1.03795e-02
1.64017e-02
2.22066e-02
2.20048e-02
1.59226e-02
5.38543e-03
-7.24970e-03
-1.79675e-02
-2.36185e-02
-2.18552e-02
-1.24973e-02
-1.16062e-03
8.60072e-03
1.50295e-02
1.72876e-02
1.89468e-02
2.06899e-02
2.19181e-02
2.19179e-02
1.92244e-02
1.17561e-02
1.44717e-03
-8.40809e-03
-1.60073e-02
-1.91401e-02
-1.84077e-02
-1.43151e-02
-1.10749e-02
-1.17870e-02
-1.56156e-02
-1.84270e-02
-2.02341e-02
-2.15652e-02
-2.26899e-02
-2.32262e-02
-2.16174e-02
-1.76412e-02
-1.33240e-02
-1.03124e-02
-1.01885e-02
-1.35335e-02
-1.60367e-02
-1.14797e-02
8.69863e-04
1.45308e-02
2.46358e-02
3.20527e-02
3.59254e-02
3.30101e-02
2.24673e-02
7.04263e-03
-9.85332e-03
-2.42043e-02
-3.10376e-02
-2.89235e-02
-2.15832e-02
-1.10227e-02
-1.81963e-03
2.94346e-03
3.05916e-03
-1.97303e-03
-1.03540e-02
-1.59463e-02
-1.32012e-02
-4.60753e-03
6.46150e-03
1.61739e-02
2.53622e-02
3.14615e-02
3.31010e-02
3.03101e-02
2.07593e-02
7.81965e-03
-2.06887e-03
-7.99709e-03
-7.06323e-03
2.33347e-03
1.44903e-02
2.52181e-02
2.97783e-02
2.72606e-02
2.11097e-02
1.43029e-02
9.40457e-03
7.13655e-03
7.35485e-03
7.47672e-03
7.25579e-03
4.59747e-03
-1.54164e-03
-8.48263e-03
-1.30256e-02
-1.38765e-02
-1.22058e-02
-8.83003e-03
-7.88409e-03
-1.35293e-02
-2.65436e-02
-4.35568e-02
-5.48927e-02
-5.50821e-02
-4.68969e-02
-3.37430e-02
-1.81265e-02
-3.20266e-03
6.36238e-03
1.05479e-02
7.54112e-03
-2.73562e-03
-1.66168e-02
-2.84239e-02
-3.64462e-02
-4.08315e-02
-4.33622e-02
-4.22825e-02
-3.94303e-02
-3.46185e-02
-2.67215e-02
-1.76056e-02
-1.01344e-02
-5.28410e-03
-3.00585e-03
-1.19569e-03
6.53360e-04
3.60964e-03
8.71698e-03
1.49153e-02
2.05657e-02
2.37893e-02
2.52177e-02
2.72790e-02
3.04194e-02
3.42708e-02
3.95024e-02
4.35154e-02
4.57254e-02
4.35969e-02
3.76767e-02
3.07398e-02
2.46174e-02
1.91450e-02
1.75172e-02
1.94106e-02
2.36740e-02
2.96668e-02
3.68354e-02
4.33448e-02
4.58419e-02
4.55806e-02
4.42033e-02
4.21439e-02
3.95579e-02
3.60915e-02
3.15099e-02
2.74067e-02
2.38266e-02
2.07647e-02
1.88882e-02
1.71533e-02
1.63488e-02
1.38428e-02
8.34884e-03
1.07688e-03
-7.24168e-03
-1.59670e-02
-2.76989e-02
-4.22591e-02
-5.76855e-02
-7.21164e-02
-8.66870e-02
-9.71891e-02
-1.03188e-01
-1.01480e-01
-9.52506e-02
-9.07335e-02
-8.97794e-02
-9.13965e-02
-9.38116e-02
-9.82135e-02
-1.05154e-01
-1.11692e-01
-1.14603e-01
-1.11983e-01
-1.04905e-01
-9.46640e-02
-8.16046e-02
-6.42795e-02
-4.26765e-02
-2.01539e-02
-4.48260e-03
2.52160e-03
6.61664e-03
7.59978e-03
3.74137e-03
-3.33116e-03
-9.40404e-03
-1.23090e-02
-1.09010e-02
-8.33720e-03
-6.79881e-03
-6.27756e-03
-6.63094e-03
-6.48231e-03
-2.76704e-03
6.73928e-03
2.31855e-02
4.38000e-02
6.42646e-02
8.84286e-02
1.14522e-01
1.38571e-01
1.58269e-01
1.68845e-01
1.73174e-01
1.75526e-01
1.78493e-01
1.81591e-01
1.85251e-01
1.87899e-01
1.87286e-01
1.80870e-01
1.71343e-01
1.63117e-01
1.60162e-01
1.60434e-01
1.62269e-01
1.65365e-01
1.67701e-01
1.69989e-01
1.70705e-01
1.68713e-01
1.62099e-01
1.51609e-01
1.35792e-01
1.15076e-01
9.19006e-02
6.79680e-02
4.43641e-02
1.94863e-02
-8.56157e-03
-3.91168e-02
-7.10152e-02
-1.02315e-01
-1.26949e-01
-1.43110e-01
-1.55483e-01
-1.60615e-01
-1.56781e-01
-1.51314e-01
-1.43476e-01
-1.30974e-01
-1.15495e-01
-9.44594e-02
-6.89740e-02
-4.25109e-02
-2.30394e-02
-8.34217e-03
2.17787e-03
8.77101e-03
1.53240e-02
2.61825e-02
4.12812e-02
5.68550e-02
6.85166e-02
7.12100e-02
6.29641e-02
4.21536e-02
8.95463e-03
-3.18573e-02
-7.50591e-02
-1.08209e-01
-1.34562e-01
-1.58441e-01
-1.78952e-01
-1.98712e-01
-2.10462e-01
-2.14200e-01
-2.10441e-01
-2.01128e-01
-1.89461e-01
-1.74848e-01
-1.60835e-01
-1.46035e-01
-1.32863e-01
-1.19359e-01
-1.10413e-01
-1.05175e-01
-1.06882e-01
-1.17485e-01
-1.37254e-01
-1.63874e-01
-1.90134e-01
-2.11833e-01
-2.28067e-01
-2.37635e-01
-2.40374e-01
-2.36458e-01
-2.24892e-01
-2.05533e-01
-1.79637e-01
-1.42129e-01
-8.97074e-02
-1.88660e-02
6.69105e-02
1.61347e-01
2.45921e-01
3.07191e-01
3.35847e-01
3.40321e-01
3.31511e-01
3.14080e-01
2.88668e-01
2.54010e-01
2.14286e-01
1.67724e-01
1.11905e-01
5.01502e-02
-1.71373e-03
-4.17415e-02
-5.86226e-02
-5.31038e-02
-2.81158e-02
8.94026e-03
4.62243e-02
7.59404e-02
9.22566e-02
1.00426e-01
9.99937e-02
9.04560e-02
7.63233e-02
6.37586e-02
5.43060e-02
5.16666e-02
5.64581e-02
6.85804e-02
8.70230e-02
1.07219e-01
1.27383e-01
1.42864e-01
1.54814e-01
1.70085e-01
1.86588e-01
2.02262e-01
2.14177e-01
2.22186e-01
2.26302e-01
2.24964e-01
2.15805e-01
1.98664e-01
1.76055e-01
1.53809e-01
1.31205e-01
1.07891e-01
8.66269e-02
6.79465e-02
5.40412e-02
4.60993e-02
4.38150e-02
4.14095e-02
2.86563e-02
2.44091e-03
-2.96312e-02
-6.96548e-02
-1.19321e-01
-1.73296e-01
-2.20856e-01
-2.48163e-01
-2.54737e-01
-2.46861e-01
-2.32588e-01
-2.14388e-01
-1.94672e-01
-1.79327e-01
-1.73746e-01
-1.79321e-01
-1.96920e-01
-2.25105e-01
-2.60752e-01
-2.92736e-01
-3.12190e-01
-3.17216e-01
-3.02635e-01
-2.69057e-01
-2.29560e-01
-1.98126e-01
-1.80782e-01
-1.78506e-01
-1.84719e-01
-1.94678e-01
-2.01804e-01
-1.94948e-01
-1.66569e-01
-1.15900e-01
-4.99567e-02
1.96829e-02
9.40874e-02
1.60374e-01
2.16782e-01
2.55339e-01
2.76852e-01
2.88742e-01
2.95093e-01
2.98681e-01
3.00317e-01
3.01958e-01
3.03246e-01
3.02638e-01
2.97608e-01
2.83715e-01
2.55015e-01
2.13920e-01
1.63209e-01
1.13535e-01
6.87715e-02
3.74124e-02
1.36004e-02
-5.82649e-03
-2.15758e-02
-3.66389e-02
-5.45460e-02
-7.88877e-02
-1.08228e-01
-1.39400e-01
-1.69413e-01
-1.97975e-01
-2.24063e-01
-2.44378e-01
-2.50129e-01
-2.44009e-01
-2.34954e-01
-2.31032e-01
-2.32362e-01
-2.38143e-01
-2.48198e-01
-2.58394e-01
-2.65150e-01
-2.63922e-01
-2.54085e-01
-2.35897e-01
-2.11088e-01
-1.80841e-01
-1.45855e-01
-1.12301e-01
-8.33575e-02
-6.19246e-02
-3.98839e-02
-1.32592e-02
2.46926e-02
7.78386e-02
1.46944e-01
2.25632e-01
3.02198e-01
3.67205e-01
4.18638e-01
4.47744e-01
4.59220e-01
4.62473e-01
4.59415e-01
4.49738e-01
4.33298e-01
4.11214e-01
3.83135e-01
3.50009e-01
3.07933e-01
2.53926e-01
1.95888e-01
1.46662e-01
1.06867e-01
7.91492e-02
6.32934e-02
5.97579e-02
6.03148e-02
6.09842e-02
6.08330e-02
5.64857e-02
4.70994e-02
3.23895e-02
1.07525e-02
-1.68090e-02
-5.26363e-02
-9.89816e-02
-1.54319e-01
-2.19864e-01
-2.85573e-01
-3.46053e-01
-4.04374e-01
-4.45370e-01
-4.70823e-01
-4.75105e-01
-4.62446e-01
-4.29787e-01
-3.71471e-01
-2.92975e-01
-2.02298e-01
-1.07204e-01
-3.09522e-02
2.95038e-02
7.31519e-02
9.87009e-02
1.09532e-01
1.13944e-01
1.15459e-01
1.12145e-01
1.02755e-01
8.94562e-02
7.78396e-02
7.15346e-02
7.23717e-02
8.17809e-02
9.57081e-02
1.08524e-01
1.15755e-01
1.14559e-01
1.04158e-01
8.65412e-02
6.14613e-02
2.90456e-02
-9.23768e-03
-5.21928e-02
-9.15404e-02
-1.23522e-01
-1.50470e-01
-1.62147e-01
-1.63019e-01
-1.53590e-01
-1.34492e-01
-1.10185e-01
-8.26987e-02
-5.80839e-02
-4.22111e-02
-3.28167e-02
-2.92032e-02
-2.83483e-02
-2.80335e-02
-2.97995e-02
-3.35950e-02
-4.01771e-02
-5.18597e-02
-6.81903e-02
-8.79109e-02
-1.14774e-01
-1.43592e-01
-1.71781e-01
-1.92707e-01
-2.02820e-01
-2.05146e-01
-2.00706e-01
-1.87819e-01
-1.61742e-01
-1.20735e-01
-6.46681e-02
5.68381e-03
7.51663e-02
1.39005e-01
1.85937e-01
2.29704e-01
2.61372e-01
2.73629e-01
2.82881e-01
2.93192e-01
3.04317e-01
3.13831e-01
3.15843e-01
3.10094e-01
2.94537e-01
2.64008e-01
2.17064e-01
1.57630e-01
9.08906e-02
3.41648e-02
6.51473e-03
-1.42134e-02
-2.69146e-02
-2.43915e-02
-1.45341e-02
-5.57640e-03
-3.97543e-04
-2.95189e-03
-8.55130e-03
-1.13792e-02
-1.05485e-02
-3.21096e-03
1.17258e-02
3.20586e-02
5.07473e-02
6.17015e-02
6.44828e-02
5.81896e-02
3.76581e-02
2.84429e-04
-5.09795e-02
-1.07385e-01
-1.56147e-01
-1.91167e-01
-2.08696e-01
-2.06990e-01
-1.86930e-01
-1.51517e-01
-1.07675e-01
-6.40696e-02
-2.26385e-02
8.39895e-03
2.53716e-02
3.13062e-02
2.92755e-02
2.46541e-02
2.11135e-02
2.53234e-02
4.20122e-02
7.07376e-02
1.01210e-01
1.24457e-01
1.34410e-01
1.33475e-01
1.21860e-01
1.02754e-01
8.10918e-02
6.81316e-02
6.81844e-02
8.05097e-02
9.66850e-02
1.11957e-01
1.20843e-01
1.22945e-01
1.20464e-01
1.16082e-01
1.09117e-01
9.86036e-02
8.68329e-02
7.38489e-02
5.87733e-02
4.20403e-02
2.59068e-02
9.80093e-03
-7.72278e-03
-2.86261e-02
-5.57193e-02
-8.57233e-02
-1.18322e-01
-1.52940e-01
-1.89339e-01
-2.24821e-01
-2.50098e-01
-2.63298e-01
-2.64446e-01
-2.56915e-01
-2.47405e-01
-2.38778e-01
-2.30043e-01
-2.23955e-01
-2.20489e-01
-2.16047e-01
-2.10990e-01
-2.02684e-01
-1.87207e-01
-1.58030e-01
-1.09433e-01
-4.17537e-02
3.80910e-02
1.15827e-01
1.76943e-01
2.21183e-01
2.42729e-01
2.43012e-01
2.30667e-01
2.07551e-01
1.75268e-01
1.38657e-01
1.05490e-01
7.36197e-02
4.35562e-02
2.54727e-02
1.76822e-02
2.22550e-02
4.03577e-02
7.11801e-02
1.09719e-01
1.46042e-01
1.73450e-01
1.86956e-01
1.91230e-01
1.83059e-01
1.61571e-01
1.28865e-01
8.76509e-02
4.51299e-02
-2.28742e-03
-4.95801e-02
-9.72880e-02
-1.36974e-01
-1.62941e-01
-1.77003e-01
-1.77103e-01
-1.67351e-01
-1.50080e-01
-1.26232e-01
-9.99218e-02
-7.81059e-02
-6.52834e-02
-6.17272e-02
-6.37456e-02
-7.06218e-02
-8.25551e-02
-9.95978e-02
-1.18447e-01
-1.38031e-01
-1.54532e-01
-1.67432e-01
-1.75782e-01
-1.74728e-01
-1.62823e-01
-1.37110e-01
-9.44846e-02
-3.91038e-02
1.99651e-02
7.40301e-02
1.18721e-01
1.48142e-01
1.53399e-01
1.45231e-01
1.24463e-01
9.49412e-02
6.71125e-02
4.87230e-02
4.67795e-02
5.53882e-02
7.07802e-02
8.85865e-02
1.06309e-01
1.18675e-01
1.27077e-01
1.32517e-01
1.37572e-01
1.41837e-01
1.42729e-01
1.41337e-01
1.35535e-01
1.24451e-01
1.09502e-01
8.96866e-02
6.59161e-02
4.19532e-02
1.92233e-02
2.93290e-03
-3.32761e-03
-3.99418e-03
-7.12349e-04
4.53042e-03
1.10537e-02
1.90664e-02
2.65819e-02
3.13895e-02
3.08232e-02
3.00347e-02
2.71264e-02
1.86492e-02
4.98151e-03
-1.23874e-02
-3.25788e-02
-5.31123e-02
-7.37146e-02
-9.41716e-02
-1.13646e-01
-1.28455e-01
-1.36709e-01
-1.36814e-01
-1.26903e-01
-1.09570e-01
-8.85732e-02
-7.00375e-02
-6.10702e-02
-5.77000e-02
-5.68495e-02
-5.71505e-02
-5.82870e-02
-6.14407e-02
-6.45920e-02
-6.74489e-02
-6.78556e-02
-6.42495e-02
-5.61504e-02
-4.31945e-02
-2.63108e-02
-9.01239e-03
6.73888e-03
2.24152e-02
3.92671e-02
5.68898e-02
7.69550e-02
9.39675e-02
1.06314e-01
1.14902e-01
1.20132e-01
1.22209e-01
1.19812e-01
1.12943e-01
1.01530e-01
8.62659e-02
7.01521e-02
5.47840e-02
4.14206e-02
3.00923e-02
2.12233e-02
1.46938e-02
7.90153e-03
-1.54437e-04
-1.09368e-02
-2.14964e-02
-3.01356e-02
-3.44972e-02
-3.45451e-02
-3.37547e-02
-3.29383e-02
-3.22147e-02
-2.94164e-02
-2.43301e-02
-1.65927e-02
-6.60241e-03
4.32572e-03
1.45709e-02
1.96050e-02
1.69781e-02
5.78608e-03
-1.68066e-02
-4.56539e-02
-7.27414e-02
-9.12579e-02
-9.68014e-02
-8.63864e-02
-6.17155e-02
-2.55874e-02
1.63458e-02
5.57614e-02
8.46404e-02
1.01283e-01
1.05203e-01
9.77467e-02
8.09894e-02
5.89604e-02
3.74913e-02
2.32961e-02
1.60187e-02
1.08050e-02
8.11917e-03
6.85102e-03
3.50903e-03
5.25889e-05
-3.15472e-03
-7.99242e-03
-1.46512e-02
-2.17615e-02
-2.86697e-02
-3.20434e-02
-2.80804e-02
-1.80840e-02
-6.98065e-03
8.37516e-04
1.96438e-03
-3.43045e-03
-1.43741e-02
-2.60520e-02
-3.30502e-02
-3.36119e-02
-2.99433e-02
-2.45447e-02
-1.80544e-02
-1.33339e-02
-1.14761e-02
-1.46547e-02
-2.44884e-02
-4.17748e-02
-6.37054e-02
-8.20456e-02
-9.37827e-02
-9.95820e-02
-1.01505e-01
-1.02687e-01
-1.04506e-01
-1.07452e-01
-1.12915e-01
-1.21867e-01
-1.30532e-01
-1.35177e-01
-1.34855e-01
-1.28418e-01
-1.15100e-01
-9.34003e-02
-6.26450e-02
-2.68183e-02
7.69549e-03
3.60568e-02
5.59513e-02
6.41312e-02
6.68404e-02
6.31339e-02
5.30469e-02
3.94064e-02
2.25343e-02
4.56736e-03
-1.52769e-02
-3.66101e-02
-5.60840e-02
-7.04978e-02
-7.57495e-02
-7.26881e-02
-6.21267e-02
-4.32291e-02
-1.73887e-02
1.45757e-02
4.31743e-02
6.14429e-02
6.84024e-02
6.78978e-02
6.41855e-02
6.32386e-02
6.44500e-02
6.42695e-02
6.33664e-02
6.34236e-02
6.46548e-02
6.60097e-02
6.66833e-02
6.43673e-02
5.77008e-02
4.87034e-02
3.76007e-02
2.33669e-02
9.29166e-03
-3.57005e-03
-1.72469e-02
-2.94875e-02
-3.97977e-02
-4.65851e-02
-4.75212e-02
-4.26975e-02
-3.50719e-02
-2.69255e-02
-1.90410e-02
-1.05174e-02
-4.11457e-04
1.31168e-02
2.87405e-02
4.23846e-02
5.01843e-02
5.41023e-02
5.48085e-02
5.31624e-02
5.02578e-02
4.62084e-02
4.24920e-02
4.08707e-02
4.11066e-02
4.19222e-02
4.11754e-02
3.67474e-02
2.86884e-02
1.61322e-02
-2.31397e-04
-1.68994e-02
-3.10214e-02
-4.08094e-02
-4.45218e-02
-4.35625e-02
-4.01745e-02
-3.48282e-02
-2.68633e-02
-1.92968e-02
-1.42705e-02
-1.08195e-02
-7.86424e-03
-4.81751e-03
1.53114e-03
1.39648e-02
2.86975e-02
4.21358e-02
4.99452e-02
5.20085e-02
4.94875e-02
4.28629e-02
3.19341e-02
1.93069e-02
5.99612e-03
-5.58420e-03
-1.49233e-02
-2.24350e-02
-2.97358e-02
-3.58390e-02
-4.16282e-02
-4.83346e-02
-5.54469e-02
-6.09191e-02
-6.08890e-02
-5.48408e-02
-4.51231e-02
-3.52184e-02
-2.64965e-02
-1.92833e-02
-1.66828e-02
-1.81676e-02
-2.09194e-02
-2.34888e-02
-2.44435e-02
-2.03214e-02
-1.22211e-02
-4.38273e-03
1.31135e-03
5.41849e-03
1.01562e-02
1.56302e-02
2.14541e-02
2.50843e-02
2.62084e-02
2.31446e-02
1.93240e-02
1.70022e-02
1.57910e-02
1.66162e-02
1.87268e-02
2.18014e-02
2.31706e-02
2.32854e-02
2.20675e-02
1.86221e-02
1.20815e-02
2.30100e-03
-8.34383e-03
-1.63455e-02
-2.14530e-02
-2.33606e-02
-2.09082e-02
-1.54922e-02
-9.62706e-03
-4.66396e-03
-2.45405e-03
-2.44314e-03
-3.67624e-03
-7.16703e-03
-1.24004e-02
-1.85666e-02
-3.07696e-02
-4.41188e-02
-5.48356e-02
-5.99406e-02
-5.69122e-02
-4.45414e-02
-2.36469e-02
8.99958e-04
2.29605e-02
3.96652e-02
5.21254e-02
6.38474e-02
7.77310e-02
9.21601e-02
1.05122e-01
1.17073e-01
1.26198e-01
1.33081e-01
1.37683e-01
1.42489e-01
1.49724e-01
1.57278e-01
1.65429e-01
1.71521e-01
1.74425e-01
1.74134e-01
1.70015e-01
1.62047e-01
1.51937e-01
1.41755e-01
1.31657e-01
1.23082e-01
1.13637e-01
9.93118e-02
7.98723e-02
5.37264e-02
1.93011e-02
-1.66650e-02
-5.03661e-02
-8.21031e-02
-1.06371e-01
-1.25568e-01
-1.35299e-01
-1.38886e-01
-1.39410e-01
-1.39223e-01
-1.42261e-01
-1.50080e-01
-1.61347e-01
-1.73108e-01
-1.82213e-01
-1.83680e-01
-1.72515e-01
-1.48357e-01
-1.14999e-01
-7.73071e-02
-4.55956e-02
-2.41113e-02
-1.15729e-02
-5.62661e-03
-3.51025e-03
-1.15737e-03
1.77625e-03
6.32295e-03
1.60477e-02
2.94383e-02
4.23393e-02
5.21485e-02
5.68207e-02
5.56048e-02
5.11731e-02
4.52272e-02
3.95500e-02
3.66391e-02
3.75913e-02
4.47525e-02
5.88283e-02
7.50942e-02
8.74155e-02
9.78821e-02
1.03705e-01
1.03819e-01
1.00229e-01
9.29325e-02
7.94095e-02
6.18299e-02
4.34222e-02
2.58426e-02
1.01897e-02
-3.48445e-03
-1.30524e-02
-2.23873e-02
-3.23099e-02
-4.29092e-02
-5.41796e-02
-6.41210e-02
-6.89890e-02
-6.60627e-02
-5.58885e-02
-3.97269e-02
-2.18016e-02
-6.36672e-03
2.21407e-03
2.53345e-03
-1.99923e-03
-1.04892e-02
-2.47725e-02
-3.82966e-02
-4.84904e-02
-5.55171e-02
-6.25953e-02
-7.21238e-02
-8.25618e-02
-9.15955e-02
-9.64716e-02
-9.53480e-02
-8.83027e-02
-7.57602e-02
-6.16117e-02
-4.71297e-02
-3.08606e-02
-1.30345e-02
4.84643e-03
2.35079e-02
3.93407e-02
5.08107e-02
5.93834e-02
6.42141e-02
6.61562e-02
6.47977e-02
6.01059e-02
5.32837e-02
4.53056e-02
3.71880e-02
3.09355e-02
2.47283e-02
1.66117e-02
8.02730e-03
1.48572e-03
-4.65712e-04
1.39544e-03
6.06966e-03
1.05886e-02
1.17195e-02
9.74197e-03
7.14269e-03
3.76965e-03
7.71397e-04
-1.07495e-03
-1.80050e-03
-2.04685e-03
-1.89234e-03
6.51649e-04
4.65575e-03
7.98768e-03
1.01763e-02
9.66897e-03
4.37654e-03
-4.70952e-03
-1.43068e-02
-2.27235e-02
-2.78162e-02
-2.85358e-02
-2.63554e-02
-2.28446e-02
-2.00182e-02
-2.11440e-02
-2.89640e-02
-4.20094e-02
-5.46159e-02
-6.44748e-02
-6.90518e-02
-7.04379e-02
-7.15656e-02
-7.20855e-02
-7.18105e-02
-7.05157e-02
-6.97492e-02
-6.84983e-02
-6.47058e-02
-5.59720e-02
-4.35072e-02
-2.92586e-02
-1.71702e-02
-9.60452e-03
-6.92311e-03
-1.04413e-02
-1.74733e-02
-2.56570e-02
-3.38485e-02
-4.03310e-02
-4.27993e-02
-4.02405e-02
-3.20989e-02
-1.89603e-02
3.25759e-05
2.12284e-02
3.96240e-02
5.41332e-02
6.25423e-02
6.33823e-02
5.79613e-02
4.97635e-02
4.33829e-02
3.96675e-02
3.84303e-02
3.41447e-02
2.47010e-02
1.03032e-02
-1.12372e-02
-3.48237e-02
-5.43957e-02
-6.67167e-02
-6.80650e-02
-5.78100e-02
-3.85090e-02
-1.72633e-02
-2.46790e-03
9.51916e-03
1.62236e-02
1.64600e-02
1.23270e-02
4.76015e-03
-3.91076e-03
-1.25992e-02
-2.20373e-02
-2.88125e-02
-3.20130e-02
-3.05476e-02
-2.63987e-02
-2.05641e-02
-1.42691e-02
-9.24873e-03
-6.44835e-03
-5.34054e-03
-4.63306e-03
-5.55674e-03
-1.01775e-02
-1.79329e-02
-2.76336e-02
-3.75897e-02
-4.76025e-02
-5.72464e-02
-6.37806e-02
-6.41005e-02
-5.67134e-02
-3.96396e-02
-1.25022e-02
1.51437e-02
3.42330e-02
4.41547e-02
5.10705e-02
5.57663e-02
5.55891e-02
5.43129e-02
5.47881e-02
5.65247e-02
5.70647e-02
5.73608e-02
5.56641e-02
4.90604e-02
3.69250e-02
2.23902e-02
7.39398e-03
-5.91998e-03
-1.61351e-02
-2.22872e-02
-2.15226e-02
-1.44034e-02
-2.82930e-03
7.62472e-03
1.18981e-02
9.52827e-03
3.88489e-04
-1.32607e-02
-2.60634e-02
-3.35984e-02
-3.41058e-02
-2.93107e-02
-2.49795e-02
-2.34866e-02
-2.45283e-02
-2.85926e-02
-3.48839e-02
-4.29373e-02
-5.02557e-02
-5.51560e-02
-5.61476e-02
-5.32403e-02
-4.66807e-02
-3.80790e-02
-2.74854e-02
-1.50051e-02
-2.08812e-03
8.72157e-03
1.97720e-02
3.10578e-02
4.12462e-02
5.17035e-02
6.18762e-02
6.96891e-02
7.42085e-02
7.63343e-02
7.70223e-02
7.61811e-02
7.69641e-02
7.84748e-02
7.98230e-02
8.29111e-02
8.67875e-02
9.02664e-02
9.11878e-02
8.91091e-02
8.24791e-02
7.06791e-02
5.54938e-02
3.89664e-02
2.14989e-02
5.50557e-03
-6.88588e-03
-1.38061e-02
-1.81727e-02
-2.25034e-02
-2.53975e-02
-2.79835e-02
-2.92905e-02
-2.93556e-02
-2.82837e-02
-2.77471e-02
-2.89225e-02
-3.21430e-02
-3.90451e-02
-4.80170e-02
-5.92653e-02
-7.09347e-02
-8.24839e-02
-9.38218e-02
-1.01829e-01
-1.03782e-01
-9.98380e-02
-8.96888e-02
-7.39504e-02
-5.60181e-02
-3.83637e-02
-1.73515e-02
-1.01893e-03
1.72127e-02
3.97010e-02
6.22346e-02
7.91577e-02
8.73082e-02
8.98695e-02
8.76538e-02
8.16861e-02
7.14225e-02
5.78889e-02
4.19514e-02
2.21233e-02
3.12377e-03
-1.39463e-02
-2.92200e-02
-3.89301e-02
-4.18735e-02
-3.66013e-02
-2.48696e-02
-8.89323e-03
1.13014e-02
2.93835e-02
4.25624e-02
4.96226e-02
5.12822e-02
4.88277e-02
3.92614e-02
2.26460e-02
2.97850e-03
-1.25076e-02
-2.29078e-02
-2.79694e-02
-2.83217e-02
-2.72526e-02
-2.72661e-02
-3.09287e-02
-3.82835e-02
-5.03450e-02
-6.74341e-02
-8.42003e-02
-9.56527e-02
-9.82136e-02
-9.38528e-02
-8.39815e-02
-7.02313e-02
-5.32467e-02
-3.44549e-02
-1.82028e-02
-6.13433e-03
2.40182e-03
8.91686e-03
1.62070e-02
2.77016e-02
4.45051e-02
6.47449e-02
8.37507e-02
9.85051e-02
1.06267e-01
1.10671e-01
1.14044e-01
1.17963e-01
1.24182e-01
1.29683e-01
1.32625e-01
1.34208e-01
1.34901e-01
1.34754e-01
1.33088e-01
1.30070e-01
1.26122e-01
1.20191e-01
1.12088e-01
1.03254e-01
9.53723e-02
8.88584e-02
8.28173e-02
7.56183e-02
6.65867e-02
5.71742e-02
4.90075e-02
4.53904e-02
4.86487e-02
5.64335e-02
6.63490e-02
7.51479e-02
8.18282e-02
8.33956e-02
7.79992e-02
6.50127e-02
4.41261e-02
1.96714e-02
-1.46472e-03
-1.57661e-02
-2.28187e-02
-2.43485e-02
-2.40750e-02
-2.47019e-02
-2.59378e-02
-2.88861e-02
-3.35138e-02
-3.60889e-02
-3.74192e-02
-3.87776e-02
-4.27677e-02
-5.00010e-02
-5.91132e-02
-6.77327e-02
-7.33427e-02
-7.28157e-02
-6.80942e-02
-5.91619e-02
-4.33181e-02
-1.91127e-02
9.00891e-03
4.07358e-02
7.02629e-02
9.10145e-02
1.01759e-01
1.04807e-01
1.01257e-01
8.89986e-02
6.75364e-02
3.95205e-02
7.21902e-03
-2.54938e-02
-5.52307e-02
-8.00463e-02
-9.83075e-02
-1.09569e-01
-1.15181e-01
-1.18671e-01
-1.24346e-01
-1.31820e-01
-1.35705e-01
-1.34874e-01
-1.29663e-01
-1.21604e-01
-1.12508e-01
-1.06246e-01
-1.02963e-01
-1.03164e-01
-1.09150e-01
-1.15475e-01
-1.19495e-01
-1.22247e-01
-1.23010e-01
-1.21616e-01
-1.18269e-01
-1.09763e-01
-9.52828e-02
-7.57351e-02
-5.36806e-02
-3.46727e-02
-2.12883e-02
-1.38602e-02
-1.22434e-02
-1.10805e-02
-1.01918e-02
-8.11827e-03
-8.29524e-03
-1.08588e-02
-1.48847e-02
-1.86478e-02
-2.14000e-02
-2.19021e-02
-2.01239e-02
-1.65580e-02
-1.12946e-02
-5.13528e-03
2.95206e-03
1.18668e-02
2.21565e-02
3.33025e-02
4.52274e-02
5.81841e-02
6.86732e-02
7.71475e-02
8.36645e-02
8.71750e-02
8.94607e-02
8.94237e-02
8.71132e-02
8.39031e-02
7.95610e-02
7.48355e-02
6.94220e-02
6.09175e-02
5.00890e-02
3.42892e-02
1.20981e-02
-1.35537e-02
-3.85041e-02
-5.80961e-02
-7.54896e-02
-8.79593e-02
-9.67532e-02
-1.03705e-01
-1.10058e-01
-1.15329e-01
-1.20140e-01
-1.22643e-01
-1.18279e-01
-1.08485e-01
-9.63450e-02
-8.23500e-02
-6.73063e-02
-5.23974e-02
-4.14230e-02
-3.58191e-02
-3.51522e-02
-3.86010e-02
-4.20405e-02
-4.27368e-02
-3.60753e-02
-2.41776e-02
-1.30829e-02
-1.16329e-03
1.17200e-02
2.20201e-02
2.93938e-02
3.34044e-02
3.50814e-02
3.54303e-02
3.44331e-02
3.20655e-02
3.03398e-02
3.01848e-02
3.42252e-02
4.17068e-02
4.90288e-02
5.38248e-02
5.56044e-02
5.56819e-02
5.58003e-02
5.65062e-02
5.71081e-02
5.84731e-02
5.89487e-02
5.48770e-02
4.61001e-02
3.60689e-02
2.40884e-02
1.32099e-02
5.31260e-03
-3.65622e-04
-2.18802e-03
-4.09359e-03
-6.54968e-03
-1.22060e-02
-2.24404e-02
-3.28167e-02
-4.26440e-02
-5.40638e-02
-6.41035e-02
-7.70394e-02
-8.98498e-02
-1.01319e-01
-1.07690e-01
-1.07746e-01
-1.04688e-01
-9.78017e-02
-8.56108e-02
-7.07504e-02
-5.54360e-02
-4.16276e-02
-2.80905e-02
-1.27508e-02
2.12815e-03
1.64724e-02
3.10306e-02
4.59298e-02
6.39753e-02
8.48140e-02
1.09892e-01
1.35376e-01
1.56636e-01
1.71051e-01
1.78374e-01
1.80963e-01
1.79442e-01
1.72342e-01
1.62333e-01
1.49917e-01
1.39749e-01
1.30505e-01
1.21595e-01
1.14044e-01
1.07339e-01
1.02086e-01
9.81621e-02
9.46320e-02
9.02375e-02
8.62460e-02
8.35055e-02
8.01235e-02
7.53991e-02
6.94245e-02
6.33666e-02
5.38496e-02
4.27693e-02
3.23762e-02
2.36565e-02
2.05952e-02
1.78976e-02
1.34783e-02
8.33988e-03
5.62208e-03
6.74926e-03
9.43937e-03
1.22538e-02
1.53050e-02
1.87281e-02
2.16383e-02
2.48142e-02
2.71131e-02
2.65583e-02
2.55597e-02
2.37442e-02
1.97957e-02
1.43030e-02
5.66161e-03
-7.58447e-03
-2.39174e-02
-4.20345e-02
-5.93472e-02
-7.18505e-02
-7.77631e-02
-7.88412e-02
-7.55482e-02
-6.75625e-02
-5.62676e-02
-4.41317e-02
-2.92304e-02
-1.17872e-02
-5.22962e-03
-4.51521e-03
-5.92806e-03
-1.25420e-02
-2.27573e-02
-3.25677e-02
-3.80031e-02
-3.71338e-02
-3.19052e-02
-2.29935e-02
-1.33810e-02
-5.35108e-03
3.34709e-04
3.65918e-03
6.41270e-03
7.59761e-03
8.07033e-03
7.40643e-03
4.19803e-03
-3.58855e-04
-2.19885e-03
-3.52832e-03
-6.13926e-03
-1.12473e-02
-1.88597e-02
-2.86851e-02
-3.85149e-02
-4.69073e-02
-5.63963e-02
-6.52159e-02
-7.51455e-02
-8.37344e-02
-8.88216e-02
-9.01751e-02
-8.52030e-02
-7.63922e-02
-6.66891e-02
-5.87567e-02
-5.34698e-02
-5.14716e-02
-5.15917e-02
-5.51678e-02
-6.14439e-02
-6.84470e-02
-7.62683e-02
-8.31000e-02
-8.56817e-02
-8.55779e-02
-8.32352e-02
-7.95714e-02
-7.49533e-02
-6.95486e-02
-6.30059e-02
-5.27733e-02
-3.77207e-02
-1.90210e-02
-2.85979e-03
1.14784e-02
2.21272e-02
3.06766e-02
3.50167e-02
3.43038e-02
3.13911e-02
2.69072e-02
2.17912e-02
1.81250e-02
1.67203e-02
1.56995e-02
1.65697e-02
1.42049e-02
6.39504e-03
-5.03527e-03
-1.89425e-02
-3.10239e-02
-4.28836e-02
-5.38700e-02
-6.39374e-02
-7.35606e-02
-7.94037e-02
-8.42594e-02
-8.86028e-02
-9.40308e-02
-1.02007e-01
-1.12642e-01
-1.21440e-01
-1.26378e-01
-1.29050e-01
-1.26217e-01
-1.19871e-01
-1.12263e-01
-1.04886e-01
-9.69311e-02
-8.96196e-02
-8.20983e-02
-7.23108e-02
-6.09809e-02
-4.92321e-02
-3.82487e-02
-3.15571e-02
-2.68568e-02
-2.48346e-02
-2.52446e-02
-2.61229e-02
-2.64550e-02
-2.66496e-02
-2.62313e-02
-2.46450e-02
-2.32661e-02
-2.33219e-02
-2.43668e-02
-2.47648e-02
-2.20026e-02
-1.52245e-02
-5.02324e-03
6.90354e-03
1.89881e-02
2.92789e-02
3.91890e-02
4.87702e-02
5.66065e-02
6.31125e-02
6.78445e-02
7.19480e-02
7.35789e-02
7.30233e-02
7.22733e-02
7.17986e-02
7.08746e-02
7.03376e-02
7.03149e-02
7.05358e-02
7.04469e-02
6.91886e-02
6.71817e-02
6.38732e-02
5.81329e-02
5.00077e-02
4.24064e-02
3.59110e-02
2.99223e-02
2.62874e-02
2.65127e-02
2.90721e-02
3.27806e-02
3.79242e-02
4.54159e-02
5.37409e-02
6.16618e-02
6.66391e-02
7.06422e-02
7.35908e-02
7.64540e-02
8.03550e-02
8.31842e-02
8.61251e-02
8.85389e-02
8.99246e-02
9.04957e-02
9.03944e-02
8.98890e-02
8.56015e-02
7.81223e-02
6.84103e-02
5.66611e-02
4.40290e-02
3.67607e-02
3.64113e-02
4.29596e-02
5.38491e-02
6.49907e-02
7.43186e-02
7.98763e-02
8.29264e-02
8.33987e-02
8.24782e-02
8.14187e-02
8.10133e-02
8.07555e-02
7.98066e-02
7.80139e-02
7.14140e-02
6.11654e-02
5.02933e-02
3.85798e-02
2.65618e-02
1.62968e-02
6.54699e-03
-2.65552e-04
-4.76218e-03
-6.42079e-03
-6.17447e-03
-5.54650e-03
-5.41006e-03
-5.20183e-03
-4.00736e-03
-6.16007e-04
6.61742e-03
1.66555e-02
2.71843e-02
3.60087e-02
4.32325e-02
4.64320e-02
4.55495e-02
3.80799e-02
2.45076e-02
1.04798e-02
-2.33410e-04
-3.17983e-03
-1.79640e-03
8.94804e-04
4.33091e-03
5.07810e-03
2.94028e-03
-2.90363e-03
-1.23517e-02
-2.15231e-02
-2.99949e-02
-3.57978e-02
-3.86825e-02
-3.76343e-02
-3.28675e-02
-2.66824e-02
-2.04348e-02
-1.56054e-02
-1.19425e-02
-8.64493e-03
-5.62919e-03
-3.32522e-03
-8.23522e-05
6.00996e-03
1.52785e-02
2.67671e-02
3.61468e-02
4.04651e-02
3.68649e-02
2.97081e-02
1.86488e-02
1.08770e-03
-2.10148e-02
-4.13242e-02
-5.83527e-02
-6.81409e-02
-6.87467e-02
-6.32529e-02
-5.46907e-02
-4.48374e-02
-3.45188e-02
-2.51467e-02
-1.73701e-02
-1.17214e-02
-6.51717e-03
-1.99206e-03
-1.33395e-03
-1.08150e-03
-1.38443e-03
-5.36801e-03
-1.24440e-02
-1.96220e-02
-2.79953e-02
-3.75538e-02
-4.20814e-02
-4.15334e-02
-3.67687e-02
-2.82190e-02
-1.78278e-02
-5.09755e-03
8.34017e-03
2.07036e-02
3.15133e-02
3.74668e-02
3.88319e-02
3.79277e-02
3.64882e-02
3.62884e-02
3.83353e-02
4.55609e-02
5.73972e-02
6.67228e-02
7.21310e-02
7.32219e-02
6.95392e-02
6.13921e-02
4.85960e-02
3.40836e-02
1.87846e-02
6.92137e-03
-2.31990e-03
-8.31427e-03
-1.13201e-02
-1.09832e-02
-9.51660e-03
-8.93488e-03
-9.81477e-03
-1.28970e-02
-1.73051e-02
-2.11930e-02
-2.44211e-02
-2.72505e-02
-2.94601e-02
-3.17472e-02
-3.60681e-02
-4.35082e-02
-5.04189e-02
-5.53455e-02
-5.64463e-02
-5.41368e-02
-4.99634e-02
-4.70811e-02
-4.69593e-02
-4.92880e-02
-5.44755e-02
-6.09106e-02
-6.78234e-02
-7.42861e-02
-7.81680e-02
-7.83645e-02
-7.50273e-02
-6.90482e-02
-6.21254e-02
-5.40576e-02
-4.56193e-02
-3.75798e-02
-3.01702e-02
-2.40377e-02
-2.00410e-02
-1.99360e-02
-2.13508e-02
-2.59585e-02
-3.46168e-02
-4.49435e-02
-5.38646e-02
-5.93374e-02
-6.09065e-02
-6.01773e-02
-6.03942e-02
-5.68274e-02
-4.66988e-02
-3.33847e-02
-1.85547e-02
-3.62941e-03
1.18720e-02
2.27509e-02
2.72873e-02
2.37742e-02
1.60658e-02
7.59237e-03
1.60558e-03
-2.76726e-03
-6.54928e-03
-9.07640e-03
-1.23226e-02
-1.65488e-02
-2.04900e-02
-2.39276e-02
-2.68608e-02
-2.81900e-02
-2.89520e-02
-2.93054e-02
-2.98905e-02
-3.10415e-02
-3.19692e-02
-3.20694e-02
-3.29505e-02
-3.64776e-02
-4.03741e-02
-4.37002e-02
-4.67658e-02
-4.75759e-02
-4.56702e-02
-4.27489e-02
-4.14331e-02
-4.29034e-02
-4.42578e-02
-4.26591e-02
-3.85979e-02
-3.26326e-02
-2.41587e-02
-1.39917e-02
-3.10003e-03
8.35625e-03
1.79310e-02
2.52779e-02
2.80568e-02
2.80007e-02
2.50839e-02
2.14659e-02
1.86319e-02
1.69030e-02
1.82050e-02
2.05244e-02
2.20531e-02
2.28111e-02
2.13119e-02
1.72080e-02
1.28915e-02
1.18620e-02
1.41140e-02
1.79308e-02
2.00927e-02
1.89536e-02
1.51655e-02
1.12935e-02
7.48728e-03
3.85175e-03
1.91562e-03
1.78692e-03
2.83710e-03
5.48852e-03
1.05986e-02
1.64608e-02
2.22023e-02
2.71163e-02
3.07242e-02
3.22626e-02
3.11265e-02
2.73594e-02
2.20965e-02
1.71384e-02
1.44308e-02
1.31487e-02
1.43775e-02
1.82051e-02
2.24379e-02
2.74977e-02
3.11347e-02
3.35555e-02
3.58062e-02
3.79573e-02
4.10175e-02
4.57679e-02
4.97687e-02
5.16500e-02
4.97886e-02
4.34238e-02
3.35214e-02
2.18174e-02
1.05295e-02
3.57199e-03
2.57745e-03
7.11128e-03
1.51346e-02
2.47664e-02
3.24729e-02
3.71169e-02
3.87277e-02
3.85743e-02
3.62580e-02
3.23813e-02
2.89478e-02
2.49568e-02
2.15375e-02
1.86661e-02
1.66304e-02
1.49026e-02
1.37389e-02
1.29695e-02
1.15471e-02
8.85839e-03
5.43552e-03
-8.56032e-04
-1.05746e-02
-2.07058e-02
-3.11641e-02
-4.23481e-02
-5.34060e-02
-6.42825e-02
-7.44355e-02
-8.12010e-02
-8.23846e-02
-8.13016e-02
-7.97355e-02
-7.54153e-02
-6.85545e-02
-5.91222e-02
-4.92285e-02
-3.88062e-02
-2.69434e-02
-1.26002e-02
-1.52390e-03
8.50608e-03
1.85503e-02
2.84475e-02
3.59262e-02
3.79384e-02
3.72348e-02
3.36007e-02
2.65823e-02
1.69666e-02
9.23604e-03
4.49213e-03
2.39087e-03
2.84985e-03
4.73298e-03
7.05089e-03
1.04926e-02
1.59542e-02
1.93503e-02
1.95915e-02
1.77303e-02
1.52206e-02
1.26081e-02
1.25320e-02
1.73229e-02
2.36810e-02
2.68708e-02
2.54350e-02
1.84708e-02
6.69100e-03
-7.49487e-03
-2.27906e-02
-3.76555e-02
-4.92986e-02
-5.45748e-02
-5.48418e-02
-5.06590e-02
-4.20713e-02
-3.20976e-02
-2.20309e-02
-1.20888e-02
-3.35485e-03
4.46199e-03
1.06336e-02
1.55596e-02
1.94178e-02
2.06591e-02
1.90692e-02
1.49976e-02
1.08880e-02
9.49073e-03
1.16917e-02
1.51458e-02
1.84540e-02
2.08812e-02
2.24365e-02
2.34317e-02
2.39368e-02
2.43179e-02
2.49583e-02
2.58819e-02
2.66282e-02
2.63958e-02
2.30814e-02
1.55259e-02
6.38592e-03
-1.39807e-03
-7.36800e-03
-1.04608e-02
-1.13797e-02
-1.00199e-02
-5.76308e-03
1.80118e-03
1.08164e-02
2.02782e-02
2.86213e-02
3.47850e-02
3.92668e-02
4.12139e-02
4.14972e-02
4.13442e-02
4.16544e-02
4.31138e-02
4.46418e-02
4.59103e-02
4.59904e-02
4.54299e-02
4.46085e-02
4.34500e-02
4.29068e-02
4.31338e-02
4.18972e-02
3.60282e-02
2.75263e-02
2.22334e-02
2.07895e-02
1.81096e-02
1.38774e-02
8.67574e-03
2.28495e-03
-4.99879e-03
-1.08053e-02
-1.52269e-02
-1.84241e-02
-2.25464e-02
-2.70178e-02
-2.97465e-02
-2.90767e-02
-2.78555e-02
-2.71371e-02
-2.70305e-02
-2.89515e-02
-3.14681e-02
-3.34075e-02
-3.65980e-02
-3.84052e-02
-3.57000e-02
-2.82930e-02
-1.76020e-02
-7.03830e-03
3.66259e-03
1.09727e-02
1.47779e-02
1.74820e-02
1.87071e-02
1.90428e-02
1.97887e-02
2.19491e-02
2.55041e-02
2.88165e-02
3.20550e-02
3.56132e-02
3.78292e-02
3.83885e-02
3.75065e-02
3.42815e-02
2.91820e-02
2.58295e-02
2.41299e-02
1.99574e-02
1.35991e-02
7.66678e-03
4.52656e-03
3.38089e-03
3.31927e-03
4.21810e-03
5.95115e-03
7.74338e-03
7.44279e-03
5.69646e-03
3.21285e-03
1.30172e-03
7.15968e-04
1.46333e-03
1.63516e-03
3.49125e-04
-1.57497e-03
-2.90210e-03
-5.27715e-03
-1.00054e-02
-1.69941e-02
-2.31333e-02
-2.71295e-02
-2.74224e-02
-2.53136e-02
-2.01159e-02
-1.38502e-02
-8.80847e-03
-2.74624e-03
2.52854e-03
4.67884e-03
2.86563e-03
3.93340e-05
-2.05831e-03
-5.50731e-03
-9.95712e-03
-1.31381e-02
-1.59756e-02
-1.96818e-02
-2.45204e-02
-2.63342e-02
-2.52505e-02
-2.44442e-02
-2.33220e-02
-2.27520e-02
-2.27613e-02
-2.40119e-02
-2.48834e-02
-2.47189e-02
-2.44639e-02
-2.29365e-02
-2.20038e-02
-2.38964e-02
-2.87649e-02
-3.29266e-02
-3.33321e-02
-3.05604e-02
-2.76287e-02
-2.60310e-02
-2.41033e-02
-2.06145e-02
-1.57040e-02
-1.03747e-02
-5.73942e-03
-3.53458e-03
-1.85938e-03
6.95221e-04
2.73494e-03
4.32031e-03
4.30427e-03
5.68280e-03
7.31047e-03
6.48239e-03
4.51481e-03
1.93226e-03
-2.36376e-03
-8.74855e-03
-1.27795e-02
-1.16038e-02
-7.72889e-03
-4.22208e-03
6.49892e-04
6.84373e-03
1.44350e-02
2.16266e-02
2.84261e-02
3.59998e-02
4.15820e-02
4.39514e-02
4.56526e-02
4.65784e-02
4.64287e-02
4.56424e-02
4.44583e-02
4.39485e-02
4.56443e-02
4.78931e-02
4.97780e-02
5.09696e-02
5.08348e-02
4.98687e-02
4.85218e-02
4.78193e-02
4.77392e-02
4.78466e-02
4.62965e-02
4.31013e-02
3.85663e-02
3.34292e-02
2.38181e-02
1.25875e-02
2.67050e-03
-8.25303e-03
-1.94442e-02
-2.90963e-02
-3.73657e-02
-4.54677e-02
-5.32573e-02
-6.14573e-02
-6.84579e-02
-7.41357e-02
-7.78651e-02
-8.02578e-02
-8.25991e-02
-8.30370e-02
-8.17701e-02
-7.94559e-02
-7.49821e-02
-6.77193e-02
-5.95799e-02
-5.24493e-02
-4.52920e-02
-4.02038e-02
-3.52476e-02
-2.93158e-02
-2.35668e-02
-1.75705e-02
-1.33025e-02
-1.02733e-02
-7.99253e-03
-7.36631e-03
-9.20418e-03
-1.44338e-02
-2.15559e-02
-2.91531e-02
-3.88608e-02
-4.83595e-02
-5.54610e-02
-5.89976e-02
-6.01113e-02
-5.94971e-02
-5.83919e-02
-5.74872e-02
-5.76519e-02
-5.72192e-02
-5.49948e-02
-5.22173e-02
-5.06983e-02
-4.89480e-02
-4.49034e-02
-4.02232e-02
-3.46548e-02
-2.80590e-02
-2.07879e-02
-1.31708e-02
-6.97628e-03
-3.08545e-03
-1.47785e-03
-1.12219e-03
-3.35521e-03
-8.93100e-03
-1.64857e-02
-2.49737e-02
-3.38958e-02
-4.28902e-02
-5.05614e-02
-5.49344e-02
-5.25067e-02
-4.67967e-02
-4.03566e-02
-3.35469e-02
-2.65429e-02
-1.83394e-02
-9.96247e-03
-2.81833e-03
1.17893e-03
3.67418e-03
5.37090e-03
5.13235e-03
4.08500e-03
1.68174e-03
-1.07746e-03
-3.96005e-03
-5.54238e-03
-8.01200e-03
-9.88479e-03
-9.36186e-03
-6.29573e-03
-9.92585e-04
6.48370e-03
1.61228e-02
2.60218e-02
3.77686e-02
4.80741e-02
5.54457e-02
5.92177e-02
5.97794e-02
5.75918e-02
5.01784e-02
4.01134e-02
3.14349e-02
2.63438e-02
2.44695e-02
2.51735e-02
2.99357e-02
3.83236e-02
4.74606e-02
5.67959e-02
6.55624e-02
7.12738e-02
7.44720e-02
7.60493e-02
7.56273e-02
7.25723e-02
6.67714e-02
5.94984e-02
5.23594e-02
4.65572e-02
4.17141e-02
3.84579e-02
3.60670e-02
3.40727e-02
3.23456e-02
2.90916e-02
2.49879e-02
2.19169e-02
2.06798e-02
2.15657e-02
2.10600e-02
1.98871e-02
1.98373e-02
2.12455e-02
2.26644e-02
2.57382e-02
2.85403e-02
3.20990e-02
3.51042e-02
3.63875e-02
3.69376e-02
3.73846e-02
3.69367e-02
3.42589e-02
2.91877e-02
2.34113e-02
1.79878e-02
1.34988e-02
1.01732e-02
7.36863e-03
5.80875e-03
6.17711e-03
8.73560e-03
1.29813e-02
1.77431e-02
2.24916e-02
2.88669e-02
3.62793e-02
4.34079e-02
4.98968e-02
5.51353e-02
5.86952e-02
6.02788e-02
6.11656e-02
5.99154e-02
5.45564e-02
4.45064e-02
3.14852e-02
1.82181e-02
8.52983e-03
3.66819e-03
-7.96189e-04
-6.70322e-03
-1.25224e-02
-1.76898e-02
-2.26073e-02
-2.58545e-02
-2.59505e-02
-2.66650e-02
-2.97296e-02
-3.30966e-02
-3.58299e-02
-3.82930e-02
-4.01948e-02
-4.03586e-02
-3.90901e-02
-3.68565e-02
-3.26984e-02
-2.70937e-02
-2.14320e-02
-1.65690e-02
-1.12684e-02
-4.01066e-03
1.02007e-03
6.77311e-03
1.14843e-02
1.41243e-02
1.51459e-02
1.47345e-02
1.13567e-02
5.93513e-03
-3.52935e-04
-7.44466e-03
-1.38546e-02
-1.72283e-02
-1.84497e-02
-1.87839e-02
-1.88164e-02
-1.98887e-02
-2.21788e-02
-2.69005e-02
-3.13285e-02
-3.49433e-02
-3.59490e-02
-3.85861e-02
-4.26513e-02
-4.66766e-02
-5.04844e-02
-5.32415e-02
-5.55130e-02
-5.33591e-02
-4.99420e-02
-4.69474e-02
-4.28998e-02
-3.66517e-02
-2.85993e-02
-2.08023e-02
-1.38168e-02
-8.53388e-03
-6.00416e-03
-5.54031e-03
-7.57789e-03
-1.05059e-02
-1.39525e-02
-1.86291e-02
-2.26710e-02
-2.63173e-02
-2.90955e-02
-3.09807e-02
-3.25292e-02
-3.22127e-02
-2.78932e-02
-1.96207e-02
-9.29652e-03
-6.46797e-04
7.89296e-03
1.53457e-02
2.10382e-02
2.43898e-02
2.52316e-02
2.46047e-02
2.27008e-02
2.01338e-02
1.77752e-02
1.56772e-02
1.43796e-02
1.43298e-02
1.51023e-02
1.53374e-02
1.44335e-02
1.34440e-02
1.25556e-02
1.16158e-02
1.08058e-02
1.02772e-02
8.97941e-03
6.97636e-03
5.05183e-03
3.82242e-03
2.47428e-03
1.34410e-03
-1.11661e-03
-5.79735e-03
-1.13834e-02
-1.51343e-02
-1.72875e-02
-1.77933e-02
-1.65412e-02
-1.39567e-02
-1.12439e-02
-8.39627e-03
-5.19857e-03
-2.36732e-03
-1.06937e-03
-9.56223e-04
-9.19118e-04
1.31192e-04
1.39133e-03
2.87066e-03
6.08661e-03
9.40795e-03
1.26751e-02
1.64608e-02
1.89307e-02
1.85448e-02
1.59497e-02
1.25337e-02
9.09258e-03
7.52295e-03
7.31962e-03
8.54675e-03
1.06602e-02
1.33063e-02
1.55171e-02
1.67677e-02
1.73210e-02
1.82013e-02
1.88500e-02
1.86227e-02
1.75304e-02
1.62464e-02
1.53872e-02
1.36993e-02
1.23957e-02
1.22256e-02
1.23930e-02
1.20959e-02
1.19134e-02
1.16796e-02
1.06151e-02
9.07082e-03
6.50031e-03
2.80085e-03
-4.00834e-04
-2.63972e-03
-4.46697e-03
-5.52722e-03
-5.67360e-03
-5.95172e-03
-6.40710e-03
-6.50972e-03
-6.51543e-03
-6.43023e-03
-6.71077e-03
-6.90552e-03
-7.01252e-03
-7.30668e-03
-7.65519e-03
-7.49007e-03
-6.32544e-03
-3.39229e-03
5.71253e-04
3.23180e-03
4.65129e-03
5.28569e-03
5.41242e-03
5.96045e-03
6.18511e-03
4.85204e-03
2.32974e-03
-1.99220e-04
-1.92589e-03
-3.24662e-03
-3.97126e-03
-3.88240e-03
-3.40146e-03
-2.59918e-03
-1.84895e-03
-1.34270e-03
-1.01966e-03
-8.92109e-04
-4.50542e-04
-1.18013e-04
-9.43687e-05
-4.92558e-04
-7.69656e-04
-3.62488e-04
1.15914e-03
3.16604e-03
4.83126e-03
6.16592e-03
6.84946e-03
7.11470e-03
6.86877e-03
6.48450e-03
6.71110e-03
6.74983e-03
5.92016e-03
4.43084e-03
2.56339e-03
9.23487e-04
-4.04769e-04
-1.53843e-03
-2.38476e-03
-3.71372e-03
-4.99564e-03
-6.37469e-03
-8.11503e-03
-9.42687e-03
-1.01662e-02
-1.01316e-02
-9.40286e-03
-8.20283e-03
-6.71394e-03
-5.20091e-03
-3.87305e-03
-2.94008e-03
-2.23383e-03
-2.01097e-03
-2.10315e-03
-2.74753e-03
-3.67058e-03
-4.67258e-03
-5.50768e-03
-6.34814e-03
-7.00309e-03
-7.52517e-03
-7.81241e-03
-7.73870e-03
-7.36059e-03
-6.69119e-03
-5.80837e-03
-4.87020e-03
-4.27412e-03
-3.79440e-03
-3.30422e-03
-2.77115e-03
-2.49907e-03
-2.26255e-03
-1.90335e-03
-1.65977e-03
-1.39863e-03
-1.24904e-03
-1.25726e-03
-1.37911e-03
-1.33537e-03
-1.14599e-03
-9.78851e-04
-8.92320e-04
-7.57696e-04
-5.85844e-04
-3.41731e-04
1.89356e-05
3.83781e-04
5.21201e-04
5.80226e-04
7.67884e-04
9.98351e-04
1.22850e-03
1.49476e-03
1.71704e-03
1.76010e-03
1.52601e-03
1.10830e-03
6.44108e-04
2.20783e-04
2.31385e-05
-1.88198e-04
-4.02468e-04
-6.56922e-04
-8.49968e-04
-1.02483e-03
-1.20815e-03
-1.32564e-03
-1.36913e-03
-1.34914e-03
-1.25161e-03
-1.11844e-03
-9.89590e-04
-8.36601e-04
-6.70627e-04
-5.17725e-04
-3.11031e-04
1.84033e-05
3.10298e-04
4.22284e-04
5.07239e-04
6.56809e-04
7.94391e-04
8.72479e-04
8.84535e-04
8.11854e-04
6.91577e-04
5.63322e-04
4.32191e-04
3.49924e-04
3.14333e-04
3.07825e-04
3.11866e-04
3.18490e-04
3.11448e-04
2.55587e-04
1.78457e-04
1.12429e-04
5.70431e-05
2.43353e-05
-4.93030e-06
-3.26903e-05
-3.76400e-05
-2.66031e-05
4.67962e-06
4.20205e-05
8.09030e-05
1.12965e-04
1.37725e-04
1.59818e-04
1.82869e-04
2.06299e-04
2.21658e-04
2.32494e-04
2.42630e-04
2.52488e-04
2.63763e-04
2.80298e-04
2.97661e-04
3.13674e-04
3.27423e-04
3.40418e-04
3.52861e-04
3.64126e-04
3.74831e-04
3.84441e-04
3.93044e-04
3.99741e-04
4.04451e-04
4.07633e-04
4.09452e-04
4.09828e-04
4.09019e-04
4.07158e-04
4.04497e-04
4.01032e-04
3.96782e-04
3.91913e-04
3.86410e-04
3.80227e-04
3.73468e-04
3.65897e-04
3.57717e-04
3.49100e-04
3.40150e-04
3.30934e-04
3.21527e-04
3.11919e-04
3.02152e-04
2.92231e-04
2.82187e-04
2.72029e-04
2.61779e-04
2.51452e-04
2.41069e-04
2.30643e-04
2.20187e-04
2.09710e-04
1.99217e-04
0.00000e+00
0.00000e+00
0.00000e+00
0.00000e+00
0.00000e+00
0.00000e+00
0.00000e+00
0.00000e+00
0.00000e+00
0.00000e+00
0.00000e+00
