3.63250e-05
3.66815e-05
3.63637e-05
3.60288e-05
3.52983e-05
3.57500e-05
3.67000e-05
3.64936e-05
3.48660e-05
3.16778e-05
2.72607e-05
2.35559e-05
2.34446e-05
2.63890e-05
3.23849e-05
3.97468e-05
5.12470e-05
6.34495e-05
7.26834e-05
7.63174e-05
7.51229e-05
7.16242e-05
6.70898e-05
6.74102e-05
7.18397e-05
7.98138e-05
9.08320e-05
1.00616e-04
1.12309e-04
1.28242e-04
1.42338e-04
1.47368e-04
1.43136e-04
1.28011e-04
1.06576e-04
8.65053e-05
6.89744e-05
6.67197e-05
7.28648e-05
9.47652e-05
1.25077e-04
1.65755e-04
2.13666e-04
2.46590e-04
2.23502e-04
1.41851e-04
2.25178e-05
-8.82388e-05
-1.97379e-04
-2.37794e-04
-2.01511e-04
-1.00798e-04
4.30690e-05
1.65857e-04
2.33892e-04
2.45216e-04
1.71554e-04
6.04228e-05
-9.99281e-05
-1.81087e-04
-1.31024e-04
1.40703e-05
1.65056e-04
2.99044e-04
4.19283e-04
4.89562e-04
5.31749e-04
5.28659e-04
4.79979e-04
4.23856e-04
3.22995e-04
1.66367e-04
-6.53912e-05
-3.45225e-04
-5.81411e-04
-8.19742e-04
-1.00194e-03
-9.52567e-04
-6.44730e-04
-1.39865e-04
4.02855e-04
8.57709e-04
1.14932e-03
1.31216e-03
1.39874e-03
1.39082e-03
1.37227e-03
1.32086e-03
1.33681e-03
1.42061e-03
1.52656e-03
1.61408e-03
1.62653e-03
1.66045e-03
1.67201e-03
1.78238e-03
1.84547e-03
1.70302e-03
1.45732e-03
9.46990e-04
1.63957e-04
-6.93982e-04
-1.66820e-03
-2.42076e-03
-2.82131e-03
-2.81123e-03
-2.42433e-03
-1.85804e-03
-1.19439e-03
-7.02651e-04
-4.96292e-04
-4.90938e-04
-9.40968e-04
-1.81745e-03
-2.91028e-03
-3.88045e-03
-4.48541e-03
-4.69429e-03
-4.51673e-03
-4.04595e-03
-3.22271e-03
-1.91978e-03
-3.39874e-06
2.21752e-03
4.25425e-03
5.69932e-03
6.12109e-03
5.55906e-03
4.29692e-03
2.70424e-03
1.03297e-03
-6.90435e-04
-2.07443e-03
-3.02342e-03
-3.21331e-03
-2.93713e-03
-2.15770e-03
-7.66302e-04
9.91312e-04
3.11532e-03
4.99542e-03
5.98473e-03
5.75733e-03
4.49637e-03
2.12505e-03
-1.02779e-03
-4.13080e-03
-6.61869e-03
-7.86644e-03
-7.54345e-03
-5.92571e-03
-3.78177e-03
-1.72640e-03
-1.47898e-05
8.45763e-04
9.77369e-04
1.16872e-03
1.29613e-03
1.68950e-03
1.96499e-03
2.20140e-03
2.30895e-03
1.47711e-03
3.66867e-04
-7.66068e-04
-1.44001e-03
-1.37003e-03
-5.94875e-04
7.19032e-04
1.69959e-03
2.04002e-03
2.17901e-03
2.23660e-03
2.23847e-03
2.21258e-03
2.12881e-03
1.94447e-03
1.62195e-03
1.20916e-03
8.82863e-04
5.66639e-04
-4.29378e-04
-1.60104e-03
-2.55785e-03
-2.88436e-03
-2.47978e-03
-1.22215e-03
1.03276e-03
3.69012e-03
6.16771e-03
7.67708e-03
7.67331e-03
6.41043e-03
4.50533e-03
2.54845e-03
9.23169e-04
-1.17421e-04
-1.81031e-04
4.78370e-04
1.55036e-03
2.47034e-03
3.03875e-03
2.97808e-03
2.54370e-03
2.12853e-03
1.84785e-03
2.00999e-03
2.39396e-03
2.99266e-03
4.05005e-03
5.45636e-03
6.59839e-03
6.45716e-03
5.13648e-03
2.45032e-03
-6.16701e-04
-2.76472e-03
-3.65261e-03
-3.36491e-03
-3.28762e-03
-3.38873e-03
-3.98631e-03
-4.81638e-03
-5.89226e-03
-7.08957e-03
-7.77130e-03
-7.88069e-03
-7.22493e-03
-5.55084e-03
-2.96160e-03
-2.33248e-04
1.86546e-03
2.67781e-03
1.87588e-03
-4.32234e-05
-2.27731e-03
-4.33417e-03
-5.18063e-03
-4.96175e-03
-3.88461e-03
-2.10712e-03
-1.08221e-03
-8.74772e-04
-1.36947e-03
-1.68557e-03
-6.47824e-04
1.80424e-03
5.04506e-03
7.62566e-03
9.03283e-03
9.18757e-03
8.56460e-03
7.61252e-03
6.03674e-03
4.65567e-03
3.08435e-03
2.15136e-03
2.49340e-03
3.73175e-03
6.41284e-03
9.63912e-03
1.23712e-02
1.37972e-02
1.32431e-02
1.07591e-02
6.79729e-03
2.57820e-03
-1.45424e-03
-4.73259e-03
-6.15499e-03
-5.53328e-03
-3.07873e-03
2.59479e-04
3.96178e-03
7.29690e-03
8.84364e-03
8.38096e-03
6.88788e-03
4.74150e-03
2.13415e-03
-7.50250e-04
-3.26860e-03
-4.68342e-03
-5.62328e-03
-6.14096e-03
-6.13320e-03
-5.93240e-03
-5.85196e-03
-7.08667e-03
-9.34373e-03
-1.15877e-02
-1.36578e-02
-1.50137e-02
-1.50882e-02
-1.34107e-02
-1.03932e-02
-6.58002e-03
-2.14584e-03
1.64789e-03
3.74603e-03
3.81314e-03
1.93445e-03
-1.58880e-03
-6.75455e-03
-1.18322e-02
-1.55607e-02
-1.77188e-02
-1.78681e-02
-1.61720e-02
-1.31992e-02
-9.96734e-03
-7.76813e-03
-7.29765e-03
-8.39341e-03
-9.59854e-03
-9.22070e-03
-7.20729e-03
-4.66970e-03
-3.21918e-03
-3.06566e-03
-2.78980e-03
-2.44876e-03
-2.12833e-03
-1.80278e-03
-9.03155e-04
1.18094e-03
3.60432e-03
6.46525e-03
1.02478e-02
1.45138e-02
1.93834e-02
2.38775e-02
2.74017e-02
2.94775e-02
2.93824e-02
2.75608e-02
2.41369e-02
1.97758e-02
1.56418e-02
1.26184e-02
1.01982e-02
6.37034e-03
1.74670e-03
-3.25510e-03
-7.59128e-03
-9.21293e-03
-8.75173e-03
-6.13597e-03
-2.70137e-03
2.17888e-04
3.03467e-03
5.16658e-03
6.69047e-03
8.24117e-03
9.49552e-03
9.83962e-03
9.61221e-03
9.32475e-03
1.03552e-02
1.20252e-02
1.28475e-02
1.35633e-02
1.32418e-02
1.22590e-02
1.12207e-02
1.09587e-02
1.23829e-02
1.46397e-02
1.81435e-02
2.03991e-02
1.98952e-02
1.80633e-02
1.40553e-02
9.77316e-03
6.65892e-03
5.56795e-03
6.79736e-03
9.15227e-03
1.11971e-02
1.07826e-02
7.26434e-03
1.77923e-03
-5.18583e-03
-1.09933e-02
-1.42902e-02
-1.52050e-02
-1.36264e-02
-1.06277e-02
-6.43924e-03
-2.08395e-03
1.36769e-03
2.98008e-03
2.08630e-03
-1.06287e-03
-6.09115e-03
-1.31868e-02
-2.09815e-02
-2.85376e-02
-3.53752e-02
-3.99799e-02
-4.27392e-02
-4.28571e-02
-4.10749e-02
-3.83688e-02
-3.44360e-02
-2.98080e-02
-2.49418e-02
-2.03741e-02
-1.67480e-02
-1.38489e-02
-1.19554e-02
-1.05506e-02
-9.75909e-03
-1.00227e-02
-1.01775e-02
-9.59860e-03
-7.52910e-03
-4.90496e-03
-2.47363e-03
-3.28930e-04
1.55884e-03
4.03339e-03
6.61738e-03
9.37908e-03
1.26370e-02
1.51795e-02
1.56577e-02
1.37193e-02
1.04719e-02
6.98773e-03
3.70204e-03
1.75809e-03
1.26223e-03
1.72894e-03
3.24522e-03
5.73603e-03
8.49854e-03
1.00696e-02
1.03928e-02
1.00841e-02
9.32319e-03
8.42088e-03
8.04616e-03
9.10719e-03
1.17537e-02
1.54259e-02
1.97703e-02
2.36880e-02
2.62407e-02
2.67410e-02
2.51414e-02
2.20043e-02
1.74520e-02
1.24399e-02
8.35354e-03
4.98248e-03
2.38278e-03
5.71801e-05
-2.12867e-03
-5.00212e-03
-8.57293e-03
-1.19378e-02
-1.50915e-02
-1.71536e-02
-1.77037e-02
-1.65394e-02
-1.37756e-02
-1.01683e-02
-6.14046e-03
-1.90010e-03
2.84515e-03
7.37328e-03
1.10878e-02
1.42129e-02
1.72764e-02
2.07462e-02
2.48340e-02
2.76686e-02
2.76055e-02
2.37403e-02
1.66148e-02
7.49650e-03
-2.93024e-03
-1.38454e-02
-2.50176e-02
-3.52853e-02
-4.40377e-02
-5.11887e-02
-5.57225e-02
-5.72335e-02
-5.48423e-02
-4.85474e-02
-3.93773e-02
-2.86426e-02
-1.86691e-02
-1.15009e-02
-8.37463e-03
-9.22568e-03
-1.23740e-02
-1.55303e-02
-1.60469e-02
-1.32079e-02
-7.04104e-03
1.72031e-03
1.16308e-02
2.18853e-02
3.21410e-02
4.15656e-02
4.82865e-02
5.19573e-02
5.19024e-02
4.67837e-02
3.73337e-02
2.50971e-02
1.23588e-02
1.76965e-03
-4.62113e-03
-6.61179e-03
-5.93659e-03
-3.66124e-03
-7.05149e-04
1.81613e-03
3.81484e-03
5.55041e-03
6.61719e-03
6.72313e-03
4.37382e-03
6.87881e-04
-3.35262e-03
-5.08010e-03
-4.20321e-03
-2.10908e-03
1.15740e-03
4.08237e-03
6.95050e-03
9.16948e-03
1.01871e-02
9.61133e-03
8.90013e-03
7.82516e-03
6.30286e-03
4.45154e-03
1.88300e-03
3.36779e-04
3.82480e-04
1.79850e-03
4.69178e-03
8.55753e-03
1.21148e-02
1.44730e-02
1.51216e-02
1.37697e-02
1.00707e-02
5.01624e-03
-1.30297e-03
-8.67495e-03
-1.65152e-02
-2.45467e-02
-3.12186e-02
-3.52800e-02
-3.58929e-02
-3.26137e-02
-2.69715e-02
-1.99155e-02
-1.44571e-02
-1.25228e-02
-1.43655e-02
-1.96553e-02
-2.58856e-02
-3.26775e-02
-3.88514e-02
-4.22165e-02
-4.18560e-02
-3.70202e-02
-2.86473e-02
-1.89893e-02
-9.29937e-03
-8.45938e-04
6.43054e-03
1.07047e-02
1.26612e-02
1.24643e-02
9.06554e-03
5.39499e-03
2.99910e-03
2.63173e-03
4.20614e-03
6.29962e-03
8.66832e-03
8.63379e-03
6.62359e-03
2.76283e-03
-4.14338e-03
-1.14616e-02
-1.81914e-02
-2.41667e-02
-2.80061e-02
-2.95026e-02
-2.83473e-02
-2.52757e-02
-2.26943e-02
-1.97408e-02
-1.66769e-02
-1.31783e-02
-8.40905e-03
-2.81855e-03
4.10908e-03
1.12037e-02
1.74401e-02
2.25338e-02
2.56929e-02
2.72383e-02
2.66236e-02
2.39709e-02
1.97881e-02
1.55982e-02
1.42006e-02
1.49186e-02
1.55909e-02
1.55532e-02
1.43550e-02
1.30432e-02
1.17777e-02
1.06674e-02
8.99058e-03
6.17076e-03
2.31783e-03
-2.67777e-03
-6.18907e-03
-7.97598e-03
-8.82547e-03
-8.24703e-03
-5.35239e-03
4.77884e-04
8.63965e-03
1.65176e-02
2.32518e-02
2.86641e-02
3.18218e-02
3.42786e-02
3.53815e-02
3.57849e-02
3.62139e-02
3.66174e-02
3.67727e-02
3.61500e-02
3.42062e-02
3.06739e-02
2.61046e-02
2.11623e-02
1.63911e-02
1.24936e-02
1.01937e-02
8.84504e-03
7.46778e-03
4.83984e-03
8.71219e-04
-3.93491e-03
-9.61751e-03
-1.60605e-02
-2.27494e-02
-2.95222e-02
-3.59910e-02
-4.17035e-02
-4.60451e-02
-4.87657e-02
-4.91317e-02
-4.73366e-02
-4.46855e-02
-4.27242e-02
-4.25533e-02
-4.29032e-02
-4.26341e-02
-4.14678e-02
-3.91001e-02
-3.57795e-02
-3.25747e-02
-2.93374e-02
-2.57721e-02
-2.18318e-02
-1.70698e-02
-1.19980e-02
-6.98886e-03
-3.00866e-03
-2.49790e-04
1.40027e-03
1.23977e-03
1.04257e-03
2.55213e-03
6.11504e-03
1.16157e-02
1.75970e-02
2.29158e-02
2.74121e-02
3.00869e-02
3.10517e-02
3.10128e-02
3.08013e-02
3.00995e-02
2.82434e-02
2.51102e-02
2.00498e-02
1.36464e-02
6.17270e-03
-1.96496e-03
-9.14218e-03
-1.56374e-02
-2.02245e-02
-2.21889e-02
-2.21518e-02
-1.99900e-02
-1.63716e-02
-1.23598e-02
-8.41159e-03
-3.44425e-03
3.68408e-03
1.28645e-02
2.26651e-02
3.17914e-02
3.93912e-02
4.52461e-02
4.85458e-02
4.82712e-02
4.40110e-02
3.64860e-02
2.86884e-02
2.05504e-02
1.19003e-02
3.50263e-03
-5.17153e-03
-1.29710e-02
-1.92686e-02
-2.47862e-02
-2.92861e-02
-3.28560e-02
-3.43598e-02
-3.39763e-02
-3.15991e-02
-2.85688e-02
-2.66019e-02
-2.68350e-02
-3.03775e-02
-3.50457e-02
-3.81299e-02
-3.79624e-02
-3.50006e-02
-3.10552e-02
-2.80554e-02
-2.67706e-02
-2.61411e-02
-2.53260e-02
-2.22058e-02
-1.57016e-02
-7.24846e-03
1.88767e-03
1.09500e-02
1.96620e-02
2.86358e-02
3.73122e-02
4.61316e-02
5.38575e-02
5.95180e-02
6.36149e-02
6.57680e-02
6.63581e-02
6.43650e-02
5.92988e-02
5.28978e-02
4.43408e-02
3.56896e-02
2.71160e-02
1.83501e-02
9.53011e-03
1.19833e-03
-4.95194e-03
-9.11675e-03
-1.17685e-02
-1.30822e-02
-1.33260e-02
-1.25335e-02
-1.19625e-02
-1.24651e-02
-1.33701e-02
-1.40006e-02
-1.39057e-02
-1.32668e-02
-1.11564e-02
-7.97718e-03
-3.51633e-03
1.67932e-03
7.10307e-03
1.20399e-02
1.58223e-02
1.85302e-02
1.92357e-02
1.92094e-02
2.00234e-02
2.09452e-02
2.08535e-02
1.82630e-02
1.22928e-02
4.06662e-03
-5.51429e-03
-1.55136e-02
-2.36415e-02
-2.89377e-02
-3.10812e-02
-3.13709e-02
-3.00644e-02
-2.78961e-02
-2.48239e-02
-2.19589e-02
-1.86461e-02
-1.54682e-02
-1.31316e-02
-9.40796e-03
-4.91332e-03
1.51675e-04
5.18155e-03
8.24883e-03
9.14311e-03
8.78593e-03
9.82629e-03
1.32472e-02
1.93915e-02
2.72441e-02
3.44797e-02
4.05672e-02
4.38369e-02
4.31772e-02
3.78790e-02
2.86329e-02
1.69396e-02
4.35118e-03
-6.04531e-03
-1.33515e-02
-1.76534e-02
-2.00030e-02
-2.08632e-02
-1.95035e-02
-1.83267e-02
-1.80247e-02
-2.09202e-02
-2.54744e-02
-2.90613e-02
-2.97561e-02
-2.56527e-02
-1.68151e-02
-6.12352e-03
5.91144e-03
1.65079e-02
2.52910e-02
3.12009e-02
3.28391e-02
3.17391e-02
2.76542e-02
2.20298e-02
1.55641e-02
8.94096e-03
1.70699e-03
-5.53630e-03
-1.27621e-02
-1.85226e-02
-2.20887e-02
-2.37670e-02
-2.19900e-02
-1.83952e-02
-1.48006e-02
-1.21073e-02
-1.09740e-02
-9.98825e-03
-9.33186e-03
-8.57003e-03
-7.21653e-03
-5.26628e-03
-2.04237e-03
1.07166e-03
4.17563e-03
6.51417e-03
5.91712e-03
2.55261e-03
-2.74229e-03
-8.43235e-03
-1.40959e-02
-1.92792e-02
-2.29481e-02
-2.54832e-02
-2.75663e-02
-2.87976e-02
-2.94268e-02
-2.93095e-02
-2.79656e-02
-2.64514e-02
-2.49627e-02
-2.37685e-02
-2.24141e-02
-2.06542e-02
-1.88012e-02
-1.61609e-02
-1.27533e-02
-9.50919e-03
-5.89437e-03
-6.96657e-04
4.99584e-03
9.90437e-03
1.42585e-02
1.73207e-02
1.87290e-02
1.92640e-02
1.83504e-02
1.68163e-02
1.59659e-02
1.53512e-02
1.43194e-02
1.26715e-02
1.06833e-02
9.13679e-03
8.14549e-03
6.55879e-03
3.14624e-03
-2.44101e-03
-9.28071e-03
-1.65651e-02
-2.32555e-02
-2.81362e-02
-3.07631e-02
-3.09136e-02
-2.86247e-02
-2.31043e-02
-1.47952e-02
-5.74273e-03
3.19605e-03
1.06123e-02
1.42128e-02
1.36717e-02
1.01194e-02
4.98469e-03
-6.50998e-05
-3.45393e-03
-4.38198e-03
-3.64509e-03
-2.27416e-03
-1.13527e-03
-5.99012e-04
-1.81634e-04
3.24591e-04
8.50800e-04
1.10331e-03
1.29109e-03
1.58436e-03
8.25235e-04
-1.19882e-03
-3.92202e-03
-7.08349e-03
-9.13309e-03
-8.86715e-03
-6.40765e-03
-1.66186e-03
4.64411e-03
1.15379e-02
1.78955e-02
2.21187e-02
2.42417e-02
2.49666e-02
2.56475e-02
2.59745e-02
2.48425e-02
2.23007e-02
1.85937e-02
1.39065e-02
8.07530e-03
1.88613e-03
-3.98653e-03
-1.04467e-02
-1.72436e-02
-2.29668e-02
-2.60666e-02
-2.61576e-02
-2.32606e-02
-1.76335e-02
-9.91712e-03
1.10991e-04
1.03990e-02
1.80366e-02
2.21197e-02
2.19209e-02
1.83043e-02
1.29836e-02
6.60608e-03
2.42132e-04
-4.57072e-03
-7.14105e-03
-7.12198e-03
-5.71652e-03
-3.78779e-03
-2.62552e-03
-3.98031e-03
-8.54111e-03
-1.68097e-02
-2.86597e-02
-4.41395e-02
-6.12547e-02
-7.79797e-02
-9.29674e-02
-1.04974e-01
-1.13628e-01
-1.18982e-01
-1.19518e-01
-1.16012e-01
-1.09995e-01
-1.03779e-01
-1.00532e-01
-1.00654e-01
-1.04220e-01
-1.09445e-01
-1.12666e-01
-1.11963e-01
-1.06515e-01
-9.77586e-02
-8.64264e-02
-7.25193e-02
-5.66194e-02
-3.98609e-02
-2.49838e-02
-1.36747e-02
-9.24456e-03
-1.13148e-02
-1.72070e-02
-2.36404e-02
-2.83504e-02
-3.09395e-02
-2.94168e-02
-2.39696e-02
-1.58327e-02
-5.43908e-03
6.82323e-03
2.21814e-02
4.11356e-02
6.41413e-02
9.14226e-02
1.21293e-01
1.51060e-01
1.78794e-01
2.02790e-01
2.21728e-01
2.34681e-01
2.42266e-01
2.45089e-01
2.43089e-01
2.37275e-01
2.28715e-01
2.19403e-01
2.10598e-01
2.02921e-01
1.95362e-01
1.86762e-01
1.76212e-01
1.61126e-01
1.40390e-01
1.12506e-01
7.64449e-02
3.32450e-02
-1.55937e-02
-6.45083e-02
-1.10420e-01
-1.50818e-01
-1.81821e-01
-2.01660e-01
-2.07689e-01
-2.00257e-01
-1.80497e-01
-1.51370e-01
-1.16244e-01
-7.96293e-02
-4.56850e-02
-1.86865e-02
-2.35260e-03
3.95392e-03
2.82146e-03
-2.82937e-03
-1.09145e-02
-2.06768e-02
-3.13423e-02
-4.14583e-02
-4.98239e-02
-5.49188e-02
-5.57835e-02
-5.14270e-02
-4.14658e-02
-2.60807e-02
-4.96665e-03
2.06650e-02
4.83589e-02
7.55610e-02
1.00133e-01
1.20327e-01
1.34484e-01
1.41920e-01
1.41899e-01
1.34746e-01
1.22547e-01
1.06992e-01
9.11341e-02
7.66560e-02
6.52279e-02
5.86714e-02
5.71471e-02
5.95952e-02
6.50453e-02
7.23137e-02
7.86025e-02
8.21570e-02
8.12985e-02
7.47616e-02
6.23394e-02
4.43062e-02
2.18369e-02
-4.98333e-03
-3.62956e-02
-7.23746e-02
-1.11423e-01
-1.49105e-01
-1.81270e-01
-2.05040e-01
-2.19538e-01
-2.24415e-01
-2.19786e-01
-2.07320e-01
-1.88311e-01
-1.65582e-01
-1.42914e-01
-1.23761e-01
-1.10814e-01
-1.05315e-01
-1.06902e-01
-1.14906e-01
-1.28335e-01
-1.43887e-01
-1.59561e-01
-1.74394e-01
-1.87180e-01
-1.97579e-01
-2.05205e-01
-2.08497e-01
-2.04522e-01
-1.92387e-01
-1.71855e-01
-1.44044e-01
-1.11640e-01
-7.88672e-02
-5.01315e-02
-2.71027e-02
-9.60921e-03
2.68562e-03
1.13011e-02
1.89693e-02
2.84706e-02
4.17373e-02
6.01968e-02
8.54608e-02
1.18938e-01
1.60881e-01
2.10006e-01
2.63677e-01
3.18119e-01
3.68632e-01
4.10840e-01
4.42344e-01
4.61837e-01
4.68725e-01
4.63107e-01
4.45470e-01
4.16526e-01
3.77326e-01
3.31014e-01
2.81196e-01
2.32850e-01
1.90596e-01
1.56819e-01
1.33173e-01
1.19980e-01
1.18321e-01
1.27796e-01
1.45070e-01
1.64670e-01
1.81135e-01
1.89850e-01
1.86166e-01
1.66395e-01
1.28513e-01
7.28529e-02
1.85007e-03
-8.01692e-02
-1.66199e-01
-2.48100e-01
-3.17788e-01
-3.67843e-01
-3.96855e-01
-4.05114e-01
-3.93678e-01
-3.65293e-01
-3.22948e-01
-2.70524e-01
-2.13154e-01
-1.56634e-01
-1.05764e-01
-6.34270e-02
-3.02651e-02
-6.04740e-03
8.60003e-03
1.43789e-02
1.48674e-02
1.26181e-02
8.58695e-03
2.92764e-03
-5.51098e-03
-1.54855e-02
-2.47964e-02
-3.14809e-02
-3.29251e-02
-2.81769e-02
-1.71854e-02
-1.00816e-03
1.87572e-02
3.98774e-02
6.00336e-02
7.73059e-02
8.91115e-02
9.36423e-02
9.02959e-02
7.97986e-02
6.43460e-02
4.57189e-02
2.55007e-02
3.64520e-03
-1.90570e-02
-4.03895e-02
-5.91501e-02
-7.37633e-02
-8.41746e-02
-9.25421e-02
-1.00831e-01
-1.10325e-01
-1.19864e-01
-1.28001e-01
-1.35066e-01
-1.41089e-01
-1.47075e-01
-1.53501e-01
-1.60065e-01
-1.67126e-01
-1.74022e-01
-1.79312e-01
-1.82720e-01
-1.83110e-01
-1.79372e-01
-1.71945e-01
-1.62259e-01
-1.50482e-01
-1.36226e-01
-1.19528e-01
-9.92715e-02
-7.57554e-02
-5.04899e-02
-2.51870e-02
-1.33573e-03
2.01050e-02
3.77484e-02
5.10182e-02
5.89388e-02
6.13517e-02
6.02731e-02
5.65785e-02
5.10218e-02
4.50258e-02
4.02212e-02
3.79371e-02
3.86207e-02
4.21370e-02
4.74489e-02
5.33997e-02
5.90697e-02
6.41738e-02
7.00659e-02
7.79240e-02
8.80021e-02
1.01159e-01
1.16838e-01
1.33178e-01
1.48710e-01
1.61395e-01
1.70641e-01
1.75999e-01
1.75559e-01
1.68595e-01
1.54868e-01
1.36054e-01
1.14644e-01
9.14429e-02
6.78709e-02
4.49549e-02
2.40989e-02
6.90612e-03
-6.61874e-03
-1.64933e-02
-2.30282e-02
-2.60311e-02
-2.56772e-02
-2.12585e-02
-1.23510e-02
3.94908e-04
1.60524e-02
3.19286e-02
4.55228e-02
5.60313e-02
6.40859e-02
6.88219e-02
6.78925e-02
6.03327e-02
4.69485e-02
2.88909e-02
7.55590e-03
-1.50711e-02
-3.76212e-02
-5.98733e-02
-8.10289e-02
-9.99568e-02
-1.16281e-01
-1.29666e-01
-1.38990e-01
-1.43639e-01
-1.41766e-01
-1.32453e-01
-1.16145e-01
-9.40806e-02
-6.82860e-02
-3.98147e-02
-1.01101e-02
1.93699e-02
4.69302e-02
7.06536e-02
8.90227e-02
1.00793e-01
1.05896e-01
1.04299e-01
9.69339e-02
8.46055e-02
6.91568e-02
5.09166e-02
3.01421e-02
7.31751e-03
-1.79773e-02
-4.47598e-02
-7.22062e-02
-9.88575e-02
-1.22867e-01
-1.42615e-01
-1.56679e-01
-1.64287e-01
-1.64292e-01
-1.55482e-01
-1.37897e-01
-1.12310e-01
-8.05427e-02
-4.38751e-02
-3.36853e-03
3.74404e-02
7.35290e-02
1.01009e-01
1.20340e-01
1.33315e-01
1.41648e-01
1.46444e-01
1.48283e-01
1.48376e-01
1.45406e-01
1.38956e-01
1.30036e-01
1.18804e-01
1.06715e-01
9.34127e-02
8.07248e-02
6.95919e-02
6.00633e-02
5.18651e-02
4.49956e-02
3.96078e-02
3.53149e-02
3.22455e-02
3.06760e-02
3.05636e-02
3.21702e-02
3.43532e-02
3.63116e-02
3.53040e-02
3.03810e-02
2.16924e-02
1.05363e-02
-2.39378e-03
-1.61346e-02
-3.04215e-02
-4.68767e-02
-6.46589e-02
-8.37228e-02
-1.04036e-01
-1.24471e-01
-1.42919e-01
-1.57986e-01
-1.69548e-01
-1.77737e-01
-1.82566e-01
-1.83790e-01
-1.81959e-01
-1.76777e-01
-1.71637e-01
-1.65459e-01
-1.57334e-01
-1.47670e-01
-1.37503e-01
-1.26139e-01
-1.13382e-01
-1.00031e-01
-8.43105e-02
-6.70233e-02
-4.82306e-02
-2.90739e-02
-1.06153e-02
7.21891e-03
2.44001e-02
4.17538e-02
5.91317e-02
7.73591e-02
9.55614e-02
1.12884e-01
1.29232e-01
1.43074e-01
1.54187e-01
1.61498e-01
1.64201e-01
1.62611e-01
1.56678e-01
1.46746e-01
1.32102e-01
1.14448e-01
9.47412e-02
7.32574e-02
5.08045e-02
2.77558e-02
4.90803e-03
-1.62094e-02
-3.34018e-02
-4.51651e-02
-5.21608e-02
-5.46984e-02
-5.40712e-02
-5.18359e-02
-5.00364e-02
-4.92103e-02
-4.89816e-02
-4.92132e-02
-4.89738e-02
-4.85474e-02
-4.74823e-02
-4.71743e-02
-4.85005e-02
-5.04866e-02
-5.46912e-02
-6.08472e-02
-6.90492e-02
-7.95882e-02
-9.27212e-02
-1.08434e-01
-1.24445e-01
-1.38567e-01
-1.49158e-01
-1.54694e-01
-1.54048e-01
-1.46959e-01
-1.33390e-01
-1.14560e-01
-9.21631e-02
-6.73453e-02
-4.11482e-02
-1.45873e-02
1.04612e-02
3.29162e-02
5.24204e-02
6.85869e-02
8.27282e-02
9.62089e-02
1.09184e-01
1.21200e-01
1.30825e-01
1.36601e-01
1.38814e-01
1.37720e-01
1.34113e-01
1.29907e-01
1.26403e-01
1.24105e-01
1.23294e-01
1.22734e-01
1.20780e-01
1.15735e-01
1.06832e-01
9.31267e-02
7.43682e-02
5.11915e-02
2.52553e-02
-1.42516e-03
-2.64189e-02
-4.60669e-02
-5.88827e-02
-6.54134e-02
-6.58863e-02
-6.19884e-02
-5.53439e-02
-4.83738e-02
-4.34398e-02
-4.12836e-02
-4.22735e-02
-4.50606e-02
-4.82375e-02
-5.06177e-02
-5.09331e-02
-4.87916e-02
-4.40936e-02
-3.72798e-02
-2.91667e-02
-1.99210e-02
-1.03032e-02
-1.19234e-03
7.75722e-03
1.68806e-02
2.60202e-02
3.52842e-02
4.43324e-02
5.37086e-02
6.38789e-02
7.50199e-02
8.69307e-02
9.93231e-02
1.11919e-01
1.24618e-01
1.38747e-01
1.54292e-01
1.69273e-01
1.82927e-01
1.94969e-01
2.04246e-01
2.09911e-01
2.12013e-01
2.10827e-01
2.06748e-01
2.00510e-01
1.90887e-01
1.78148e-01
1.62140e-01
1.42805e-01
1.19393e-01
9.28334e-02
6.42394e-02
3.43844e-02
5.50974e-03
-1.88789e-02
-3.79429e-02
-5.08212e-02
-5.66089e-02
-5.58570e-02
-5.10195e-02
-4.37731e-02
-3.69341e-02
-3.21414e-02
-2.99199e-02
-2.95492e-02
-3.04026e-02
-3.38121e-02
-3.96375e-02
-4.76747e-02
-5.59057e-02
-6.24093e-02
-6.70005e-02
-6.89412e-02
-6.85278e-02
-6.56815e-02
-6.14434e-02
-5.63683e-02
-5.03491e-02
-4.34566e-02
-3.53187e-02
-2.63493e-02
-1.73152e-02
-8.24776e-03
-1.32563e-03
6.45502e-04
-3.44861e-03
-1.34802e-02
-2.74281e-02
-4.22643e-02
-5.58077e-02
-6.62677e-02
-7.28429e-02
-7.65218e-02
-7.87772e-02
-8.05430e-02
-8.20419e-02
-8.36042e-02
-8.46623e-02
-8.48778e-02
-8.46783e-02
-8.43683e-02
-8.43890e-02
-8.52893e-02
-8.66514e-02
-8.75314e-02
-8.76735e-02
-8.65291e-02
-8.50611e-02
-8.53263e-02
-8.69553e-02
-8.90427e-02
-8.90524e-02
-8.57199e-02
-7.92564e-02
-7.03309e-02
-6.01672e-02
-5.06181e-02
-4.17293e-02
-3.29305e-02
-2.49773e-02
-1.71392e-02
-9.59393e-03
-4.19056e-03
-3.64411e-04
1.45336e-03
7.21475e-04
-2.31957e-03
-7.05202e-03
-1.19527e-02
-1.66976e-02
-1.95121e-02
-1.92782e-02
-1.70081e-02
-1.22150e-02
-4.80467e-03
3.88511e-03
1.29410e-02
2.14876e-02
2.89315e-02
3.50287e-02
3.95045e-02
4.32475e-02
4.56527e-02
4.52502e-02
4.26500e-02
3.82627e-02
3.33549e-02
3.02093e-02
2.96367e-02
3.16577e-02
3.34850e-02
3.54871e-02
3.55661e-02
3.45598e-02
3.31370e-02
3.00703e-02
2.47668e-02
1.76055e-02
9.34715e-03
5.11445e-04
-8.33508e-03
-1.65817e-02
-2.33845e-02
-2.80582e-02
-3.00587e-02
-2.91338e-02
-2.49595e-02
-1.83207e-02
-1.17869e-02
-7.47603e-03
-6.42030e-03
-8.80086e-03
-1.33510e-02
-1.70652e-02
-1.79277e-02
-1.53830e-02
-8.17060e-03
2.22820e-03
1.39733e-02
2.73067e-02
4.10549e-02
5.34789e-02
6.41436e-02
7.16622e-02
7.66836e-02
8.05219e-02
8.38054e-02
8.69047e-02
8.92191e-02
9.11445e-02
9.33712e-02
9.55183e-02
9.73305e-02
9.85873e-02
9.89102e-02
9.83050e-02
9.62321e-02
9.20571e-02
8.51596e-02
7.41996e-02
5.84608e-02
3.85694e-02
1.48571e-02
-1.24713e-02
-4.30510e-02
-7.64781e-02
-1.10631e-01
-1.42660e-01
-1.71928e-01
-1.95906e-01
-2.13469e-01
-2.24744e-01
-2.30627e-01
-2.32373e-01
-2.31093e-01
-2.27539e-01
-2.22196e-01
-2.15403e-01
-2.07364e-01
-1.98157e-01
-1.86680e-01
-1.71608e-01
-1.52935e-01
-1.30696e-01
-1.05946e-01
-8.04669e-02
-5.46374e-02
-2.90610e-02
-5.95080e-03
1.51109e-02
3.54152e-02
5.39192e-02
7.05305e-02
8.65007e-02
1.03178e-01
1.20746e-01
1.39578e-01
1.58740e-01
1.75962e-01
1.89664e-01
1.99224e-01
2.04610e-01
2.06840e-01
2.07777e-01
2.08333e-01
2.08078e-01
2.05807e-01
1.99349e-01
1.85389e-01
1.62319e-01
1.34009e-01
1.03776e-01
7.83900e-02
6.09436e-02
5.00088e-02
4.28910e-02
3.79492e-02
3.44272e-02
3.19966e-02
3.08425e-02
3.17696e-02
3.51228e-02
3.98336e-02
4.53514e-02
5.13833e-02
5.65569e-02
6.03607e-02
6.28706e-02
6.30695e-02
6.18285e-02
5.94048e-02
5.62043e-02
5.29553e-02
4.78751e-02
4.19199e-02
3.37900e-02
2.33849e-02
1.11098e-02
-3.04015e-03
-1.66741e-02
-2.84328e-02
-3.82279e-02
-4.56318e-02
-5.08447e-02
-5.48244e-02
-5.83565e-02
-6.23355e-02
-6.62320e-02
-6.98949e-02
-7.35128e-02
-7.74975e-02
-8.23149e-02
-8.85445e-02
-9.49586e-02
-1.01800e-01
-1.08478e-01
-1.16243e-01
-1.26076e-01
-1.37274e-01
-1.49245e-01
-1.60595e-01
-1.69703e-01
-1.75514e-01
-1.76191e-01
-1.71747e-01
-1.64204e-01
-1.55221e-01
-1.46536e-01
-1.37868e-01
-1.28650e-01
-1.19509e-01
-1.09631e-01
-9.94708e-02
-9.22213e-02
-8.73486e-02
-8.43467e-02
-8.34511e-02
-8.31187e-02
-8.35172e-02
-8.39969e-02
-8.47228e-02
-8.44909e-02
-8.25773e-02
-7.88270e-02
-7.22069e-02
-6.23684e-02
-4.93049e-02
-3.43364e-02
-1.97205e-02
-6.77237e-03
3.89377e-03
1.27130e-02
2.04069e-02
2.70157e-02
3.40544e-02
4.27052e-02
5.25485e-02
6.23768e-02
7.12158e-02
7.89399e-02
8.61835e-02
9.20704e-02
9.63040e-02
9.86351e-02
9.72373e-02
9.20575e-02
8.32525e-02
7.26133e-02
6.13113e-02
4.93549e-02
3.97796e-02
3.29919e-02
3.01181e-02
3.17188e-02
3.53745e-02
4.09560e-02
4.62567e-02
4.98766e-02
5.22105e-02
5.25796e-02
5.20708e-02
5.05155e-02
4.87122e-02
4.85210e-02
4.97006e-02
5.18792e-02
5.39082e-02
5.42845e-02
5.26837e-02
4.91668e-02
4.40389e-02
3.72057e-02
2.82753e-02
1.81580e-02
7.45305e-03
-2.90628e-03
-1.20002e-02
-1.93364e-02
-2.45620e-02
-2.85038e-02
-3.22089e-02
-3.53790e-02
-3.90714e-02
-4.25525e-02
-4.48504e-02
-4.75692e-02
-4.91239e-02
-4.88588e-02
-4.72302e-02
-4.24231e-02
-3.53358e-02
-2.66434e-02
-1.76642e-02
-9.49950e-03
-2.31747e-03
2.40572e-03
5.05491e-03
6.05518e-03
4.63667e-03
2.22239e-03
-1.86819e-03
-6.83696e-03
-1.24076e-02
-1.87126e-02
-2.40348e-02
-2.77122e-02
-3.00587e-02
-3.13332e-02
-3.22785e-02
-3.23056e-02
-3.05267e-02
-2.70258e-02
-2.23415e-02
-1.73668e-02
-1.20665e-02
-6.38574e-03
-1.09850e-03
3.68355e-03
7.07924e-03
8.08817e-03
7.14835e-03
4.30157e-03
7.11130e-04
-3.48535e-03
-8.22939e-03
-1.23728e-02
-1.58506e-02
-1.75659e-02
-1.78742e-02
-1.66366e-02
-1.53573e-02
-1.57769e-02
-1.57044e-02
-1.53036e-02
-1.51936e-02
-1.36591e-02
-1.14381e-02
-7.28736e-03
-1.97558e-03
3.92634e-03
9.87710e-03
1.50341e-02
1.95050e-02
2.28596e-02
2.46319e-02
2.48759e-02
2.47035e-02
2.57772e-02
2.86178e-02
3.37967e-02
3.93408e-02
4.59252e-02
5.28815e-02
6.00339e-02
6.69734e-02
7.38178e-02
8.11555e-02
8.79592e-02
9.29732e-02
9.68592e-02
9.95262e-02
1.00564e-01
9.98301e-02
9.67591e-02
9.19414e-02
8.53098e-02
7.77006e-02
6.86380e-02
5.79450e-02
4.75810e-02
3.67901e-02
2.56799e-02
1.50841e-02
5.06138e-03
-3.72051e-03
-1.15265e-02
-1.83050e-02
-2.42368e-02
-2.97061e-02
-3.44634e-02
-3.86149e-02
-4.08139e-02
-4.06689e-02
-3.76447e-02
-3.33621e-02
-2.82151e-02
-2.19704e-02
-1.43372e-02
-4.45511e-03
6.52621e-03
1.89265e-02
3.20914e-02
4.46305e-02
5.64325e-02
6.62442e-02
7.41415e-02
7.92634e-02
8.04648e-02
7.73344e-02
6.95509e-02
5.70477e-02
4.01243e-02
2.03504e-02
2.80718e-04
-1.95507e-02
-3.63093e-02
-4.86129e-02
-5.78974e-02
-6.46442e-02
-6.94482e-02
-7.15714e-02
-7.12525e-02
-6.87810e-02
-6.41143e-02
-5.77281e-02
-5.06170e-02
-4.50471e-02
-4.13589e-02
-4.01075e-02
-4.09757e-02
-4.44761e-02
-5.06118e-02
-5.73881e-02
-6.43791e-02
-7.06392e-02
-7.60642e-02
-8.06624e-02
-8.32839e-02
-8.52257e-02
-8.67079e-02
-8.86758e-02
-9.23428e-02
-9.64092e-02
-9.97276e-02
-1.00300e-01
-9.76964e-02
-9.13801e-02
-8.25898e-02
-7.24617e-02
-6.14825e-02
-5.05736e-02
-4.09227e-02
-3.23869e-02
-2.39510e-02
-1.54522e-02
-7.81821e-03
-7.32907e-04
5.31868e-03
1.15564e-02
1.77135e-02
2.20778e-02
2.56647e-02
2.91998e-02
3.35211e-02
3.93546e-02
4.64275e-02
5.51115e-02
6.40954e-02
7.33636e-02
8.19941e-02
9.03500e-02
9.82941e-02
1.04555e-01
1.09424e-01
1.12896e-01
1.16336e-01
1.18559e-01
1.19634e-01
1.18503e-01
1.14293e-01
1.08769e-01
1.01772e-01
9.46126e-02
8.76646e-02
8.08313e-02
7.49261e-02
7.02224e-02
6.73140e-02
6.56381e-02
6.46729e-02
6.41205e-02
6.29991e-02
6.08207e-02
5.77014e-02
5.45795e-02
5.19238e-02
4.93896e-02
4.79338e-02
4.78550e-02
4.85624e-02
5.00899e-02
5.10176e-02
5.02983e-02
4.78230e-02
4.43473e-02
4.07655e-02
3.61931e-02
3.11436e-02
2.66260e-02
2.20013e-02
1.72346e-02
1.14533e-02
4.86256e-03
-1.36118e-03
-6.45174e-03
-9.69573e-03
-1.12323e-02
-1.16314e-02
-1.24649e-02
-1.52166e-02
-2.04083e-02
-2.77584e-02
-3.54635e-02
-4.27761e-02
-4.87653e-02
-5.29601e-02
-5.64975e-02
-5.94104e-02
-6.18516e-02
-6.51195e-02
-7.01032e-02
-7.82074e-02
-8.98267e-02
-1.03894e-01
-1.18905e-01
-1.32495e-01
-1.42799e-01
-1.48491e-01
-1.49071e-01
-1.45719e-01
-1.41124e-01
-1.35804e-01
-1.29597e-01
-1.22799e-01
-1.16419e-01
-1.12162e-01
-1.09272e-01
-1.06587e-01
-1.02426e-01
-9.65959e-02
-9.03928e-02
-8.33344e-02
-7.55923e-02
-6.67619e-02
-5.76286e-02
-4.87541e-02
-3.98633e-02
-3.09689e-02
-2.26665e-02
-1.60330e-02
-9.21885e-03
-1.38974e-03
7.89864e-03
1.69103e-02
2.52715e-02
3.29149e-02
3.92244e-02
4.45336e-02
4.88103e-02
5.23797e-02
5.45556e-02
5.49139e-02
5.37453e-02
5.08321e-02
4.72830e-02
4.34055e-02
3.82145e-02
3.17763e-02
2.40379e-02
1.60565e-02
9.10973e-03
3.89612e-03
4.34508e-04
-2.45282e-03
-4.73682e-03
-6.38783e-03
-6.76312e-03
-6.19963e-03
-4.61723e-03
-1.98928e-03
1.15905e-03
5.25103e-03
9.29426e-03
1.28861e-02
1.72464e-02
2.10227e-02
2.45789e-02
2.80933e-02
3.07649e-02
3.34709e-02
3.60327e-02
3.84418e-02
3.96353e-02
3.91765e-02
3.83815e-02
3.82513e-02
3.90636e-02
4.01342e-02
4.14042e-02
4.25691e-02
4.30182e-02
4.27004e-02
4.26456e-02
4.45456e-02
4.86236e-02
5.36705e-02
5.83386e-02
6.16943e-02
6.43992e-02
6.76837e-02
7.15535e-02
7.47543e-02
7.78009e-02
8.14972e-02
8.34977e-02
8.40653e-02
8.40510e-02
8.15408e-02
7.68691e-02
7.11056e-02
6.45362e-02
5.62556e-02
4.74382e-02
3.86908e-02
3.01740e-02
2.24557e-02
1.61525e-02
1.03414e-02
4.06831e-03
-2.71976e-03
-9.55408e-03
-1.61033e-02
-2.18831e-02
-2.70030e-02
-3.15975e-02
-3.65963e-02
-4.14370e-02
-4.47584e-02
-4.58495e-02
-4.59920e-02
-4.54440e-02
-4.39808e-02
-4.12119e-02
-3.61288e-02
-3.01159e-02
-2.41279e-02
-1.84093e-02
-1.28499e-02
-7.31974e-03
-1.91305e-03
2.71153e-03
6.56956e-03
9.35247e-03
1.09112e-02
1.19123e-02
1.24083e-02
1.19118e-02
1.10779e-02
9.33107e-03
6.06168e-03
1.65950e-03
-2.53499e-03
-7.28242e-03
-1.16784e-02
-1.46347e-02
-1.58281e-02
-1.57407e-02
-1.42886e-02
-1.26459e-02
-1.12555e-02
-1.01847e-02
-9.10890e-03
-7.89289e-03
-5.92583e-03
-3.28001e-03
1.00952e-03
6.08969e-03
1.06428e-02
1.49305e-02
1.78964e-02
2.03071e-02
2.14351e-02
2.14427e-02
2.16569e-02
2.13895e-02
2.09248e-02
1.95887e-02
1.77995e-02
1.50376e-02
1.14411e-02
7.64133e-03
3.68957e-03
3.26171e-04
-2.40754e-03
-4.37439e-03
-5.20703e-03
-4.47687e-03
-2.72302e-03
4.77213e-04
3.62786e-03
5.24664e-03
5.12342e-03
3.89192e-03
1.59642e-03
-3.16673e-03
-9.24080e-03
-1.63479e-02
-2.49215e-02
-3.29260e-02
-3.92071e-02
-4.46035e-02
-5.07960e-02
-5.77276e-02
-6.45123e-02
-7.04395e-02
-7.47194e-02
-7.66365e-02
-7.69529e-02
-7.59910e-02
-7.35583e-02
-6.95909e-02
-6.35056e-02
-5.72378e-02
-5.06653e-02
-4.35992e-02
-3.65930e-02
-2.93648e-02
-2.28830e-02
-1.72135e-02
-1.16868e-02
-6.64442e-03
-2.89196e-03
4.25039e-04
3.61850e-03
3.58281e-03
1.14778e-03
-1.10164e-03
-3.57441e-03
-5.82908e-03
-7.76489e-03
-8.85874e-03
-9.20436e-03
-8.36188e-03
-6.74661e-03
-6.20961e-03
-6.57733e-03
-7.27584e-03
-8.56942e-03
-1.18147e-02
-1.65881e-02
-2.21107e-02
-2.80264e-02
-3.41855e-02
-4.01016e-02
-4.49672e-02
-4.91702e-02
-5.20964e-02
-5.33876e-02
-5.27379e-02
-5.02302e-02
-4.66187e-02
-4.22206e-02
-3.78941e-02
-3.45793e-02
-3.10615e-02
-2.57122e-02
-1.83421e-02
-9.28905e-03
1.60443e-03
1.27438e-02
2.14706e-02
2.66015e-02
3.15908e-02
3.66260e-02
4.13606e-02
4.56554e-02
5.06022e-02
5.54267e-02
6.08084e-02
6.56161e-02
7.01967e-02
7.47590e-02
7.78657e-02
7.99733e-02
8.11434e-02
8.12708e-02
8.21102e-02
8.33266e-02
8.40099e-02
8.30034e-02
7.93271e-02
7.40069e-02
6.83528e-02
6.29659e-02
5.79368e-02
5.46546e-02
5.38723e-02
5.35740e-02
5.24290e-02
5.06397e-02
4.76537e-02
4.38608e-02
3.90965e-02
3.20299e-02
2.28793e-02
1.35656e-02
6.26922e-03
1.81028e-03
-1.25279e-03
-4.00092e-03
-7.14993e-03
-1.03785e-02
-1.20609e-02
-1.23696e-02
-1.13945e-02
-1.02493e-02
-9.23101e-03
-8.47079e-03
-7.40690e-03
-6.72961e-03
-6.09363e-03
-5.38727e-03
-4.77033e-03
-2.78882e-03
-3.67351e-04
2.80188e-03
6.10489e-03
9.54245e-03
1.32451e-02
1.40452e-02
1.31825e-02
1.11012e-02
7.70404e-03
2.17243e-03
-4.89756e-03
-1.10440e-02
-1.72597e-02
-2.35503e-02
-3.06895e-02
-3.84911e-02
-4.53414e-02
-5.04648e-02
-5.36979e-02
-5.44784e-02
-5.43743e-02
-5.41892e-02
-5.45255e-02
-5.58982e-02
-5.68978e-02
-5.95371e-02
-6.34397e-02
-6.86924e-02
-7.41218e-02
-7.80541e-02
-7.89198e-02
-7.69740e-02
-7.38055e-02
-7.07175e-02
-6.65767e-02
-6.15378e-02
-5.59256e-02
-5.17144e-02
-4.92647e-02
-4.71582e-02
-4.57751e-02
-4.46886e-02
-4.59459e-02
-4.79533e-02
-4.90823e-02
-4.94581e-02
-5.03241e-02
-5.21399e-02
-5.31050e-02
-5.27938e-02
-5.04242e-02
-4.70160e-02
-4.40261e-02
-4.00881e-02
-3.51991e-02
-2.74862e-02
-1.91277e-02
-1.15148e-02
-5.34427e-03
-1.26293e-03
1.15151e-03
2.04723e-03
2.06395e-03
1.03307e-03
-1.48874e-03
-5.47733e-03
-1.01008e-02
-1.49442e-02
-1.95886e-02
-2.33048e-02
-2.52651e-02
-2.50343e-02
-2.48535e-02
-2.44555e-02
-2.35961e-02
-2.24343e-02
-2.13281e-02
-2.08524e-02
-2.02099e-02
-2.07599e-02
-2.17646e-02
-2.04850e-02
-1.61165e-02
-8.49725e-03
-6.08624e-04
7.55348e-03
1.45740e-02
1.95923e-02
2.44282e-02
2.82158e-02
3.19596e-02
3.64978e-02
4.07963e-02
4.58438e-02
5.07596e-02
5.61962e-02
6.09060e-02
6.50515e-02
6.88455e-02
7.22571e-02
7.57236e-02
7.94871e-02
8.24211e-02
8.54391e-02
8.79656e-02
8.90604e-02
8.63251e-02
8.03523e-02
7.31037e-02
6.47644e-02
5.63769e-02
4.84737e-02
4.13608e-02
3.49740e-02
2.92907e-02
2.49025e-02
2.16308e-02
1.96041e-02
1.88853e-02
1.90935e-02
2.05835e-02
2.37181e-02
2.83002e-02
3.34360e-02
3.89975e-02
4.54705e-02
5.16322e-02
5.70088e-02
6.08448e-02
6.30866e-02
6.37609e-02
6.28810e-02
5.99850e-02
5.54893e-02
5.02155e-02
4.33933e-02
3.55673e-02
2.76980e-02
1.98169e-02
1.27990e-02
7.29660e-03
4.03243e-03
2.92901e-03
3.12955e-03
5.14622e-03
8.46334e-03
1.27145e-02
1.74984e-02
2.22961e-02
2.69292e-02
3.08061e-02
3.44115e-02
3.83338e-02
4.32433e-02
4.91758e-02
5.55505e-02
6.14970e-02
6.50803e-02
6.70475e-02
6.77810e-02
6.66331e-02
6.35170e-02
5.95184e-02
5.48649e-02
4.86496e-02
4.13314e-02
3.35414e-02
2.61194e-02
1.90335e-02
1.21187e-02
5.55585e-03
-1.17574e-04
-4.51640e-03
-7.39897e-03
-9.47679e-03
-1.13221e-02
-1.23747e-02
-1.36901e-02
-1.58349e-02
-1.77335e-02
-1.87708e-02
-1.81747e-02
-1.46551e-02
-8.47679e-03
-1.85123e-03
3.86272e-03
8.60090e-03
1.17308e-02
1.24706e-02
1.18441e-02
9.31228e-03
5.35045e-03
2.59241e-04
-4.91695e-03
-1.01096e-02
-1.54148e-02
-2.05376e-02
-2.63748e-02
-3.21709e-02
-3.77242e-02
-4.27763e-02
-4.79948e-02
-5.38277e-02
-5.89662e-02
-6.43092e-02
-6.95546e-02
-7.49593e-02
-8.07680e-02
-8.64232e-02
-9.07486e-02
-9.22621e-02
-9.23355e-02
-9.06584e-02
-8.76154e-02
-8.31173e-02
-7.76129e-02
-7.15693e-02
-6.57532e-02
-6.12033e-02
-5.61413e-02
-5.27121e-02
-4.95929e-02
-4.69677e-02
-4.48846e-02
-4.23282e-02
-3.96228e-02
-3.62207e-02
-3.28516e-02
-2.94921e-02
-2.58612e-02
-2.30301e-02
-1.98997e-02
-1.70051e-02
-1.62628e-02
-1.66110e-02
-1.80042e-02
-2.04593e-02
-2.35685e-02
-2.78442e-02
-3.24877e-02
-3.67935e-02
-4.00514e-02
-4.13695e-02
-4.04969e-02
-3.82151e-02
-3.51500e-02
-3.09710e-02
-2.82909e-02
-2.58049e-02
-2.42169e-02
-2.26728e-02
-2.09886e-02
-1.95859e-02
-1.83964e-02
-1.86811e-02
-1.88679e-02
-1.82077e-02
-1.71206e-02
-1.53512e-02
-1.47383e-02
-1.35776e-02
-1.21796e-02
-1.09175e-02
-8.83001e-03
-5.84646e-03
-2.12490e-03
2.52516e-03
7.76371e-03
1.43161e-02
2.15620e-02
2.94443e-02
3.73761e-02
4.51071e-02
5.23132e-02
5.79509e-02
6.28442e-02
6.66649e-02
6.91585e-02
7.07736e-02
7.00802e-02
6.77840e-02
6.46628e-02
6.17737e-02
5.89491e-02
5.53157e-02
5.12129e-02
4.48755e-02
3.66165e-02
2.78473e-02
1.92485e-02
1.15188e-02
5.33218e-03
8.29261e-04
-2.77477e-03
-6.02573e-03
-8.33870e-03
-9.54493e-03
-9.55577e-03
-9.17347e-03
-9.60410e-03
-1.04649e-02
-1.17009e-02
-1.27441e-02
-1.36273e-02
-1.40339e-02
-1.42005e-02
-1.55144e-02
-1.90542e-02
-2.52736e-02
-3.31611e-02
-4.09300e-02
-4.74540e-02
-5.20925e-02
-5.49083e-02
-5.57969e-02
-5.45591e-02
-5.15704e-02
-4.60418e-02
-3.81418e-02
-2.84570e-02
-1.74715e-02
-6.07498e-03
5.51703e-03
1.64699e-02
2.69025e-02
3.60908e-02
4.29151e-02
4.78806e-02
5.02932e-02
5.05360e-02
4.98977e-02
4.87866e-02
4.66020e-02
4.37720e-02
4.10583e-02
3.83477e-02
3.59340e-02
3.30888e-02
2.98282e-02
2.59152e-02
2.09334e-02
1.51098e-02
8.87811e-03
3.19196e-03
-1.48335e-03
-4.84259e-03
-7.42823e-03
-9.43178e-03
-9.68480e-03
-8.62429e-03
-7.67128e-03
-6.90766e-03
-6.15359e-03
-5.61375e-03
-4.70235e-03
-3.57453e-03
-2.60050e-03
-2.86763e-03
-4.31354e-03
-6.54272e-03
-9.53476e-03
-1.23304e-02
-1.51546e-02
-1.82817e-02
-2.05041e-02
-2.05593e-02
-1.83056e-02
-1.49677e-02
-1.05513e-02
-4.76838e-03
2.00690e-03
1.01086e-02
1.84762e-02
2.61278e-02
3.21103e-02
3.71277e-02
4.16449e-02
4.41331e-02
4.56210e-02
4.55162e-02
4.49583e-02
4.56304e-02
4.72908e-02
4.90943e-02
4.95457e-02
4.80028e-02
4.37259e-02
3.65596e-02
2.78092e-02
1.81100e-02
7.76632e-03
-2.67356e-03
-1.35144e-02
-2.30202e-02
-2.99559e-02
-3.47845e-02
-3.84944e-02
-4.17745e-02
-4.52101e-02
-4.83129e-02
-5.19219e-02
-5.46396e-02
-5.61968e-02
-5.60943e-02
-5.44039e-02
-5.15754e-02
-4.84947e-02
-4.68268e-02
-4.51917e-02
-4.15279e-02
-3.67451e-02
-3.09554e-02
-2.42247e-02
-1.76175e-02
-1.26886e-02
-8.26706e-03
-5.99409e-03
-7.47766e-03
-1.12284e-02
-1.62279e-02
-2.23078e-02
-2.91531e-02
-3.58642e-02
-4.26184e-02
-4.84984e-02
-5.35076e-02
-5.84724e-02
-6.15565e-02
-6.30790e-02
-6.31922e-02
-6.11784e-02
-5.72058e-02
-5.09318e-02
-4.41469e-02
-3.69080e-02
-2.87282e-02
-2.01497e-02
-1.17173e-02
-4.87829e-03
7.76015e-04
5.81158e-03
1.02563e-02
1.47381e-02
1.85759e-02
2.20690e-02
2.41347e-02
2.45920e-02
2.48664e-02
2.49683e-02
2.51141e-02
2.51367e-02
2.50587e-02
2.45583e-02
2.36827e-02
2.24523e-02
2.15250e-02
2.09711e-02
2.12184e-02
2.22985e-02
2.37723e-02
2.52418e-02
2.62799e-02
2.81529e-02
3.05059e-02
3.19371e-02
3.23568e-02
3.20973e-02
3.19307e-02
3.23375e-02
3.29736e-02
3.34518e-02
3.33096e-02
3.29383e-02
3.23673e-02
3.21013e-02
3.24656e-02
3.30949e-02
3.35770e-02
3.33871e-02
3.28726e-02
3.20422e-02
3.14162e-02
3.14120e-02
3.18167e-02
3.24169e-02
3.18434e-02
3.01989e-02
2.81332e-02
2.61257e-02
2.53169e-02
2.47330e-02
2.45536e-02
2.43073e-02
2.45902e-02
2.50871e-02
2.49996e-02
2.51038e-02
2.49936e-02
2.52819e-02
2.56671e-02
2.68128e-02
2.81815e-02
2.99858e-02
3.22691e-02
3.44088e-02
3.79973e-02
4.24015e-02
4.52169e-02
4.58337e-02
4.47197e-02
4.37418e-02
4.29174e-02
4.24989e-02
4.13551e-02
3.87612e-02
3.65137e-02
3.49283e-02
3.34745e-02
3.25077e-02
3.11678e-02
2.90787e-02
2.67014e-02
2.47564e-02
2.14094e-02
1.77314e-02
1.40848e-02
9.90174e-03
4.61827e-03
-2.39014e-03
-9.74898e-03
-1.88573e-02
-2.79077e-02
-3.68537e-02
-4.45926e-02
-5.01089e-02
-5.40662e-02
-5.64997e-02
-5.83860e-02
-5.97142e-02
-6.09500e-02
-6.18073e-02
-6.18282e-02
-6.17644e-02
-6.19616e-02
-6.21704e-02
-6.11721e-02
-5.92177e-02
-5.63247e-02
-5.21642e-02
-4.81639e-02
-4.36203e-02
-3.81543e-02
-3.26593e-02
-2.66746e-02
-2.03851e-02
-1.46348e-02
-9.82148e-03
-5.90531e-03
-3.25626e-03
-2.11646e-03
-2.05326e-03
-2.32167e-03
-2.58423e-03
-3.37987e-03
-5.34491e-03
-7.60055e-03
-9.58429e-03
-1.18928e-02
-1.50947e-02
-1.87467e-02
-2.26541e-02
-2.65852e-02
-2.99298e-02
-3.37021e-02
-3.72003e-02
-3.96934e-02
-4.12762e-02
-4.13586e-02
-3.96755e-02
-3.70412e-02
-3.50648e-02
-3.25288e-02
-2.81871e-02
-2.18232e-02
-1.41795e-02
-7.29144e-03
-1.88790e-03
1.68906e-03
3.53645e-03
4.61217e-03
5.38126e-03
5.53880e-03
4.48055e-03
2.82016e-03
2.09848e-03
1.95125e-03
2.22349e-03
2.81645e-03
4.00836e-03
6.55064e-03
9.51134e-03
1.28292e-02
1.66652e-02
1.97686e-02
2.28625e-02
2.62112e-02
2.88668e-02
3.04818e-02
3.04050e-02
2.94858e-02
2.86725e-02
2.81459e-02
2.73716e-02
2.64977e-02
2.54922e-02
2.38065e-02
2.14983e-02
1.92080e-02
1.68222e-02
1.33107e-02
8.64890e-03
4.14743e-03
-2.45833e-04
-4.64510e-03
-7.44848e-03
-8.53028e-03
-8.55164e-03
-7.56384e-03
-5.51327e-03
-2.80323e-03
-5.02030e-04
7.58185e-04
-5.10789e-05
-1.54963e-03
-3.39714e-03
-6.83154e-03
-1.07119e-02
-1.39377e-02
-1.62102e-02
-1.89657e-02
-2.14441e-02
-2.29343e-02
-2.37012e-02
-2.34551e-02
-2.27702e-02
-2.11277e-02
-1.92941e-02
-1.73386e-02
-1.41977e-02
-1.09259e-02
-7.05249e-03
-2.72334e-03
1.67159e-03
5.94402e-03
9.93610e-03
1.35377e-02
1.67293e-02
1.97753e-02
2.31741e-02
2.63049e-02
2.84987e-02
2.97758e-02
3.05401e-02
2.93180e-02
2.56828e-02
2.14496e-02
1.67830e-02
1.27858e-02
9.37656e-03
6.06981e-03
3.63015e-03
1.42751e-03
8.08269e-04
1.35802e-03
2.37741e-03
4.85120e-03
7.64505e-03
8.51999e-03
7.55269e-03
5.05427e-03
1.67147e-03
2.70827e-04
3.30166e-04
1.03927e-03
2.33435e-03
5.15258e-03
8.57982e-03
1.07794e-02
1.34128e-02
1.65024e-02
1.97240e-02
2.22853e-02
2.49879e-02
2.79573e-02
3.01203e-02
3.30119e-02
3.49236e-02
3.49185e-02
3.33155e-02
2.99213e-02
2.52912e-02
2.09963e-02
1.67079e-02
1.37838e-02
1.18195e-02
1.13475e-02
1.01207e-02
6.68420e-03
2.44709e-03
-2.51002e-03
-8.05715e-03
-1.38242e-02
-1.87732e-02
-2.19074e-02
-2.53204e-02
-2.74411e-02
-2.87620e-02
-2.87671e-02
-2.62756e-02
-2.38399e-02
-2.03228e-02
-1.59654e-02
-1.24659e-02
-9.09262e-03
-5.10482e-03
-1.58208e-03
9.00167e-04
2.20729e-03
2.77893e-03
2.71281e-03
2.76977e-03
2.51969e-03
2.45049e-03
2.12664e-03
2.11414e-03
2.14807e-03
2.90026e-03
3.55761e-03
3.53407e-03
3.37817e-03
2.29986e-03
1.34536e-03
1.35303e-03
1.82595e-03
2.48378e-03
3.34736e-03
5.06311e-03
6.22439e-03
5.93501e-03
5.56706e-03
4.53089e-03
2.97836e-03
2.08762e-03
7.87659e-04
-3.40438e-04
-1.64859e-03
-3.10807e-03
-4.31191e-03
-5.34575e-03
-5.82254e-03
-6.34740e-03
-6.74618e-03
-6.86397e-03
-6.11115e-03
-4.90758e-03
-3.05803e-03
-4.25315e-04
2.69558e-03
6.40830e-03
9.18993e-03
1.08828e-02
1.24399e-02
1.44064e-02
1.68427e-02
1.86523e-02
1.98162e-02
2.05906e-02
2.12692e-02
2.20855e-02
2.25360e-02
2.21976e-02
2.10332e-02
2.03981e-02
1.98901e-02
1.90934e-02
1.83657e-02
1.70230e-02
1.48692e-02
1.23914e-02
1.07997e-02
1.02014e-02
9.66775e-03
8.88474e-03
7.85292e-03
6.88727e-03
6.64301e-03
7.00978e-03
8.20732e-03
8.70995e-03
7.54499e-03
5.26408e-03
2.48547e-03
-4.83407e-04
-2.95553e-03
-4.56557e-03
-5.59159e-03
-6.21289e-03
-7.57377e-03
-9.18961e-03
-1.12844e-02
-1.36946e-02
-1.55579e-02
-1.81479e-02
-2.09460e-02
-2.35689e-02
-2.64908e-02
-2.92618e-02
-3.16050e-02
-3.27766e-02
-3.44120e-02
-3.55953e-02
-3.64631e-02
-3.67108e-02
-3.54129e-02
-3.35439e-02
-3.03986e-02
-2.58468e-02
-1.97501e-02
-1.53735e-02
-1.20216e-02
-9.39494e-03
-7.58216e-03
-7.11626e-03
-7.53635e-03
-7.77063e-03
-8.06902e-03
-7.39556e-03
-6.35362e-03
-5.34780e-03
-4.06826e-03
-3.88974e-03
-4.58683e-03
-5.74186e-03
-8.19406e-03
-1.15581e-02
-1.60196e-02
-2.01927e-02
-2.36409e-02
-2.66287e-02
-2.91723e-02
-3.13894e-02
-3.27113e-02
-3.38737e-02
-3.47429e-02
-3.46393e-02
-3.37082e-02
-3.28693e-02
-3.20596e-02
-3.09081e-02
-2.96855e-02
-2.90513e-02
-2.88706e-02
-2.86383e-02
-2.82353e-02
-2.77319e-02
-2.75103e-02
-2.80708e-02
-2.86227e-02
-2.94330e-02
-3.09933e-02
-3.32062e-02
-3.52438e-02
-3.56423e-02
-3.52077e-02
-3.34417e-02
-2.96903e-02
-2.54894e-02
-2.08376e-02
-1.67480e-02
-1.45095e-02
-1.25907e-02
-9.21464e-03
-3.97607e-03
1.87099e-03
5.35038e-03
7.04631e-03
7.53087e-03
6.28318e-03
4.46791e-03
1.80351e-03
3.28236e-04
-6.79003e-04
-1.26092e-03
-1.03376e-03
-6.14634e-04
8.18745e-04
2.88105e-03
5.80351e-03
8.54239e-03
1.18794e-02
1.53298e-02
1.78989e-02
2.01356e-02
2.19831e-02
2.32876e-02
2.23557e-02
1.84546e-02
1.39391e-02
1.02155e-02
8.22838e-03
7.50756e-03
7.28170e-03
7.54496e-03
8.50532e-03
1.03199e-02
1.28434e-02
1.54048e-02
1.77138e-02
1.91878e-02
1.97252e-02
2.06527e-02
2.29676e-02
2.55886e-02
2.78731e-02
2.87543e-02
2.92974e-02
3.07489e-02
3.35367e-02
3.57836e-02
3.68886e-02
3.73825e-02
3.85831e-02
3.96585e-02
4.13253e-02
4.38928e-02
4.63836e-02
4.75093e-02
4.86385e-02
5.01827e-02
5.16938e-02
5.28543e-02
5.34034e-02
5.20448e-02
5.02294e-02
4.92179e-02
4.84375e-02
4.75250e-02
4.66358e-02
4.50817e-02
4.25144e-02
3.94434e-02
3.64357e-02
3.42175e-02
3.29433e-02
3.15293e-02
2.96921e-02
2.79409e-02
2.71472e-02
2.66338e-02
2.58940e-02
2.55811e-02
2.52616e-02
2.50500e-02
2.48438e-02
2.52158e-02
2.55725e-02
2.50134e-02
2.39754e-02
2.18949e-02
1.97806e-02
1.81377e-02
1.64523e-02
1.59660e-02
1.52383e-02
1.50426e-02
1.44635e-02
1.26897e-02
1.11485e-02
7.72250e-03
3.16426e-03
-2.31181e-03
-8.60198e-03
-1.38174e-02
-1.71101e-02
-1.77493e-02
-1.69026e-02
-1.59359e-02
-1.52368e-02
-1.60582e-02
-1.68210e-02
-1.74178e-02
-1.83186e-02
-1.88250e-02
-1.97193e-02
-2.12038e-02
-2.40983e-02
-2.76933e-02
-3.07332e-02
-3.37546e-02
-3.67600e-02
-3.91494e-02
-4.11397e-02
-4.29627e-02
-4.48787e-02
-4.59272e-02
-4.60780e-02
-4.62940e-02
-4.71001e-02
-4.86411e-02
-4.96251e-02
-4.97271e-02
-4.84061e-02
-4.43725e-02
-3.92221e-02
-3.38226e-02
-2.86440e-02
-2.42078e-02
-2.02142e-02
-1.65130e-02
-1.31176e-02
-1.12298e-02
-1.04987e-02
-1.07598e-02
-1.12004e-02
-1.21493e-02
-1.39903e-02
-1.52968e-02
-1.67953e-02
-1.77005e-02
-1.79184e-02
-1.88063e-02
-1.98704e-02
-2.20480e-02
-2.39303e-02
-2.53595e-02
-2.71939e-02
-2.76025e-02
-2.79280e-02
-2.74204e-02
-2.69248e-02
-2.73874e-02
-2.79607e-02
-2.95760e-02
-3.10820e-02
-3.25151e-02
-3.33709e-02
-3.33802e-02
-3.40647e-02
-3.38823e-02
-3.27779e-02
-3.08377e-02
-2.87881e-02
-2.81252e-02
-2.68440e-02
-2.46270e-02
-2.09457e-02
-1.69291e-02
-1.28140e-02
-7.86778e-03
-3.72169e-03
2.55610e-04
3.78100e-03
7.11423e-03
9.52996e-03
1.17584e-02
1.36112e-02
1.41367e-02
1.40431e-02
1.34510e-02
1.24268e-02
1.13750e-02
1.10456e-02
1.17096e-02
1.27530e-02
1.41617e-02
1.55887e-02
1.62262e-02
1.54337e-02
1.23773e-02
7.75512e-03
2.89219e-03
-1.09725e-03
-3.06259e-03
-3.25435e-03
-2.43641e-03
-1.90632e-03
-1.44156e-03
-5.53470e-04
1.27376e-03
3.48282e-03
4.59752e-03
5.65374e-03
7.62238e-03
1.07412e-02
1.44221e-02
1.72955e-02
2.11630e-02
2.57934e-02
3.03689e-02
3.44320e-02
3.74324e-02
4.02703e-02
4.16887e-02
4.34436e-02
4.58195e-02
4.76209e-02
4.85331e-02
4.77128e-02
4.53510e-02
4.22772e-02
3.98542e-02
3.75472e-02
3.53931e-02
3.43157e-02
3.29416e-02
3.14693e-02
2.96646e-02
2.75417e-02
2.59983e-02
2.51218e-02
2.52845e-02
2.57441e-02
2.56128e-02
2.52982e-02
2.41030e-02
2.24962e-02
2.03288e-02
1.77320e-02
1.55887e-02
1.26635e-02
9.70007e-03
7.45487e-03
5.61852e-03
3.47652e-03
2.29077e-03
1.33472e-03
-7.39220e-05
-4.73773e-04
-8.21048e-04
-9.97152e-04
-1.59921e-03
-2.09778e-03
-2.86753e-03
-4.30326e-03
-4.65377e-03
-3.26319e-03
-1.13368e-03
1.71417e-03
4.93150e-03
8.35926e-03
1.11768e-02
1.42424e-02
1.77228e-02
2.03907e-02
2.28041e-02
2.47835e-02
2.63058e-02
2.81403e-02
2.96603e-02
2.98273e-02
2.79039e-02
2.42300e-02
2.03749e-02
1.67431e-02
1.37660e-02
1.11503e-02
8.52837e-03
6.71092e-03
5.35645e-03
4.58032e-03
3.19062e-03
9.09932e-04
-1.18099e-03
-2.70673e-03
-4.33421e-03
-6.66021e-03
-9.38738e-03
-1.15715e-02
-1.35732e-02
-1.63032e-02
-2.05565e-02
-2.56441e-02
-3.07510e-02
-3.48063e-02
-3.81318e-02
-4.24767e-02
-4.72037e-02
-5.16086e-02
-5.57426e-02
-5.93258e-02
-6.18571e-02
-6.20676e-02
-5.99774e-02
-5.67576e-02
-5.27959e-02
-4.89271e-02
-4.52229e-02
-4.19204e-02
-3.97889e-02
-3.89636e-02
-3.86299e-02
-3.78780e-02
-3.61586e-02
-3.31785e-02
-2.82854e-02
-2.25589e-02
-1.72865e-02
-1.33309e-02
-1.17369e-02
-1.09988e-02
-9.66540e-03
-7.70934e-03
-4.55561e-03
-9.30831e-04
2.68908e-03
5.80888e-03
7.38656e-03
7.77057e-03
7.88433e-03
7.75382e-03
7.63957e-03
7.44621e-03
7.28876e-03
6.25260e-03
4.44984e-03
2.82438e-03
1.66900e-03
1.30572e-03
1.59229e-03
2.61115e-03
3.59894e-03
4.06963e-03
5.45583e-03
7.89071e-03
1.06061e-02
1.31965e-02
1.49909e-02
1.62737e-02
1.75847e-02
1.94486e-02
2.19834e-02
2.40440e-02
2.53039e-02
2.59038e-02
2.56666e-02
2.51442e-02
2.38088e-02
2.23910e-02
2.05712e-02
1.85589e-02
1.69725e-02
1.55815e-02
1.46357e-02
1.34632e-02
1.19683e-02
1.01367e-02
7.55979e-03
5.81725e-03
4.79439e-03
3.15972e-03
2.58611e-03
2.03328e-03
1.35611e-03
1.49966e-03
1.26944e-03
1.80312e-03
1.61813e-03
6.40571e-04
-8.87042e-04
-2.60702e-03
-3.51911e-03
-4.05285e-03
-3.94579e-03
-2.90598e-03
-2.40536e-03
-2.26567e-03
-2.46328e-03
-3.10820e-03
-4.10945e-03
-5.16366e-03
-5.37802e-03
-3.78115e-03
-8.76057e-04
3.84571e-03
8.21336e-03
1.20771e-02
1.52319e-02
1.59731e-02
1.70757e-02
1.84330e-02
2.10503e-02
2.34314e-02
2.34444e-02
2.37698e-02
2.44407e-02
2.52001e-02
2.58887e-02
2.59610e-02
2.60859e-02
2.55627e-02
2.47302e-02
2.30520e-02
2.13758e-02
1.97745e-02
1.70848e-02
1.41151e-02
9.93110e-03
4.30224e-03
-1.15121e-03
-6.25626e-03
-1.06225e-02
-1.38963e-02
-1.63889e-02
-1.75592e-02
-1.79310e-02
-1.77207e-02
-1.71785e-02
-1.73515e-02
-1.80958e-02
-1.94946e-02
-2.14307e-02
-2.29390e-02
-2.43458e-02
-2.57374e-02
-2.68955e-02
-2.85444e-02
-3.03713e-02
-3.24943e-02
-3.42198e-02
-3.55405e-02
-3.71152e-02
-3.84598e-02
-3.95398e-02
-3.96466e-02
-3.85630e-02
-3.80693e-02
-3.73327e-02
-3.69014e-02
-3.61678e-02
-3.45794e-02
-3.21473e-02
-2.93694e-02
-2.72405e-02
-2.57184e-02
-2.37580e-02
-1.98684e-02
-1.54718e-02
-1.13526e-02
-8.16463e-03
-6.23334e-03
-3.78616e-03
-2.14951e-03
-1.59756e-03
-1.08785e-03
-4.08356e-04
3.80754e-04
8.90358e-04
6.04108e-04
2.38794e-04
-5.49357e-04
-9.40940e-04
-8.26876e-04
-3.56567e-04
5.19781e-04
1.75782e-03
4.38003e-03
7.64832e-03
1.10953e-02
1.48590e-02
1.78774e-02
1.99456e-02
2.10367e-02
2.12941e-02
2.19360e-02
2.22079e-02
2.18533e-02
2.09803e-02
1.99104e-02
1.87451e-02
1.61447e-02
1.19887e-02
6.89324e-03
2.23904e-03
-2.60554e-04
-8.55409e-04
-5.81334e-04
2.67020e-04
1.31438e-03
1.96431e-03
2.20757e-03
2.15847e-03
1.44931e-03
9.15925e-04
7.36111e-04
4.59555e-04
9.13357e-04
1.36614e-03
1.59499e-03
2.28629e-03
2.39285e-03
2.67897e-03
2.15201e-03
1.56533e-03
1.80202e-03
2.26502e-03
3.72552e-03
5.52036e-03
7.61781e-03
9.61132e-03
1.02873e-02
1.01296e-02
9.51503e-03
9.04374e-03
9.25353e-03
9.76848e-03
1.02213e-02
1.00824e-02
9.40888e-03
9.02728e-03
8.32066e-03
6.96136e-03
5.04024e-03
3.15984e-03
2.27995e-03
5.05376e-04
-1.41637e-03
-3.59773e-03
-5.87117e-03
-7.09412e-03
-8.29534e-03
-8.92238e-03
-8.86069e-03
-8.46910e-03
-7.91077e-03
-7.54165e-03
-7.87040e-03
-8.69215e-03
-9.52665e-03
-1.09079e-02
-1.28532e-02
-1.46906e-02
-1.55851e-02
-1.54569e-02
-1.42599e-02
-1.29376e-02
-1.12923e-02
-9.68341e-03
-9.09712e-03
-9.00664e-03
-9.23409e-03
-8.37968e-03
-6.27637e-03
-3.71376e-03
-1.97528e-03
-7.78337e-04
4.60477e-04
1.46076e-03
1.54677e-03
7.06884e-04
-3.48340e-04
-1.71008e-03
-3.35008e-03
-4.86224e-03
-7.27945e-03
-9.27414e-03
-9.57010e-03
-9.27129e-03
-8.78090e-03
-8.55182e-03
-9.01164e-03
-8.55005e-03
-5.81666e-03
-1.43379e-03
3.06285e-03
7.71293e-03
1.26395e-02
1.63016e-02
1.91235e-02
2.16073e-02
2.37183e-02
2.50661e-02
2.51283e-02
2.36665e-02
2.10932e-02
1.86058e-02
1.64294e-02
1.46332e-02
1.38342e-02
1.32495e-02
1.16229e-02
9.35120e-03
5.76894e-03
1.45879e-03
-1.69574e-03
-4.17500e-03
-6.68908e-03
-1.00818e-02
-1.29423e-02
-1.53325e-02
-1.78923e-02
-1.90456e-02
-1.70047e-02
-1.28426e-02
-9.48949e-03
-8.34102e-03
-8.75451e-03
-1.00632e-02
-1.04635e-02
-8.73377e-03
-6.16597e-03
-2.80567e-03
6.53682e-04
3.87474e-03
7.15898e-03
1.12063e-02
1.53740e-02
1.92125e-02
2.39214e-02
2.93910e-02
3.49122e-02
3.93537e-02
4.22235e-02
4.37787e-02
4.46140e-02
4.52318e-02
4.55595e-02
4.52578e-02
4.46046e-02
4.43041e-02
4.38819e-02
4.31165e-02
4.14774e-02
3.76346e-02
3.29027e-02
2.95484e-02
2.55859e-02
2.09802e-02
1.59886e-02
1.05832e-02
4.93133e-03
-1.77671e-03
-8.49179e-03
-1.49327e-02
-2.13318e-02
-2.68398e-02
-3.15714e-02
-3.58416e-02
-3.91423e-02
-4.12591e-02
-4.18647e-02
-4.20379e-02
-4.22449e-02
-4.25418e-02
-4.28600e-02
-4.28425e-02
-4.20389e-02
-4.00639e-02
-3.69571e-02
-3.34209e-02
-2.97184e-02
-2.57232e-02
-2.26125e-02
-2.03725e-02
-1.82288e-02
-1.70612e-02
-1.70200e-02
-1.72919e-02
-1.75086e-02
-1.72659e-02
-1.69218e-02
-1.71750e-02
-1.75636e-02
-1.76080e-02
-1.68322e-02
-1.51818e-02
-1.43906e-02
-1.46077e-02
-1.61123e-02
-1.74106e-02
-1.79021e-02
-1.54731e-02
-1.05450e-02
-5.09727e-03
8.21988e-05
4.32942e-03
7.92972e-03
1.18166e-02
1.59078e-02
2.00485e-02
2.45401e-02
2.84486e-02
3.15031e-02
3.41836e-02
3.57665e-02
3.63854e-02
3.67675e-02
3.69804e-02
3.68316e-02
3.60317e-02
3.43147e-02
3.17415e-02
2.91470e-02
2.80186e-02
2.70096e-02
2.57059e-02
2.41552e-02
2.10610e-02
1.79652e-02
1.54458e-02
1.34529e-02
1.30308e-02
1.23884e-02
1.19609e-02
1.11573e-02
1.04716e-02
9.76892e-03
8.70044e-03
7.29386e-03
4.42265e-03
9.17334e-04
-2.65926e-03
-6.24222e-03
-8.63204e-03
-1.02668e-02
-1.12370e-02
-1.20902e-02
-1.32531e-02
-1.44925e-02
-1.52415e-02
-1.56012e-02
-1.60558e-02
-1.66925e-02
-1.74216e-02
-1.77961e-02
-1.71733e-02
-1.58574e-02
-1.37999e-02
-1.06476e-02
-7.08707e-03
-3.68677e-03
-4.71844e-04
2.64882e-03
5.23427e-03
7.14726e-03
9.22174e-03
1.11596e-02
1.25867e-02
1.36074e-02
1.43101e-02
1.52501e-02
1.57756e-02
1.54675e-02
1.50810e-02
1.40865e-02
1.29602e-02
1.22494e-02
1.07333e-02
8.73106e-03
5.71787e-03
1.97847e-03
-1.81974e-03
-6.11814e-03
-9.45149e-03
-1.27170e-02
-1.46429e-02
-1.59168e-02
-1.79691e-02
-2.09925e-02
-2.44461e-02
-2.74018e-02
-3.07725e-02
-3.38995e-02
-3.66659e-02
-3.95469e-02
-4.16509e-02
-4.30163e-02
-4.45330e-02
-4.62785e-02
-4.92831e-02
-5.17484e-02
-5.27873e-02
-5.23274e-02
-4.96213e-02
-4.59617e-02
-4.16327e-02
-3.81957e-02
-3.58568e-02
-3.39864e-02
-3.28977e-02
-3.21211e-02
-3.13118e-02
-2.91931e-02
-2.63539e-02
-2.43714e-02
-2.26687e-02
-2.09179e-02
-1.83530e-02
-1.61081e-02
-1.49906e-02
-1.46500e-02
-1.50242e-02
-1.48137e-02
-1.38241e-02
-1.09167e-02
-6.74174e-03
-3.35120e-03
-1.18926e-03
-1.38106e-03
-2.87026e-03
-4.13113e-03
-5.01239e-03
-5.24310e-03
-5.59468e-03
-5.62575e-03
-5.79557e-03
-5.47659e-03
-5.10006e-03
-5.47765e-03
-5.83565e-03
-6.58444e-03
-6.84265e-03
-6.66615e-03
-6.40470e-03
-6.27836e-03
-6.44588e-03
-5.57215e-03
-3.68088e-03
-1.30110e-03
1.86709e-03
4.20399e-03
7.14408e-03
1.05516e-02
1.40727e-02
1.80751e-02
2.16526e-02
2.52908e-02
2.85088e-02
3.07868e-02
3.23426e-02
3.40920e-02
3.62996e-02
3.84112e-02
4.03783e-02
4.16834e-02
4.20542e-02
3.97449e-02
3.64159e-02
3.26046e-02
2.80289e-02
2.38245e-02
1.97395e-02
1.64460e-02
1.26896e-02
9.03997e-03
5.81399e-03
3.03633e-03
2.19034e-03
2.09340e-03
2.30613e-03
2.76264e-03
3.14637e-03
3.06890e-03
2.21626e-03
2.04930e-03
2.27736e-03
2.75205e-03
3.38387e-03
3.97573e-03
5.80538e-03
7.74656e-03
8.49043e-03
9.77837e-03
1.07207e-02
1.18354e-02
1.32715e-02
1.45634e-02
1.66413e-02
1.75564e-02
1.70220e-02
1.60110e-02
1.36713e-02
1.14437e-02
9.88703e-03
1.01698e-02
1.21001e-02
1.35839e-02
1.41312e-02
1.29576e-02
1.23353e-02
1.10224e-02
1.00110e-02
8.96950e-03
7.69170e-03
6.60623e-03
4.76503e-03
3.79383e-03
3.68436e-03
3.30653e-03
3.67571e-03
3.91509e-03
3.26236e-03
2.90087e-03
2.13011e-03
2.16137e-03
2.58114e-03
2.87750e-03
2.39811e-03
-7.05259e-04
-4.69727e-03
-8.79992e-03
-1.17611e-02
-1.38215e-02
-1.53855e-02
-1.60211e-02
-1.62772e-02
-1.60690e-02
-1.51186e-02
-1.32863e-02
-1.08210e-02
-8.62105e-03
-7.40478e-03
-6.21599e-03
-5.48770e-03
-3.66303e-03
-1.09672e-03
1.44661e-03
3.92295e-03
6.07897e-03
9.14763e-03
1.20797e-02
1.46529e-02
1.69830e-02
1.81868e-02
1.85165e-02
1.89988e-02
1.96208e-02
1.90877e-02
1.76329e-02
1.55596e-02
1.35438e-02
1.23604e-02
1.16712e-02
1.04731e-02
8.27724e-03
5.18193e-03
2.06868e-03
-6.62346e-04
-3.52596e-03
-6.40814e-03
-9.08868e-03
-1.09411e-02
-1.21158e-02
-1.29881e-02
-1.38656e-02
-1.47973e-02
-1.50173e-02
-1.45585e-02
-1.31939e-02
-1.07606e-02
-7.61262e-03
-4.09589e-03
5.62416e-05
4.60446e-03
8.36474e-03
1.11693e-02
1.33312e-02
1.44753e-02
1.51534e-02
1.54779e-02
1.47427e-02
1.33565e-02
1.18231e-02
1.02226e-02
8.31960e-03
6.56441e-03
5.01230e-03
3.63405e-03
2.12557e-03
2.13214e-04
-1.61853e-03
-3.16961e-03
-3.04025e-03
-9.41324e-04
1.96103e-03
5.23360e-03
8.03900e-03
9.54456e-03
1.08484e-02
1.23839e-02
1.42669e-02
1.67187e-02
1.91217e-02
2.09268e-02
2.15076e-02
2.16917e-02
2.20566e-02
2.20634e-02
2.11443e-02
1.89545e-02
1.68101e-02
1.41818e-02
1.22023e-02
1.15637e-02
1.17007e-02
1.24695e-02
1.19047e-02
9.94311e-03
6.77099e-03
3.14999e-03
1.85432e-04
-2.70967e-03
-5.00011e-03
-7.08364e-03
-9.60481e-03
-1.19528e-02
-1.33443e-02
-1.39241e-02
-1.40315e-02
-1.35180e-02
-1.21866e-02
-1.00791e-02
-7.83150e-03
-6.61481e-03
-5.59601e-03
-5.14844e-03
-5.10094e-03
-5.04311e-03
-4.86890e-03
-4.46711e-03
-3.89438e-03
-3.33486e-03
-3.28598e-03
-4.14698e-03
-4.43111e-03
-4.47901e-03
-4.50744e-03
-4.42621e-03
-4.34685e-03
-4.27394e-03
-4.21857e-03
-4.16011e-03
-4.17124e-03
-4.30595e-03
-4.67788e-03
-5.32309e-03
-6.13809e-03
-6.84686e-03
-7.99349e-03
-9.25991e-03
-1.02185e-02
-1.07367e-02
-1.02543e-02
-9.37638e-03
-7.81550e-03
-6.63345e-03
-6.14452e-03
-4.89867e-03
-3.86033e-03
-2.32204e-03
-6.56306e-05
2.44349e-03
5.59755e-03
8.17974e-03
1.18128e-02
1.56574e-02
1.90372e-02
2.15670e-02
2.26255e-02
2.28399e-02
2.26463e-02
2.24590e-02
2.21190e-02
2.16123e-02
1.99307e-02
1.63477e-02
1.09948e-02
5.16152e-03
-5.71042e-04
-4.27536e-03
-6.44800e-03
-8.55909e-03
-1.08283e-02
-1.27102e-02
-1.45618e-02
-1.59944e-02
-1.75870e-02
-1.91616e-02
-1.98846e-02
-2.04405e-02
-2.10089e-02
-2.13776e-02
-2.11709e-02
-2.04101e-02
-1.97032e-02
-1.86879e-02
-1.74608e-02
-1.65184e-02
-1.56470e-02
-1.41339e-02
-1.18288e-02
-9.11436e-03
-5.82179e-03
-2.51938e-03
4.25482e-04
3.10297e-03
4.73308e-03
5.12408e-03
3.56946e-03
1.02393e-03
-1.08896e-03
-1.65736e-03
-1.61491e-03
-1.40260e-03
-1.16453e-03
-1.17908e-03
-1.58484e-03
-2.56944e-03
-4.03463e-03
-5.57822e-03
-7.33143e-03
-9.48416e-03
-1.14833e-02
-1.35291e-02
-1.52818e-02
-1.71940e-02
-1.89783e-02
-2.12138e-02
-2.35748e-02
-2.51079e-02
-2.59553e-02
-2.63345e-02
-2.54198e-02
-2.42867e-02
-2.29794e-02
-2.16627e-02
-2.00242e-02
-1.74808e-02
-1.43846e-02
-1.19371e-02
-1.10439e-02
-1.14185e-02
-1.16749e-02
-1.16806e-02
-1.16406e-02
-1.15763e-02
-1.16963e-02
-1.21741e-02
-1.31605e-02
-1.44840e-02
-1.55939e-02
-1.59304e-02
-1.58597e-02
-1.53705e-02
-1.44138e-02
-1.31522e-02
-1.19963e-02
-1.05412e-02
-8.19539e-03
-5.15906e-03
-2.50220e-03
-7.47275e-04
7.91861e-04
3.44159e-03
5.71874e-03
7.33211e-03
8.85615e-03
1.01892e-02
1.15501e-02
1.15728e-02
1.06732e-02
9.48224e-03
8.18130e-03
6.73421e-03
4.85470e-03
2.56077e-03
-8.00706e-05
-2.01022e-03
-2.82675e-03
-3.15607e-03
-3.31977e-03
-3.30847e-03
-3.03673e-03
-2.30843e-03
-1.00145e-03
7.79469e-04
2.92479e-03
6.12586e-03
9.96093e-03
1.35332e-02
1.64987e-02
1.89393e-02
2.03675e-02
2.04842e-02
2.03192e-02
2.11443e-02
2.23394e-02
2.28555e-02
2.29135e-02
2.27206e-02
2.23143e-02
2.19048e-02
2.18985e-02
2.26346e-02
2.26400e-02
2.23674e-02
2.21960e-02
2.23399e-02
2.32519e-02
2.49669e-02
2.53355e-02
2.38745e-02
2.19227e-02
2.03523e-02
1.87548e-02
1.65679e-02
1.51277e-02
1.43091e-02
1.30921e-02
1.12143e-02
8.92017e-03
6.60668e-03
4.23122e-03
1.87454e-03
-1.29549e-03
-5.34415e-03
-9.47359e-03
-1.37361e-02
-1.79461e-02
-2.22800e-02
-2.65933e-02
-3.09366e-02
-3.46005e-02
-3.68561e-02
-3.73988e-02
-3.66197e-02
-3.52072e-02
-3.37775e-02
-3.22235e-02
-3.02816e-02
-2.83437e-02
-2.59672e-02
-2.32556e-02
-2.11123e-02
-1.83003e-02
-1.40309e-02
-8.95618e-03
-3.76934e-03
8.07283e-04
5.16765e-03
8.45788e-03
1.15141e-02
1.35469e-02
1.42828e-02
1.44824e-02
1.40398e-02
1.27145e-02
1.04320e-02
7.70157e-03
5.73167e-03
4.30766e-03
2.69362e-03
1.11859e-03
-7.08807e-05
-1.40657e-03
-2.67685e-03
-3.49079e-03
-4.42564e-03
-5.44937e-03
-6.10134e-03
-6.38668e-03
-6.23228e-03
-5.08824e-03
-3.61044e-03
-1.99618e-03
-5.94277e-04
3.45996e-05
1.17361e-03
3.39040e-03
5.62087e-03
6.45347e-03
5.77992e-03
4.99655e-03
5.97989e-03
8.27619e-03
1.09014e-02
1.29825e-02
1.37978e-02
1.38970e-02
1.37439e-02
1.36327e-02
1.39716e-02
1.51098e-02
1.72034e-02
1.98265e-02
2.18373e-02
2.27996e-02
2.33732e-02
2.38591e-02
2.42425e-02
2.42318e-02
2.35500e-02
2.32880e-02
2.34096e-02
2.36012e-02
2.37493e-02
2.33859e-02
2.20737e-02
1.94752e-02
1.59352e-02
1.27154e-02
1.06026e-02
8.48780e-03
7.39385e-03
6.14534e-03
5.00262e-03
3.43056e-03
1.38655e-03
-4.37828e-04
-2.65709e-03
-4.78253e-03
-5.78773e-03
-7.65084e-03
-9.92327e-03
-1.24771e-02
-1.49726e-02
-1.74459e-02
-1.89167e-02
-1.93866e-02
-1.98869e-02
-1.89887e-02
-1.72707e-02
-1.53466e-02
-1.25172e-02
-1.07601e-02
-9.12232e-03
-7.32042e-03
-4.63944e-03
-2.53734e-03
1.02443e-04
3.34362e-03
5.72889e-03
7.01821e-03
7.50381e-03
6.99256e-03
6.61503e-03
5.88578e-03
6.07309e-03
6.70839e-03
7.12418e-03
6.66496e-03
4.61824e-03
2.39246e-03
6.87907e-05
-1.40700e-03
-2.11174e-03
-3.10508e-03
-3.15152e-03
-2.51296e-03
-1.41140e-03
3.55419e-05
1.28697e-03
3.22105e-03
5.82581e-03
8.41928e-03
1.11734e-02
1.31213e-02
1.39849e-02
1.46192e-02
1.51537e-02
1.52283e-02
1.44550e-02
1.41828e-02
1.37761e-02
1.27992e-02
1.12200e-02
9.35425e-03
8.02095e-03
6.89367e-03
6.18775e-03
5.05439e-03
4.83173e-03
5.38470e-03
6.58538e-03
8.39536e-03
1.01697e-02
1.23916e-02
1.30578e-02
1.32196e-02
1.34056e-02
1.36084e-02
1.38917e-02
1.39173e-02
1.33981e-02
1.19667e-02
9.40339e-03
6.16292e-03
3.66096e-03
2.61483e-03
2.73264e-03
2.77770e-03
3.41356e-03
3.61630e-03
4.01466e-03
5.32307e-03
7.75251e-03
1.10971e-02
1.41056e-02
1.64041e-02
1.78175e-02
1.74034e-02
1.71473e-02
1.68893e-02
1.63096e-02
1.55515e-02
1.46902e-02
1.39950e-02
1.21953e-02
1.02985e-02
8.10861e-03
5.99099e-03
3.37283e-03
4.50884e-04
-3.19993e-03
-6.83711e-03
-1.00224e-02
-1.27785e-02
-1.37264e-02
-1.41693e-02
-1.47167e-02
-1.53967e-02
-1.61414e-02
-1.63965e-02
-1.56012e-02
-1.47729e-02
-1.35794e-02
-1.35609e-02
-1.30861e-02
-1.26128e-02
-1.28959e-02
-1.27503e-02
-1.31702e-02
-1.32172e-02
-1.36747e-02
-1.36035e-02
-1.37459e-02
-1.46874e-02
-1.49966e-02
-1.50836e-02
-1.52283e-02
-1.53305e-02
-1.55009e-02
-1.57587e-02
-1.61979e-02
-1.67545e-02
-1.71391e-02
-1.70313e-02
-1.76294e-02
-1.80273e-02
-1.74059e-02
-1.67285e-02
-1.51354e-02
-1.38947e-02
-1.30119e-02
-1.26717e-02
-1.17499e-02
-9.51112e-03
-7.90930e-03
-7.18586e-03
-6.51679e-03
-5.85912e-03
-5.49300e-03
-5.72276e-03
-5.35301e-03
-5.26049e-03
-6.27253e-03
-7.12374e-03
-7.97840e-03
-7.26754e-03
-6.88087e-03
-6.70666e-03
-6.61070e-03
-6.67225e-03
-5.38094e-03
-3.03251e-03
-1.95624e-04
3.05922e-03
5.28051e-03
7.81234e-03
9.81021e-03
1.12362e-02
1.28023e-02
1.46084e-02
1.70843e-02
1.86325e-02
1.88441e-02
1.81481e-02
1.70488e-02
1.67921e-02
1.58728e-02
1.49448e-02
1.30848e-02
9.91892e-03
7.81497e-03
6.00869e-03
5.03811e-03
6.05894e-03
6.30825e-03
3.61297e-03
-1.93723e-04
-4.59139e-03
-7.84552e-03
-1.02299e-02
-1.24292e-02
-1.37410e-02
-1.44971e-02
-1.44301e-02
-1.45255e-02
-1.37524e-02
-1.30699e-02
-1.35367e-02
-1.41748e-02
-1.41558e-02
-1.26561e-02
-1.08939e-02
-1.00454e-02
-8.24994e-03
-6.17214e-03
-3.39744e-03
-2.86302e-04
1.64781e-03
3.10350e-03
4.38250e-03
6.28712e-03
7.80266e-03
8.49065e-03
9.11108e-03
8.61502e-03
7.01487e-03
4.97634e-03
3.49164e-03
2.61386e-03
1.31111e-03
3.51514e-04
-2.65528e-04
-5.16156e-04
-6.72632e-05
-3.19845e-05
-2.29560e-04
-3.15854e-04
-1.53245e-03
-3.56668e-03
-5.37520e-03
-6.89917e-03
-7.66881e-03
-8.08998e-03
-8.51417e-03
-8.94124e-03
-9.17513e-03
-8.96039e-03
-9.29234e-03
-9.88151e-03
-1.00514e-02
-1.01574e-02
-9.97184e-03
-9.53128e-03
-8.65215e-03
-7.66089e-03
-6.79303e-03
-5.93326e-03
-5.31684e-03
-4.40218e-03
-3.39206e-03
-2.46661e-03
-1.43749e-03
-5.87009e-04
4.67261e-04
1.23595e-03
1.22171e-03
4.75735e-04
-1.07385e-03
-3.19502e-03
-4.96331e-03
-4.85138e-03
-3.25263e-03
-1.87719e-03
-1.46478e-03
-2.50574e-03
-4.45195e-03
-5.83414e-03
-6.94906e-03
-7.73903e-03
-7.97016e-03
-7.98386e-03
-7.84286e-03
-7.53974e-03
-7.05516e-03
-6.46591e-03
-5.93101e-03
-4.98776e-03
-3.22523e-03
-1.81316e-03
-7.39326e-04
8.24675e-04
2.58046e-03
4.73963e-03
6.66767e-03
6.79909e-03
4.72969e-03
2.14560e-03
2.62621e-04
-8.11422e-04
-1.10118e-03
-8.96264e-04
-5.59230e-04
-9.82369e-05
1.99362e-04
1.09619e-03
2.47218e-03
4.27817e-03
7.46364e-03
1.08649e-02
1.39259e-02
1.69606e-02
1.95649e-02
2.19608e-02
2.42484e-02
2.59816e-02
2.68775e-02
2.65577e-02
2.52632e-02
2.31294e-02
2.06490e-02
1.75760e-02
1.27397e-02
7.58128e-03
2.89023e-03
-1.43440e-03
-4.52922e-03
-7.72599e-03
-1.00212e-02
-1.19687e-02
-1.30081e-02
-1.24080e-02
-1.16293e-02
-1.03078e-02
-8.50354e-03
-7.07734e-03
-6.84316e-03
-7.23665e-03
-6.98776e-03
-6.57119e-03
-6.41520e-03
-6.47935e-03
-5.93351e-03
-5.65200e-03
-6.07984e-03
-6.58597e-03
-7.66976e-03
-8.50801e-03
-9.43572e-03
-1.04686e-02
-1.15634e-02
-1.34102e-02
-1.50131e-02
-1.61864e-02
-1.65719e-02
-1.66950e-02
-1.67949e-02
-1.68846e-02
-1.69921e-02
-1.70169e-02
-1.68211e-02
-1.62554e-02
-1.52983e-02
-1.42523e-02
-1.36435e-02
-1.31008e-02
-1.39844e-02
-1.59495e-02
-1.80795e-02
-1.92527e-02
-1.94259e-02
-1.97669e-02
-1.91708e-02
-1.86740e-02
-1.91778e-02
-1.97446e-02
-2.10843e-02
-2.19285e-02
-2.23660e-02
-2.21975e-02
-2.09876e-02
-2.00676e-02
-1.73872e-02
-1.51437e-02
-1.25661e-02
-9.57726e-03
-5.78929e-03
-1.69071e-03
2.45365e-03
6.74497e-03
1.11807e-02
1.59556e-02
2.10829e-02
2.64279e-02
3.12782e-02
3.45148e-02
3.50287e-02
3.40590e-02
3.20364e-02
2.95332e-02
2.78490e-02
2.69320e-02
2.56195e-02
2.34635e-02
2.07307e-02
1.84030e-02
1.65168e-02
1.42708e-02
1.21545e-02
1.11151e-02
9.38266e-03
7.81551e-03
6.17132e-03
4.77886e-03
4.57289e-03
3.33999e-03
3.09001e-03
2.51760e-03
2.02968e-03
1.05564e-03
7.43082e-04
7.36565e-04
7.46403e-04
9.11011e-04
1.05009e-03
1.12626e-03
8.15779e-04
7.54695e-05
5.32620e-04
2.38356e-04
-8.15465e-04
-2.29735e-03
-3.78530e-03
-4.23769e-03
-4.02803e-03
-3.36276e-03
-3.92882e-03
-3.79912e-03
-3.12502e-03
-2.22270e-03
-1.39256e-03
-1.25113e-03
-9.72257e-04
-1.83423e-03
-3.11786e-03
-4.10664e-03
-5.55551e-03
-5.88573e-03
-6.87352e-03
-7.89237e-03
-7.87984e-03
-7.71863e-03
-7.94966e-03
-8.85902e-03
-8.81090e-03
-7.72698e-03
-5.85695e-03
-3.66787e-03
-2.39859e-03
-2.39458e-03
-2.29058e-03
-1.26632e-03
-2.94241e-04
6.81347e-04
1.55981e-03
1.80525e-03
2.02819e-03
1.51474e-03
6.81860e-04
4.24921e-04
3.03562e-04
1.31301e-03
3.25861e-03
5.25372e-03
7.29013e-03
8.85569e-03
1.01270e-02
1.09065e-02
1.04934e-02
9.56777e-03
9.19013e-03
1.04393e-02
1.28679e-02
1.55018e-02
1.81485e-02
1.98429e-02
2.02435e-02
2.02532e-02
2.07010e-02
2.20611e-02
2.30634e-02
2.34024e-02
2.41244e-02
2.46730e-02
2.54006e-02
2.53648e-02
2.45335e-02
2.30505e-02
1.97699e-02
1.70657e-02
1.34921e-02
1.07812e-02
1.01557e-02
9.76323e-03
8.88725e-03
7.34792e-03
7.03413e-03
6.51017e-03
6.61224e-03
6.51024e-03
5.38603e-03
4.60363e-03
3.70601e-03
2.77415e-03
2.19678e-03
9.12369e-04
1.36267e-04
-4.50190e-04
-8.16857e-04
-5.92705e-04
-1.08090e-03
-1.45225e-03
-1.02073e-03
-7.52096e-04
1.42834e-04
5.85888e-04
9.44677e-04
1.49092e-03
2.03654e-03
2.31972e-03
1.98362e-03
2.41256e-03
2.78801e-03
2.46982e-03
2.59094e-03
2.30887e-03
2.58694e-03
2.48183e-03
1.07977e-03
-3.64993e-04
-2.45033e-03
-4.96675e-03
-6.84961e-03
-8.28688e-03
-1.05311e-02
-1.34972e-02
-1.47891e-02
-1.65671e-02
-1.82828e-02
-2.01545e-02
-2.19587e-02
-2.23854e-02
-2.16334e-02
-1.94957e-02
-1.77721e-02
-1.67787e-02
-1.56000e-02
-1.40924e-02
-1.23766e-02
-9.41076e-03
-6.78810e-03
-3.32133e-03
7.11397e-04
3.50838e-03
5.64404e-03
6.13567e-03
5.18365e-03
4.23195e-03
1.27831e-03
-1.25352e-03
-1.86998e-03
-6.43678e-04
1.22634e-03
2.37582e-03
2.89764e-03
2.39661e-03
2.06050e-03
1.42137e-03
1.97788e-03
3.41711e-03
5.21129e-03
7.95101e-03
1.00844e-02
1.12417e-02
1.17186e-02
1.15552e-02
1.16073e-02
1.16890e-02
1.24975e-02
1.32271e-02
1.37469e-02
1.49873e-02
1.58957e-02
1.69923e-02
1.78452e-02
1.68846e-02
1.47195e-02
1.21702e-02
1.05234e-02
9.76823e-03
9.18490e-03
8.74631e-03
8.66815e-03
9.23410e-03
9.41257e-03
9.32480e-03
9.38081e-03
9.86441e-03
1.07934e-02
1.06557e-02
1.02869e-02
9.65878e-03
8.26976e-03
6.17155e-03
3.93895e-03
2.59277e-03
2.50813e-04
-2.14679e-03
-4.53633e-03
-6.67623e-03
-9.02768e-03
-1.20385e-02
-1.44074e-02
-1.67801e-02
-1.90448e-02
-2.13080e-02
-2.27874e-02
-2.32976e-02
-2.34887e-02
-2.30382e-02
-2.18905e-02
-1.99193e-02
-1.83977e-02
-1.68762e-02
-1.52409e-02
-1.38574e-02
-1.28066e-02
-1.16368e-02
-9.94062e-03
-9.26599e-03
-9.03931e-03
-8.55301e-03
-8.95615e-03
-1.01741e-02
-1.16068e-02
-1.25370e-02
-1.35063e-02
-1.44248e-02
-1.49169e-02
-1.60397e-02
-1.65753e-02
-1.68512e-02
-1.69279e-02
-1.65594e-02
-1.64845e-02
-1.52525e-02
-1.37092e-02
-1.05517e-02
-6.66364e-03
-3.24402e-03
8.89249e-05
2.63181e-03
4.34218e-03
5.90237e-03
7.25431e-03
7.33436e-03
6.58014e-03
5.53153e-03
5.95475e-03
7.84878e-03
1.00001e-02
1.16362e-02
1.23689e-02
1.28158e-02
1.25017e-02
1.18583e-02
1.16060e-02
1.11249e-02
1.10431e-02
1.09828e-02
1.01365e-02
8.18797e-03
6.80258e-03
6.23051e-03
5.31512e-03
3.65854e-03
1.24318e-03
-1.22887e-03
-2.61761e-03
-2.80839e-03
-2.48830e-03
-1.94261e-03
-1.53236e-03
-9.75791e-04
1.46058e-06
2.66569e-04
-5.24661e-04
-1.80123e-03
-3.07745e-03
-4.56441e-03
-6.61711e-03
-8.70144e-03
-9.58818e-03
-8.97466e-03
-7.75974e-03
-5.85981e-03
-4.79094e-03
-3.21655e-03
-2.20994e-03
-1.69881e-03
-1.79163e-03
-2.69471e-03
-3.36795e-03
-3.81128e-03
-3.14831e-03
-2.89171e-03
-3.16281e-03
-4.00028e-03
-4.82240e-03
-5.16367e-03
-5.75896e-03
-7.07839e-03
-8.93263e-03
-1.11081e-02
-1.33333e-02
-1.45682e-02
-1.56107e-02
-1.59250e-02
-1.55909e-02
-1.49768e-02
-1.43326e-02
-1.39283e-02
-1.24827e-02
-1.09147e-02
-8.65035e-03
-5.93702e-03
-4.61044e-03
-3.25222e-03
-2.47434e-03
-1.58251e-03
2.65592e-04
1.85960e-03
3.05084e-03
3.41195e-03
3.39073e-03
2.92462e-03
1.70118e-03
8.96030e-05
-1.64861e-03
-3.30125e-03
-4.24618e-03
-6.00031e-03
-7.22931e-03
-8.25460e-03
-9.77021e-03
-1.14685e-02
-1.25096e-02
-1.16530e-02
-1.10075e-02
-1.03290e-02
-8.82320e-03
-8.30295e-03
-7.77072e-03
-6.52045e-03
-4.51313e-03
-1.96050e-03
7.59079e-04
3.44259e-03
5.33251e-03
5.82471e-03
4.77288e-03
3.54842e-03
2.11262e-03
1.67980e-03
2.52512e-03
4.07132e-03
5.60308e-03
5.91056e-03
5.13846e-03
5.08458e-03
4.02922e-03
4.09409e-03
4.03073e-03
4.13688e-03
3.75253e-03
3.36421e-03
3.39959e-03
3.04029e-03
2.96524e-03
2.71113e-03
3.00531e-03
3.04434e-03
2.56262e-03
2.45178e-03
2.53313e-03
3.74308e-03
5.40243e-03
6.79202e-03
7.78112e-03
7.65416e-03
6.86668e-03
5.50179e-03
4.97450e-03
5.37857e-03
5.54906e-03
5.68250e-03
5.78566e-03
5.71484e-03
5.41429e-03
4.86404e-03
4.19450e-03
3.72768e-03
3.99253e-03
4.69550e-03
4.55146e-03
4.13828e-03
3.52095e-03
2.50090e-03
2.06881e-03
2.21783e-03
2.39416e-03
2.29129e-03
2.70648e-03
3.80099e-03
4.86274e-03
6.04628e-03
6.56347e-03
5.68134e-03
4.49011e-03
3.70014e-03
3.44712e-03
3.02398e-03
2.90064e-03
2.65459e-03
2.95141e-03
3.39519e-03
3.19262e-03
3.11297e-03
2.66658e-03
2.57163e-03
2.44223e-03
1.72101e-03
1.57835e-03
2.02604e-03
2.76201e-03
3.49707e-03
3.84190e-03
4.90139e-03
5.62134e-03
6.58133e-03
8.07523e-03
9.61228e-03
1.04351e-02
1.10241e-02
1.13752e-02
1.09870e-02
9.62034e-03
8.74297e-03
8.42519e-03
8.79734e-03
8.61603e-03
8.50543e-03
8.97729e-03
8.44439e-03
7.58954e-03
6.55284e-03
4.70632e-03
3.10364e-03
1.44066e-03
-8.32796e-04
-2.20658e-03
-1.96214e-03
1.59941e-04
1.92096e-03
2.68911e-03
2.72551e-03
2.08455e-03
1.79382e-03
1.52754e-03
1.13129e-03
6.82159e-04
2.69603e-04
2.27368e-04
9.46899e-04
2.02355e-03
2.56812e-03
2.61569e-03
1.94250e-03
1.10321e-03
1.17412e-03
2.33561e-03
4.79854e-03
8.29530e-03
1.15323e-02
1.35910e-02
1.44024e-02
1.37515e-02
1.28567e-02
1.24210e-02
1.17591e-02
1.09639e-02
1.00020e-02
9.40893e-03
8.95799e-03
8.71441e-03
8.20344e-03
6.81907e-03
5.42754e-03
4.39412e-03
3.37543e-03
1.91055e-03
-2.56255e-04
-2.49260e-03
-4.48593e-03
-5.86533e-03
-7.37524e-03
-9.27991e-03
-1.08177e-02
-1.25032e-02
-1.43471e-02
-1.60136e-02
-1.78206e-02
-1.89382e-02
-1.97580e-02
-2.03816e-02
-2.00228e-02
-1.89426e-02
-1.73903e-02
-1.58745e-02
-1.46585e-02
-1.34253e-02
-1.16838e-02
-9.21469e-03
-7.36104e-03
-6.22592e-03
-5.41294e-03
-4.85096e-03
-3.86299e-03
-2.87721e-03
-1.47043e-03
-2.94137e-04
-5.97960e-04
-1.31115e-03
-2.13159e-03
-3.62515e-03
-4.73503e-03
-5.52173e-03
-6.15729e-03
-7.27807e-03
-8.20649e-03
-9.33802e-03
-1.07059e-02
-1.20849e-02
-1.37771e-02
-1.48355e-02
-1.62007e-02
-1.70780e-02
-1.75683e-02
-1.74404e-02
-1.65267e-02
-1.57968e-02
-1.47458e-02
-1.33078e-02
-1.14681e-02
-8.77385e-03
-6.77753e-03
-5.96468e-03
-6.20433e-03
-7.51304e-03
-8.78277e-03
-9.58130e-03
-8.48431e-03
-6.82728e-03
-5.75250e-03
-5.27351e-03
-5.65790e-03
-6.27930e-03
-7.50908e-03
-8.34954e-03
-8.94099e-03
-9.12264e-03
-8.82504e-03
-8.93445e-03
-8.73139e-03
-8.04448e-03
-7.79097e-03
-7.40693e-03
-6.53974e-03
-5.14816e-03
-3.46228e-03
-1.77743e-03
4.49624e-04
2.81907e-03
4.45664e-03
5.66609e-03
6.80115e-03
6.44751e-03
4.97908e-03
3.85020e-03
3.10437e-03
2.90995e-03
2.87727e-03
3.31969e-03
3.46485e-03
3.26272e-03
3.06378e-03
2.79481e-03
2.82520e-03
2.44814e-03
1.87222e-03
1.72581e-03
1.48968e-03
8.84068e-04
-1.80896e-04
-1.56315e-03
-2.71216e-03
-3.42457e-03
-4.13619e-03
-4.78848e-03
-5.05800e-03
-5.23373e-03
-5.70977e-03
-6.33167e-03
-7.09854e-03
-7.44751e-03
-7.65067e-03
-7.74166e-03
-7.50524e-03
-6.74752e-03
-5.31685e-03
-3.31710e-03
-5.71153e-04
2.55740e-03
5.13839e-03
7.34565e-03
9.02232e-03
1.08374e-02
1.29706e-02
1.50652e-02
1.73524e-02
1.87333e-02
1.91413e-02
1.89522e-02
1.81265e-02
1.67098e-02
1.49879e-02
1.29022e-02
1.07662e-02
9.29201e-03
7.75498e-03
6.24875e-03
4.73056e-03
3.79363e-03
4.01255e-03
4.10342e-03
4.17079e-03
3.94490e-03
3.54620e-03
3.95359e-03
4.99750e-03
6.78869e-03
8.65209e-03
9.67705e-03
1.02807e-02
1.09240e-02
1.15919e-02
1.19756e-02
1.14587e-02
9.37636e-03
6.39556e-03
3.54082e-03
2.07134e-03
2.01122e-03
2.63719e-03
3.46612e-03
3.88621e-03
4.15229e-03
3.94648e-03
3.36545e-03
3.32916e-03
3.65423e-03
4.59538e-03
5.91888e-03
7.41151e-03
9.11667e-03
1.04274e-02
1.13239e-02
1.19303e-02
1.19678e-02
1.20534e-02
1.23130e-02
1.30934e-02
1.42648e-02
1.57509e-02
1.77792e-02
1.97450e-02
2.02993e-02
1.86921e-02
1.58764e-02
1.36646e-02
1.23691e-02
1.17503e-02
1.11169e-02
9.47186e-03
7.51287e-03
5.96019e-03
4.47039e-03
3.91045e-03
4.20435e-03
5.05736e-03
5.90498e-03
6.27161e-03
6.17793e-03
5.49985e-03
5.22616e-03
4.91837e-03
4.04886e-03
3.20604e-03
3.05688e-03
3.25844e-03
3.04298e-03
2.92246e-03
2.89060e-03
2.26867e-03
1.76760e-03
1.73054e-03
1.81798e-03
1.85028e-03
1.61926e-03
8.82661e-04
-4.74733e-04
-2.22223e-03
-3.66044e-03
-4.56425e-03
-4.97262e-03
-5.51010e-03
-6.05807e-03
-6.72783e-03
-8.03566e-03
-8.96257e-03
-9.70497e-03
-1.02890e-02
-9.69723e-03
-9.17456e-03
-9.15006e-03
-9.70793e-03
-1.06177e-02
-1.08419e-02
-1.14321e-02
-1.23507e-02
-1.28337e-02
-1.28551e-02
-1.31879e-02
-1.38788e-02
-1.40904e-02
-1.40022e-02
-1.32278e-02
-1.17167e-02
-9.45506e-03
-7.45520e-03
-6.97587e-03
-6.90033e-03
-6.47083e-03
-6.01006e-03
-5.87763e-03
-6.50037e-03
-7.23153e-03
-7.75856e-03
-8.28164e-03
-8.57944e-03
-8.18611e-03
-6.68014e-03
-5.02326e-03
-4.05078e-03
-3.26547e-03
-3.25137e-03
-4.31644e-03
-4.94261e-03
-5.08145e-03
-4.81135e-03
-4.29992e-03
-3.54473e-03
-3.13454e-03
-3.43739e-03
-3.12129e-03
-2.58530e-03
-2.62360e-03
-3.28289e-03
-4.49259e-03
-4.94175e-03
-4.51519e-03
-3.32681e-03
-1.90223e-03
-6.66774e-04
1.18882e-03
2.27488e-03
2.68392e-03
3.14820e-03
3.17477e-03
3.34975e-03
3.79956e-03
4.80700e-03
6.12170e-03
7.49144e-03
8.92766e-03
9.79474e-03
1.00522e-02
9.91833e-03
9.33044e-03
8.23454e-03
6.83843e-03
5.65464e-03
4.57387e-03
3.37040e-03
2.32952e-03
1.08577e-03
2.37137e-04
2.55269e-04
-3.14251e-06
-8.25951e-04
-1.65133e-03
-2.91775e-03
-4.28839e-03
-5.32088e-03
-5.97256e-03
-6.68177e-03
-7.12957e-03
-7.10615e-03
-6.97258e-03
-6.93086e-03
-7.03084e-03
-6.39472e-03
-5.68412e-03
-4.92442e-03
-3.94710e-03
-2.58743e-03
-4.33438e-04
1.31439e-03
3.45725e-03
5.89533e-03
8.22087e-03
1.05755e-02
1.20511e-02
1.31200e-02
1.38141e-02
1.39337e-02
1.38102e-02
1.35217e-02
1.31306e-02
1.28128e-02
1.27595e-02
1.21099e-02
1.06938e-02
9.37703e-03
8.18830e-03
7.07346e-03
6.54957e-03
6.47526e-03
7.27230e-03
8.00029e-03
8.50459e-03
9.78176e-03
1.10510e-02
1.16350e-02
1.13565e-02
1.07363e-02
9.77099e-03
7.90078e-03
5.14632e-03
2.39461e-03
1.24495e-03
8.49227e-04
1.19322e-03
1.81934e-03
1.67472e-03
5.04760e-04
-1.80258e-03
-3.72198e-03
-4.69077e-03
-5.09393e-03
-5.66357e-03
-6.44928e-03
-7.61356e-03
-8.67067e-03
-9.12937e-03
-9.98029e-03
-1.11938e-02
-1.17049e-02
-1.21865e-02
-1.30427e-02
-1.28478e-02
-1.20483e-02
-1.05522e-02
-7.84223e-03
-5.71082e-03
-4.86532e-03
-5.08422e-03
-5.40262e-03
-5.44737e-03
-5.73446e-03
-5.64639e-03
-5.56888e-03
-4.85224e-03
-4.19192e-03
-2.70127e-03
-2.30611e-05
1.75102e-03
3.51966e-03
3.48353e-03
2.85728e-03
2.61864e-03
2.03784e-03
1.95832e-03
2.06288e-03
1.72626e-03
4.16583e-04
-2.03532e-03
-4.04723e-03
-4.99053e-03
-5.08803e-03
-4.93481e-03
-4.64741e-03
-4.70701e-03
-5.25133e-03
-5.53708e-03
-5.57788e-03
-5.48712e-03
-5.07354e-03
-5.27954e-03
-6.30138e-03
-7.10075e-03
-7.35633e-03
-7.46591e-03
-7.60812e-03
-7.71444e-03
-7.75748e-03
-7.63379e-03
-7.35023e-03
-6.88147e-03
-6.32664e-03
-5.97040e-03
-6.07779e-03
-5.29413e-03
-4.20079e-03
-1.88794e-03
2.67016e-04
1.59250e-03
2.62829e-03
3.43505e-03
4.99267e-03
6.71627e-03
8.49950e-03
9.97594e-03
1.12052e-02
1.22030e-02
1.23881e-02
1.20134e-02
1.18623e-02
1.25539e-02
1.34153e-02
1.38850e-02
1.40682e-02
1.38050e-02
1.35369e-02
1.32024e-02
1.21934e-02
1.16515e-02
1.16086e-02
1.14676e-02
1.01997e-02
8.40970e-03
6.63886e-03
4.48280e-03
2.52234e-03
1.75453e-03
2.46656e-03
5.11458e-03
7.91315e-03
8.54465e-03
7.88851e-03
7.75161e-03
7.93259e-03
8.47596e-03
9.46297e-03
1.05109e-02
1.08975e-02
1.11287e-02
1.17037e-02
1.17522e-02
1.19951e-02
1.35263e-02
1.59930e-02
1.77829e-02
1.76127e-02
1.73095e-02
1.82262e-02
2.09931e-02
2.42955e-02
2.58070e-02
2.44141e-02
2.18681e-02
1.83916e-02
1.47425e-02
1.17520e-02
9.80564e-03
8.91023e-03
8.10196e-03
7.45998e-03
7.50995e-03
7.84343e-03
8.12090e-03
7.98479e-03
6.82713e-03
4.16792e-03
2.82631e-05
-4.61353e-03
-9.00607e-03
-1.07266e-02
-1.07184e-02
-1.11265e-02
-1.21053e-02
-1.33388e-02
-1.42579e-02
-1.49386e-02
-1.57118e-02
-1.64580e-02
-1.68261e-02
-1.69225e-02
-1.73338e-02
-1.75224e-02
-1.78866e-02
-1.72752e-02
-1.64317e-02
-1.61559e-02
-1.56156e-02
-1.58925e-02
-1.68141e-02
-1.76490e-02
-1.77017e-02
-1.71403e-02
-1.66720e-02
-1.61031e-02
-1.54169e-02
-1.51554e-02
-1.49329e-02
-1.45635e-02
-1.40556e-02
-1.34542e-02
-1.32615e-02
-1.39558e-02
-1.43212e-02
-1.50738e-02
-1.64917e-02
-1.69535e-02
-1.73046e-02
-1.74447e-02
-1.73961e-02
-1.68507e-02
-1.56780e-02
-1.41340e-02
-1.17259e-02
-9.55817e-03
-9.33966e-03
-9.31867e-03
-9.89008e-03
-1.10631e-02
-1.08539e-02
-9.21688e-03
-6.27939e-03
-4.13105e-03
-2.84780e-03
-1.22135e-03
-2.69093e-05
1.64458e-04
2.19462e-04
3.47367e-04
4.42056e-04
7.28845e-04
1.00197e-03
1.31455e-03
8.79219e-04
3.40805e-04
2.18802e-04
-5.71503e-04
-1.09171e-03
-2.03143e-03
-3.83446e-03
-6.23913e-03
-8.29795e-03
-8.29405e-03
-6.95455e-03
-5.25565e-03
-3.12436e-03
-2.29269e-03
-2.94291e-03
-4.28261e-03
-5.61164e-03
-5.69829e-03
-4.21934e-03
-2.57486e-03
-1.25412e-03
-2.67632e-04
1.21198e-04
8.29940e-04
1.28876e-03
1.51531e-03
1.66286e-03
1.18216e-03
8.50789e-04
9.76955e-04
8.90109e-04
1.15091e-03
1.25977e-03
1.70198e-03
1.61448e-03
1.83845e-03
3.05657e-03
3.78685e-03
4.58921e-03
5.49293e-03
6.18675e-03
7.51025e-03
8.71781e-03
9.73320e-03
1.03891e-02
1.01360e-02
9.75268e-03
9.01749e-03
8.38983e-03
8.19327e-03
8.13575e-03
8.15360e-03
8.22945e-03
8.31990e-03
8.37654e-03
8.31292e-03
8.02932e-03
7.43350e-03
6.61881e-03
5.93126e-03
5.24733e-03
3.97893e-03
2.94302e-03
1.91017e-03
1.11257e-03
8.57234e-04
8.00210e-05
-1.65721e-03
-2.56154e-03
-2.65452e-03
-3.37001e-03
-3.67829e-03
-4.48350e-03
-6.33373e-03
-7.57371e-03
-7.65884e-03
-7.42708e-03
-7.51355e-03
-7.20767e-03
-7.07008e-03
-6.87991e-03
-6.90049e-03
-7.18824e-03
-7.11074e-03
-7.29163e-03
-7.89941e-03
-9.34469e-03
-1.15316e-02
-1.35871e-02
-1.50248e-02
-1.52189e-02
-1.39847e-02
-1.19108e-02
-1.03765e-02
-9.61155e-03
-8.97810e-03
-8.46129e-03
-8.30009e-03
-8.39519e-03
-7.78467e-03
-7.31798e-03
-7.81069e-03
-8.05761e-03
-7.16179e-03
-6.23702e-03
-6.22318e-03
-6.28236e-03
-5.89179e-03
-4.54522e-03
-2.11277e-03
-6.37759e-04
1.01288e-03
3.13079e-03
5.09428e-03
7.23658e-03
7.28849e-03
6.09606e-03
4.36281e-03
2.94782e-03
3.15299e-03
2.97404e-03
2.85830e-03
3.29928e-03
4.28336e-03
4.21139e-03
3.50443e-03
4.00333e-03
3.95776e-03
5.38428e-03
6.33072e-03
6.41696e-03
7.01039e-03
6.92028e-03
6.99851e-03
7.89831e-03
8.22859e-03
8.34498e-03
8.41033e-03
8.29278e-03
8.15189e-03
8.08143e-03
8.14785e-03
8.38175e-03
8.82059e-03
9.33585e-03
9.68320e-03
9.33813e-03
7.96316e-03
7.12218e-03
6.75083e-03
7.03423e-03
8.34535e-03
8.97111e-03
8.94063e-03
8.17603e-03
8.10698e-03
8.52976e-03
9.13942e-03
9.64506e-03
9.58877e-03
1.00689e-02
1.01142e-02
1.04018e-02
9.87951e-03
9.28837e-03
9.45962e-03
9.30599e-03
9.71527e-03
9.68456e-03
9.73723e-03
8.78427e-03
7.56662e-03
7.11761e-03
6.77269e-03
6.40430e-03
5.92079e-03
5.37911e-03
4.86907e-03
3.23453e-03
1.07166e-03
-6.11983e-05
1.69300e-04
8.09092e-04
8.24456e-04
7.25097e-04
9.77948e-04
4.10308e-04
-7.53994e-04
-1.75356e-03
-3.24617e-03
-5.45097e-03
-6.43255e-03
-5.07205e-03
-3.26703e-03
-2.23708e-03
-3.10595e-03
-4.59856e-03
-6.02561e-03
-6.74164e-03
-7.09021e-03
-8.69609e-03
-1.00246e-02
-1.01960e-02
-9.92713e-03
-9.84490e-03
-1.03564e-02
-1.04442e-02
-1.01576e-02
-9.96642e-03
-1.02245e-02
-1.11247e-02
-1.13211e-02
-1.04951e-02
-8.64973e-03
-6.01082e-03
-3.72744e-03
-3.70862e-03
-5.60701e-03
-8.53195e-03
-1.11496e-02
-1.25702e-02
-1.30019e-02
-1.36363e-02
-1.39393e-02
-1.30483e-02
-1.29842e-02
-1.31852e-02
-1.25474e-02
-1.17204e-02
-1.02973e-02
-9.37481e-03
-9.22915e-03
-8.62860e-03
-7.83058e-03
-6.09572e-03
-4.24493e-03
-2.75457e-03
-1.02108e-03
1.73561e-04
1.46038e-03
2.92800e-03
4.36385e-03
5.75618e-03
6.41132e-03
6.32616e-03
5.91414e-03
5.44602e-03
5.36999e-03
6.17815e-03
7.17657e-03
7.93086e-03
8.42234e-03
8.29887e-03
8.21180e-03
8.27639e-03
7.94123e-03
7.97950e-03
8.66265e-03
9.49852e-03
1.10311e-02
1.29639e-02
1.47463e-02
1.59940e-02
1.67000e-02
1.69640e-02
1.65254e-02
1.60674e-02
1.58329e-02
1.54107e-02
1.46128e-02
1.34658e-02
1.21827e-02
1.03304e-02
8.53503e-03
7.64697e-03
7.10893e-03
6.25238e-03
4.85033e-03
3.02883e-03
1.39380e-03
5.12510e-04
4.91769e-04
1.08191e-03
1.76434e-03
2.15100e-03
1.28258e-03
-6.76432e-04
-3.24853e-03
-6.13922e-03
-8.97338e-03
-1.01599e-02
-8.83522e-03
-6.77833e-03
-5.20060e-03
-3.65376e-03
-2.58708e-03
-2.30696e-03
-2.29499e-03
-2.39953e-03
-2.55235e-03
-2.62028e-03
-2.44079e-03
-1.94649e-03
-1.13277e-03
-2.11281e-04
3.60874e-04
6.14142e-04
6.14554e-04
-2.13616e-05
-4.83305e-04
-6.54793e-04
-6.33534e-04
2.09781e-05
1.28088e-03
3.08575e-03
3.80475e-03
2.95315e-03
1.29522e-03
-7.23900e-04
-1.72325e-03
-1.64835e-03
-1.11977e-03
-5.30263e-04
-4.20933e-04
-6.76524e-04
-9.03027e-04
-9.90560e-04
-4.25368e-04
1.45664e-04
5.02632e-04
9.62211e-04
7.48172e-04
6.08294e-04
1.28207e-03
2.79865e-03
4.08009e-03
4.95982e-03
5.23894e-03
5.13402e-03
3.75737e-03
1.82651e-03
1.26181e-04
-1.10468e-03
-7.15558e-04
-8.32075e-04
-6.93994e-04
-1.04574e-03
-2.28993e-03
-3.27741e-03
-4.23229e-03
-4.77912e-03
-4.60830e-03
-4.27628e-03
-3.21823e-03
-2.09801e-03
-9.74689e-04
-7.28765e-04
-1.95523e-04
2.72279e-05
-5.10928e-04
-4.69281e-04
6.44846e-04
1.76240e-03
2.06132e-03
1.98521e-03
1.52818e-03
7.09489e-04
-3.00793e-04
-8.50531e-04
-5.10115e-04
-1.40790e-04
-1.05205e-05
6.13863e-04
1.13139e-03
2.40416e-03
4.44892e-03
5.60643e-03
5.77958e-03
5.77242e-03
5.81738e-03
6.13246e-03
6.87516e-03
7.48868e-03
6.73124e-03
5.82596e-03
4.43569e-03
2.48794e-03
3.40429e-04
-2.09107e-03
-3.26401e-03
-3.76484e-03
-3.46685e-03
-2.29036e-03
-1.42549e-03
-6.63710e-04
-2.59610e-04
-3.73374e-04
-3.45413e-04
-6.40083e-04
-8.23785e-04
-1.39022e-03
-1.83999e-03
-2.92845e-03
-4.73272e-03
-6.12177e-03
-8.12935e-03
-9.77890e-03
-1.08237e-02
-1.09163e-02
-1.06177e-02
-1.03353e-02
-1.04190e-02
-1.08517e-02
-1.05613e-02
-1.00767e-02
-9.97005e-03
-1.08234e-02
-1.28226e-02
-1.47290e-02
-1.63164e-02
-1.70628e-02
-1.71115e-02
-1.67552e-02
-1.71216e-02
-1.77701e-02
-1.81330e-02
-1.81053e-02
-1.83239e-02
-1.83938e-02
-1.88085e-02
-1.91821e-02
-1.98721e-02
-2.01473e-02
-2.04400e-02
-2.06160e-02
-1.96937e-02
-1.95491e-02
-1.98751e-02
-1.94310e-02
-1.87698e-02
-1.83958e-02
-1.83701e-02
-1.75908e-02
-1.56430e-02
-1.35286e-02
-1.13257e-02
-9.60155e-03
-8.40778e-03
-8.10353e-03
-8.21377e-03
-8.51080e-03
-8.90444e-03
-9.14274e-03
-8.91868e-03
-8.34274e-03
-8.54270e-03
-9.19426e-03
-9.95046e-03
-1.03441e-02
-1.00518e-02
-9.63180e-03
-8.56281e-03
-8.13195e-03
-8.87733e-03
-8.75553e-03
-7.51126e-03
-5.44238e-03
-4.07127e-03
-3.71096e-03
-3.70094e-03
-3.89148e-03
-4.04770e-03
-3.83922e-03
-2.87497e-03
-9.26444e-04
1.86380e-03
4.63136e-03
6.48680e-03
8.38344e-03
1.01765e-02
1.12717e-02
1.20426e-02
1.26085e-02
1.36653e-02
1.45001e-02
1.54282e-02
1.63642e-02
1.66609e-02
1.54792e-02
1.24870e-02
9.55618e-03
8.92500e-03
1.11512e-02
1.41260e-02
1.58536e-02
1.55203e-02
1.34297e-02
1.08176e-02
8.15301e-03
6.52881e-03
6.05727e-03
5.98931e-03
6.08923e-03
6.20923e-03
6.27648e-03
6.38698e-03
6.67920e-03
7.22475e-03
7.91327e-03
9.00926e-03
1.13625e-02
1.37018e-02
1.49555e-02
1.62215e-02
1.75519e-02
1.82915e-02
1.78026e-02
1.66346e-02
1.51515e-02
1.27669e-02
1.12584e-02
1.10886e-02
1.13811e-02
1.17729e-02
1.20398e-02
1.35636e-02
1.53775e-02
1.61830e-02
1.61387e-02
1.49267e-02
1.38083e-02
1.25071e-02
1.11309e-02
1.04857e-02
9.77894e-03
8.77091e-03
7.52490e-03
6.54130e-03
6.65692e-03
7.11930e-03
7.46914e-03
7.15757e-03
5.62705e-03
4.21071e-03
2.65744e-03
1.51524e-03
1.68336e-03
9.58134e-04
1.21405e-03
2.32609e-03
2.29801e-03
2.75488e-03
1.40555e-03
-1.26787e-04
-7.93609e-05
-2.33536e-04
5.51332e-05
-3.74554e-04
-8.20869e-04
-5.59469e-04
-7.03197e-04
-3.18767e-04
-3.01547e-04
3.53802e-05
-3.56969e-04
-7.20810e-04
-2.58682e-04
-1.18454e-04
5.52406e-04
5.98735e-04
6.07340e-04
1.05823e-03
2.33162e-03
4.46718e-03
5.16224e-03
5.49938e-03
5.97519e-03
6.53421e-03
7.19854e-03
7.55170e-03
7.21996e-03
7.27751e-03
7.00444e-03
7.37409e-03
7.49710e-03
6.46239e-03
5.23589e-03
1.28764e-03
-3.07185e-03
-6.16817e-03
-6.93989e-03
-4.90931e-03
-2.85641e-03
-1.61890e-03
-1.01943e-03
-1.48685e-03
-1.81883e-03
-2.48951e-03
-2.03356e-03
-8.04650e-04
7.08959e-04
3.54398e-03
5.85577e-03
7.06612e-03
7.61798e-03
7.31228e-03
7.44124e-03
7.51517e-03
8.72641e-03
1.02670e-02
1.17008e-02
1.42017e-02
1.57973e-02
1.68106e-02
1.67802e-02
1.51084e-02
1.29407e-02
1.07852e-02
8.77492e-03
7.28269e-03
6.40066e-03
6.04507e-03
5.47546e-03
4.31234e-03
2.53511e-03
6.46961e-04
-3.30882e-04
-1.03229e-03
-1.89181e-03
-3.14564e-03
-4.38818e-03
-5.46142e-03
-6.06004e-03
-5.38522e-03
-4.24370e-03
-3.75783e-03
-3.71666e-03
-3.84650e-03
-4.02704e-03
-3.96938e-03
-3.36628e-03
-1.94868e-03
2.28662e-04
2.41106e-03
3.24553e-03
4.24853e-03
4.36971e-03
3.89517e-03
3.21822e-03
2.48199e-03
1.66901e-03
2.36382e-05
-1.15918e-03
-1.16110e-03
-1.25389e-03
-9.97016e-04
-7.62797e-04
-1.46733e-03
-2.64528e-03
-3.81324e-03
-4.94588e-03
-6.63553e-03
-8.75732e-03
-1.05775e-02
-1.18231e-02
-1.21978e-02
-1.19318e-02
-1.16752e-02
-1.09263e-02
-1.01464e-02
-1.04784e-02
-1.15955e-02
-1.27410e-02
-1.30711e-02
-1.28544e-02
-1.25132e-02
-1.24232e-02
-1.29441e-02
-1.26370e-02
-1.20782e-02
-1.19452e-02
-1.26716e-02
-1.31300e-02
-1.40161e-02
-1.57769e-02
-1.81160e-02
-2.01621e-02
-2.04800e-02
-1.88806e-02
-1.63268e-02
-1.36295e-02
-1.09445e-02
-8.53442e-03
-5.78957e-03
-3.55983e-03
-1.84100e-03
-4.46404e-04
5.48682e-04
1.49125e-03
2.22057e-03
3.25554e-03
4.29638e-03
5.01252e-03
5.44077e-03
5.27619e-03
5.07539e-03
4.68918e-03
3.54036e-03
1.56985e-03
5.03787e-04
9.99981e-04
2.13065e-03
3.00086e-03
2.49399e-03
1.14047e-03
-5.00798e-04
-1.97945e-03
-3.59984e-03
-4.96873e-03
-5.84508e-03
-6.62799e-03
-7.06880e-03
-6.65584e-03
-5.72075e-03
-4.56559e-03
-4.00557e-03
-3.84282e-03
-3.89685e-03
-3.30945e-03
-2.40373e-03
-2.05300e-03
-1.34265e-03
2.41317e-05
1.92479e-03
3.75405e-03
4.76682e-03
4.90384e-03
4.03700e-03
3.29578e-03
3.37046e-03
3.62426e-03
3.62475e-03
2.94886e-03
2.13720e-03
1.55489e-03
1.08441e-03
8.92896e-04
2.61526e-04
-5.57579e-04
-7.03461e-04
-5.89492e-04
6.80295e-04
2.29943e-03
3.17058e-03
3.69785e-03
3.84129e-03
4.88639e-03
5.94014e-03
6.24440e-03
6.39981e-03
6.46761e-03
6.42933e-03
6.24648e-03
5.92392e-03
5.49641e-03
5.19161e-03
5.26811e-03
5.07431e-03
4.46794e-03
4.25596e-03
5.22347e-03
6.58216e-03
7.06925e-03
7.06611e-03
6.57654e-03
5.50798e-03
4.03278e-03
2.76261e-03
2.30093e-03
1.72968e-03
1.89475e-04
-2.19889e-04
4.95362e-04
1.43863e-03
1.99633e-03
1.99197e-03
2.11865e-03
2.72157e-03
2.92461e-03
2.34306e-03
1.15295e-03
-1.70268e-03
-5.33910e-03
-7.34039e-03
-6.06775e-03
-3.44596e-03
-2.75396e-03
-2.10800e-03
-2.23145e-03
-2.87364e-03
-4.38920e-03
-6.07517e-03
-7.99047e-03
-9.65109e-03
-1.04120e-02
-1.03811e-02
-9.79863e-03
-9.14353e-03
-8.61118e-03
-8.98339e-03
-9.92122e-03
-1.09704e-02
-1.14764e-02
-1.14056e-02
-1.01130e-02
-7.48029e-03
-4.63849e-03
-2.40774e-03
-1.84488e-03
-2.57173e-03
-3.14355e-03
-3.39328e-03
-3.57052e-03
-3.64139e-03
-3.58181e-03
-3.37149e-03
-2.99854e-03
-2.50008e-03
-2.04233e-03
-2.01244e-03
-2.79845e-03
-3.32474e-03
-3.62007e-03
-3.90319e-03
-3.89428e-03
-3.69071e-03
-4.66783e-03
-4.55075e-03
-4.54483e-03
-4.04673e-03
-2.29968e-03
-1.07069e-03
-3.40329e-04
-6.34706e-04
-8.02153e-04
1.23060e-04
1.23271e-03
2.88470e-03
3.92966e-03
4.52950e-03
5.51786e-03
5.99849e-03
6.51963e-03
7.23815e-03
7.94595e-03
8.16130e-03
7.66276e-03
7.07598e-03
6.50857e-03
6.54393e-03
6.91900e-03
7.30891e-03
7.49837e-03
7.76338e-03
8.58437e-03
9.07475e-03
9.11415e-03
9.31172e-03
9.17811e-03
8.39842e-03
7.64148e-03
7.55434e-03
7.91518e-03
7.97800e-03
8.14660e-03
8.20728e-03
8.26895e-03
8.03088e-03
7.72397e-03
8.25727e-03
8.81080e-03
8.29056e-03
7.29310e-03
6.61001e-03
7.16423e-03
8.45712e-03
9.54981e-03
9.23534e-03
7.59179e-03
5.08147e-03
2.84676e-03
2.92616e-03
5.65252e-03
7.99114e-03
1.01045e-02
1.14310e-02
1.36194e-02
1.40817e-02
1.33431e-02
1.18812e-02
9.57246e-03
7.38347e-03
6.60155e-03
5.74565e-03
5.31969e-03
4.88957e-03
3.94911e-03
2.75193e-03
1.48815e-03
-6.03615e-04
-1.94105e-03
-1.96508e-03
-5.67023e-05
2.75919e-03
4.76398e-03
5.38870e-03
3.28145e-03
7.09802e-04
-1.54680e-03
-2.11900e-03
-2.52321e-03
-3.56230e-03
-3.75848e-03
-3.60571e-03
-3.29020e-03
-2.77400e-03
-2.24008e-03
-2.06188e-03
-2.62376e-03
-2.55296e-03
-2.54760e-03
-3.01653e-03
-2.39358e-03
-1.28732e-03
-5.22328e-04
-9.21152e-04
-1.70529e-03
-2.29760e-03
-3.72188e-03
-4.59903e-03
-5.13149e-03
-5.13512e-03
-4.21090e-03
-3.87723e-03
-3.74635e-03
-3.62408e-03
-3.60145e-03
-3.65104e-03
-3.84285e-03
-4.18077e-03
-4.65750e-03
-5.09232e-03
-5.12569e-03
-4.46789e-03
-4.21964e-03
-4.26760e-03
-4.24448e-03
-4.06197e-03
-3.61505e-03
-2.88848e-03
-2.06742e-03
-1.67056e-03
-2.39506e-03
-3.40860e-03
-3.53936e-03
-3.11303e-03
-2.50904e-03
-2.15251e-03
-2.57493e-03
-2.97692e-03
-3.68392e-03
-3.75882e-03
-3.06681e-03
-2.04071e-03
-1.20217e-03
-1.31809e-03
-1.89058e-03
-2.17528e-03
-1.45547e-03
-4.70499e-04
-4.23126e-04
-1.05510e-03
-1.93985e-03
-2.62979e-03
-2.33491e-03
-1.76517e-03
-1.86468e-03
-2.50412e-03
-4.17134e-03
-6.08828e-03
-6.31624e-03
-4.90310e-03
-3.20235e-03
-2.56020e-03
-2.56984e-03
-2.87986e-03
-2.92010e-03
-2.42668e-03
-1.86645e-03
-7.15448e-04
6.54529e-04
8.30807e-04
4.81681e-04
3.21795e-04
1.77987e-04
1.46574e-04
3.82606e-04
1.01674e-03
2.06727e-03
3.29199e-03
4.13167e-03
4.81554e-03
5.86493e-03
7.31383e-03
8.70543e-03
9.17144e-03
8.37930e-03
6.62542e-03
5.46171e-03
5.25341e-03
5.27780e-03
5.24303e-03
4.90715e-03
4.10393e-03
2.82828e-03
1.49108e-03
9.40290e-04
1.14227e-03
5.50436e-04
-4.98273e-04
-1.16702e-03
-1.33900e-03
-1.58096e-03
-1.88051e-03
-2.46322e-03
-3.04481e-03
-3.50504e-03
-4.40590e-03
-5.96701e-03
-7.89078e-03
-9.26454e-03
-9.79134e-03
-1.04357e-02
-1.12111e-02
-1.10863e-02
-1.01309e-02
-9.15623e-03
-9.03326e-03
-9.73851e-03
-1.06069e-02
-1.09519e-02
-1.10274e-02
-1.14839e-02
-1.16022e-02
-1.10123e-02
-1.02097e-02
-9.63054e-03
-8.76618e-03
-7.81450e-03
-6.92244e-03
-5.77696e-03
-4.63573e-03
-4.12545e-03
-4.12165e-03
-4.05707e-03
-3.54083e-03
-2.21103e-03
5.93107e-05
2.77393e-03
4.68656e-03
5.99071e-03
7.42267e-03
8.79537e-03
9.42652e-03
9.34637e-03
8.94062e-03
8.43043e-03
8.18313e-03
8.64520e-03
9.17286e-03
9.56041e-03
1.00924e-02
9.75941e-03
9.04784e-03
8.78189e-03
8.94948e-03
8.68629e-03
7.54726e-03
4.89925e-03
1.10189e-03
-1.68345e-03
-2.57095e-03
-2.16991e-03
-1.07478e-03
1.13927e-04
5.20207e-04
1.01946e-04
-6.37976e-04
-1.26615e-03
-2.12471e-03
-2.77669e-03
-2.93755e-03
-2.93046e-03
-2.83912e-03
-2.63169e-03
-2.33734e-03
-2.00511e-03
-1.71110e-03
-1.67339e-03
-2.08654e-03
-2.06566e-03
-1.12764e-03
3.65994e-04
1.90283e-03
3.51518e-03
5.15685e-03
6.05049e-03
6.03449e-03
5.34679e-03
4.08660e-03
2.63394e-03
1.76621e-03
1.54848e-03
1.62938e-03
1.96095e-03
2.51272e-03
3.13040e-03
3.43764e-03
2.98431e-03
2.37183e-03
1.76019e-03
9.04502e-04
1.23195e-03
2.17814e-03
3.09191e-03
3.97066e-03
4.33419e-03
4.65973e-03
5.74321e-03
6.60778e-03
7.17241e-03
7.33590e-03
6.68762e-03
6.25837e-03
5.91514e-03
5.32960e-03
4.49479e-03
3.61964e-03
3.07950e-03
2.19800e-03
1.76140e-03
1.70492e-03
1.69821e-03
1.68113e-03
1.50738e-03
1.10875e-03
5.48871e-04
1.52085e-04
2.28494e-04
-2.57634e-04
-9.99751e-04
-1.24964e-03
-1.59867e-03
-1.21862e-03
-4.44313e-04
1.55926e-05
7.13599e-04
7.65151e-04
2.10246e-04
-4.38553e-04
-8.70070e-04
-1.85245e-03
-2.63916e-03
-2.00242e-03
-1.70602e-03
-2.31293e-03
-2.60266e-03
-2.64179e-03
-2.71158e-03
-2.82232e-03
-3.04571e-03
-3.35819e-03
-3.70698e-03
-3.88359e-03
-3.58349e-03
-2.59482e-03
-2.28458e-03
-2.98756e-03
-4.80574e-03
-7.46016e-03
-8.67486e-03
-8.08139e-03
-6.79585e-03
-4.72965e-03
-3.29282e-03
-2.19152e-03
-2.26217e-03
-2.47823e-03
-2.53041e-03
-2.66843e-03
-2.86977e-03
-3.22668e-03
-3.68327e-03
-3.94932e-03
-3.62409e-03
-3.51846e-03
-3.24458e-03
-2.34984e-03
-2.16620e-03
-2.15233e-03
-1.91623e-03
-1.33921e-03
-2.74792e-04
1.19618e-03
2.51036e-03
2.65135e-03
2.08109e-03
9.81260e-04
-3.04247e-04
-9.52509e-04
-1.39956e-03
-1.66805e-03
-1.42880e-03
-4.36380e-04
9.00084e-06
2.01882e-04
2.76092e-04
1.58476e-04
-8.38078e-05
-4.40408e-04
-6.11997e-04
-1.51210e-04
9.58055e-04
1.63720e-03
2.08946e-03
2.13278e-03
1.78143e-03
2.03172e-03
2.48997e-03
2.71575e-03
2.70996e-03
3.16461e-03
3.36024e-03
2.94128e-03
2.59735e-03
2.04763e-03
2.09982e-03
2.41530e-03
2.64365e-03
2.47339e-03
1.88819e-03
1.77207e-03
1.76635e-03
1.65015e-03
1.33301e-03
6.74713e-04
-2.93861e-04
-1.26656e-03
-1.62853e-03
-1.83657e-03
-2.53034e-03
-2.89185e-03
-2.98267e-03
-2.79617e-03
-2.72601e-03
-2.80398e-03
-2.55368e-03
-2.88772e-03
-3.58458e-03
-4.27042e-03
-4.47963e-03
-4.14355e-03
-3.35589e-03
-2.10518e-03
-1.61130e-03
-1.68329e-03
-1.70921e-03
-2.02022e-03
-1.92436e-03
-1.97755e-03
-2.05174e-03
-1.68344e-03
-1.25689e-03
-1.19806e-03
-1.95063e-03
-3.00101e-03
-3.99296e-03
-4.93725e-03
-6.21397e-03
-7.38198e-03
-7.82804e-03
-7.25385e-03
-6.02137e-03
-5.11409e-03
-4.87101e-03
-5.34031e-03
-5.80817e-03
-5.87314e-03
-5.59252e-03
-5.05522e-03
-5.34731e-03
-5.60040e-03
-5.61972e-03
-5.57194e-03
-5.32510e-03
-4.86664e-03
-4.19780e-03
-3.59027e-03
-3.32550e-03
-2.80355e-03
-2.45102e-03
-1.98073e-03
-8.76580e-04
9.26812e-04
2.89146e-03
2.89113e-03
2.33343e-03
9.37953e-04
-9.51906e-05
-6.05352e-04
-1.52314e-03
-1.75041e-03
-1.61273e-03
-1.28144e-03
-7.58637e-04
-2.44727e-04
-1.05853e-04
-7.19923e-04
-1.15974e-03
-1.75598e-03
-1.40738e-03
-1.27060e-03
-1.38876e-03
-1.61513e-03
-2.05986e-03
-2.50213e-03
-2.65080e-03
-2.32531e-03
-2.05562e-03
-1.58657e-03
-1.55792e-03
-1.59915e-03
-1.27790e-03
-3.12413e-04
1.08642e-03
1.96157e-03
2.39136e-03
2.83066e-03
3.34278e-03
3.81149e-03
4.00985e-03
4.16163e-03
4.54435e-03
5.01533e-03
5.53573e-03
5.66156e-03
5.57978e-03
5.37244e-03
5.03905e-03
4.77843e-03
4.82409e-03
4.72633e-03
4.40718e-03
4.36491e-03
4.29900e-03
4.26134e-03
4.11962e-03
3.97027e-03
3.73229e-03
3.63321e-03
3.71306e-03
3.58660e-03
3.74066e-03
4.33787e-03
4.87012e-03
4.80686e-03
4.55663e-03
4.54183e-03
4.19085e-03
3.86281e-03
3.32420e-03
3.12359e-03
3.20533e-03
3.23715e-03
3.10680e-03
2.60627e-03
1.63813e-03
3.20481e-04
-8.33334e-04
-2.11675e-03
-3.15925e-03
-3.10324e-03
-2.11851e-03
-1.39712e-03
-9.80904e-04
-1.09394e-03
-1.10084e-03
-1.38480e-03
-1.17578e-03
-8.67862e-04
-8.71067e-04
-3.79840e-04
1.54353e-05
8.81723e-04
1.68922e-03
2.50878e-03
3.14738e-03
3.26819e-03
3.38884e-03
3.69907e-03
4.01407e-03
3.71807e-03
3.68308e-03
3.77171e-03
3.77442e-03
3.59399e-03
3.01966e-03
1.95583e-03
5.26767e-04
-7.51419e-04
-1.83548e-03
-2.88992e-03
-3.34683e-03
-3.41364e-03
-3.20760e-03
-2.47742e-03
-1.79189e-03
-1.34729e-03
-8.98816e-04
-5.24345e-04
-4.58430e-04
-5.89719e-04
-7.80830e-04
-7.99233e-04
-6.45649e-04
-6.85404e-04
-5.94378e-04
-3.76435e-04
-4.81090e-04
-6.72079e-04
-9.40405e-04
-1.04063e-03
-8.76263e-04
-7.84090e-04
-1.07841e-03
-2.00322e-03
-3.04428e-03
-3.74714e-03
-3.69049e-03
-3.74184e-03
-4.05866e-03
-3.75607e-03
-3.45534e-03
-3.28759e-03
-3.19014e-03
-3.15066e-03
-2.48817e-03
-1.93560e-03
-1.22903e-03
-6.81790e-04
-3.79703e-04
-3.44295e-04
-7.37258e-04
-7.24944e-04
-5.30746e-04
-3.02137e-04
-1.33284e-04
-2.13495e-04
1.38566e-04
5.47968e-04
6.00561e-04
8.08464e-04
5.08826e-04
1.38325e-04
1.32295e-04
4.78804e-05
3.43998e-04
9.51709e-04
2.13207e-03
3.16535e-03
3.62999e-03
4.47590e-03
4.86289e-03
4.65200e-03
4.32885e-03
3.91395e-03
3.08679e-03
2.24919e-03
1.36541e-03
7.23035e-04
7.86593e-04
1.53495e-03
2.63254e-03
3.39969e-03
3.70633e-03
3.56004e-03
3.11332e-03
2.67905e-03
2.49102e-03
2.67158e-03
2.76077e-03
2.75865e-03
2.61947e-03
2.21989e-03
1.55603e-03
7.87790e-04
2.54393e-04
-3.63918e-04
-7.33880e-04
-6.56835e-04
-4.18374e-04
2.49090e-04
1.27356e-03
2.03923e-03
2.25622e-03
1.57164e-03
7.09602e-04
1.17065e-04
-2.59767e-04
-3.22212e-04
-3.63994e-04
-8.12151e-05
1.50547e-04
5.77392e-04
5.89156e-04
-3.15776e-04
-5.24786e-04
-6.01312e-04
-2.46231e-04
3.21258e-04
7.52197e-04
1.01578e-03
6.03437e-04
1.45259e-04
-8.05395e-05
-3.90589e-04
-4.36820e-04
-3.38166e-04
-1.03101e-04
1.62061e-04
3.19727e-04
1.30265e-04
-8.36359e-05
-1.27179e-04
-2.31070e-04
-2.17827e-04
-2.88986e-04
-4.67069e-04
-5.29120e-04
-5.70881e-04
-5.22110e-04
-4.13183e-04
-4.99747e-04
-6.11302e-04
-8.66834e-04
-1.01139e-03
-1.03929e-03
-1.00350e-03
-8.79945e-04
-6.76783e-04
-4.34216e-04
-2.82814e-04
-3.54841e-04
-3.36116e-04
-4.09157e-04
-2.49135e-04
-7.22294e-05
-1.19271e-04
-9.50128e-05
-1.69053e-04
-1.83054e-04
-2.08934e-04
-6.79618e-05
5.33951e-05
8.00378e-05
2.08358e-04
2.80277e-04
2.99339e-04
1.96522e-04
1.52580e-04
1.66971e-04
1.88476e-04
2.80335e-04
2.08425e-04
-3.26079e-06
-2.98719e-04
-4.59037e-04
-2.85494e-04
3.56670e-05
4.34895e-04
8.94818e-04
1.23708e-03
1.38308e-03
1.31238e-03
1.22513e-03
1.07089e-03
1.03471e-03
1.11032e-03
1.18613e-03
1.17659e-03
9.86494e-04
8.87011e-04
7.61453e-04
5.71855e-04
3.69798e-04
1.93316e-04
-1.42252e-04
-4.08394e-04
-5.97659e-04
-7.12447e-04
-8.88018e-04
-1.10331e-03
-1.13642e-03
-1.17500e-03
-1.14829e-03
-1.12133e-03
-1.02845e-03
-1.01470e-03
-1.11854e-03
-1.29220e-03
-1.52353e-03
-1.65658e-03
-1.63588e-03
-1.50116e-03
-1.38666e-03
-1.26481e-03
-1.20171e-03
-1.22958e-03
-1.26163e-03
-1.22432e-03
-1.05905e-03
-9.08316e-04
-7.85671e-04
-7.06154e-04
-7.20958e-04
-7.14645e-04
-7.21331e-04
-6.26723e-04
-4.71057e-04
-3.51024e-04
-1.75696e-04
-1.26676e-04
8.79624e-06
1.70406e-04
2.29501e-04
2.77784e-04
3.25184e-04
3.56364e-04
3.92429e-04
5.35476e-04
6.80258e-04
7.79130e-04
9.39868e-04
9.66738e-04
9.27002e-04
8.55161e-04
7.43835e-04
6.27461e-04
5.53783e-04
5.20109e-04
4.39833e-04
3.54599e-04
2.87317e-04
2.18745e-04
1.65610e-04
1.62517e-04
1.63912e-04
1.64401e-04
1.23734e-04
6.42325e-05
4.08589e-05
8.52284e-06
2.31263e-05
5.61746e-05
5.15308e-05
6.28318e-05
5.21468e-05
7.53987e-05
6.26380e-05
7.20780e-05
1.43865e-04
1.73726e-04
1.79912e-04
1.51837e-04
7.01441e-05
1.44271e-05
-2.06644e-05
-4.95909e-05
-1.21569e-04
-2.16251e-04
-3.36719e-04
-4.01199e-04
-3.89177e-04
-3.34496e-04
-2.87034e-04
-2.86025e-04
-3.11056e-04
-3.63159e-04
-3.83052e-04
-3.88604e-04
-4.13552e-04
-4.38354e-04
-4.42621e-04
-4.42429e-04
-4.25875e-04
-3.93172e-04
-3.73679e-04
-3.54652e-04
-3.42293e-04
-3.34067e-04
-3.39866e-04
-3.49669e-04
-3.26855e-04
-2.74827e-04
-1.87521e-04
-8.75080e-05
-1.16811e-05
2.82412e-05
1.06476e-05
-3.60757e-05
-7.95417e-05
-1.05297e-04
-1.11699e-04
-1.04130e-04
-8.37132e-05
-5.75241e-05
-3.59192e-05
-1.10336e-05
2.21064e-08
-3.47669e-06
-1.99593e-05
-5.01265e-05
-6.22438e-05
-7.45323e-05
-8.30827e-05
-9.54119e-05
-9.90267e-05
-9.54052e-05
-9.39747e-05
-9.89772e-05
-1.12579e-04
-1.12754e-04
-1.18617e-04
-1.29700e-04
-1.36486e-04
-1.47002e-04
-1.46324e-04
-1.34677e-04
-1.31050e-04
-1.17758e-04
-1.10676e-04
-1.13357e-04
-1.06375e-04
-1.05021e-04
-1.08805e-04
-9.60484e-05
-7.60805e-05
-5.15430e-05
-3.76492e-05
-3.01931e-05
-2.33855e-05
-1.86468e-05
-1.73571e-05
-2.19628e-05
-2.24502e-05
-1.89110e-05
-1.43664e-05
-1.11739e-05
-1.16498e-05
-8.16849e-06
-3.29510e-06
-1.53329e-06
1.22083e-06
4.87693e-07
-1.68328e-06
-1.44387e-06
-3.18626e-06
-2.97324e-06
-3.79578e-06
-3.59749e-06
-4.83983e-06
-3.24198e-06
-2.13547e-06
-4.31375e-06
-4.30826e-06
-5.28843e-06
-8.91038e-06
-1.51171e-05
-2.20549e-05
-2.54766e-05
-2.42544e-05
-1.92648e-05
-1.03590e-05
-2.42544e-06
3.32826e-06
7.57100e-06
8.78580e-06
8.30637e-06
7.17061e-06
8.87128e-06
1.03985e-05
1.21514e-05
1.43089e-05
1.61044e-05
1.88593e-05
2.02150e-05
1.99081e-05
1.91502e-05
1.82410e-05
1.73471e-05
1.66750e-05
1.63681e-05
1.64892e-05
1.69037e-05
1.71684e-05
1.66307e-05
1.56344e-05
1.41787e-05
1.23458e-05
1.11359e-05
1.03020e-05
9.67057e-06
9.35781e-06
9.01122e-06
8.87542e-06
8.84178e-06
8.74590e-06
8.53106e-06
8.21778e-06
8.19065e-06
8.25417e-06
8.45910e-06
8.67291e-06
8.70430e-06
8.64775e-06
8.60741e-06
8.67768e-06
8.80629e-06
8.95243e-06
9.09722e-06
9.21211e-06
9.28286e-06
9.38237e-06
9.50024e-06
9.61208e-06
9.70621e-06
9.77242e-06
9.84874e-06
9.93053e-06
1.00156e-05
1.01097e-05
1.02039e-05
1.03021e-05
1.04046e-05
1.05049e-05
1.05999e-05
1.06869e-05
1.07690e-05
1.08492e-05
1.09283e-05
1.10062e-05
1.10834e-05
1.11611e-05
1.12394e-05
1.13177e-05
1.13962e-05
1.14747e-05
1.15536e-05
1.16329e-05
1.17125e-05
1.17925e-05
1.18728e-05
1.19535e-05
1.20346e-05
