-4.43130e-04
-4.43181e-04
-4.43257e-04
-4.43370e-04
-4.43507e-04
-4.43677e-04
-4.43864e-04
-4.44089e-04
-4.44351e-04
-4.44654e-04
-4.45028e-04
-4.45472e-04
-4.45970e-04
-4.46498e-04
-4.47212e-04
-4.48230e-04
-4.49421e-04
-4.50411e-04
-4.50925e-04
-4.51204e-04
-4.51849e-04
-4.52645e-04
-4.52982e-04
-4.53733e-04
-4.56036e-04
-4.58951e-04
-4.61154e-04
-4.62156e-04
-4.60975e-04
-4.57696e-04
-4.52658e-04
-4.44203e-04
-4.34614e-04
-4.28880e-04
-4.27689e-04
-4.27784e-04
-4.28517e-04
-4.33574e-04
-4.48114e-04
-4.72591e-04
-4.93308e-04
-5.00667e-04
-4.98032e-04
-4.92700e-04
-4.92755e-04
-5.00163e-04
-5.17357e-04
-5.50432e-04
-5.80732e-04
-5.71167e-04
-5.22194e-04
-4.79243e-04
-4.84966e-04
-5.37835e-04
-5.90967e-04
-5.92220e-04
-5.39611e-04
-4.83550e-04
-4.51038e-04
-4.28408e-04
-4.08173e-04
-3.94854e-04
-3.95660e-04
-4.36744e-04
-5.03656e-04
-5.67262e-04
-6.29944e-04
-7.10129e-04
-8.31265e-04
-9.78141e-04
-1.10053e-03
-1.12900e-03
-1.02383e-03
-8.25348e-04
-6.11087e-04
-4.34512e-04
-3.48347e-04
-3.92177e-04
-5.60144e-04
-7.95513e-04
-1.04628e-03
-1.30955e-03
-1.49840e-03
-1.46139e-03
-1.14490e-03
-6.13129e-04
-6.90393e-05
2.57939e-04
3.05596e-04
1.69787e-04
-4.84176e-05
-2.96871e-04
-5.58635e-04
-8.61231e-04
-1.27254e-03
-1.72667e-03
-2.05474e-03
-2.15152e-03
-2.04236e-03
-1.85490e-03
-1.68177e-03
-1.53516e-03
-1.52434e-03
-1.72497e-03
-2.04403e-03
-2.18884e-03
-1.94180e-03
-1.26266e-03
-4.45120e-04
2.87427e-04
8.53758e-04
1.08692e-03
8.53623e-04
2.41881e-04
-5.02154e-04
-1.17284e-03
-1.69421e-03
-2.14025e-03
-2.60626e-03
-3.03252e-03
-3.22925e-03
-2.99852e-03
-2.36232e-03
-1.57233e-03
-7.13517e-04
1.88251e-04
8.23804e-04
8.67972e-04
4.21611e-04
4.95899e-05
2.14172e-04
8.37165e-04
1.36712e-03
1.35576e-03
7.13457e-04
-2.67549e-04
-1.19261e-03
-1.98841e-03
-2.72152e-03
-3.26155e-03
-3.36387e-03
-2.87959e-03
-1.97964e-03
-1.07291e-03
-3.31800e-04
2.74812e-04
4.47564e-04
-1.73657e-04
-1.40745e-03
-2.68189e-03
-3.52053e-03
-3.69606e-03
-3.06119e-03
-1.63171e-03
3.09895e-04
2.31997e-03
3.95673e-03
4.89581e-03
5.06839e-03
4.67201e-03
3.92373e-03
2.92245e-03
1.79946e-03
5.70477e-04
-8.38122e-04
-2.15586e-03
-3.28374e-03
-4.16989e-03
-4.28562e-03
-3.18236e-03
-1.17307e-03
8.00168e-04
1.91610e-03
1.99955e-03
1.42094e-03
7.71930e-04
1.72418e-04
-4.52259e-04
-8.29189e-04
-1.08499e-03
-1.74271e-03
-3.03055e-03
-4.66541e-03
-5.99544e-03
-6.56702e-03
-6.40876e-03
-6.09817e-03
-6.34197e-03
-7.17232e-03
-7.75345e-03
-6.96128e-03
-4.41484e-03
-9.54300e-04
1.94807e-03
3.44101e-03
3.40068e-03
2.35214e-03
1.01233e-03
-4.04976e-04
-1.85440e-03
-2.63405e-03
-2.00889e-03
-2.20325e-04
1.95525e-03
4.00945e-03
5.42835e-03
5.80853e-03
5.31663e-03
4.04705e-03
2.27622e-03
5.85339e-04
-1.07103e-03
-2.87206e-03
-4.39801e-03
-5.13211e-03
-4.96248e-03
-4.23977e-03
-3.43901e-03
-2.64439e-03
-1.83814e-03
-1.46586e-03
-1.81469e-03
-2.07813e-03
-1.39209e-03
1.34326e-04
1.94252e-03
3.68132e-03
4.82508e-03
4.56075e-03
2.83227e-03
-1.95461e-04
-4.58766e-03
-9.82650e-03
-1.41511e-02
-1.58062e-02
-1.44626e-02
-1.12457e-02
-7.56218e-03
-4.38481e-03
-2.32274e-03
-1.74539e-03
-2.81712e-03
-4.85520e-03
-6.64649e-03
-6.89919e-03
-4.78813e-03
-7.69151e-04
3.42969e-03
5.81077e-03
5.38325e-03
2.01391e-03
-3.35511e-03
-9.14421e-03
-1.35921e-02
-1.60445e-02
-1.68935e-02
-1.67287e-02
-1.53634e-02
-1.22712e-02
-7.64862e-03
-1.96687e-03
3.84860e-03
8.15992e-03
9.16117e-03
6.72210e-03
3.25243e-03
1.10913e-03
5.42821e-04
-3.21513e-05
-2.00667e-03
-4.99946e-03
-7.70894e-03
-9.37325e-03
-1.04534e-02
-1.15515e-02
-1.25927e-02
-1.26510e-02
-1.08586e-02
-7.63966e-03
-4.40035e-03
-2.46300e-03
-1.89774e-03
-1.65619e-03
2.98954e-04
5.65692e-03
1.36517e-02
2.16864e-02
2.69283e-02
2.74585e-02
2.31406e-02
1.54357e-02
6.15380e-03
-3.19649e-03
-1.07863e-02
-1.57291e-02
-1.86485e-02
-2.08267e-02
-2.21092e-02
-2.14586e-02
-1.86121e-02
-1.43622e-02
-1.00174e-02
-6.66142e-03
-4.81452e-03
-4.88862e-03
-6.87895e-03
-9.09315e-03
-9.03551e-03
-5.96898e-03
-1.37144e-03
2.62383e-03
3.83349e-03
8.80527e-04
-5.92534e-03
-1.45308e-02
-2.21878e-02
-2.74150e-02
-2.97819e-02
-2.90044e-02
-2.54206e-02
-1.96830e-02
-1.27119e-02
-4.87674e-03
3.95159e-03
1.23382e-02
1.70128e-02
1.58084e-02
9.97079e-03
2.79130e-03
-2.36747e-03
-3.45629e-03
-7.05510e-04
3.55709e-03
6.44639e-03
6.84469e-03
6.62729e-03
8.45589e-03
1.24181e-02
1.53970e-02
1.44630e-02
9.61397e-03
3.95062e-03
6.66982e-04
-1.33883e-04
-5.70719e-04
-2.16672e-03
-5.05070e-03
-8.55276e-03
-1.14233e-02
-1.16207e-02
-7.71069e-03
-6.74653e-04
5.84105e-03
7.60258e-03
3.35247e-03
-3.54155e-03
-7.14991e-03
-4.03074e-03
3.31075e-03
9.76003e-03
1.19675e-02
9.87457e-03
5.67616e-03
1.59755e-03
-1.86842e-03
-5.66044e-03
-1.06608e-02
-1.62553e-02
-2.06332e-02
-2.21506e-02
-2.02050e-02
-1.56411e-02
-1.16472e-02
-1.24683e-02
-1.87338e-02
-2.61845e-02
-2.94772e-02
-2.61943e-02
-1.63508e-02
-1.89379e-04
2.06306e-02
4.08162e-02
5.26200e-02
5.10151e-02
3.78231e-02
2.04723e-02
6.70577e-03
-1.09802e-04
-5.22892e-04
2.77198e-03
6.87458e-03
9.89216e-03
1.08308e-02
1.00480e-02
8.65446e-03
8.68484e-03
1.11567e-02
1.48634e-02
1.81044e-02
2.02797e-02
2.11683e-02
1.91004e-02
1.32002e-02
4.42335e-03
-4.78123e-03
-1.22255e-02
-1.77010e-02
-2.18230e-02
-2.58075e-02
-3.01570e-02
-3.30489e-02
-3.17236e-02
-2.55220e-02
-1.67810e-02
-8.78868e-03
-4.24635e-03
-2.49913e-03
9.01484e-04
9.49292e-03
2.09940e-02
2.80173e-02
2.57981e-02
1.79205e-02
1.09353e-02
8.21927e-03
8.79146e-03
9.92752e-03
1.01459e-02
1.00861e-02
1.04876e-02
1.14301e-02
1.11367e-02
7.81596e-03
2.12185e-03
-3.33554e-03
-5.54468e-03
-3.70768e-03
6.92497e-05
3.23015e-03
4.28262e-03
1.53613e-03
-4.91049e-03
-1.24299e-02
-1.87642e-02
-2.23911e-02
-2.26809e-02
-2.04642e-02
-1.75913e-02
-1.57339e-02
-1.57508e-02
-1.72420e-02
-1.87604e-02
-1.85105e-02
-1.47233e-02
-6.32786e-03
5.61326e-03
1.66354e-02
2.08417e-02
1.64096e-02
6.42417e-03
-3.73633e-03
-7.40487e-03
-7.09558e-04
1.34945e-02
2.77908e-02
3.64020e-02
3.84714e-02
3.60100e-02
3.17768e-02
2.84227e-02
2.64965e-02
2.44333e-02
2.07075e-02
1.46427e-02
6.23175e-03
-2.46886e-03
-6.81497e-03
-3.99012e-03
3.41157e-03
9.42078e-03
8.71994e-03
3.67337e-04
-1.14094e-02
-2.14677e-02
-2.87580e-02
-3.49014e-02
-4.00195e-02
-4.20911e-02
-3.87763e-02
-3.01252e-02
-1.90601e-02
-8.86005e-03
-8.39110e-04
5.88864e-03
1.22477e-02
1.59291e-02
1.30144e-02
2.16128e-03
-1.40260e-02
-2.96806e-02
-4.02361e-02
-4.51113e-02
-4.62132e-02
-4.44392e-02
-3.92001e-02
-3.05661e-02
-1.97520e-02
-8.29095e-03
2.87006e-03
1.45406e-02
2.76035e-02
4.14821e-02
5.33415e-02
6.02379e-02
6.14118e-02
5.84303e-02
5.39447e-02
5.06182e-02
5.00062e-02
5.21333e-02
5.61100e-02
5.96830e-02
5.97761e-02
5.57503e-02
4.94835e-02
4.26040e-02
3.60547e-02
3.09121e-02
2.69349e-02
2.18519e-02
1.33149e-02
1.85083e-03
-8.74916e-03
-1.46658e-02
-1.43101e-02
-8.20861e-03
2.19878e-03
1.52302e-02
2.83671e-02
3.98013e-02
4.94615e-02
5.79667e-02
6.51989e-02
7.07182e-02
7.51258e-02
7.95615e-02
8.37984e-02
8.58679e-02
8.36398e-02
7.59357e-02
6.20531e-02
4.16266e-02
1.34128e-02
-2.17245e-02
-5.87527e-02
-9.10953e-02
-1.14207e-01
-1.27635e-01
-1.32992e-01
-1.31860e-01
-1.25431e-01
-1.14477e-01
-1.00238e-01
-8.40439e-02
-6.68313e-02
-5.05612e-02
-3.79117e-02
-3.06421e-02
-2.84750e-02
-2.95478e-02
-3.24543e-02
-3.73729e-02
-4.61173e-02
-6.01054e-02
-7.71082e-02
-9.26210e-02
-1.03614e-01
-1.09654e-01
-1.11011e-01
-1.07265e-01
-9.82601e-02
-8.54737e-02
-7.00533e-02
-5.21412e-02
-3.28049e-02
-1.30554e-02
6.63175e-03
2.54460e-02
4.16852e-02
5.41455e-02
6.33293e-02
7.09341e-02
7.78404e-02
8.34461e-02
8.61657e-02
8.44651e-02
7.87411e-02
7.13636e-02
6.45452e-02
5.97899e-02
5.73857e-02
5.71240e-02
5.92085e-02
6.37740e-02
7.11338e-02
8.15513e-02
9.46679e-02
1.09260e-01
1.23801e-01
1.36520e-01
1.47296e-01
1.57093e-01
1.66446e-01
1.74693e-01
1.80846e-01
1.85224e-01
1.89094e-01
1.93831e-01
1.98862e-01
2.02342e-01
2.02860e-01
2.00035e-01
1.94248e-01
1.86326e-01
1.76750e-01
1.64929e-01
1.49295e-01
1.29189e-01
1.04479e-01
7.49457e-02
4.14835e-02
6.54057e-03
-2.66298e-02
-5.62446e-02
-8.08986e-02
-9.86138e-02
-1.09709e-01
-1.16356e-01
-1.20070e-01
-1.21077e-01
-1.19777e-01
-1.17493e-01
-1.16338e-01
-1.18163e-01
-1.23713e-01
-1.33294e-01
-1.47166e-01
-1.64498e-01
-1.83549e-01
-2.03405e-01
-2.24435e-01
-2.46128e-01
-2.66448e-01
-2.82997e-01
-2.92807e-01
-2.91301e-01
-2.73807e-01
-2.38945e-01
-1.86809e-01
-1.20808e-01
-5.16441e-02
1.04512e-02
6.21613e-02
1.11009e-01
1.62270e-01
2.09499e-01
2.44128e-01
2.61614e-01
2.64065e-01
2.58507e-01
2.49926e-01
2.37690e-01
2.15164e-01
1.77030e-01
1.24744e-01
6.60388e-02
1.10621e-02
-3.00417e-02
-5.32847e-02
-6.24395e-02
-6.62409e-02
-7.35740e-02
-8.88789e-02
-1.10330e-01
-1.32019e-01
-1.47167e-01
-1.52464e-01
-1.49379e-01
-1.43331e-01
-1.39785e-01
-1.40444e-01
-1.41548e-01
-1.37553e-01
-1.25179e-01
-1.03278e-01
-7.13023e-02
-2.79273e-02
2.87668e-02
9.48614e-02
1.61141e-01
2.21462e-01
2.67897e-01
2.95155e-01
3.01749e-01
2.91494e-01
2.74860e-01
2.62530e-01
2.52302e-01
2.34032e-01
2.05511e-01
1.73627e-01
1.47855e-01
1.31681e-01
1.20533e-01
1.06154e-01
8.13248e-02
4.28159e-02
-7.28036e-03
-6.21489e-02
-1.14915e-01
-1.57560e-01
-1.83090e-01
-1.90802e-01
-1.84538e-01
-1.67912e-01
-1.41465e-01
-1.06193e-01
-6.58054e-02
-2.46225e-02
1.43045e-02
5.10624e-02
8.56206e-02
1.14493e-01
1.34096e-01
1.43497e-01
1.45789e-01
1.45574e-01
1.45038e-01
1.42873e-01
1.37069e-01
1.28293e-01
1.18800e-01
1.10256e-01
1.03420e-01
9.95222e-02
9.89767e-02
1.01220e-01
1.05914e-01
1.12288e-01
1.17879e-01
1.18802e-01
1.11120e-01
9.22420e-02
6.29271e-02
2.70609e-02
-9.10881e-03
-3.64876e-02
-5.02148e-02
-5.26108e-02
-4.82916e-02
-4.10009e-02
-3.22434e-02
-2.24877e-02
-1.34183e-02
-7.71616e-03
-7.57928e-03
-1.38539e-02
-2.62233e-02
-4.42424e-02
-6.72657e-02
-9.19315e-02
-1.14803e-01
-1.33515e-01
-1.47104e-01
-1.56830e-01
-1.64830e-01
-1.73324e-01
-1.84068e-01
-1.98143e-01
-2.17095e-01
-2.40545e-01
-2.64508e-01
-2.85059e-01
-3.00975e-01
-3.12348e-01
-3.18846e-01
-3.20272e-01
-3.17177e-01
-3.10347e-01
-3.00877e-01
-2.89420e-01
-2.75733e-01
-2.58993e-01
-2.37081e-01
-2.06053e-01
-1.61422e-01
-1.03536e-01
-3.89288e-02
2.07163e-02
6.39905e-02
8.83941e-02
9.92446e-02
1.02643e-01
1.02016e-01
9.87522e-02
9.37888e-02
8.86251e-02
8.52586e-02
8.49197e-02
8.77319e-02
9.37441e-02
1.02361e-01
1.12642e-01
1.23590e-01
1.33436e-01
1.40566e-01
1.43508e-01
1.40917e-01
1.32651e-01
1.19433e-01
1.03243e-01
8.71231e-02
7.36809e-02
6.27456e-02
5.25220e-02
4.30598e-02
3.67821e-02
3.67693e-02
4.40224e-02
5.68806e-02
7.17981e-02
8.46529e-02
9.29011e-02
9.61000e-02
9.48872e-02
9.01489e-02
8.27375e-02
7.29074e-02
5.81316e-02
3.39565e-02
9.16169e-04
-3.56635e-02
-7.03397e-02
-1.00353e-01
-1.25428e-01
-1.44918e-01
-1.57688e-01
-1.63348e-01
-1.63248e-01
-1.61272e-01
-1.61001e-01
-1.63184e-01
-1.66342e-01
-1.68772e-01
-1.70431e-01
-1.72424e-01
-1.75335e-01
-1.77498e-01
-1.76497e-01
-1.72140e-01
-1.65984e-01
-1.58919e-01
-1.48611e-01
-1.29824e-01
-9.89466e-02
-5.63150e-02
-7.71117e-03
3.56906e-02
6.53839e-02
7.97529e-02
8.09868e-02
7.28063e-02
5.84344e-02
3.94729e-02
1.87968e-02
6.74872e-04
-1.19235e-02
-1.80424e-02
-1.72888e-02
-9.23468e-03
5.21811e-03
2.42145e-02
4.62590e-02
6.86763e-02
8.73217e-02
9.86965e-02
1.00979e-01
9.54545e-02
8.67043e-02
7.92900e-02
7.60772e-02
7.87075e-02
8.73761e-02
1.00591e-01
1.16902e-01
1.33726e-01
1.48300e-01
1.58923e-01
1.63602e-01
1.60669e-01
1.49995e-01
1.32479e-01
1.10313e-01
8.71836e-02
6.60958e-02
4.79889e-02
3.15166e-02
1.41583e-02
-5.71467e-03
-2.66059e-02
-4.48770e-02
-5.91240e-02
-7.03614e-02
-7.96794e-02
-8.72671e-02
-9.11177e-02
-8.87855e-02
-7.87622e-02
-5.98590e-02
-3.21338e-02
3.16595e-03
4.20581e-02
7.61646e-02
9.69105e-02
1.00528e-01
8.91224e-02
6.78916e-02
4.17729e-02
1.21829e-02
-1.80271e-02
-4.56062e-02
-6.95612e-02
-8.93944e-02
-1.04138e-01
-1.12161e-01
-1.13072e-01
-1.08680e-01
-1.01637e-01
-9.43694e-02
-8.88719e-02
-8.55451e-02
-8.36847e-02
-8.27348e-02
-8.22624e-02
-8.23021e-02
-8.35070e-02
-8.58016e-02
-8.80512e-02
-8.89171e-02
-8.71430e-02
-8.25524e-02
-7.67142e-02
-7.15768e-02
-6.81266e-02
-6.56010e-02
-6.10419e-02
-5.02239e-02
-3.13112e-02
-9.13358e-03
6.47051e-03
8.44691e-03
-1.53781e-03
-1.49727e-02
-2.35590e-02
-2.30117e-02
-1.32370e-02
3.37427e-03
2.34358e-02
4.31307e-02
5.96773e-02
7.21221e-02
7.98179e-02
8.27892e-02
8.23154e-02
8.09532e-02
8.14003e-02
8.43740e-02
8.90966e-02
9.53407e-02
1.03326e-01
1.12316e-01
1.21074e-01
1.28739e-01
1.34513e-01
1.37768e-01
1.37974e-01
1.34431e-01
1.25561e-01
1.10125e-01
8.84636e-02
6.21975e-02
3.39033e-02
6.22588e-03
-1.81381e-02
-3.72348e-02
-4.91793e-02
-5.37048e-02
-5.33655e-02
-5.26023e-02
-5.54598e-02
-6.26060e-02
-7.18197e-02
-7.97854e-02
-8.36309e-02
-8.28936e-02
-7.91782e-02
-7.39975e-02
-6.77066e-02
-5.96559e-02
-4.95346e-02
-3.87632e-02
-2.91938e-02
-2.20166e-02
-1.72715e-02
-1.52166e-02
-1.58019e-02
-1.81722e-02
-2.05422e-02
-2.10487e-02
-1.91031e-02
-1.61200e-02
-1.45801e-02
-1.59540e-02
-2.03769e-02
-2.67675e-02
-3.38984e-02
-4.17621e-02
-5.03012e-02
-5.95168e-02
-6.88072e-02
-7.66275e-02
-8.14027e-02
-8.22388e-02
-7.99307e-02
-7.65468e-02
-7.40721e-02
-7.22893e-02
-6.90721e-02
-6.19264e-02
-4.93405e-02
-3.14237e-02
-9.78132e-03
1.33295e-02
3.59528e-02
5.74575e-02
7.85363e-02
9.78895e-02
1.12257e-01
1.19775e-01
1.19962e-01
1.13459e-01
1.01706e-01
8.62238e-02
6.85930e-02
5.09135e-02
3.55485e-02
2.47279e-02
2.01109e-02
2.19211e-02
2.87440e-02
3.78281e-02
4.60041e-02
5.23544e-02
5.67247e-02
5.82181e-02
5.56198e-02
4.93846e-02
4.15374e-02
3.42151e-02
2.89783e-02
2.66594e-02
2.68841e-02
2.90645e-02
3.35294e-02
4.08067e-02
5.01971e-02
5.87051e-02
6.16563e-02
5.55685e-02
3.94674e-02
1.62395e-02
-6.88367e-03
-2.38330e-02
-3.26967e-02
-3.49993e-02
-3.28750e-02
-2.76757e-02
-2.15457e-02
-1.74174e-02
-1.77972e-02
-2.31356e-02
-3.21246e-02
-4.33363e-02
-5.52548e-02
-6.70852e-02
-7.88533e-02
-8.92916e-02
-9.60441e-02
-9.74091e-02
-9.40033e-02
-8.73051e-02
-7.85734e-02
-6.93933e-02
-6.13665e-02
-5.56156e-02
-5.18542e-02
-4.90012e-02
-4.66442e-02
-4.53920e-02
-4.65603e-02
-5.06857e-02
-5.67864e-02
-6.30699e-02
-6.86136e-02
-7.27281e-02
-7.28284e-02
-6.57674e-02
-5.27169e-02
-3.65275e-02
-2.10517e-02
-1.02024e-02
-5.33807e-03
-5.26150e-03
-8.26597e-03
-1.25027e-02
-1.62971e-02
-1.90424e-02
-2.03636e-02
-1.93625e-02
-1.55223e-02
-9.14755e-03
-4.29284e-04
1.03862e-02
2.22921e-02
3.29999e-02
4.06097e-02
4.53099e-02
4.94274e-02
5.51900e-02
6.28289e-02
7.06678e-02
7.64462e-02
7.91553e-02
7.85057e-02
7.48143e-02
6.86762e-02
6.03290e-02
4.95537e-02
3.63977e-02
2.13409e-02
4.90864e-03
-1.12190e-02
-2.48085e-02
-3.45611e-02
-3.96782e-02
-3.90724e-02
-3.23178e-02
-2.07554e-02
-7.82154e-03
2.40260e-03
7.02232e-03
6.00117e-03
1.66872e-03
-3.25545e-03
-7.18643e-03
-9.31621e-03
-9.32691e-03
-7.98846e-03
-6.37176e-03
-5.74803e-03
-7.35042e-03
-1.06706e-02
-1.41940e-02
-1.72490e-02
-2.05468e-02
-2.43395e-02
-2.79748e-02
-2.99935e-02
-2.88487e-02
-2.48903e-02
-1.97899e-02
-1.45119e-02
-9.38859e-03
-5.13476e-03
-2.14839e-03
1.32082e-04
2.26609e-03
4.59216e-03
7.61398e-03
1.15686e-02
1.65056e-02
2.19845e-02
2.67920e-02
2.95481e-02
2.95933e-02
2.74349e-02
2.42038e-02
2.09862e-02
1.75897e-02
1.32482e-02
7.97472e-03
2.30479e-03
-3.61057e-03
-9.71967e-03
-1.51435e-02
-1.87620e-02
-1.99380e-02
-1.86148e-02
-1.58415e-02
-1.29249e-02
-1.00554e-02
-6.94598e-03
-4.34385e-03
-4.24688e-03
-7.46038e-03
-1.26525e-02
-1.72918e-02
-1.94346e-02
-1.88302e-02
-1.57996e-02
-1.05612e-02
-3.64048e-03
3.86464e-03
1.04142e-02
1.45204e-02
1.61546e-02
1.64204e-02
1.57115e-02
1.44742e-02
1.30937e-02
1.17294e-02
1.07218e-02
1.00547e-02
9.89846e-03
1.07387e-02
1.23620e-02
1.31280e-02
1.20422e-02
1.04209e-02
1.02111e-02
1.22669e-02
1.60082e-02
2.04866e-02
2.47105e-02
2.77570e-02
2.88643e-02
2.83115e-02
2.69483e-02
2.50864e-02
2.20245e-02
1.74109e-02
1.22146e-02
8.02504e-03
6.16214e-03
6.91787e-03
9.68975e-03
1.42276e-02
1.98528e-02
2.53462e-02
2.99888e-02
3.40607e-02
3.80384e-02
4.15696e-02
4.41729e-02
4.55203e-02
4.57772e-02
4.56170e-02
4.52859e-02
4.32433e-02
3.81619e-02
3.11940e-02
2.39468e-02
1.76276e-02
1.32987e-02
1.15043e-02
1.18365e-02
1.30651e-02
1.38106e-02
1.34602e-02
1.19273e-02
9.04359e-03
4.52768e-03
-1.42404e-03
-7.62145e-03
-1.25503e-02
-1.51329e-02
-1.58949e-02
-1.66107e-02
-1.87310e-02
-2.26512e-02
-2.80354e-02
-3.33417e-02
-3.65265e-02
-3.66358e-02
-3.32044e-02
-2.67869e-02
-1.83165e-02
-8.77631e-03
1.37536e-04
6.40474e-03
7.94169e-03
4.29417e-03
-3.00341e-03
-1.14842e-02
-2.00912e-02
-2.91586e-02
-3.81786e-02
-4.63396e-02
-5.31573e-02
-5.79750e-02
-6.00876e-02
-5.99047e-02
-5.80287e-02
-5.45968e-02
-5.02769e-02
-4.56494e-02
-4.05609e-02
-3.43290e-02
-2.70988e-02
-1.91713e-02
-1.01266e-02
1.06927e-04
1.06924e-02
2.04323e-02
2.86654e-02
3.54157e-02
4.08445e-02
4.47396e-02
4.64916e-02
4.51628e-02
4.04670e-02
3.27108e-02
2.24210e-02
1.08227e-02
-6.31507e-04
-1.07657e-02
-1.87477e-02
-2.40061e-02
-2.58076e-02
-2.35210e-02
-1.77669e-02
-1.03033e-02
-2.74281e-03
4.43189e-03
1.08429e-02
1.55168e-02
1.84059e-02
2.04058e-02
2.24393e-02
2.48296e-02
2.74882e-02
2.99534e-02
3.10616e-02
2.96935e-02
2.49104e-02
1.73437e-02
8.98797e-03
1.55273e-03
-4.31179e-03
-8.60308e-03
-1.14567e-02
-1.33160e-02
-1.47910e-02
-1.59474e-02
-1.60947e-02
-1.42034e-02
-9.31534e-03
-1.34596e-03
8.83152e-03
1.97199e-02
2.97309e-02
3.80929e-02
4.46420e-02
4.91349e-02
5.09406e-02
4.95794e-02
4.55643e-02
3.99648e-02
3.34207e-02
2.62121e-02
1.89800e-02
1.23406e-02
6.59722e-03
2.08275e-03
-4.10682e-04
-7.22811e-04
6.67535e-04
2.91090e-03
4.84717e-03
6.20517e-03
8.62554e-03
1.37941e-02
2.17940e-02
3.07931e-02
3.83989e-02
4.31893e-02
4.47420e-02
4.33545e-02
3.95398e-02
3.35791e-02
2.60860e-02
1.78495e-02
9.69605e-03
2.08578e-03
-4.73106e-03
-1.02204e-02
-1.34286e-02
-1.41256e-02
-1.29068e-02
-1.01544e-02
-6.29925e-03
-2.50867e-03
3.85490e-04
1.60606e-03
1.25017e-03
1.10294e-03
2.55927e-03
5.46232e-03
8.86740e-03
1.18950e-02
1.32426e-02
1.21384e-02
9.82382e-03
8.02236e-03
7.38967e-03
7.41196e-03
6.94015e-03
4.94122e-03
7.70971e-04
-4.87155e-03
-1.07805e-02
-1.65688e-02
-2.17770e-02
-2.53766e-02
-2.67996e-02
-2.56323e-02
-2.25534e-02
-1.91163e-02
-1.64322e-02
-1.47165e-02
-1.35513e-02
-1.29337e-02
-1.30239e-02
-1.41575e-02
-1.66574e-02
-2.03521e-02
-2.47338e-02
-2.92801e-02
-3.31534e-02
-3.56706e-02
-3.67264e-02
-3.65076e-02
-3.46628e-02
-3.03990e-02
-2.41350e-02
-1.75795e-02
-1.17837e-02
-6.66763e-03
-2.38807e-03
7.78722e-04
2.85071e-03
3.63513e-03
3.32008e-03
2.57755e-03
2.08658e-03
2.46769e-03
3.76493e-03
5.41687e-03
7.03652e-03
7.86641e-03
6.80479e-03
3.69336e-03
-5.27039e-04
-5.09871e-03
-1.04101e-02
-1.63178e-02
-2.15743e-02
-2.54607e-02
-2.77233e-02
-2.80175e-02
-2.62677e-02
-2.28001e-02
-1.89773e-02
-1.60803e-02
-1.42637e-02
-1.37608e-02
-1.46915e-02
-1.67687e-02
-1.98461e-02
-2.40638e-02
-2.96579e-02
-3.66277e-02
-4.44754e-02
-5.24257e-02
-5.96573e-02
-6.57957e-02
-7.02800e-02
-7.19345e-02
-6.95405e-02
-6.24203e-02
-5.08034e-02
-3.53049e-02
-1.67374e-02
2.86151e-03
2.05897e-02
3.40742e-02
4.27831e-02
4.77229e-02
5.01617e-02
5.11001e-02
5.20987e-02
5.46516e-02
5.93730e-02
6.58309e-02
7.29250e-02
7.90472e-02
8.30926e-02
8.49018e-02
8.50388e-02
8.38285e-02
8.07939e-02
7.53353e-02
6.68813e-02
5.42321e-02
3.67654e-02
1.49789e-02
-9.05153e-03
-3.14841e-02
-4.86957e-02
-5.80310e-02
-5.90449e-02
-5.35772e-02
-4.42807e-02
-3.33829e-02
-2.27969e-02
-1.37757e-02
-6.34770e-03
-6.93806e-05
5.77054e-03
1.30852e-02
2.31257e-02
3.43444e-02
4.44135e-02
5.19555e-02
5.57966e-02
5.57321e-02
5.26566e-02
4.71738e-02
3.90084e-02
2.83258e-02
1.61722e-02
3.77538e-03
-7.47229e-03
-1.64299e-02
-2.29582e-02
-2.78449e-02
-3.12877e-02
-3.25544e-02
-3.12282e-02
-2.75844e-02
-2.25828e-02
-1.70647e-02
-1.12056e-02
-5.24665e-03
6.31161e-04
7.04004e-03
1.47987e-02
2.32638e-02
3.05012e-02
3.53371e-02
3.74812e-02
3.68940e-02
3.38556e-02
2.94049e-02
2.41575e-02
1.81268e-02
1.20314e-02
7.04034e-03
4.35896e-03
4.67187e-03
7.18155e-03
1.02383e-02
1.33095e-02
1.64586e-02
1.91682e-02
2.00184e-02
1.74733e-02
1.14055e-02
3.01278e-03
-6.39569e-03
-1.56952e-02
-2.31204e-02
-2.70695e-02
-2.64804e-02
-2.15761e-02
-1.37552e-02
-4.65758e-03
3.77463e-03
9.41172e-03
1.06970e-02
7.38388e-03
3.85486e-04
-8.17335e-03
-1.51628e-02
-1.81235e-02
-1.62343e-02
-1.01491e-02
-1.39792e-03
7.88763e-03
1.59678e-02
2.24090e-02
2.76965e-02
3.22902e-02
3.60947e-02
3.85115e-02
3.84778e-02
3.56195e-02
3.06782e-02
2.42298e-02
1.62400e-02
6.57247e-03
-4.22179e-03
-1.54050e-02
-2.61666e-02
-3.53868e-02
-4.13569e-02
-4.27864e-02
-3.94923e-02
-3.26716e-02
-2.43436e-02
-1.64942e-02
-1.01414e-02
-5.17150e-03
-1.22809e-03
1.56630e-03
3.07828e-03
3.01802e-03
1.18188e-03
-2.14531e-03
-6.22603e-03
-1.04304e-02
-1.39579e-02
-1.58843e-02
-1.57632e-02
-1.36249e-02
-9.70986e-03
-4.02822e-03
3.71964e-03
1.34464e-02
2.32148e-02
3.05590e-02
3.41106e-02
3.38451e-02
3.13364e-02
2.86351e-02
2.66560e-02
2.49816e-02
2.28503e-02
1.94629e-02
1.35725e-02
4.61256e-03
-6.26782e-03
-1.79797e-02
-2.99661e-02
-4.11207e-02
-5.01994e-02
-5.59353e-02
-5.77106e-02
-5.58230e-02
-5.11769e-02
-4.43131e-02
-3.59516e-02
-2.73079e-02
-1.91035e-02
-1.13877e-02
-4.57119e-03
1.39514e-03
6.89176e-03
1.17642e-02
1.64323e-02
2.13502e-02
2.59821e-02
2.91863e-02
2.95674e-02
2.64512e-02
2.03017e-02
1.22711e-02
3.92259e-03
-3.37332e-03
-9.13488e-03
-1.35212e-02
-1.63336e-02
-1.76140e-02
-1.77621e-02
-1.65915e-02
-1.32009e-02
-7.04175e-03
8.89309e-04
8.73852e-03
1.57296e-02
2.20535e-02
2.72092e-02
2.98119e-02
2.87376e-02
2.33811e-02
1.49263e-02
4.99308e-03
-5.22325e-03
-1.47822e-02
-2.31288e-02
-2.86390e-02
-3.00758e-02
-2.76116e-02
-2.27778e-02
-1.61719e-02
-8.23562e-03
2.06901e-04
8.30169e-03
1.49006e-02
1.89185e-02
1.96544e-02
1.75741e-02
1.40554e-02
1.03859e-02
7.28278e-03
5.77404e-03
7.33889e-03
1.20797e-02
1.87779e-02
2.63243e-02
3.33899e-02
3.87923e-02
4.19590e-02
4.28750e-02
4.21807e-02
4.09696e-02
4.00837e-02
3.97016e-02
3.88165e-02
3.61254e-02
3.12303e-02
2.44664e-02
1.64160e-02
7.11546e-03
-2.62836e-03
-1.17290e-02
-1.93486e-02
-2.48567e-02
-2.78741e-02
-2.79818e-02
-2.48973e-02
-1.94441e-02
-1.23044e-02
-3.93386e-03
4.45023e-03
1.18795e-02
1.77812e-02
2.18762e-02
2.40910e-02
2.41664e-02
2.20190e-02
1.78174e-02
1.17226e-02
4.28928e-03
-3.81742e-03
-1.18265e-02
-1.85070e-02
-2.28853e-02
-2.46549e-02
-2.39787e-02
-2.13459e-02
-1.72702e-02
-1.17589e-02
-5.11314e-03
1.60970e-03
7.16146e-03
1.08243e-02
1.27949e-02
1.36085e-02
1.34640e-02
1.22389e-02
1.00065e-02
6.86213e-03
2.45653e-03
-2.95338e-03
-8.02402e-03
-1.14555e-02
-1.26646e-02
-1.18256e-02
-9.40908e-03
-6.43454e-03
-3.77144e-03
-1.12394e-03
2.09790e-03
5.71235e-03
9.62523e-03
1.35383e-02
1.74610e-02
2.12311e-02
2.46163e-02
2.71405e-02
2.81879e-02
2.78121e-02
2.59468e-02
2.23583e-02
1.77428e-02
1.30054e-02
8.75354e-03
4.99894e-03
1.44883e-03
-1.72791e-03
-3.90115e-03
-4.83416e-03
-5.39646e-03
-6.48712e-03
-8.01889e-03
-9.10241e-03
-9.28303e-03
-8.76692e-03
-7.98376e-03
-7.53075e-03
-7.42860e-03
-7.37284e-03
-7.73641e-03
-8.62093e-03
-9.51086e-03
-9.95196e-03
-9.67435e-03
-9.55181e-03
-1.07460e-02
-1.32661e-02
-1.65359e-02
-1.97501e-02
-2.24842e-02
-2.43166e-02
-2.48810e-02
-2.43865e-02
-2.30194e-02
-2.05914e-02
-1.68467e-02
-1.19314e-02
-6.04207e-03
4.41987e-04
6.46827e-03
1.16324e-02
1.61582e-02
2.03017e-02
2.45887e-02
2.92715e-02
3.35964e-02
3.65380e-02
3.76832e-02
3.67672e-02
3.34734e-02
2.81960e-02
2.17958e-02
1.45742e-02
6.30841e-03
-2.85019e-03
-1.27492e-02
-2.23190e-02
-2.99505e-02
-3.49416e-02
-3.76595e-02
-3.82757e-02
-3.63027e-02
-3.11195e-02
-2.30165e-02
-1.40144e-02
-6.26741e-03
-2.40918e-04
4.62864e-03
8.83597e-03
1.24686e-02
1.49540e-02
1.61032e-02
1.59391e-02
1.44063e-02
1.18220e-02
8.72501e-03
6.03446e-03
4.07049e-03
2.56800e-03
1.21078e-03
-1.09535e-04
-9.41104e-04
-6.77983e-04
5.02251e-04
1.37376e-03
5.63633e-04
-1.79134e-03
-4.74743e-03
-6.77664e-03
-6.79633e-03
-4.41884e-03
-4.40908e-05
5.31503e-03
1.10224e-02
1.65936e-02
2.08739e-02
2.34302e-02
2.47378e-02
2.52110e-02
2.50106e-02
2.44138e-02
2.33482e-02
2.23576e-02
2.19209e-02
2.15059e-02
2.04765e-02
1.86672e-02
1.57818e-02
1.15395e-02
5.57623e-03
-1.61486e-03
-8.89552e-03
-1.48225e-02
-1.83625e-02
-1.93505e-02
-1.86354e-02
-1.69732e-02
-1.48408e-02
-1.21455e-02
-8.21800e-03
-3.06639e-03
2.30155e-03
6.60608e-03
9.05418e-03
9.43113e-03
8.53721e-03
7.50967e-03
6.62070e-03
5.74537e-03
4.17917e-03
1.25578e-03
-3.09636e-03
-7.95212e-03
-1.21608e-02
-1.53767e-02
-1.84707e-02
-2.22126e-02
-2.67841e-02
-3.17124e-02
-3.56207e-02
-3.73166e-02
-3.68493e-02
-3.45000e-02
-3.03356e-02
-2.48691e-02
-1.85058e-02
-1.18978e-02
-5.82596e-03
-8.00177e-04
2.14987e-03
2.23433e-03
-2.69916e-04
-3.81356e-03
-6.46076e-03
-7.27833e-03
-6.53628e-03
-5.12138e-03
-3.87038e-03
-3.25330e-03
-3.64202e-03
-5.74106e-03
-9.94645e-03
-1.52897e-02
-2.01160e-02
-2.26790e-02
-2.19678e-02
-1.83019e-02
-1.31969e-02
-8.76836e-03
-5.87892e-03
-4.07848e-03
-3.05690e-03
-2.66985e-03
-2.88191e-03
-3.76089e-03
-5.45384e-03
-8.30965e-03
-1.27941e-02
-1.85907e-02
-2.47106e-02
-3.00675e-02
-3.37016e-02
-3.48009e-02
-3.26043e-02
-2.71552e-02
-2.02439e-02
-1.36164e-02
-7.61430e-03
-2.85067e-03
-5.47683e-04
-1.34880e-03
-4.63241e-03
-8.94842e-03
-1.21995e-02
-1.32989e-02
-1.25035e-02
-1.03522e-02
-6.89307e-03
-2.45107e-03
1.54083e-03
3.81458e-03
4.38514e-03
2.96882e-03
-9.16684e-04
-7.25310e-03
-1.52903e-02
-2.31712e-02
-2.91634e-02
-3.26036e-02
-3.35295e-02
-3.18962e-02
-2.79167e-02
-2.22447e-02
-1.57519e-02
-9.91042e-03
-5.39952e-03
-2.40208e-03
-8.29994e-04
8.28279e-06
1.49962e-03
4.25185e-03
7.58386e-03
1.05512e-02
1.27991e-02
1.42380e-02
1.49386e-02
1.56011e-02
1.65562e-02
1.70429e-02
1.66680e-02
1.53414e-02
1.28363e-02
9.69133e-03
6.75180e-03
4.28872e-03
2.01070e-03
-1.72497e-04
-1.82930e-03
-3.29621e-03
-4.57266e-03
-5.10482e-03
-5.06314e-03
-4.69060e-03
-4.79253e-03
-6.35480e-03
-9.39941e-03
-1.32755e-02
-1.74405e-02
-2.15301e-02
-2.48740e-02
-2.71983e-02
-2.85407e-02
-2.90610e-02
-2.91619e-02
-2.90360e-02
-2.84343e-02
-2.68929e-02
-2.41149e-02
-2.04335e-02
-1.55806e-02
-9.15687e-03
-1.52335e-03
6.49940e-03
1.34260e-02
1.79177e-02
1.92251e-02
1.75203e-02
1.31560e-02
6.75714e-03
-8.89058e-04
-9.03222e-03
-1.58429e-02
-2.00212e-02
-2.17107e-02
-2.13595e-02
-1.86665e-02
-1.29105e-02
-4.21633e-03
6.10698e-03
1.60114e-02
2.36449e-02
2.82962e-02
3.03120e-02
3.07089e-02
3.02191e-02
2.90633e-02
2.76880e-02
2.60658e-02
2.35331e-02
1.98293e-02
1.55604e-02
1.14538e-02
7.64342e-03
3.60336e-03
-7.95316e-04
-4.77199e-03
-7.77254e-03
-1.00982e-02
-1.20466e-02
-1.32792e-02
-1.32927e-02
-1.21991e-02
-1.06103e-02
-8.57950e-03
-6.21421e-03
-3.86200e-03
-1.13331e-03
2.52518e-03
6.42168e-03
9.07144e-03
9.80735e-03
9.38820e-03
9.03790e-03
9.19940e-03
9.12811e-03
7.77532e-03
5.09556e-03
1.98568e-03
-8.55995e-04
-3.72028e-03
-7.02151e-03
-1.00232e-02
-1.17479e-02
-1.15767e-02
-9.28889e-03
-5.76366e-03
-1.66354e-03
2.95518e-03
7.10024e-03
9.88085e-03
1.12569e-02
1.15340e-02
1.08414e-02
9.39290e-03
8.00022e-03
6.84882e-03
6.25016e-03
6.83612e-03
8.79468e-03
1.15274e-02
1.41158e-02
1.57517e-02
1.61573e-02
1.58732e-02
1.53827e-02
1.44985e-02
1.36933e-02
1.34916e-02
1.37277e-02
1.41127e-02
1.48370e-02
1.62038e-02
1.81793e-02
2.04628e-02
2.29399e-02
2.46171e-02
2.40280e-02
2.06152e-02
1.51544e-02
8.86837e-03
3.04133e-03
-1.01360e-03
-2.69371e-03
-2.43500e-03
-1.27669e-03
-7.13320e-04
-2.00833e-03
-5.22894e-03
-9.71081e-03
-1.49740e-02
-2.08261e-02
-2.65026e-02
-3.08124e-02
-3.35314e-02
-3.48392e-02
-3.46187e-02
-3.34059e-02
-3.20432e-02
-3.05788e-02
-2.84704e-02
-2.56496e-02
-2.19110e-02
-1.67003e-02
-9.85688e-03
-1.97237e-03
5.98671e-03
1.31681e-02
1.87438e-02
2.19788e-02
2.26086e-02
2.10787e-02
1.82191e-02
1.47365e-02
1.08216e-02
6.65706e-03
3.03016e-03
9.71083e-04
7.01102e-04
1.73497e-03
3.95634e-03
6.84483e-03
9.59120e-03
1.20416e-02
1.47232e-02
1.73857e-02
1.92347e-02
2.00113e-02
2.03767e-02
2.08137e-02
2.11542e-02
2.07668e-02
1.90325e-02
1.59000e-02
1.25058e-02
1.04603e-02
9.61633e-03
9.27563e-03
9.43997e-03
9.91273e-03
1.04876e-02
1.09896e-02
1.15429e-02
1.20282e-02
1.22240e-02
1.21695e-02
1.19265e-02
1.11288e-02
9.17155e-03
5.86230e-03
1.85366e-03
-1.78078e-03
-4.50235e-03
-6.49864e-03
-8.06218e-03
-9.47791e-03
-1.09376e-02
-1.26322e-02
-1.46264e-02
-1.62918e-02
-1.67142e-02
-1.54919e-02
-1.28510e-02
-9.29141e-03
-5.23690e-03
-7.89858e-04
3.44982e-03
6.11691e-03
6.36087e-03
4.35959e-03
8.63512e-04
-3.04925e-03
-6.67730e-03
-9.81188e-03
-1.24727e-02
-1.46879e-02
-1.61253e-02
-1.65446e-02
-1.54865e-02
-1.28347e-02
-9.68862e-03
-7.29834e-03
-6.35032e-03
-6.26268e-03
-6.36250e-03
-6.54066e-03
-6.93646e-03
-7.72623e-03
-8.36479e-03
-8.85132e-03
-9.57715e-03
-1.01415e-02
-9.91215e-03
-8.79477e-03
-7.62322e-03
-7.23809e-03
-7.63555e-03
-8.39257e-03
-8.76972e-03
-9.11472e-03
-9.75109e-03
-1.02512e-02
-1.03424e-02
-1.01216e-02
-9.51591e-03
-8.50274e-03
-7.73382e-03
-8.06741e-03
-9.30141e-03
-9.84559e-03
-8.61408e-03
-5.67110e-03
-1.59092e-03
1.97323e-03
3.08595e-03
1.22242e-03
-1.88090e-03
-3.58762e-03
-3.01322e-03
-8.67147e-04
2.34605e-03
6.56780e-03
1.12374e-02
1.49641e-02
1.65666e-02
1.57088e-02
1.32135e-02
1.04362e-02
8.13752e-03
6.13890e-03
3.52789e-03
-4.81898e-04
-5.64226e-03
-1.10338e-02
-1.51107e-02
-1.69456e-02
-1.59714e-02
-1.23478e-02
-7.03218e-03
-7.50004e-04
5.46614e-03
1.08029e-02
1.47404e-02
1.71889e-02
1.92382e-02
2.18024e-02
2.40495e-02
2.40405e-02
2.07183e-02
1.47919e-02
7.71736e-03
-1.60617e-04
-8.73938e-03
-1.73755e-02
-2.43452e-02
-2.77191e-02
-2.70353e-02
-2.33244e-02
-1.79846e-02
-1.21443e-02
-6.61086e-03
-1.70227e-03
2.31163e-03
4.95662e-03
6.11962e-03
6.25692e-03
5.78284e-03
4.47859e-03
1.84636e-03
-2.34084e-03
-7.83439e-03
-1.36361e-02
-1.84356e-02
-2.15768e-02
-2.32416e-02
-2.38302e-02
-2.34352e-02
-2.19415e-02
-1.95835e-02
-1.67763e-02
-1.32022e-02
-8.49733e-03
-3.14571e-03
1.68790e-03
5.04143e-03
6.85687e-03
7.97424e-03
9.44964e-03
1.18616e-02
1.49097e-02
1.78943e-02
2.03335e-02
2.18690e-02
2.23613e-02
2.21141e-02
2.13778e-02
2.03175e-02
1.90248e-02
1.72176e-02
1.50296e-02
1.35567e-02
1.34790e-02
1.45941e-02
1.63908e-02
1.87573e-02
2.16912e-02
2.44844e-02
2.59630e-02
2.54769e-02
2.35887e-02
2.11935e-02
1.88640e-02
1.68417e-02
1.52848e-02
1.40518e-02
1.28006e-02
1.11807e-02
8.88731e-03
5.74881e-03
1.79661e-03
-1.86909e-03
-3.98873e-03
-4.27134e-03
-2.90956e-03
-5.11112e-04
1.86199e-03
3.88150e-03
5.97738e-03
8.11741e-03
9.63740e-03
9.51253e-03
7.74244e-03
5.09405e-03
2.43129e-03
2.99826e-04
-1.16226e-03
-2.25838e-03
-3.10594e-03
-3.55292e-03
-3.65117e-03
-3.63672e-03
-3.62522e-03
-3.33792e-03
-2.79748e-03
-2.83981e-03
-4.25779e-03
-6.94393e-03
-1.02873e-02
-1.35060e-02
-1.57443e-02
-1.65570e-02
-1.59909e-02
-1.43339e-02
-1.20274e-02
-9.54807e-03
-7.22507e-03
-5.58058e-03
-4.73827e-03
-4.43371e-03
-4.75422e-03
-5.72895e-03
-6.97395e-03
-7.68875e-03
-7.11915e-03
-5.13874e-03
-2.38432e-03
2.64399e-04
2.14348e-03
3.18644e-03
3.69912e-03
4.34682e-03
5.64459e-03
7.76747e-03
1.05547e-02
1.39530e-02
1.81118e-02
2.26229e-02
2.66870e-02
2.93486e-02
3.00952e-02
2.91051e-02
2.68321e-02
2.36556e-02
2.01345e-02
1.70306e-02
1.46803e-02
1.30373e-02
1.16051e-02
9.59872e-03
6.82030e-03
3.51886e-03
-4.34193e-04
-4.74333e-03
-8.85292e-03
-1.26325e-02
-1.61896e-02
-1.94027e-02
-2.21848e-02
-2.44877e-02
-2.56388e-02
-2.49017e-02
-2.23249e-02
-1.90149e-02
-1.64469e-02
-1.48686e-02
-1.37705e-02
-1.25933e-02
-1.11204e-02
-9.52278e-03
-8.22829e-03
-7.68806e-03
-7.79531e-03
-8.03061e-03
-8.02602e-03
-7.61087e-03
-6.62520e-03
-5.04633e-03
-2.87007e-03
-5.07561e-04
1.33891e-03
2.53225e-03
3.33091e-03
3.98068e-03
4.70711e-03
4.90578e-03
3.94400e-03
2.21249e-03
5.42610e-04
-1.37242e-04
-1.55041e-04
-6.64893e-04
-2.33347e-03
-5.02519e-03
-8.00552e-03
-1.06892e-02
-1.30053e-02
-1.47324e-02
-1.54070e-02
-1.50329e-02
-1.39447e-02
-1.26337e-02
-1.11826e-02
-9.47072e-03
-7.56529e-03
-5.60124e-03
-4.19059e-03
-3.44453e-03
-2.62363e-03
-1.25172e-03
7.84263e-04
3.26310e-03
5.09060e-03
4.80791e-03
2.30247e-03
-1.00265e-03
-3.83422e-03
-6.38175e-03
-9.79613e-03
-1.41868e-02
-1.77071e-02
-1.89448e-02
-1.76590e-02
-1.41970e-02
-9.28548e-03
-3.79566e-03
1.49267e-03
6.50389e-03
1.07244e-02
1.33696e-02
1.46054e-02
1.50988e-02
1.53684e-02
1.55656e-02
1.54670e-02
1.54305e-02
1.56410e-02
1.54190e-02
1.42438e-02
1.20300e-02
8.73231e-03
4.27566e-03
-1.34031e-03
-7.57360e-03
-1.30072e-02
-1.64283e-02
-1.74708e-02
-1.66760e-02
-1.52504e-02
-1.41350e-02
-1.35302e-02
-1.32296e-02
-1.25989e-02
-1.11641e-02
-8.87250e-03
-6.24376e-03
-4.17019e-03
-2.79176e-03
-1.35284e-03
3.89770e-04
2.10266e-03
3.40535e-03
3.85570e-03
3.18474e-03
1.62061e-03
-6.58065e-04
-3.62962e-03
-7.10871e-03
-1.11256e-02
-1.48961e-02
-1.77681e-02
-1.96521e-02
-2.04454e-02
-2.00689e-02
-1.80232e-02
-1.39610e-02
-8.43137e-03
-2.43712e-03
2.88639e-03
6.79854e-03
8.88398e-03
8.88161e-03
7.33961e-03
4.91161e-03
1.60367e-03
-2.77473e-03
-7.84587e-03
-1.24616e-02
-1.53782e-02
-1.61022e-02
-1.50771e-02
-1.35263e-02
-1.20915e-02
-1.04206e-02
-8.43501e-03
-6.89838e-03
-6.43635e-03
-6.99266e-03
-8.45733e-03
-1.06957e-02
-1.32799e-02
-1.58119e-02
-1.82361e-02
-2.07112e-02
-2.33963e-02
-2.59007e-02
-2.73150e-02
-2.70833e-02
-2.53051e-02
-2.25929e-02
-1.91874e-02
-1.51611e-02
-1.10707e-02
-7.63424e-03
-5.35186e-03
-4.06585e-03
-3.40377e-03
-3.45870e-03
-4.36336e-03
-5.98624e-03
-7.65026e-03
-9.11292e-03
-1.05242e-02
-1.14767e-02
-1.16300e-02
-1.08745e-02
-9.19565e-03
-7.20790e-03
-5.81761e-03
-5.81595e-03
-7.22196e-03
-9.47559e-03
-1.19004e-02
-1.37008e-02
-1.42657e-02
-1.35396e-02
-1.20323e-02
-1.00742e-02
-7.52086e-03
-4.32158e-03
-1.07457e-03
1.69226e-03
3.94200e-03
5.70332e-03
6.97155e-03
7.62188e-03
7.62617e-03
7.08091e-03
6.41540e-03
5.82417e-03
5.47389e-03
5.29878e-03
4.85107e-03
4.09761e-03
3.24464e-03
2.91438e-03
3.65902e-03
5.39208e-03
7.74133e-03
1.02972e-02
1.27953e-02
1.50050e-02
1.62700e-02
1.57645e-02
1.35176e-02
1.03679e-02
6.73490e-03
2.62963e-03
-1.37348e-03
-4.65796e-03
-7.36568e-03
-9.90688e-03
-1.22672e-02
-1.35805e-02
-1.31106e-02
-1.11888e-02
-8.36139e-03
-5.18779e-03
-2.09164e-03
9.06109e-04
3.70988e-03
6.32920e-03
8.63020e-03
1.01057e-02
1.05291e-02
1.02569e-02
9.30755e-03
7.40562e-03
4.79491e-03
2.04797e-03
-5.02544e-04
-2.90083e-03
-5.26234e-03
-7.09502e-03
-7.66030e-03
-6.34509e-03
-3.36748e-03
2.69925e-04
3.92836e-03
7.52766e-03
1.14471e-02
1.55730e-02
1.95336e-02
2.30295e-02
2.57437e-02
2.72958e-02
2.78491e-02
2.72229e-02
2.52355e-02
2.24906e-02
1.97011e-02
1.67809e-02
1.33912e-02
9.84482e-03
6.42579e-03
3.22043e-03
1.02351e-04
-2.48490e-03
-3.66092e-03
-3.10902e-03
-1.24017e-03
1.41298e-03
3.86841e-03
5.85618e-03
7.90225e-03
1.02592e-02
1.22909e-02
1.32031e-02
1.29718e-02
1.19832e-02
1.07193e-02
9.50688e-03
8.26981e-03
6.61883e-03
4.63429e-03
2.65158e-03
1.44407e-03
1.45221e-03
2.14570e-03
2.07407e-03
2.79102e-04
-3.23223e-03
-7.49904e-03
-1.15049e-02
-1.46350e-02
-1.65502e-02
-1.74677e-02
-1.75772e-02
-1.65240e-02
-1.40124e-02
-1.04496e-02
-6.05059e-03
-1.05621e-03
3.75930e-03
7.77245e-03
1.19368e-02
1.67227e-02
2.09032e-02
2.35064e-02
2.44828e-02
2.44774e-02
2.40907e-02
2.31244e-02
2.11721e-02
1.84740e-02
1.54399e-02
1.25311e-02
9.95613e-03
7.02286e-03
4.08659e-03
2.30584e-03
1.73681e-03
1.80131e-03
2.15531e-03
2.57325e-03
2.36237e-03
1.19951e-03
-4.34176e-04
-1.81075e-03
-2.08060e-03
-6.86332e-04
1.72234e-03
4.37397e-03
7.06293e-03
9.64588e-03
1.20917e-02
1.42798e-02
1.62839e-02
1.82008e-02
1.98248e-02
2.07519e-02
2.03265e-02
1.80343e-02
1.45804e-02
1.08853e-02
6.86747e-03
2.16637e-03
-2.91373e-03
-7.23124e-03
-1.00400e-02
-1.11224e-02
-1.05741e-02
-8.77437e-03
-6.34980e-03
-3.95721e-03
-2.14837e-03
-8.60814e-04
6.62174e-04
2.61493e-03
4.43976e-03
5.37335e-03
5.09444e-03
3.72063e-03
2.29966e-03
1.53224e-03
1.55849e-03
2.53727e-03
4.53752e-03
7.26314e-03
1.02821e-02
1.26689e-02
1.37631e-02
1.32091e-02
1.11544e-02
8.43334e-03
5.87729e-03
3.74976e-03
2.24614e-03
1.64002e-03
1.87243e-03
2.56882e-03
3.21456e-03
3.68187e-03
3.67554e-03
2.86634e-03
1.45871e-03
-1.85617e-04
-1.76208e-03
-2.61011e-03
-2.59607e-03
-2.28382e-03
-2.21213e-03
-2.45482e-03
-3.12076e-03
-4.34948e-03
-5.36675e-03
-5.56216e-03
-5.19632e-03
-4.63257e-03
-3.82034e-03
-2.95012e-03
-1.97019e-03
-2.06123e-04
2.17294e-03
4.57403e-03
7.11253e-03
9.99450e-03
1.31390e-02
1.63010e-02
1.87507e-02
1.97145e-02
1.97885e-02
2.00858e-02
2.06089e-02
2.02943e-02
1.83668e-02
1.53593e-02
1.23176e-02
9.75817e-03
7.61139e-03
6.09848e-03
5.55066e-03
5.64243e-03
5.75439e-03
5.64983e-03
5.72824e-03
6.22834e-03
7.05446e-03
8.14179e-03
9.01126e-03
8.92074e-03
7.94143e-03
6.30944e-03
4.08260e-03
1.43088e-03
-1.71061e-03
-5.22860e-03
-8.05619e-03
-9.17652e-03
-8.92762e-03
-8.40751e-03
-8.06307e-03
-8.00915e-03
-8.58258e-03
-9.90694e-03
-1.17425e-02
-1.32640e-02
-1.39319e-02
-1.35820e-02
-1.27482e-02
-1.18560e-02
-1.10267e-02
-1.05754e-02
-1.03347e-02
-9.47595e-03
-8.29640e-03
-7.53635e-03
-6.96807e-03
-6.16700e-03
-5.44291e-03
-5.19571e-03
-5.58721e-03
-7.04380e-03
-9.58480e-03
-1.22612e-02
-1.39644e-02
-1.48352e-02
-1.48245e-02
-1.34136e-02
-1.04369e-02
-5.83858e-03
-7.60830e-05
6.07639e-03
1.21434e-02
1.72296e-02
2.07543e-02
2.25230e-02
2.29185e-02
2.24704e-02
2.14772e-02
2.03531e-02
1.86005e-02
1.55312e-02
1.15284e-02
7.81406e-03
5.32582e-03
4.03136e-03
2.85401e-03
1.23092e-03
-3.84808e-05
-6.19840e-04
-6.84887e-04
-2.77630e-04
6.42030e-04
2.46597e-03
4.79261e-03
6.66327e-03
7.53129e-03
7.00580e-03
5.47914e-03
3.92620e-03
2.74736e-03
2.04394e-03
1.67358e-03
1.81876e-03
2.33702e-03
2.68927e-03
2.92905e-03
3.32381e-03
3.96358e-03
4.65611e-03
5.00394e-03
4.95912e-03
4.70383e-03
3.94001e-03
2.72514e-03
1.58660e-03
6.19761e-04
-2.07798e-04
-1.40050e-03
-3.19161e-03
-4.94885e-03
-5.79966e-03
-5.26549e-03
-3.77734e-03
-2.38632e-03
-2.22110e-03
-3.11942e-03
-3.96805e-03
-4.41218e-03
-4.58534e-03
-4.68805e-03
-5.12819e-03
-5.97113e-03
-7.28375e-03
-8.74136e-03
-1.02211e-02
-1.12598e-02
-1.09775e-02
-8.29732e-03
-3.68925e-03
1.36643e-03
5.65292e-03
8.83162e-03
1.07458e-02
1.12645e-02
1.07196e-02
9.99033e-03
9.51148e-03
9.12389e-03
8.18358e-03
6.78266e-03
5.15768e-03
3.87291e-03
3.10981e-03
2.80101e-03
2.92428e-03
3.47854e-03
4.17958e-03
5.01044e-03
6.08175e-03
7.34804e-03
8.65896e-03
9.55185e-03
9.46703e-03
8.85697e-03
8.50389e-03
8.43255e-03
8.15995e-03
7.53040e-03
6.27062e-03
3.91751e-03
1.91339e-04
-4.70232e-03
-9.69631e-03
-1.35750e-02
-1.60365e-02
-1.69981e-02
-1.64421e-02
-1.39992e-02
-1.01338e-02
-5.79035e-03
-1.18069e-03
3.39933e-03
7.30950e-03
9.90535e-03
1.13361e-02
1.15790e-02
1.04697e-02
7.94631e-03
4.33988e-03
3.42459e-04
-3.79323e-03
-8.11340e-03
-1.23480e-02
-1.63277e-02
-1.98885e-02
-2.25771e-02
-2.37096e-02
-2.32176e-02
-2.17124e-02
-1.96186e-02
-1.71655e-02
-1.40093e-02
-1.01824e-02
-5.98658e-03
-1.27649e-03
3.80625e-03
8.31754e-03
1.13998e-02
1.27555e-02
1.22332e-02
1.07294e-02
9.21972e-03
7.65055e-03
6.30281e-03
5.78496e-03
6.24833e-03
7.08025e-03
7.43303e-03
7.13041e-03
6.37020e-03
5.56214e-03
4.90348e-03
4.01222e-03
2.26322e-03
-2.87483e-04
-2.42162e-03
-3.66919e-03
-3.92093e-03
-3.43312e-03
-2.67528e-03
-2.17001e-03
-2.17896e-03
-2.60881e-03
-3.65409e-03
-4.90843e-03
-5.76306e-03
-5.70922e-03
-4.95210e-03
-3.97121e-03
-2.99959e-03
-2.41376e-03
-2.44921e-03
-3.12260e-03
-3.88436e-03
-4.12202e-03
-3.87041e-03
-3.45244e-03
-2.78120e-03
-1.69621e-03
-2.23694e-04
1.76877e-03
4.13958e-03
6.19506e-03
7.58198e-03
8.60109e-03
9.46057e-03
9.55819e-03
8.42750e-03
6.19757e-03
3.34008e-03
1.60015e-04
-3.00969e-03
-6.13932e-03
-8.87595e-03
-1.05853e-02
-1.17134e-02
-1.26761e-02
-1.36127e-02
-1.42872e-02
-1.43153e-02
-1.36726e-02
-1.28274e-02
-1.19279e-02
-1.12480e-02
-1.11289e-02
-1.08720e-02
-9.43179e-03
-6.47773e-03
-3.02898e-03
-1.50489e-04
1.68727e-03
2.28773e-03
1.92814e-03
9.93617e-04
-3.29228e-04
-1.80710e-03
-3.08197e-03
-4.64936e-03
-6.78055e-03
-8.86841e-03
-1.05959e-02
-1.20819e-02
-1.29578e-02
-1.28306e-02
-1.17184e-02
-9.66798e-03
-6.53581e-03
-2.91810e-03
4.52988e-04
3.24431e-03
5.33759e-03
6.82705e-03
7.49691e-03
7.01806e-03
5.14999e-03
2.15871e-03
-1.24534e-03
-4.43336e-03
-7.35565e-03
-9.49552e-03
-9.99389e-03
-8.90241e-03
-7.00862e-03
-5.08975e-03
-3.68816e-03
-2.98322e-03
-2.83820e-03
-2.49384e-03
-1.06766e-03
1.26894e-03
3.75231e-03
6.05991e-03
7.98416e-03
9.36799e-03
1.00963e-02
9.90014e-03
8.78665e-03
6.97138e-03
4.59898e-03
1.66921e-03
-1.49686e-03
-4.07112e-03
-5.91425e-03
-7.49241e-03
-8.98332e-03
-1.00890e-02
-1.04405e-02
-9.86034e-03
-8.48245e-03
-6.57916e-03
-4.70422e-03
-3.36651e-03
-2.64681e-03
-1.77971e-03
-5.67844e-04
6.93301e-04
1.90516e-03
3.04722e-03
3.72232e-03
3.43407e-03
2.49823e-03
1.21276e-03
-1.33799e-05
-1.19947e-03
-2.10158e-03
-1.97496e-03
-8.11176e-04
3.79948e-04
1.11314e-03
1.83447e-03
2.88736e-03
3.92079e-03
4.61499e-03
4.43588e-03
3.36751e-03
2.27967e-03
1.48230e-03
5.09269e-04
-1.04095e-03
-2.66735e-03
-4.25432e-03
-5.81198e-03
-7.10977e-03
-7.62800e-03
-6.98066e-03
-5.40474e-03
-2.98641e-03
7.52408e-04
5.49053e-03
9.93949e-03
1.38155e-02
1.69925e-02
1.90267e-02
1.98783e-02
1.95230e-02
1.81462e-02
1.58138e-02
1.21629e-02
7.16610e-03
1.88838e-03
-2.81665e-03
-6.18074e-03
-7.47593e-03
-6.87052e-03
-4.95338e-03
-2.32001e-03
8.43616e-04
4.43336e-03
8.06971e-03
1.13608e-02
1.42269e-02
1.59702e-02
1.60377e-02
1.48417e-02
1.30404e-02
1.09901e-02
8.31865e-03
5.08652e-03
1.97365e-03
-9.03462e-05
-9.10873e-04
-6.46205e-04
3.96972e-04
1.97012e-03
4.32002e-03
7.40902e-03
1.07546e-02
1.39627e-02
1.59156e-02
1.56446e-02
1.36291e-02
1.07049e-02
7.57871e-03
4.90078e-03
2.92715e-03
1.54763e-03
6.27275e-04
7.02980e-04
2.15652e-03
4.22002e-03
6.13461e-03
7.38220e-03
7.62539e-03
6.95124e-03
5.76606e-03
4.85606e-03
4.73142e-03
5.00200e-03
4.44850e-03
2.25893e-03
-1.23413e-03
-4.95598e-03
-8.19082e-03
-1.08896e-02
-1.27532e-02
-1.40053e-02
-1.50810e-02
-1.57703e-02
-1.59773e-02
-1.59549e-02
-1.60395e-02
-1.65051e-02
-1.67835e-02
-1.63353e-02
-1.48340e-02
-1.23569e-02
-9.37988e-03
-5.85071e-03
-2.04817e-03
1.86861e-03
5.54019e-03
8.53438e-03
1.10239e-02
1.34982e-02
1.61305e-02
1.82851e-02
1.87723e-02
1.70104e-02
1.34284e-02
8.74331e-03
3.34755e-03
-2.32745e-03
-8.04330e-03
-1.31540e-02
-1.63587e-02
-1.74543e-02
-1.70115e-02
-1.58812e-02
-1.47280e-02
-1.33098e-02
-1.15096e-02
-9.33343e-03
-7.03405e-03
-5.32661e-03
-4.10736e-03
-3.20618e-03
-2.30070e-03
-1.21806e-03
-5.30459e-04
-9.60424e-04
-2.51887e-03
-4.56981e-03
-6.11820e-03
-7.16963e-03
-7.67330e-03
-7.20590e-03
-5.92370e-03
-4.47328e-03
-3.13868e-03
-1.69543e-03
-5.89406e-04
-4.08014e-04
-1.26945e-03
-2.57158e-03
-3.45953e-03
-3.71428e-03
-3.11398e-03
-1.39929e-03
1.42414e-03
4.34029e-03
6.23982e-03
6.96503e-03
6.96966e-03
6.46758e-03
4.84187e-03
1.86185e-03
-1.67952e-03
-5.03822e-03
-7.84237e-03
-1.02406e-02
-1.22851e-02
-1.36478e-02
-1.42265e-02
-1.38137e-02
-1.26095e-02
-1.09975e-02
-8.99038e-03
-6.77551e-03
-4.74018e-03
-2.88098e-03
-1.04941e-03
1.20022e-03
4.03568e-03
7.02052e-03
9.47395e-03
1.10016e-02
1.17045e-02
1.15887e-02
1.04147e-02
8.42243e-03
6.28472e-03
4.10789e-03
1.49073e-03
-1.71319e-03
-5.17812e-03
-8.59953e-03
-1.15782e-02
-1.35625e-02
-1.38617e-02
-1.21286e-02
-8.71935e-03
-5.18979e-03
-2.36625e-03
4.59108e-04
3.16355e-03
5.06376e-03
5.69067e-03
5.53173e-03
5.28871e-03
5.07119e-03
4.70939e-03
4.10904e-03
2.98472e-03
8.99483e-04
-1.91508e-03
-4.70509e-03
-6.46558e-03
-6.76627e-03
-6.31888e-03
-6.16710e-03
-7.21604e-03
-9.62987e-03
-1.23169e-02
-1.41274e-02
-1.50520e-02
-1.57325e-02
-1.59881e-02
-1.50778e-02
-1.21980e-02
-7.81770e-03
-3.41943e-03
-1.26649e-04
1.98272e-03
3.07523e-03
3.31522e-03
2.82495e-03
1.89406e-03
1.13451e-03
5.55738e-04
-1.49802e-04
-4.95859e-04
-1.58157e-04
7.54267e-04
1.99414e-03
3.21931e-03
3.93558e-03
3.98658e-03
3.75489e-03
3.67295e-03
3.95334e-03
4.79487e-03
6.12248e-03
7.42568e-03
7.92531e-03
7.31102e-03
6.14412e-03
4.53809e-03
2.34469e-03
-1.22893e-04
-2.13845e-03
-3.30310e-03
-3.52228e-03
-2.81547e-03
-1.40477e-03
6.49443e-04
3.26669e-03
5.83017e-03
7.46665e-03
8.01064e-03
7.85203e-03
7.04637e-03
5.90638e-03
4.27776e-03
1.97968e-03
-5.45208e-04
-2.51479e-03
-3.95701e-03
-5.34493e-03
-6.54371e-03
-7.40081e-03
-7.61732e-03
-7.09160e-03
-6.07486e-03
-4.39138e-03
-2.35113e-03
-1.80290e-04
2.84881e-03
6.80168e-03
1.10473e-02
1.44760e-02
1.66442e-02
1.76008e-02
1.74722e-02
1.65052e-02
1.52386e-02
1.43171e-02
1.38688e-02
1.35032e-02
1.29142e-02
1.20878e-02
1.15173e-02
1.14125e-02
1.10266e-02
9.29705e-03
6.86391e-03
4.84232e-03
3.13539e-03
1.72989e-03
7.74910e-04
2.53671e-04
3.63099e-04
8.93366e-04
1.27537e-03
1.58653e-03
2.31481e-03
3.25091e-03
3.70767e-03
3.23264e-03
1.87440e-03
-1.32579e-04
-2.10850e-03
-3.01038e-03
-2.45813e-03
-1.32130e-03
-3.71476e-04
4.28854e-04
1.39916e-03
2.48649e-03
2.81815e-03
1.96533e-03
7.69801e-04
-1.42757e-04
-8.75248e-04
-1.39228e-03
-1.64209e-03
-1.93482e-03
-2.27440e-03
-3.07322e-03
-4.03416e-03
-4.59820e-03
-4.84721e-03
-4.64500e-03
-3.93410e-03
-2.40867e-03
-4.42817e-05
2.53744e-03
4.50723e-03
5.33266e-03
4.61839e-03
3.09666e-03
1.29247e-03
-8.42590e-04
-3.02152e-03
-4.23420e-03
-3.83881e-03
-1.83236e-03
1.34709e-03
5.16222e-03
8.75337e-03
1.16123e-02
1.32750e-02
1.32828e-02
1.13393e-02
7.83304e-03
3.59619e-03
-9.72397e-04
-5.63147e-03
-1.02905e-02
-1.45890e-02
-1.76162e-02
-1.92184e-02
-1.93970e-02
-1.84221e-02
-1.67544e-02
-1.46370e-02
-1.22606e-02
-9.76365e-03
-7.20812e-03
-4.62094e-03
-2.27993e-03
-5.85383e-04
3.41215e-04
8.36711e-04
1.11670e-03
9.91661e-04
6.90958e-04
2.26736e-04
-6.80311e-04
-2.05246e-03
-3.84603e-03
-5.82944e-03
-7.74619e-03
-9.12283e-03
-9.18613e-03
-7.90642e-03
-5.84604e-03
-3.56952e-03
-1.94122e-03
-1.22325e-03
-6.60953e-04
2.75602e-04
1.96472e-03
4.39412e-03
6.81353e-03
8.82766e-03
1.03497e-02
1.11520e-02
1.11193e-02
1.00865e-02
8.65570e-03
7.15068e-03
5.21523e-03
2.87984e-03
1.17052e-03
7.78562e-04
1.34311e-03
2.72758e-03
4.80815e-03
6.60985e-03
8.09416e-03
9.77602e-03
1.11234e-02
1.13078e-02
1.00927e-02
8.42685e-03
6.74430e-03
4.75343e-03
2.56121e-03
8.93271e-04
-3.33305e-04
-1.27662e-03
-2.21092e-03
-3.31207e-03
-4.15927e-03
-4.73124e-03
-5.65412e-03
-6.84404e-03
-7.64726e-03
-7.08105e-03
-5.04847e-03
-2.59348e-03
-5.37879e-04
1.04152e-03
2.43813e-03
3.55342e-03
4.57249e-03
5.59069e-03
6.25585e-03
6.60307e-03
7.27093e-03
8.70902e-03
1.06044e-02
1.22726e-02
1.35606e-02
1.43888e-02
1.49443e-02
1.49846e-02
1.41604e-02
1.27255e-02
1.09877e-02
8.87070e-03
6.62503e-03
4.56438e-03
2.15193e-03
-1.24074e-03
-5.10594e-03
-8.13074e-03
-9.43206e-03
-9.02804e-03
-7.15495e-03
-4.14459e-03
-9.54289e-04
1.63480e-03
3.43567e-03
4.63024e-03
5.37654e-03
5.72480e-03
5.74942e-03
5.12317e-03
4.00436e-03
3.19749e-03
2.46100e-03
1.10445e-03
-1.01418e-03
-3.61797e-03
-6.00208e-03
-7.85326e-03
-9.07794e-03
-9.51091e-03
-9.44088e-03
-9.20287e-03
-8.27939e-03
-6.10960e-03
-2.74767e-03
1.33013e-03
5.68412e-03
9.52568e-03
1.23734e-02
1.45167e-02
1.57297e-02
1.52998e-02
1.38428e-02
1.21197e-02
1.00537e-02
7.19034e-03
3.30281e-03
-1.62338e-03
-6.65462e-03
-1.07731e-02
-1.37008e-02
-1.57310e-02
-1.71080e-02
-1.84601e-02
-1.96651e-02
-1.99684e-02
-1.86332e-02
-1.59289e-02
-1.29137e-02
-1.05791e-02
-9.41719e-03
-8.64073e-03
-7.85474e-03
-7.57353e-03
-8.56125e-03
-1.04715e-02
-1.25323e-02
-1.42060e-02
-1.45499e-02
-1.32774e-02
-1.14554e-02
-9.58755e-03
-7.52191e-03
-5.33674e-03
-3.49747e-03
-1.94818e-03
-2.14622e-04
1.59080e-03
2.94953e-03
3.66428e-03
4.31331e-03
5.21725e-03
5.94610e-03
6.15194e-03
6.02454e-03
5.88186e-03
5.37482e-03
4.21141e-03
2.74193e-03
1.34466e-03
6.58739e-04
2.05073e-04
-1.04362e-03
-3.19186e-03
-5.64018e-03
-7.75220e-03
-9.20383e-03
-9.69022e-03
-9.52668e-03
-9.33563e-03
-9.17428e-03
-8.55734e-03
-7.54778e-03
-6.28998e-03
-4.92359e-03
-3.20026e-03
-8.92500e-04
1.91727e-03
5.27667e-03
8.39824e-03
1.01962e-02
1.00304e-02
8.53360e-03
6.79918e-03
4.91666e-03
2.40081e-03
-7.40663e-04
-3.86529e-03
-6.62807e-03
-8.76066e-03
-1.01389e-02
-1.07156e-02
-1.02675e-02
-8.76924e-03
-7.13287e-03
-5.82494e-03
-5.01554e-03
-4.97816e-03
-6.00408e-03
-7.50987e-03
-9.11930e-03
-1.10040e-02
-1.29175e-02
-1.44147e-02
-1.51050e-02
-1.50923e-02
-1.46471e-02
-1.33762e-02
-1.12203e-02
-9.07663e-03
-7.48317e-03
-5.85756e-03
-3.82472e-03
-2.13143e-03
-1.06347e-03
-2.50227e-04
6.06537e-04
1.88556e-03
3.46768e-03
5.83850e-03
9.01206e-03
1.14430e-02
1.21925e-02
1.15211e-02
1.02974e-02
9.05633e-03
8.03306e-03
6.41052e-03
3.53785e-03
1.07578e-04
-2.91131e-03
-5.11879e-03
-6.34205e-03
-6.27292e-03
-5.05017e-03
-3.58269e-03
-2.36090e-03
-1.61746e-03
-9.51854e-04
-6.26298e-05
6.84364e-04
1.41257e-03
2.55729e-03
3.76235e-03
4.84946e-03
5.67803e-03
6.00368e-03
5.94834e-03
6.11154e-03
7.05817e-03
8.61736e-03
1.01749e-02
1.11417e-02
1.12906e-02
1.09905e-02
1.02844e-02
9.13226e-03
7.82838e-03
6.56705e-03
5.90387e-03
5.67968e-03
5.61716e-03
5.82070e-03
6.40843e-03
7.41381e-03
8.33986e-03
8.60672e-03
7.99587e-03
6.76387e-03
5.62442e-03
4.64641e-03
3.61430e-03
2.36539e-03
9.84724e-04
-4.61928e-04
-2.08918e-03
-3.73283e-03
-5.49245e-03
-7.02587e-03
-8.09767e-03
-8.98840e-03
-9.67432e-03
-9.96499e-03
-9.95143e-03
-9.89039e-03
-9.84981e-03
-9.51736e-03
-8.89365e-03
-8.10974e-03
-7.40808e-03
-6.71468e-03
-5.69768e-03
-4.31975e-03
-2.77785e-03
-1.08941e-03
4.81802e-04
1.91774e-03
3.16128e-03
4.46816e-03
5.38582e-03
4.95023e-03
2.88511e-03
-1.38648e-05
-2.78302e-03
-5.00397e-03
-6.59135e-03
-7.65289e-03
-8.07682e-03
-7.71125e-03
-6.89017e-03
-5.46458e-03
-3.35168e-03
-1.25615e-03
3.57855e-04
2.09152e-03
4.42092e-03
6.68958e-03
8.08955e-03
8.44029e-03
8.61478e-03
9.58893e-03
1.07882e-02
1.09140e-02
9.38110e-03
7.16565e-03
5.66622e-03
5.46578e-03
6.00311e-03
6.75835e-03
7.76718e-03
8.87916e-03
1.00644e-02
1.08477e-02
1.09767e-02
1.07600e-02
1.02561e-02
9.20495e-03
7.72602e-03
5.94522e-03
4.27763e-03
2.71523e-03
1.20035e-03
-1.75199e-04
-1.48431e-03
-2.79464e-03
-4.68832e-03
-7.03234e-03
-9.00870e-03
-1.03253e-02
-1.13186e-02
-1.18874e-02
-1.14595e-02
-1.03935e-02
-9.19947e-03
-7.49940e-03
-5.11494e-03
-2.90292e-03
-1.51346e-03
-6.18052e-04
-6.60931e-04
-1.77713e-03
-2.80922e-03
-3.17786e-03
-2.90438e-03
-2.29161e-03
-1.86356e-03
-1.17289e-03
5.82848e-04
2.95578e-03
4.93577e-03
6.51940e-03
8.39862e-03
1.05817e-02
1.24172e-02
1.32608e-02
1.24607e-02
9.77774e-03
6.16829e-03
2.71171e-03
-5.03475e-04
-3.61081e-03
-6.69477e-03
-9.21352e-03
-1.05969e-02
-1.09548e-02
-1.03755e-02
-8.75959e-03
-6.25223e-03
-3.05215e-03
6.47841e-04
4.54336e-03
8.32507e-03
1.14549e-02
1.31121e-02
1.31196e-02
1.17042e-02
9.51784e-03
7.83676e-03
6.86742e-03
6.30195e-03
5.89090e-03
4.91254e-03
3.48926e-03
2.17236e-03
9.70112e-04
-7.06230e-04
-3.16605e-03
-5.72966e-03
-8.03916e-03
-1.02031e-02
-1.20506e-02
-1.32251e-02
-1.32771e-02
-1.24242e-02
-1.07851e-02
-8.46322e-03
-5.83792e-03
-3.25880e-03
-1.04827e-03
1.43188e-04
2.40899e-04
-5.06242e-05
-8.58477e-05
2.01220e-04
5.03058e-04
5.72315e-04
4.24865e-04
2.58076e-04
1.95418e-04
-1.41248e-04
-1.20103e-03
-2.66628e-03
-4.34188e-03
-5.92926e-03
-7.06306e-03
-7.65123e-03
-7.90337e-03
-7.72914e-03
-7.01015e-03
-5.54942e-03
-3.77133e-03
-2.00215e-03
-3.85755e-04
9.24019e-04
1.58599e-03
1.01338e-03
-4.43145e-04
-2.27838e-03
-3.84027e-03
-4.67975e-03
-4.74245e-03
-4.51414e-03
-4.98862e-03
-6.44619e-03
-7.68841e-03
-7.89241e-03
-7.16826e-03
-6.17088e-03
-5.45213e-03
-5.02204e-03
-4.91279e-03
-5.10397e-03
-5.89896e-03
-7.09829e-03
-7.79998e-03
-7.71814e-03
-7.29080e-03
-6.72059e-03
-5.88199e-03
-4.98788e-03
-3.96145e-03
-2.84251e-03
-2.11509e-03
-1.38950e-03
-3.58770e-04
3.98039e-04
4.38280e-04
-5.02542e-04
-2.06607e-03
-3.78609e-03
-5.46178e-03
-7.22308e-03
-9.10698e-03
-1.10532e-02
-1.24692e-02
-1.28738e-02
-1.24716e-02
-1.12059e-02
-9.16666e-03
-7.29261e-03
-5.46273e-03
-3.04741e-03
-1.63827e-04
2.63929e-03
4.87477e-03
6.65676e-03
7.78495e-03
8.09470e-03
7.97338e-03
7.91860e-03
8.07543e-03
8.03793e-03
7.12746e-03
5.77376e-03
4.55617e-03
3.62616e-03
2.90508e-03
1.71214e-03
-1.85239e-04
-2.59404e-03
-5.11872e-03
-7.36823e-03
-9.30248e-03
-1.09061e-02
-1.20709e-02
-1.25869e-02
-1.22161e-02
-1.09764e-02
-9.50760e-03
-7.79674e-03
-5.77480e-03
-3.91179e-03
-2.31572e-03
-7.89371e-04
6.00511e-04
1.95957e-03
2.88476e-03
3.30345e-03
3.90360e-03
4.38812e-03
3.87134e-03
2.96570e-03
2.62807e-03
3.45416e-03
5.10157e-03
6.18799e-03
6.13821e-03
5.57357e-03
5.54277e-03
6.59700e-03
8.31752e-03
9.97187e-03
1.14759e-02
1.28675e-02
1.36004e-02
1.35463e-02
1.28393e-02
1.13404e-02
9.03937e-03
6.39865e-03
4.13358e-03
2.40204e-03
1.18623e-03
6.27887e-04
2.05568e-04
-7.32313e-04
-1.87031e-03
-2.45787e-03
-2.37004e-03
-1.94681e-03
-1.01833e-03
2.83329e-04
1.73413e-03
2.83992e-03
2.98386e-03
1.74782e-03
-3.54523e-04
-2.60260e-03
-4.73208e-03
-6.59443e-03
-8.32518e-03
-9.61898e-03
-1.00829e-02
-9.81217e-03
-8.77315e-03
-7.38567e-03
-5.99221e-03
-4.79338e-03
-3.56220e-03
-2.58085e-03
-2.49798e-03
-3.64955e-03
-4.74292e-03
-4.15387e-03
-2.29149e-03
-3.63155e-05
2.27623e-03
4.36905e-03
5.65950e-03
6.11386e-03
5.85787e-03
5.10987e-03
3.70674e-03
1.77240e-03
-5.16993e-04
-3.00559e-03
-5.34540e-03
-6.92335e-03
-7.39272e-03
-6.99403e-03
-6.06551e-03
-5.09980e-03
-4.67112e-03
-4.44668e-03
-3.62459e-03
-2.58204e-03
-1.67052e-03
-2.12872e-04
1.83897e-03
3.69455e-03
5.01460e-03
5.57042e-03
5.52906e-03
5.37920e-03
5.43616e-03
5.65053e-03
5.79815e-03
5.73782e-03
5.06635e-03
3.76201e-03
3.35049e-03
4.57729e-03
6.02286e-03
6.41596e-03
5.90553e-03
5.36258e-03
5.30741e-03
5.57845e-03
5.29056e-03
4.04264e-03
2.61734e-03
1.44435e-03
4.00848e-04
-7.50697e-04
-2.07254e-03
-3.45781e-03
-4.52643e-03
-4.90254e-03
-4.76621e-03
-4.57862e-03
-4.34547e-03
-3.64105e-03
-2.64401e-03
-2.06676e-03
-2.11173e-03
-2.38707e-03
-2.48746e-03
-2.35467e-03
-2.08149e-03
-1.29278e-03
9.64908e-06
1.48267e-03
2.70698e-03
3.25831e-03
3.80651e-03
4.82136e-03
5.76812e-03
6.68724e-03
7.69405e-03
8.21084e-03
7.54328e-03
6.11643e-03
5.23893e-03
5.27083e-03
5.03382e-03
3.60356e-03
1.60270e-03
1.84450e-04
-6.76405e-04
-1.48359e-03
-2.04308e-03
-2.17697e-03
-2.08777e-03
-2.04969e-03
-2.13591e-03
-2.24934e-03
-2.29202e-03
-2.25946e-03
-2.16459e-03
-1.84258e-03
-1.59864e-03
-1.82999e-03
-2.23920e-03
-2.51056e-03
-3.13408e-03
-4.23210e-03
-5.00760e-03
-5.06304e-03
-4.75223e-03
-4.42240e-03
-3.66455e-03
-2.49057e-03
-1.03355e-03
2.50394e-04
1.15290e-03
1.99431e-03
2.71327e-03
3.03503e-03
2.92945e-03
2.29755e-03
1.15524e-03
-2.00205e-04
-1.42951e-03
-2.20304e-03
-2.64252e-03
-2.63550e-03
-2.26489e-03
-2.00263e-03
-1.90202e-03
-1.21093e-03
-5.66638e-05
6.49395e-04
7.71338e-04
1.32980e-03
2.60469e-03
4.29097e-03
5.61266e-03
6.11038e-03
6.64530e-03
7.56108e-03
8.10655e-03
7.29932e-03
5.27325e-03
2.64122e-03
-5.51042e-04
-3.32685e-03
-5.19537e-03
-6.41005e-03
-7.29187e-03
-8.49973e-03
-9.74321e-03
-1.03291e-02
-1.02378e-02
-9.96423e-03
-9.64050e-03
-8.62100e-03
-6.90875e-03
-5.06977e-03
-3.11918e-03
-1.06928e-03
2.67410e-04
4.77708e-04
1.24077e-04
-5.45509e-05
1.49130e-04
4.68488e-04
6.15743e-04
6.85868e-04
1.21749e-03
2.28329e-03
3.15055e-03
3.57360e-03
4.32445e-03
5.31610e-03
5.62776e-03
4.44682e-03
2.33609e-03
4.78950e-04
-6.67351e-04
-1.38326e-03
-1.81121e-03
-1.97667e-03
-1.76336e-03
-7.81849e-04
5.98801e-04
2.05548e-03
3.31942e-03
4.56154e-03
5.44310e-03
5.28411e-03
3.97699e-03
2.54274e-03
1.52763e-03
8.53218e-04
3.21556e-04
-5.30292e-04
-1.88163e-03
-3.43763e-03
-4.67576e-03
-5.15819e-03
-5.04859e-03
-4.83879e-03
-4.47793e-03
-3.56505e-03
-2.46244e-03
-1.40665e-03
-1.00654e-04
1.89325e-03
4.51127e-03
7.29603e-03
9.89085e-03
1.21004e-02
1.37199e-02
1.45176e-02
1.40948e-02
1.24604e-02
1.00218e-02
7.60869e-03
5.69188e-03
3.81035e-03
1.97353e-03
9.47205e-04
8.72134e-04
1.12278e-03
1.12896e-03
8.46995e-04
5.50595e-04
4.59275e-04
5.16290e-04
2.82463e-04
-6.66683e-04
-1.92276e-03
-3.13182e-03
-4.16181e-03
-4.03516e-03
-2.67585e-03
-8.50237e-04
1.11775e-03
2.62023e-03
3.10569e-03
3.10705e-03
3.08515e-03
2.99019e-03
2.82659e-03
2.13671e-03
9.51256e-04
1.97737e-04
5.66600e-04
1.88672e-03
3.11390e-03
3.41483e-03
2.99899e-03
2.57546e-03
2.44652e-03
1.91681e-03
8.87661e-04
1.84351e-05
-8.22160e-04
-1.32122e-03
-1.09099e-03
-2.78742e-04
4.00395e-04
5.30258e-05
-1.28867e-03
-2.51408e-03
-2.78518e-03
-2.32503e-03
-1.87869e-03
-1.86675e-03
-1.98796e-03
-1.31971e-03
-6.93239e-05
8.99470e-04
1.83243e-03
2.70406e-03
3.09389e-03
3.02093e-03
2.85162e-03
2.59361e-03
1.69713e-03
3.50205e-04
-1.15291e-03
-2.17123e-03
-2.33559e-03
-2.03440e-03
-1.71522e-03
-1.17967e-03
-1.74134e-04
1.16365e-03
2.42694e-03
3.07719e-03
3.05385e-03
2.81335e-03
2.76401e-03
2.93417e-03
2.95513e-03
2.26990e-03
1.07922e-03
4.48619e-04
1.14209e-03
2.57280e-03
3.47019e-03
3.38765e-03
2.85620e-03
2.57846e-03
2.73823e-03
2.67116e-03
1.88762e-03
1.48469e-03
2.18771e-03
3.57062e-03
5.07087e-03
6.07427e-03
6.74543e-03
7.07097e-03
6.50349e-03
5.22543e-03
3.73433e-03
2.86653e-03
2.42278e-03
1.54766e-03
9.69628e-05
-1.54404e-03
-2.46457e-03
-2.95605e-03
-3.81874e-03
-4.70687e-03
-5.58861e-03
-6.70423e-03
-7.49131e-03
-7.64574e-03
-7.68093e-03
-7.88048e-03
-7.80441e-03
-7.23665e-03
-6.14355e-03
-4.49883e-03
-2.25731e-03
-1.50414e-04
1.24432e-03
2.24576e-03
3.32218e-03
4.62064e-03
4.93350e-03
3.81640e-03
2.27481e-03
1.07295e-03
5.73033e-04
1.26156e-03
2.70125e-03
3.56818e-03
3.50283e-03
3.67370e-03
4.68628e-03
5.62703e-03
5.48376e-03
4.23845e-03
2.86796e-03
1.76765e-03
7.73078e-04
-4.90519e-04
-2.44641e-03
-4.35965e-03
-5.15808e-03
-4.90691e-03
-4.37469e-03
-3.54903e-03
-1.80471e-03
7.92413e-04
2.96297e-03
4.18321e-03
4.86782e-03
5.20480e-03
5.33132e-03
5.41151e-03
5.44168e-03
5.02721e-03
3.99640e-03
3.00950e-03
2.54509e-03
1.90221e-03
9.45092e-04
3.24237e-04
2.63446e-04
2.85916e-04
-5.31787e-04
-1.88533e-03
-2.57051e-03
-1.92026e-03
-3.95982e-04
9.11214e-04
1.90186e-03
2.80739e-03
4.00245e-03
5.29174e-03
6.29725e-03
6.73050e-03
6.32675e-03
5.48087e-03
4.52572e-03
3.47267e-03
2.28560e-03
1.13858e-03
4.82815e-04
4.29802e-04
6.10830e-04
5.27683e-04
-1.27455e-05
-2.67879e-04
4.42517e-05
4.45186e-04
5.73262e-04
5.90524e-04
1.09240e-03
2.19042e-03
3.11595e-03
3.30109e-03
2.97634e-03
2.71401e-03
2.75069e-03
2.94149e-03
3.06106e-03
2.78048e-03
1.65727e-03
3.84728e-04
-2.87231e-04
-5.70234e-04
-7.28030e-04
-6.24448e-04
-1.00896e-04
7.96940e-04
2.06603e-03
3.38000e-03
4.65133e-03
5.84003e-03
7.49397e-03
9.54022e-03
1.08738e-02
1.11957e-02
1.13101e-02
1.18241e-02
1.27478e-02
1.30872e-02
1.20587e-02
1.02888e-02
8.63515e-03
7.69456e-03
7.09698e-03
6.34834e-03
5.28874e-03
3.87351e-03
2.43403e-03
1.08276e-03
2.51667e-04
-3.20568e-04
-1.29249e-03
-2.24426e-03
-2.63364e-03
-3.05608e-03
-4.13258e-03
-5.16607e-03
-5.99609e-03
-6.95341e-03
-7.37536e-03
-6.62086e-03
-5.29745e-03
-4.09942e-03
-3.05246e-03
-1.98667e-03
-4.65567e-04
1.26391e-03
2.50626e-03
2.81461e-03
2.54124e-03
2.34471e-03
2.47677e-03
2.77648e-03
3.47742e-03
4.69607e-03
5.80503e-03
6.20005e-03
5.68563e-03
4.99630e-03
4.29657e-03
3.30807e-03
2.08388e-03
7.64125e-04
1.29964e-05
-3.76800e-05
-8.64998e-05
-2.84299e-04
-2.52836e-04
-5.46159e-05
1.12126e-04
4.80677e-04
1.36073e-03
2.33767e-03
2.76203e-03
2.61216e-03
2.34288e-03
2.29447e-03
2.42934e-03
2.54579e-03
2.54901e-03
2.47865e-03
2.39696e-03
2.24953e-03
1.51810e-03
2.77407e-04
-5.31410e-04
-6.22593e-04
-9.97220e-04
-2.11577e-03
-3.10393e-03
-3.42628e-03
-3.88017e-03
-4.92950e-03
-5.76594e-03
-5.49898e-03
-4.34888e-03
-4.00144e-03
-5.02788e-03
-6.28813e-03
-7.05931e-03
-7.38123e-03
-7.58518e-03
-7.22760e-03
-6.36967e-03
-5.68455e-03
-4.93044e-03
-3.91554e-03
-2.54828e-03
-1.31233e-03
-7.90069e-04
-5.64692e-04
-2.36779e-04
-1.11540e-05
-3.42420e-04
-1.01570e-03
-1.43026e-03
-1.40098e-03
-1.19415e-03
-1.12612e-03
-1.36601e-03
-2.17756e-03
-3.37870e-03
-4.19936e-03
-4.28531e-03
-3.98914e-03
-3.68386e-03
-3.15910e-03
-2.29248e-03
-1.36603e-03
-2.27069e-04
8.82551e-04
1.85068e-03
2.78702e-03
3.40642e-03
3.52806e-03
3.39232e-03
3.31401e-03
3.08476e-03
2.10268e-03
9.36563e-04
2.77635e-04
1.26490e-04
8.00959e-05
-6.38779e-04
-1.64500e-03
-2.14452e-03
-2.04420e-03
-1.97380e-03
-2.27701e-03
-2.38666e-03
-2.13036e-03
-1.86181e-03
-1.62793e-03
-9.99535e-04
-7.74382e-06
6.80567e-04
7.38423e-04
4.73046e-04
3.20334e-04
4.11308e-04
5.91807e-04
6.82561e-04
6.48724e-04
5.71920e-04
5.32935e-04
5.27755e-04
5.13607e-04
4.91890e-04
4.80927e-04
5.00710e-04
5.30727e-04
5.20927e-04
4.71056e-04
1.67052e-04
-7.23248e-04
-1.85535e-03
-2.70949e-03
-3.51436e-03
-4.32828e-03
-4.76058e-03
-4.75214e-03
-4.50796e-03
-3.74359e-03
-2.60221e-03
-1.89097e-03
-1.61707e-03
-1.31524e-03
-7.48541e-04
-3.83808e-04
-9.12669e-04
-1.98539e-03
-2.93629e-03
-3.44268e-03
-3.40905e-03
-2.87847e-03
-2.18419e-03
-1.52503e-03
-6.90494e-04
2.69743e-04
1.49775e-03
2.65895e-03
3.14673e-03
2.93188e-03
2.16852e-03
1.08950e-03
1.54010e-04
-8.40339e-04
-1.81387e-03
-2.28310e-03
-2.23134e-03
-2.05288e-03
-2.04748e-03
-2.12449e-03
-1.83376e-03
-1.24983e-03
-8.72963e-04
-8.86882e-04
-1.19432e-03
-1.78154e-03
-2.30323e-03
-2.56407e-03
-2.93520e-03
-3.40702e-03
-3.53861e-03
-2.99408e-03
-2.26563e-03
-1.98736e-03
-2.17734e-03
-2.43989e-03
-2.48873e-03
-2.35191e-03
-2.21295e-03
-2.18535e-03
-2.24372e-03
-2.30270e-03
-2.31329e-03
-2.28787e-03
-2.26332e-03
-2.25980e-03
-2.27118e-03
-2.28159e-03
-2.28287e-03
-2.27800e-03
-2.27380e-03
-2.27359e-03
-2.28444e-03
-2.49406e-03
-3.28683e-03
-4.41385e-03
-5.06046e-03
-4.99204e-03
-4.62779e-03
-3.96229e-03
-2.89283e-03
-2.14127e-03
-2.06438e-03
-2.05371e-03
-1.34597e-03
-6.94194e-04
-1.21446e-03
-2.25394e-03
-3.00286e-03
-3.40973e-03
-3.78741e-03
-4.33994e-03
-4.81725e-03
-5.34350e-03
-6.25482e-03
-7.22376e-03
-7.67894e-03
-7.60101e-03
-7.38596e-03
-7.34671e-03
-7.39122e-03
-6.76723e-03
-5.14461e-03
-3.18854e-03
-1.36293e-03
3.00106e-07
7.28196e-04
7.12908e-04
2.65319e-04
1.27412e-05
-1.99786e-07
-6.12844e-04
-1.75057e-03
-2.64597e-03
-3.53477e-03
-4.46332e-03
-4.95751e-03
-4.93460e-03
-4.82500e-03
-5.22570e-03
-5.91498e-03
-5.95302e-03
-5.28903e-03
-4.70314e-03
-4.64442e-03
-4.91649e-03
-5.11906e-03
-4.96262e-03
-4.17816e-03
-2.96068e-03
-2.11478e-03
-2.05694e-03
-2.30602e-03
-2.02085e-03
-1.18152e-03
-1.94396e-04
4.03946e-04
4.55992e-04
4.44704e-04
9.00555e-04
1.73160e-03
2.62715e-03
3.11875e-03
3.07852e-03
2.81544e-03
2.69085e-03
2.78691e-03
2.93921e-03
2.81098e-03
2.20759e-03
1.40923e-03
6.80154e-04
3.21830e-04
3.60120e-04
5.02727e-04
2.48815e-04
-5.25926e-04
-1.42659e-03
-2.13332e-03
-2.39937e-03
-2.82352e-03
-3.92789e-03
-4.93948e-03
-5.20409e-03
-4.91105e-03
-4.36649e-03
-3.50304e-03
-2.56202e-03
-1.85150e-03
-1.07425e-03
1.33109e-04
1.67446e-03
2.89889e-03
3.60818e-03
4.32626e-03
5.14230e-03
5.63968e-03
5.63914e-03
5.12239e-03
4.41438e-03
4.02277e-03
3.76460e-03
3.35670e-03
2.96365e-03
2.40608e-03
1.44810e-03
5.26539e-04
1.00197e-04
-1.96768e-04
-6.18599e-04
-8.72276e-04
-5.29887e-04
2.20404e-04
1.12543e-03
2.19747e-03
3.43790e-03
4.66958e-03
5.51565e-03
5.99665e-03
6.08535e-03
6.15014e-03
6.47434e-03
6.82138e-03
6.82200e-03
6.24940e-03
5.56521e-03
5.31533e-03
5.48445e-03
5.58250e-03
4.97989e-03
3.73340e-03
2.75365e-03
2.60427e-03
2.96522e-03
3.23720e-03
3.30634e-03
3.60843e-03
4.07749e-03
4.13597e-03
3.51058e-03
2.81088e-03
2.63010e-03
2.89794e-03
2.96694e-03
2.20165e-03
9.15012e-04
7.26175e-05
3.88671e-05
3.99642e-04
8.16042e-04
1.51089e-03
2.46127e-03
3.27231e-03
3.84680e-03
3.90007e-03
3.33675e-03
2.76240e-03
2.14304e-03
1.11850e-03
-2.16973e-04
-1.62256e-03
-2.37800e-03
-2.33917e-03
-2.03118e-03
-1.94757e-03
-2.13792e-03
-2.36203e-03
-2.45000e-03
-2.65102e-03
-2.87863e-03
-2.69401e-03
-2.26075e-03
-1.72013e-03
-1.14421e-03
-5.28444e-04
1.10709e-04
8.06384e-04
1.76748e-03
2.70622e-03
3.11573e-03
3.01118e-03
2.75252e-03
2.30881e-03
1.43251e-03
4.00474e-04
-7.75277e-04
-1.96162e-03
-2.99160e-03
-3.97112e-03
-4.69060e-03
-4.92269e-03
-4.75526e-03
-4.15201e-03
-3.13943e-03
-2.30939e-03
-2.07020e-03
-1.82621e-03
-9.73649e-04
3.38842e-05
4.91537e-04
3.85882e-04
1.59618e-04
1.20610e-04
-2.11300e-07
-8.95257e-04
-2.07296e-03
-2.61898e-03
-2.45636e-03
-2.10487e-03
-1.99905e-03
-2.16328e-03
-2.36431e-03
-2.42414e-03
-2.35333e-03
-2.26574e-03
-2.24055e-03
-2.27134e-03
-2.30884e-03
-2.33367e-03
-2.36257e-03
-2.38792e-03
-2.39494e-03
-2.37413e-03
-2.32629e-03
-2.29667e-03
-2.49446e-03
-2.90321e-03
-3.10110e-03
-3.26557e-03
-3.47624e-03
-3.62837e-03
-3.65610e-03
-3.38549e-03
-2.95729e-03
-2.78883e-03
-2.61381e-03
-2.14216e-03
-1.41399e-03
-9.15240e-04
-6.04265e-04
-1.45533e-04
2.81059e-04
6.98872e-04
1.51957e-03
2.57156e-03
3.16437e-03
3.11746e-03
2.82194e-03
2.41475e-03
1.60056e-03
6.48415e-04
9.69665e-05
-5.15562e-04
-1.52027e-03
-2.34382e-03
-2.86646e-03
-3.29557e-03
-3.56427e-03
-3.57985e-03
-3.17141e-03
-2.41494e-03
-1.30710e-03
-8.63087e-06
1.36562e-03
2.92713e-03
4.43122e-03
5.33235e-03
5.10347e-03
3.85598e-03
2.28629e-03
8.12637e-04
-7.33075e-04
-2.12779e-03
-3.41583e-03
-4.45607e-03
-4.89403e-03
-4.83983e-03
-4.70628e-03
-4.74480e-03
-4.82952e-03
-4.44136e-03
-3.40532e-03
-2.25739e-03
-1.06595e-03
-6.38862e-05
3.94938e-04
8.02308e-04
1.72771e-03
2.75306e-03
3.19847e-03
3.02801e-03
2.71916e-03
2.64756e-03
2.67731e-03
2.20690e-03
9.91636e-04
-5.65168e-04
-1.84921e-03
-2.36880e-03
-2.22786e-03
-1.84712e-03
-1.34844e-03
-8.57529e-04
-3.19647e-04
1.20919e-04
3.00422e-04
4.06772e-04
8.74832e-04
1.65131e-03
2.50152e-03
3.03156e-03
3.07479e-03
2.88582e-03
2.78903e-03
2.87245e-03
2.99647e-03
2.65403e-03
1.47572e-03
3.06423e-04
-2.26731e-04
-2.87241e-04
-1.29456e-04
-3.07507e-04
-5.83174e-04
-3.33364e-04
2.21454e-04
5.33455e-04
4.67605e-04
2.73085e-04
1.97640e-04
2.71628e-04
3.77159e-04
4.15020e-04
3.82972e-04
3.08212e-04
-2.60733e-04
-1.50844e-03
-2.53220e-03
-3.24652e-03
-4.38652e-03
-5.46774e-03
-5.79620e-03
-5.57611e-03
-5.04409e-03
-4.43381e-03
-3.58551e-03
-2.39954e-03
-1.01359e-03
6.16421e-04
2.27493e-03
3.43728e-03
4.03456e-03
4.42241e-03
4.57602e-03
4.05517e-03
3.09555e-03
1.91704e-03
6.86824e-04
-6.55446e-04
-2.53463e-03
-4.36687e-03
-5.15651e-03
-4.94552e-03
-4.49452e-03
-4.06919e-03
-3.38520e-03
-2.60879e-03
-2.22982e-03
-2.25494e-03
-2.03865e-03
-1.07702e-03
1.05613e-04
6.56992e-04
4.06557e-04
-3.26974e-04
-6.91814e-04
-5.83522e-04
-2.39287e-04
-1.24119e-04
-1.10125e-04
8.71133e-05
4.00668e-04
1.02397e-03
2.05972e-03
2.94662e-03
3.18783e-03
3.03555e-03
3.17103e-03
3.38168e-03
3.27675e-03
3.02493e-03
2.90249e-03
2.95223e-03
2.96742e-03
2.63849e-03
2.33132e-03
2.23005e-03
2.49527e-03
2.93964e-03
3.16312e-03
2.95136e-03
2.24473e-03
1.43220e-03
7.49369e-04
3.86343e-04
3.77168e-04
4.97773e-04
5.28533e-04
5.64190e-04
1.08113e-03
2.14075e-03
3.28622e-03
4.39072e-03
4.93275e-03
5.09427e-03
5.12987e-03
4.79497e-03
4.18156e-03
3.46409e-03
2.96373e-03
2.68646e-03
2.05637e-03
9.90567e-04
1.89248e-04
6.17272e-05
3.25751e-04
5.09328e-04
4.37872e-04
2.52501e-04
1.46482e-04
1.71729e-04
2.50817e-04
3.04333e-04
5.04550e-04
1.05759e-03
1.40738e-03
1.18624e-03
1.05103e-03
1.09436e-03
8.44142e-04
7.97516e-04
1.71712e-03
3.13157e-03
4.22324e-03
4.48868e-03
4.17710e-03
3.62585e-03
3.02894e-03
2.74185e-03
2.59347e-03
2.41923e-03
2.03516e-03
1.07865e-03
2.26692e-04
5.66908e-05
3.54512e-04
5.82751e-04
4.98621e-04
2.82548e-04
4.48763e-04
1.43503e-03
3.37615e-03
6.09218e-03
8.90439e-03
1.10867e-02
1.24305e-02
1.33744e-02
1.41144e-02
1.42146e-02
1.36489e-02
1.27858e-02
1.17025e-02
1.02104e-02
8.62828e-03
7.13654e-03
5.30206e-03
3.50359e-03
2.37167e-03
1.86095e-03
1.47172e-03
1.34937e-03
1.87049e-03
2.34899e-03
2.52451e-03
2.62662e-03
2.73238e-03
2.82308e-03
2.87358e-03
2.88382e-03
2.85931e-03
2.84287e-03
2.83678e-03
2.73950e-03
2.34182e-03
2.14024e-03
2.42405e-03
2.79529e-03
2.88873e-03
2.72744e-03
2.69844e-03
3.07107e-03
3.35440e-03
3.57104e-03
3.81554e-03
3.93183e-03
3.76586e-03
3.18248e-03
2.55199e-03
2.32038e-03
2.33098e-03
1.98403e-03
1.24909e-03
3.78915e-04
-1.85009e-04
-2.53685e-04
-1.10596e-04
-8.39143e-05
-2.15897e-04
-3.61425e-04
-4.01031e-04
-1.56566e-04
6.45769e-04
1.75280e-03
2.62981e-03
3.39218e-03
4.20320e-03
4.75140e-03
4.83145e-03
4.63319e-03
4.31162e-03
3.61479e-03
2.60850e-03
1.44741e-03
1.44543e-04
-6.71506e-04
-1.00540e-03
-1.37892e-03
-1.79431e-03
-2.29744e-03
-2.94572e-03
-3.36594e-03
-3.14661e-03
-2.12196e-03
-9.09725e-04
-3.84659e-04
-6.26453e-04
-1.03861e-03
-1.13097e-03
-9.17654e-04
-6.65204e-04
-5.82757e-04
-6.65831e-04
-8.00937e-04
-9.01852e-04
-9.63408e-04
-1.27668e-03
-1.91798e-03
-2.68938e-03
-3.32241e-03
-3.54239e-03
-3.43505e-03
-3.30167e-03
-3.31935e-03
-3.39561e-03
-3.09537e-03
-2.14409e-03
-1.13653e-03
-1.05471e-03
-1.89943e-03
-2.94995e-03
-3.59888e-03
-3.62665e-03
-3.34766e-03
-3.18984e-03
-3.21444e-03
-3.00935e-03
-2.55215e-03
-2.30997e-03
-2.73372e-03
-3.50628e-03
-3.93670e-03
-3.91969e-03
-4.14901e-03
-5.08010e-03
-6.21470e-03
-7.00780e-03
-6.98029e-03
-6.29980e-03
-5.45296e-03
-4.83098e-03
-4.21526e-03
-3.31082e-03
-2.41232e-03
-1.67775e-03
-1.24802e-03
-1.16668e-03
-1.24441e-03
-1.27100e-03
-1.19727e-03
-1.11263e-03
-1.11425e-03
-1.18654e-03
-1.38081e-03
-1.92489e-03
-2.51694e-03
-2.70869e-03
-2.53630e-03
-2.33707e-03
-2.19914e-03
-1.82378e-03
-1.33868e-03
-9.27016e-04
-6.28057e-04
-5.95534e-04
-6.47671e-04
-9.04707e-04
-1.23522e-03
-1.36878e-03
-1.31085e-03
-1.22742e-03
-1.21032e-03
-1.23846e-03
-1.46455e-03
-2.05888e-03
-2.64195e-03
-3.02832e-03
-3.45326e-03
-3.83022e-03
-3.98634e-03
-4.20005e-03
-4.76713e-03
-5.03740e-03
-4.55712e-03
-4.14513e-03
-4.26757e-03
-4.34822e-03
-4.18543e-03
-3.73655e-03
-3.04704e-03
-2.56981e-03
-2.26855e-03
-1.55966e-03
-2.89876e-04
9.61475e-04
1.99345e-03
2.79066e-03
2.83784e-03
2.38988e-03
1.82641e-03
1.20708e-03
2.52695e-04
-9.57722e-04
-1.73730e-03
-2.09828e-03
-2.42026e-03
-2.70418e-03
-2.84561e-03
-2.86523e-03
-2.82902e-03
-2.57999e-03
-2.33589e-03
-2.21806e-03
-1.99775e-03
-1.76409e-03
-1.72132e-03
-2.18009e-03
-3.24038e-03
-4.30109e-03
-4.69787e-03
-4.48684e-03
-4.19671e-03
-4.20095e-03
-4.44420e-03
-4.65360e-03
-4.59709e-03
-4.04281e-03
-3.33960e-03
-3.04264e-03
-3.18704e-03
-3.42044e-03
-3.47199e-03
-3.35339e-03
-3.22619e-03
-3.11989e-03
-2.82151e-03
-2.65611e-03
-2.65222e-03
-2.78113e-03
-2.70485e-03
-2.23907e-03
-1.37994e-03
-3.36694e-04
1.19419e-04
8.44237e-05
1.16962e-04
2.92968e-04
4.47097e-04
4.90216e-04
3.31752e-04
-3.28342e-04
-1.42235e-03
-2.25597e-03
-2.39097e-03
-2.20709e-03
-2.36839e-03
-2.54431e-03
-2.29249e-03
-1.44413e-03
-3.97917e-04
-1.43532e-05
-6.11051e-05
1.12775e-04
7.15873e-04
1.14589e-03
1.37266e-03
1.56419e-03
1.68703e-03
1.84343e-03
2.17789e-03
1.99186e-03
1.05836e-03
2.03604e-04
3.67240e-05
3.49997e-04
6.16216e-04
5.86612e-04
3.87215e-04
2.47056e-04
2.54779e-04
3.30954e-04
1.77528e-04
-4.22728e-04
-1.01512e-03
-1.14499e-03
-7.38379e-04
7.97631e-06
5.27701e-04
5.39346e-04
3.01696e-04
1.93367e-04
3.18699e-04
8.92964e-04
2.09596e-03
3.11500e-03
3.31432e-03
2.96225e-03
2.66025e-03
2.46394e-03
2.35592e-03
2.13774e-03
1.29769e-03
4.12063e-04
-1.29442e-04
-5.35794e-04
-7.93479e-04
-8.62475e-04
-8.37883e-04
-8.20145e-04
-5.95567e-04
-2.82051e-04
-3.89547e-04
-4.97327e-04
-4.63874e-04
-5.72345e-04
-4.99701e-04
-2.96987e-04
-1.76715e-04
-3.17975e-04
-1.08224e-03
-2.08070e-03
-2.56484e-03
-2.41892e-03
-2.07830e-03
-1.94293e-03
-2.02021e-03
-1.85379e-03
-1.31422e-03
-7.84396e-04
-2.75658e-04
1.73586e-04
4.52028e-04
9.53662e-04
1.96033e-03
2.94322e-03
3.30503e-03
3.12081e-03
2.86973e-03
2.85866e-03
3.03335e-03
3.17949e-03
3.16390e-03
3.04429e-03
2.95310e-03
2.82477e-03
2.36802e-03
1.68054e-03
9.06641e-04
3.88207e-04
3.41726e-04
5.38481e-04
3.87981e-04
-7.36261e-04
-2.12695e-03
-2.72186e-03
-2.46048e-03
-2.02011e-03
-1.92262e-03
-2.14936e-03
-2.39297e-03
-2.44977e-03
-2.35384e-03
-2.24130e-03
-2.00692e-03
-1.44443e-03
-7.19857e-04
-1.75879e-05
3.65394e-04
3.63376e-04
2.29905e-04
3.91838e-04
8.68632e-04
9.56612e-04
5.80893e-04
2.23967e-04
1.76590e-04
3.35205e-04
4.62963e-04
4.54467e-04
3.69408e-04
3.09615e-04
3.13659e-04
3.50702e-04
3.75783e-04
3.73295e-04
3.57303e-04
3.46959e-04
3.33164e-04
3.89086e-05
-8.77077e-04
-2.00033e-03
-2.54694e-03
-2.40727e-03
-2.07903e-03
-1.99206e-03
-2.16323e-03
-2.36142e-03
-2.41742e-03
-2.34715e-03
-2.26318e-03
-2.24078e-03
-2.27165e-03
-2.30690e-03
-2.31531e-03
-2.30147e-03
-2.21743e-03
-1.80302e-03
-1.10936e-03
-3.13350e-04
2.77581e-04
4.22988e-04
2.79348e-04
1.61783e-04
2.10303e-04
3.43520e-04
4.26944e-04
3.33315e-04
-2.63660e-04
-1.46718e-03
-2.94990e-03
-4.25034e-03
-4.90775e-03
-4.89495e-03
-4.66521e-03
-4.62427e-03
-4.80277e-03
-4.87078e-03
-4.30204e-03
-3.13915e-03
-1.94130e-03
-7.24129e-04
1.77795e-04
5.37806e-04
8.46043e-04
1.41163e-03
2.27089e-03
3.10232e-03
3.66397e-03
3.56828e-03
3.04708e-03
2.71905e-03
2.80171e-03
3.04417e-03
2.95000e-03
2.09464e-03
8.45476e-04
9.86640e-05
1.30267e-04
4.61338e-04
6.05491e-04
4.95634e-04
3.20403e-04
2.54651e-04
4.86525e-04
9.18955e-04
9.29465e-04
5.28485e-04
1.98376e-04
1.71206e-04
7.32296e-05
-4.50834e-04
-1.26392e-03
-2.05647e-03
-2.42240e-03
-2.62959e-03
-3.35582e-03
-4.44936e-03
-5.12019e-03
-5.10683e-03
-4.80696e-03
-4.67011e-03
-4.78813e-03
-4.97519e-03
-5.05294e-03
-5.00491e-03
-4.92500e-03
-4.89297e-03
-4.86885e-03
-4.50439e-03
-3.48822e-03
-2.02959e-03
-5.64577e-04
6.46172e-04
1.41821e-03
1.88040e-03
2.01885e-03
1.67938e-03
9.37223e-04
1.06800e-04
-9.64257e-04
-2.02590e-03
-2.49228e-03
-2.28941e-03
-1.51266e-03
-4.15963e-04
5.08764e-04
1.47939e-03
2.44121e-03
2.91497e-03
2.95509e-03
3.24432e-03
3.80626e-03
3.82960e-03
3.23914e-03
2.73144e-03
2.71760e-03
2.86384e-03
2.51441e-03
1.71383e-03
9.17020e-04
8.71587e-04
1.46403e-03
2.07584e-03
2.73141e-03
3.71327e-03
4.89464e-03
5.65778e-03
5.73500e-03
5.48573e-03
5.36474e-03
5.48294e-03
5.41436e-03
4.46342e-03
3.21096e-03
2.64870e-03
2.85867e-03
3.07477e-03
2.39503e-03
1.03090e-03
7.57443e-05
2.88695e-05
4.36211e-04
6.51364e-04
5.04643e-04
2.49981e-04
3.38163e-04
9.95927e-04
1.87104e-03
2.63816e-03
3.18866e-03
3.71832e-03
4.13314e-03
4.45712e-03
4.75292e-03
4.65129e-03
4.44356e-03
4.36740e-03
3.84456e-03
3.09380e-03
2.72119e-03
2.80674e-03
2.76390e-03
2.45801e-03
2.48014e-03
2.81116e-03
3.30843e-03
3.91740e-03
4.53436e-03
5.13064e-03
5.45370e-03
5.45275e-03
5.34116e-03
5.30371e-03
5.10628e-03
4.32482e-03
3.27959e-03
2.96093e-03
3.40374e-03
3.83469e-03
3.85976e-03
3.33730e-03
2.78768e-03
2.64909e-03
2.79961e-03
2.65293e-03
2.06440e-03
1.55510e-03
1.46205e-03
1.64065e-03
1.78472e-03
1.80689e-03
1.99751e-03
2.22667e-03
2.37731e-03
2.65832e-03
2.94996e-03
3.06354e-03
3.01406e-03
2.84763e-03
2.11990e-03
9.06455e-04
1.48989e-04
4.93593e-04
1.44050e-03
1.69830e-03
9.63898e-04
5.78582e-05
-6.12394e-04
-1.04063e-03
-1.49668e-03
-1.99062e-03
-2.26566e-03
-2.27636e-03
-2.12087e-03
-1.67054e-03
-1.09420e-03
-7.99270e-04
-7.84428e-04
-5.21025e-04
3.98558e-05
4.44195e-04
4.79504e-04
3.22249e-04
2.31695e-04
3.02149e-04
4.13451e-04
2.81780e-04
-6.62214e-04
-1.97463e-03
-2.63918e-03
-2.46936e-03
-1.91979e-03
-1.25064e-03
-6.88971e-04
-1.78551e-04
2.09240e-04
3.57639e-04
3.16999e-04
2.53979e-04
2.74140e-04
3.50128e-04
4.03990e-04
4.01705e-04
3.65464e-04
2.10553e-04
-4.26059e-04
-1.53170e-03
-2.38257e-03
-2.67549e-03
-2.94608e-03
-3.34253e-03
-3.61623e-03
-3.47710e-03
-2.85056e-03
-2.25780e-03
-2.13443e-03
-2.15629e-03
-1.75126e-03
-9.63246e-04
-1.05808e-04
3.70846e-04
5.41674e-04
8.95092e-04
1.55995e-03
2.39061e-03
2.90654e-03
2.91289e-03
2.50629e-03
1.82823e-03
1.14347e-03
5.43287e-04
2.16616e-04
1.88753e-04
2.44740e-04
2.19557e-04
1.20655e-04
5.24236e-05
3.23035e-04
1.00683e-03
1.54689e-03
1.83779e-03
2.21296e-03
2.58034e-03
2.73398e-03
2.67721e-03
2.56483e-03
2.50635e-03
2.02907e-03
8.76915e-04
-6.80764e-05
-2.31706e-04
-1.68393e-04
-8.07773e-04
-2.01107e-03
-2.81650e-03
-2.83482e-03
-2.47820e-03
-2.28113e-03
-2.38797e-03
-2.60176e-03
-2.70240e-03
-2.63190e-03
-2.49353e-03
-2.41989e-03
-2.44031e-03
-2.49384e-03
-2.51850e-03
-2.50413e-03
-2.47851e-03
-2.46398e-03
-2.44352e-03
-2.45678e-03
-2.75744e-03
-3.03276e-03
-2.81587e-03
-2.38880e-03
-2.18815e-03
-2.28112e-03
-2.44518e-03
-2.47620e-03
-2.39609e-03
-2.33237e-03
-2.32996e-03
-2.34153e-03
-2.34892e-03
-2.33691e-03
-2.30486e-03
-2.44014e-03
-3.33393e-03
-4.59904e-03
-5.22601e-03
-4.95925e-03
-4.13811e-03
-3.37715e-03
-2.84701e-03
-2.35471e-03
-1.37197e-03
-9.20540e-05
1.07326e-03
2.10495e-03
2.89350e-03
3.66633e-03
4.65599e-03
5.47321e-03
5.70732e-03
5.52123e-03
5.34609e-03
5.50998e-03
6.04766e-03
6.36564e-03
6.51075e-03
6.57205e-03
6.21549e-03
5.67240e-03
5.40325e-03
5.48227e-03
5.65645e-03
5.44905e-03
4.32973e-03
3.01862e-03
2.50518e-03
2.78509e-03
3.06662e-03
2.49693e-03
1.15670e-03
1.10664e-04
-1.56510e-05
3.91813e-04
6.53474e-04
5.39677e-04
2.86360e-04
1.82187e-04
2.61856e-04
3.82656e-04
4.28374e-04
3.96468e-04
3.49713e-04
3.35029e-04
3.51376e-04
3.71842e-04
3.77574e-04
3.61007e-04
1.40063e-04
-4.58165e-04
-1.02561e-03
-1.17867e-03
-1.01211e-03
-8.47759e-04
-8.57674e-04
-9.63784e-04
-7.69941e-04
-1.51731e-04
1.16328e-04
-1.57141e-04
-2.35621e-04
3.42778e-05
3.20730e-04
3.91719e-04
2.81910e-04
-9.93500e-05
-7.43393e-04
-9.18977e-04
-3.05576e-04
3.86236e-04
5.56226e-04
2.57174e-04
-5.77598e-05
-7.98592e-05
7.29352e-05
-8.48666e-05
-7.20875e-04
-1.28785e-03
-1.37524e-03
-8.76217e-04
-1.40088e-04
2.72218e-04
4.76747e-04
8.21096e-04
1.46799e-03
2.20041e-03
2.55416e-03
2.48053e-03
2.24365e-03
1.82419e-03
1.22722e-03
5.40426e-04
-7.87031e-05
-4.45617e-04
-1.13857e-03
-2.32492e-03
-3.18183e-03
-3.28053e-03
-2.99489e-03
-2.84890e-03
-2.92711e-03
-2.76466e-03
-2.18389e-03
-1.38321e-03
-6.84694e-04
-4.53336e-04
-6.15693e-04
-8.04834e-04
-8.04843e-04
-6.95099e-04
-6.27376e-04
-6.45636e-04
-7.01074e-04
-7.35344e-04
-7.38354e-04
-7.46118e-04
-7.53764e-04
-7.73035e-04
-8.31892e-04
-8.98427e-04
-9.25619e-04
-9.19201e-04
-9.32992e-04
-9.76741e-04
-1.09528e-03
-1.48297e-03
-1.74255e-03
-1.88281e-03
-2.12386e-03
-2.35136e-03
-2.45095e-03
-2.32383e-03
-1.80104e-03
-1.22391e-03
-1.02158e-03
-1.16643e-03
-1.34807e-03
-1.36372e-03
-1.25021e-03
-1.15781e-03
-1.18283e-03
-1.27548e-03
-1.33659e-03
-1.34189e-03
-1.34579e-03
-1.37052e-03
-1.39484e-03
-1.39957e-03
-1.26426e-03
-6.31782e-04
4.48871e-04
1.25717e-03
1.36782e-03
1.19783e-03
1.49587e-03
2.14702e-03
2.54992e-03
2.37698e-03
1.62820e-03
9.24250e-04
5.64603e-04
2.13118e-04
-3.18240e-04
-8.53486e-04
-1.03766e-03
-1.18621e-03
-1.05629e-03
-1.16043e-04
9.46491e-04
1.30699e-03
1.02724e-03
6.89274e-04
6.63344e-04
8.74490e-04
1.06073e-03
1.08220e-03
9.92478e-04
9.13786e-04
9.14991e-04
1.15113e-03
1.73740e-03
2.26946e-03
2.38664e-03
1.96274e-03
1.18509e-03
6.76345e-04
1.65108e-04
-8.84732e-04
-2.33361e-03
-3.80377e-03
-4.28547e-03
-3.83537e-03
-3.63568e-03
-4.00652e-03
-4.48391e-03
-4.64499e-03
-4.25982e-03
-3.46953e-03
-2.69194e-03
-2.34288e-03
-2.46820e-03
-2.42818e-03
-2.12600e-03
-1.85523e-03
-1.77801e-03
-1.59042e-03
-1.00749e-03
-1.99746e-04
1.86301e-04
-1.43891e-04
-3.81801e-04
-3.29610e-04
-7.25981e-04
-1.56735e-03
-2.14215e-03
-2.19861e-03
-2.26594e-03
-2.40840e-03
-2.31519e-03
-2.34682e-03
-2.48245e-03
-2.33628e-03
-2.03797e-03
-1.87903e-03
-1.92408e-03
-2.05526e-03
-2.13986e-03
-2.12969e-03
-2.01690e-03
-1.50378e-03
-5.09869e-04
1.08037e-04
1.81114e-04
1.88649e-04
3.01404e-04
4.57445e-04
5.62270e-04
5.57753e-04
4.88372e-04
4.40837e-04
4.46306e-04
4.75680e-04
4.14618e-04
-2.98208e-05
-7.62267e-04
-1.56260e-03
-2.11423e-03
-2.20057e-03
-2.04425e-03
-1.98971e-03
-2.00271e-03
-1.77376e-03
-1.57526e-03
-1.34685e-03
-1.05002e-03
-7.36233e-04
-2.01286e-04
2.20395e-04
3.84600e-05
-2.77535e-04
-4.52946e-04
-2.11337e-04
2.80526e-04
5.62448e-04
3.77904e-04
-3.08938e-04
-9.76004e-04
-1.15244e-03
-1.07118e-03
-1.38015e-03
-1.96642e-03
-2.31624e-03
-2.29638e-03
-2.15950e-03
-2.12822e-03
-2.21033e-03
-2.29989e-03
-2.32366e-03
-2.27894e-03
-2.21611e-03
-2.19482e-03
-2.19577e-03
-2.19274e-03
-2.20205e-03
-2.60439e-03
-3.75128e-03
-4.85248e-03
-5.15553e-03
-4.83570e-03
-4.49812e-03
-4.11065e-03
-3.02509e-03
-1.53943e-03
-4.83462e-04
1.94679e-05
1.85007e-04
4.88140e-04
1.39485e-03
2.35078e-03
2.64236e-03
2.13637e-03
9.49857e-04
5.85601e-05
-2.42569e-04
-4.41786e-04
-9.40972e-04
-1.73709e-03
-2.04580e-03
-1.74146e-03
-1.41680e-03
-1.11810e-03
-6.76497e-04
-3.35540e-05
4.22766e-04
7.31511e-04
1.18199e-03
1.62714e-03
2.08430e-03
2.31629e-03
2.00987e-03
1.24496e-03
4.42704e-04
1.30673e-04
3.13951e-04
5.27375e-04
1.43163e-04
-1.01550e-03
-2.15169e-03
-2.19369e-03
-1.26606e-03
-4.83581e-04
-4.56498e-04
-9.03941e-04
-1.19201e-03
-8.37179e-04
-3.38579e-04
-7.40540e-05
-2.83759e-04
-9.05935e-04
-1.69906e-03
-2.27712e-03
-2.38211e-03
-2.19629e-03
-2.05935e-03
-2.11186e-03
-2.25657e-03
-2.26846e-03
-1.82354e-03
-1.07331e-03
-2.56648e-04
3.20162e-04
4.44432e-04
2.92828e-04
1.77693e-04
9.70438e-05
-3.05129e-04
-8.50363e-04
-1.10999e-03
-9.11566e-04
-3.78851e-04
-1.34846e-04
-6.38978e-05
1.10268e-04
3.06335e-04
3.92563e-04
3.72901e-04
2.04629e-04
-2.03356e-04
-2.99682e-04
5.69048e-05
4.18291e-04
4.76225e-04
3.16479e-04
1.78600e-04
1.79737e-04
2.57089e-04
1.25012e-04
-4.37288e-04
-1.20191e-03
-1.94301e-03
-2.36924e-03
-2.57415e-03
-2.78448e-03
-2.70852e-03
-2.41298e-03
-2.23251e-03
-2.27871e-03
-2.40856e-03
-2.44008e-03
-2.14579e-03
-1.26886e-03
-1.18089e-04
5.24956e-04
4.34372e-04
-1.46769e-04
-8.73439e-04
-1.20734e-03
-8.09291e-04
-1.66724e-04
6.14010e-05
1.27605e-04
-4.81167e-05
-3.53583e-04
-4.70304e-04
-6.50129e-04
-6.34924e-04
-4.04652e-04
-5.05931e-04
-8.69413e-04
-1.11459e-03
-1.08425e-03
-6.62494e-04
6.60095e-05
5.63806e-04
8.25047e-04
1.19550e-03
1.54799e-03
1.68360e-03
1.64105e-03
1.58111e-03
1.59379e-03
1.65351e-03
1.69604e-03
1.69448e-03
1.62336e-03
1.30156e-03
9.99096e-04
9.17574e-04
1.02350e-03
1.06712e-03
7.64077e-04
3.87326e-04
2.94877e-04
6.79837e-04
1.09181e-03
1.40809e-03
2.05681e-03
2.81995e-03
3.17513e-03
3.07954e-03
2.87884e-03
2.84444e-03
2.96867e-03
3.09514e-03
3.12214e-03
3.07061e-03
3.01700e-03
3.00657e-03
3.02918e-03
2.96873e-03
2.51347e-03
1.79995e-03
1.03386e-03
4.79300e-04
3.43116e-04
4.70689e-04
4.37868e-04
-1.49681e-04
-9.01432e-04
-1.22710e-03
-1.08619e-03
-8.33458e-04
-7.35014e-04
-8.17116e-04
-9.71017e-04
-1.18190e-03
-1.53226e-03
-1.41378e-03
-4.90638e-04
4.74639e-04
7.53894e-04
5.91337e-04
6.79477e-04
8.92895e-04
1.26353e-03
1.86728e-03
2.41725e-03
2.51136e-03
2.56031e-03
2.78587e-03
3.00594e-03
2.88833e-03
2.29407e-03
1.71272e-03
1.55765e-03
1.53461e-03
1.12056e-03
5.42526e-04
2.57690e-04
3.43215e-04
9.17330e-04
2.11325e-03
3.13417e-03
3.34328e-03
2.99854e-03
2.69925e-03
2.50329e-03
2.39239e-03
2.41706e-03
2.19405e-03
1.81346e-03
1.57663e-03
1.32867e-03
8.31421e-04
3.99109e-04
2.96640e-04
4.36294e-04
8.29925e-04
1.46045e-03
1.88214e-03
1.88206e-03
1.66029e-03
1.51703e-03
1.62999e-03
2.10776e-03
2.47053e-03
2.19097e-03
1.34001e-03
4.62449e-04
1.41411e-04
3.41070e-04
6.12620e-04
6.01334e-04
8.93420e-05
-6.73289e-04
-1.14613e-03
-1.44925e-03
-1.78801e-03
-1.76474e-03
-1.65418e-03
-1.86821e-03
-2.21106e-03
-2.37403e-03
-2.31660e-03
-2.19965e-03
-2.16024e-03
-2.20535e-03
-2.26372e-03
-2.28156e-03
-2.26135e-03
-2.23614e-03
-2.22886e-03
-2.23768e-03
-2.24806e-03
-2.16758e-03
-1.69872e-03
-1.04690e-03
-6.08060e-04
-1.95520e-04
7.34423e-05
-1.37928e-04
-3.83605e-04
-6.16138e-04
-9.89295e-04
-1.61140e-03
-2.17043e-03
-2.34262e-03
-2.22040e-03
-2.22659e-03
-2.78072e-03
-3.39226e-03
-3.22273e-03
-2.49727e-03
-1.98705e-03
-2.00232e-03
-2.27850e-03
-2.44357e-03
-2.37705e-03
-2.03143e-03
-1.39695e-03
-8.99555e-04
-1.02911e-03
-1.81130e-03
-2.50958e-03
-2.58895e-03
-2.25649e-03
-1.99861e-03
-2.02876e-03
-2.21471e-03
-2.33185e-03
-2.11103e-03
-1.22010e-03
-1.35557e-05
6.19097e-04
4.85758e-04
1.10202e-04
5.36227e-06
2.24350e-04
4.83221e-04
5.75399e-04
7.42580e-04
9.79075e-04
8.24321e-04
4.31604e-04
-5.79018e-05
-6.85213e-04
-1.36911e-03
-1.74967e-03
-1.69876e-03
-1.42791e-03
-1.05400e-03
-8.50252e-04
-8.98853e-04
-1.03429e-03
-1.08297e-03
-1.06803e-03
-1.33404e-03
-1.91009e-03
-2.32986e-03
-2.35927e-03
-2.18356e-03
-2.13910e-03
-2.61666e-03
-3.38527e-03
-3.79012e-03
-3.67358e-03
-3.39349e-03
-3.21530e-03
-2.89316e-03
-2.43431e-03
-2.16899e-03
-2.19139e-03
-2.31611e-03
-2.35622e-03
-2.28951e-03
-2.20579e-03
-2.17819e-03
-2.12773e-03
-1.72445e-03
-1.09862e-03
-6.26509e-04
-1.67570e-04
2.48516e-04
4.29275e-04
5.22564e-04
1.08737e-03
2.21711e-03
3.14359e-03
3.19530e-03
2.49121e-03
2.15626e-03
2.57582e-03
3.12429e-03
3.15674e-03
2.62579e-03
2.39596e-03
2.73330e-03
3.15931e-03
3.28268e-03
3.14054e-03
2.98175e-03
2.95004e-03
2.82377e-03
2.13260e-03
1.01647e-03
2.64997e-04
2.30670e-04
5.47239e-04
7.20821e-04
6.00577e-04
1.61728e-04
-3.07762e-04
-4.34843e-04
-5.53024e-04
-1.00943e-03
-1.78400e-03
-2.32166e-03
-2.34692e-03
-1.86725e-03
-1.13711e-03
-7.11626e-04
-5.03016e-04
-1.06148e-04
3.05552e-04
4.71637e-04
4.20094e-04
3.84788e-04
7.38587e-04
1.41287e-03
1.86268e-03
1.90880e-03
1.97300e-03
1.78351e-03
1.01414e-03
3.13768e-04
1.85191e-04
4.47654e-04
6.60701e-04
6.25158e-04
4.99758e-04
7.83258e-04
1.72795e-03
2.47578e-03
2.22816e-03
1.21586e-03
2.91148e-04
7.89757e-05
4.02889e-04
6.27303e-04
1.56558e-04
-6.24267e-04
-6.63451e-04
5.98615e-05
6.90450e-04
8.25544e-04
9.60194e-04
1.34543e-03
1.77173e-03
2.32527e-03
2.89558e-03
3.16189e-03
3.10499e-03
2.96854e-03
2.94560e-03
3.03062e-03
2.98352e-03
2.46551e-03
1.80348e-03
1.51684e-03
1.64180e-03
1.98344e-03
2.43837e-03
2.45896e-03
2.13839e-03
2.25195e-03
2.80903e-03
3.23878e-03
3.26650e-03
3.07347e-03
2.94565e-03
2.98103e-03
3.08887e-03
3.15952e-03
3.34229e-03
3.86460e-03
4.42012e-03
4.81106e-03
5.24201e-03
5.61702e-03
5.75527e-03
5.70615e-03
5.64288e-03
5.66072e-03
5.72940e-03
5.75978e-03
5.34887e-03
4.17089e-03
3.04980e-03
2.74755e-03
3.04492e-03
3.04485e-03
2.09708e-03
7.21380e-04
-2.19602e-05
1.08212e-04
5.38986e-04
7.05517e-04
5.33691e-04
2.90477e-04
2.20263e-04
3.18226e-04
4.12653e-04
4.32353e-04
6.68478e-04
1.28286e-03
1.81535e-03
2.19500e-03
2.67367e-03
3.40957e-03
4.48363e-03
5.44985e-03
5.79507e-03
5.60307e-03
5.31513e-03
4.99008e-03
4.54113e-03
3.92706e-03
3.28300e-03
2.95902e-03
2.94997e-03
2.74017e-03
2.15770e-03
1.66517e-03
1.57008e-03
1.81128e-03
2.37724e-03
2.96247e-03
3.17706e-03
3.14680e-03
3.52748e-03
4.60354e-03
5.65691e-03
6.00346e-03
5.68874e-03
4.87102e-03
3.78148e-03
3.02831e-03
2.95130e-03
3.15727e-03
2.78944e-03
1.60221e-03
4.44895e-04
9.31519e-05
3.99899e-04
7.45189e-04
8.92328e-04
1.07432e-03
1.10411e-03
1.21473e-03
1.65010e-03
2.43639e-03
3.11027e-03
3.28033e-03
3.08900e-03
2.91191e-03
2.93644e-03
3.08117e-03
3.18448e-03
3.18123e-03
3.12337e-03
3.20484e-03
3.57037e-03
3.64981e-03
3.30108e-03
2.93670e-03
2.84206e-03
2.77610e-03
2.35137e-03
1.82714e-03
1.60423e-03
1.70361e-03
2.05617e-03
2.45968e-03
2.51888e-03
2.57526e-03
2.79656e-03
3.00182e-03
3.05867e-03
3.01129e-03
2.96630e-03
2.96017e-03
2.97043e-03
2.99648e-03
3.00814e-03
2.97238e-03
2.90607e-03
2.59718e-03
1.95455e-03
1.45758e-03
1.39791e-03
1.59202e-03
1.72345e-03
1.69170e-03
1.85094e-03
2.41247e-03
2.91784e-03
3.02553e-03
2.82057e-03
2.62725e-03
2.63051e-03
2.74161e-03
2.57378e-03
1.70214e-03
5.22624e-04
-1.00058e-04
-2.94890e-05
-7.17246e-05
-8.88299e-04
-1.75216e-03
-1.77853e-03
-1.25909e-03
-8.99359e-04
-9.59403e-04
-1.16216e-03
-9.28816e-04
-2.77612e-04
-5.79372e-05
-2.78599e-04
-2.75551e-04
2.38214e-08
2.14648e-04
2.06678e-04
1.06622e-04
5.91487e-05
9.16494e-05
1.34509e-04
1.35993e-04
5.22702e-05
-3.89667e-04
-1.01876e-03
-1.35045e-03
-1.28103e-03
-1.16700e-03
-1.56591e-03
-2.30913e-03
-2.76310e-03
-2.72461e-03
-2.48376e-03
-2.29235e-03
-1.93983e-03
-1.46791e-03
-1.12864e-03
-7.00862e-04
-1.91644e-04
4.78300e-05
-1.99436e-05
-1.63446e-04
-1.84988e-04
-1.11133e-04
-5.30979e-05
-5.61450e-05
-9.33011e-05
-1.20921e-04
-1.21885e-04
-1.08177e-04
-1.07569e-04
-1.46212e-04
-1.99679e-04
-3.52092e-04
-9.79593e-04
-2.08293e-03
-2.93592e-03
-3.07199e-03
-2.77371e-03
-2.56956e-03
-2.66818e-03
-2.88433e-03
-2.81988e-03
-2.04967e-03
-8.45045e-04
-7.50957e-05
-7.89629e-05
-4.36081e-04
-6.41737e-04
-7.49010e-04
-9.31844e-04
-1.01256e-03
-1.20864e-03
-1.32437e-03
-9.60225e-04
-4.39981e-04
-2.53925e-04
-4.12780e-04
-6.11940e-04
-6.43152e-04
-5.38395e-04
-4.38317e-04
-4.38554e-04
-7.86765e-04
-1.77001e-03
-2.94439e-03
-3.50557e-03
-3.37119e-03
-3.07365e-03
-3.00916e-03
-2.91548e-03
-2.23514e-03
-1.19625e-03
-5.85319e-04
-6.34484e-04
-9.55272e-04
-1.12232e-03
-1.03035e-03
-8.68892e-04
-8.30305e-04
-1.00432e-03
-1.81961e-03
-3.13095e-03
-3.97330e-03
-3.96146e-03
-3.56757e-03
-3.39544e-03
-3.58265e-03
-3.86059e-03
-3.97684e-03
-3.88483e-03
-3.40065e-03
-2.41312e-03
-1.45883e-03
-1.13587e-03
-1.37920e-03
-1.69164e-03
-1.73190e-03
-1.57122e-03
-1.44390e-03
-1.45029e-03
-1.53824e-03
-1.63268e-03
-1.68154e-03
-1.59775e-03
-1.05459e-03
2.53169e-05
7.97738e-04
1.33851e-04
-1.41059e-03
-2.34134e-03
-2.17954e-03
-1.58284e-03
-1.30734e-03
-1.52174e-03
-1.98245e-03
-2.75672e-03
-3.82048e-03
-4.56987e-03
-4.65302e-03
-4.37221e-03
-4.06694e-03
-3.63524e-03
-3.24831e-03
-3.15075e-03
-3.27185e-03
-3.27004e-03
-2.74629e-03
-2.03875e-03
-1.71610e-03
-1.83825e-03
-2.06859e-03
-2.13144e-03
-2.02384e-03
-1.89881e-03
-1.86419e-03
-1.89525e-03
-1.92068e-03
-1.93552e-03
-1.94463e-03
-1.94444e-03
-1.92477e-03
-1.89372e-03
-1.90516e-03
-2.12620e-03
-2.49278e-03
-2.43561e-03
-2.19917e-03
-2.26347e-03
-2.26698e-03
-2.07624e-03
-1.90183e-03
-1.85832e-03
-1.86595e-03
-1.62448e-03
-1.26510e-03
-1.36553e-03
-1.76900e-03
-2.01900e-03
-1.97067e-03
-1.78898e-03
-1.42690e-03
-5.97607e-04
4.23245e-04
9.50972e-04
8.35486e-04
5.41475e-04
4.76495e-04
6.45102e-04
8.50138e-04
9.24720e-04
8.67866e-04
7.81811e-04
7.28170e-04
7.10101e-04
7.16843e-04
7.28941e-04
7.31220e-04
7.23154e-04
6.68365e-04
3.16103e-04
-3.33927e-04
-1.03005e-03
-1.23564e-03
-4.88611e-04
6.10866e-04
1.10191e-03
8.68874e-04
4.84375e-04
3.95017e-04
5.79876e-04
7.56308e-04
7.62733e-04
6.60827e-04
5.02557e-04
6.60426e-05
-5.07608e-04
-8.25623e-04
-8.79901e-04
-1.16473e-03
-1.72433e-03
-2.14415e-03
-2.21203e-03
-2.05154e-03
-1.67355e-03
-6.61857e-04
4.35079e-04
8.37157e-04
6.09858e-04
2.91782e-04
2.46076e-04
4.34139e-04
6.17611e-04
6.50629e-04
5.70041e-04
4.90574e-04
4.77024e-04
5.11907e-04
5.45303e-04
5.50284e-04
5.35271e-04
5.21631e-04
5.11144e-04
3.14919e-04
-6.30000e-05
-3.70435e-05
3.74392e-04
6.94762e-04
6.94939e-04
5.22159e-04
4.19883e-04
6.69216e-04
1.55300e-03
2.73002e-03
3.40485e-03
3.33470e-03
2.75117e-03
2.23987e-03
2.21241e-03
2.19745e-03
2.04870e-03
1.90775e-03
1.59419e-03
9.65951e-04
4.64399e-04
3.85617e-04
5.66910e-04
7.00406e-04
6.62957e-04
5.42461e-04
4.68863e-04
4.81968e-04
5.33742e-04
5.64859e-04
5.58752e-04
5.36865e-04
5.24450e-04
5.27890e-04
5.37615e-04
5.42958e-04
5.41549e-04
5.37655e-04
5.35779e-04
5.36762e-04
5.38713e-04
5.39751e-04
5.39570e-04
5.39019e-04
5.38889e-04
5.39271e-04
5.33879e-04
5.06954e-04
4.37138e-04
4.58075e-04
4.86202e-04
4.93850e-04
4.82508e-04
4.69616e-04
4.66200e-04
3.10369e-04
-5.87837e-04
-1.88217e-03
-2.57946e-03
-2.42660e-03
-1.98327e-03
-1.81895e-03
-2.00198e-03
-2.25321e-03
-2.33995e-03
-2.26072e-03
-2.15197e-03
-2.11642e-03
-2.15815e-03
-2.10223e-03
-1.48677e-03
-3.36591e-04
5.35568e-04
6.65820e-04
3.66458e-04
1.57636e-04
2.34936e-04
4.43586e-04
5.66389e-04
5.40675e-04
4.36837e-04
3.41970e-04
3.12366e-04
3.52378e-04
4.25975e-04
4.71047e-04
4.64108e-04
4.33849e-04
4.16919e-04
4.22811e-04
4.36947e-04
4.43334e-04
4.38900e-04
4.30709e-04
4.25847e-04
4.25536e-04
4.26673e-04
4.26272e-04
4.23916e-04
4.20934e-04
4.04664e-04
1.53795e-04
-1.83498e-04
-5.74524e-05
3.53966e-04
5.96324e-04
5.37925e-04
3.66446e-04
2.86428e-04
3.33485e-04
4.16594e-04
4.50735e-04
4.27177e-04
3.88708e-04
3.72000e-04
3.79733e-04
3.93146e-04
4.41594e-04
8.25035e-04
1.73041e-03
2.38394e-03
2.10870e-03
1.15767e-03
2.75656e-04
-2.01725e-06
-1.29860e-04
-8.20879e-04
-1.83020e-03
-2.42581e-03
-2.39872e-03
-2.10892e-03
-1.97096e-03
-2.07286e-03
-2.24189e-03
-2.23561e-03
-1.76852e-03
-1.02222e-03
-2.36305e-04
3.07033e-04
4.17976e-04
2.71704e-04
1.67381e-04
2.23215e-04
3.51095e-04
2.70059e-04
-6.09660e-04
-1.87599e-03
-2.53222e-03
-2.37955e-03
-1.97599e-03
-1.83967e-03
-2.01490e-03
-2.24074e-03
-2.30838e-03
-2.11028e-03
-1.65294e-03
-1.54160e-03
-1.89997e-03
-2.01938e-03
-1.09342e-03
2.15724e-04
8.10587e-04
5.71860e-04
1.34591e-04
1.65203e-05
2.19211e-04
4.52412e-04
5.12703e-04
4.23667e-04
3.21896e-04
2.95448e-04
3.31705e-04
3.71491e-04
3.78436e-04
3.59322e-04
3.39653e-04
3.34256e-04
3.39620e-04
3.44772e-04
3.43709e-04
3.54694e-04
7.30693e-04
1.79612e-03
2.81322e-03
3.07028e-03
2.49631e-03
1.57122e-03
8.55710e-04
4.46086e-04
3.52720e-04
4.26639e-04
4.63399e-04
3.90740e-04
2.79107e-04
2.19378e-04
2.30944e-04
2.70164e-04
2.90529e-04
2.81394e-04
2.61018e-04
2.48921e-04
2.49174e-04
2.53793e-04
2.54663e-04
2.91677e-04
5.60329e-04
7.87964e-04
5.93264e-04
2.27753e-04
6.06155e-05
1.41511e-04
2.82156e-04
3.24437e-04
2.65035e-04
1.91324e-04
1.67289e-04
1.88727e-04
2.15588e-04
2.20654e-04
2.06623e-04
1.90861e-04
1.84543e-04
1.12718e-04
-2.22546e-04
-4.62942e-04
-5.97263e-04
-7.36445e-04
-5.86288e-04
-4.01146e-04
-2.31340e-04
1.18950e-05
1.82043e-04
1.96080e-04
1.31561e-04
9.67655e-05
1.21272e-04
1.64375e-04
1.82255e-04
1.68725e-04
1.45790e-04
1.33643e-04
1.34867e-04
1.39811e-04
1.39977e-04
1.34531e-04
1.25003e-04
3.01283e-06
-4.54726e-04
-8.72234e-04
-7.38330e-04
-4.36909e-04
-1.40227e-04
9.05853e-05
1.50844e-04
8.44924e-05
2.19311e-05
2.51272e-05
-7.84435e-05
-3.37893e-04
-3.19801e-04
-3.85288e-05
-1.49426e-04
-1.10542e-03
-2.13925e-03
-2.46061e-03
-2.17258e-03
-2.00936e-03
-2.46669e-03
-3.11322e-03
-3.36009e-03
-3.03187e-03
-2.33535e-03
-1.83559e-03
-1.81128e-03
-2.03998e-03
-2.17999e-03
-2.11766e-03
-1.95659e-03
-1.62561e-03
-8.96629e-04
-5.04220e-05
3.51238e-04
2.43263e-04
3.09576e-06
-7.74184e-05
-3.86816e-04
-1.24027e-03
-1.98301e-03
-2.12536e-03
-1.83012e-03
-1.32701e-03
-8.90080e-04
-1.01748e-03
-1.63897e-03
-2.07240e-03
-1.82717e-03
-1.32307e-03
-1.07464e-03
-1.22130e-03
-1.62012e-03
-1.69666e-03
-1.48950e-03
-1.47395e-03
-1.66481e-03
-1.82419e-03
-1.83628e-03
-1.77554e-03
-1.72764e-03
-1.71140e-03
-1.71510e-03
-1.71831e-03
-1.70930e-03
-1.69082e-03
-1.67219e-03
-1.59722e-03
-1.30439e-03
-1.09621e-03
-9.82646e-04
-8.22305e-04
-6.93499e-04
-5.99145e-04
-2.81961e-04
1.80075e-04
4.39990e-04
3.46788e-04
-1.96631e-04
-1.06578e-03
-1.68597e-03
-1.73558e-03
-1.47180e-03
-1.30134e-03
-1.36279e-03
-1.52073e-03
-1.60260e-03
-1.56620e-03
-1.48337e-03
-1.43280e-03
-1.43222e-03
-1.45022e-03
-1.45369e-03
-1.43607e-03
-1.41131e-03
-1.39958e-03
-1.40904e-03
-1.41480e-03
-1.40583e-03
-1.37415e-03
-1.33701e-03
-1.31545e-03
-1.30968e-03
-1.30626e-03
-1.29556e-03
-1.27231e-03
-1.11747e-03
-8.45612e-04
-8.55304e-04
-1.12628e-03
-1.33116e-03
-1.31681e-03
-1.18618e-03
-1.09847e-03
-1.10562e-03
-1.15402e-03
-1.17628e-03
-1.15488e-03
-1.11593e-03
-1.08871e-03
-1.08001e-03
-1.07825e-03
-1.07116e-03
-1.05624e-03
-1.03858e-03
-1.02330e-03
-1.01127e-03
-9.90537e-04
-7.86801e-04
-1.90828e-04
5.26645e-04
8.69766e-04
7.77061e-04
5.68317e-04
5.13721e-04
6.20622e-04
7.42459e-04
7.46074e-04
4.84127e-04
5.82559e-05
-1.67115e-04
7.46502e-05
5.85095e-04
8.88213e-04
8.33320e-04
6.37026e-04
5.43887e-04
6.01042e-04
7.02207e-04
7.45302e-04
7.18505e-04
6.72516e-04
6.51779e-04
6.60425e-04
7.03097e-04
8.78535e-04
1.02913e-03
1.14764e-03
1.43314e-03
1.41516e-03
9.38933e-04
5.05554e-04
4.43782e-04
6.25545e-04
6.76291e-04
1.48972e-04
-6.67441e-04
-1.11317e-03
-1.03532e-03
-7.70426e-04
-6.56062e-04
-7.38170e-04
-8.54151e-04
-8.88906e-04
-8.48306e-04
-7.90677e-04
-7.59940e-04
-7.58691e-04
-7.67607e-04
-7.79728e-04
-7.86348e-04
-7.77681e-04
-7.57839e-04
-7.36677e-04
-6.49414e-04
-2.90437e-04
3.05979e-04
7.42302e-04
7.94561e-04
6.34406e-04
6.58811e-04
1.21510e-03
1.90689e-03
2.16856e-03
1.98956e-03
1.73788e-03
1.67646e-03
1.78053e-03
1.88609e-03
1.89299e-03
1.81720e-03
1.60404e-03
1.05618e-03
4.52666e-04
2.07966e-04
3.23985e-04
5.92978e-04
8.83309e-04
1.03323e-03
1.08834e-03
1.25025e-03
1.45890e-03
1.55611e-03
1.61177e-03
1.89206e-03
2.27258e-03
2.22332e-03
1.68766e-03
1.19643e-03
1.09874e-03
1.24603e-03
1.17762e-03
6.27279e-04
2.02885e-05
-1.92665e-04
-5.59606e-05
1.03794e-04
9.45893e-05
-2.61839e-05
-1.24931e-04
-1.43699e-04
-1.06588e-04
-6.35373e-05
1.58511e-04
6.51910e-04
1.03035e-03
1.05366e-03
8.76850e-04
7.43461e-04
7.30087e-04
6.86341e-04
4.90162e-04
2.80154e-04
1.02141e-04
9.03637e-05
4.03580e-04
6.41128e-04
5.79483e-04
4.05658e-04
3.07352e-04
4.26633e-04
6.08284e-04
6.75703e-04
6.21398e-04
5.44057e-04
5.10307e-04
5.15640e-04
5.29929e-04
5.31208e-04
5.16795e-04
4.91157e-04
4.63902e-04
4.41382e-04
4.24855e-04
4.16432e-04
4.13295e-04
4.10022e-04
4.02992e-04
3.88425e-04
3.75059e-04
3.67588e-04
3.59453e-04
3.37055e-04
2.11218e-04
-8.33401e-05
-3.88776e-04
-5.02393e-04
-4.39493e-04
-3.46975e-04
-3.21725e-04
-3.45417e-04
-2.74586e-04
-8.01174e-05
1.64769e-04
3.40274e-04
3.78791e-04
3.28677e-04
2.62451e-04
1.34656e-04
-1.01096e-04
-3.12982e-04
-3.69142e-04
-3.05694e-04
-2.40331e-04
-2.35500e-04
-2.68597e-04
-2.89935e-04
-2.78652e-04
-2.31659e-04
-1.10032e-04
5.23061e-05
2.04414e-04
2.49600e-04
2.43284e-04
2.78730e-04
3.36460e-04
3.68067e-04
3.63673e-04
3.45814e-04
3.36123e-04
3.37993e-04
3.42590e-04
3.42270e-04
3.36755e-04
3.30207e-04
3.25834e-04
3.23636e-04
3.21828e-04
3.18602e-04
2.93506e-04
2.26290e-04
1.88741e-04
1.80322e-04
2.03825e-04
2.14001e-04
2.36281e-04
2.78998e-04
3.06008e-04
3.02894e-04
2.86726e-04
2.78857e-04
3.07942e-04
4.14523e-04
5.68909e-04
6.61727e-04
6.49035e-04
5.62962e-04
4.27202e-04
2.88384e-04
2.20577e-04
2.31465e-04
2.63413e-04
2.67918e-04
2.44048e-04
2.18367e-04
2.09452e-04
2.14783e-04
2.21492e-04
2.21358e-04
2.15480e-04
2.09208e-04
2.05831e-04
2.04779e-04
2.03831e-04
2.01691e-04
1.98650e-04
1.95628e-04
1.93129e-04
1.88364e-04
1.37120e-04
2.61078e-05
-5.66016e-05
-6.11393e-05
-2.19583e-05
5.71636e-06
2.96974e-06
-1.28392e-05
-1.95552e-05
-1.17131e-05
1.81896e-06
1.34721e-05
5.45441e-05
1.22487e-04
1.63850e-04
1.80714e-04
1.84073e-04
1.82525e-04
1.82117e-04
1.83947e-04
1.85566e-04
1.84832e-04
1.81950e-04
1.78575e-04
1.75978e-04
1.76621e-04
1.90694e-04
2.03651e-04
2.07082e-04
2.13143e-04
2.17065e-04
2.00912e-04
1.68619e-04
1.46650e-04
1.45278e-04
1.52409e-04
1.54808e-04
1.49683e-04
1.41919e-04
1.38019e-04
1.38963e-04
1.40697e-04
1.40076e-04
1.37325e-04
1.34357e-04
1.32197e-04
1.30003e-04
1.27494e-04
1.25523e-04
1.24967e-04
1.25005e-04
1.24203e-04
1.24421e-04
1.35754e-04
1.60897e-04
1.81936e-04
1.82103e-04
1.61765e-04
1.44498e-04
1.38066e-04
1.33312e-04
1.20466e-04
1.04325e-04
9.56676e-05
9.56411e-05
9.79432e-05
9.75573e-05
9.43642e-05
8.87686e-05
8.03085e-05
7.81830e-05
8.35555e-05
8.83762e-05
8.80784e-05
8.48291e-05
8.22223e-05
8.14390e-05
8.14928e-05
8.11034e-05
7.99181e-05
7.83872e-05
7.70367e-05
7.60092e-05
7.51238e-05
7.41773e-05
7.31213e-05
7.20321e-05
7.09065e-05
6.81546e-05
6.39576e-05
6.18305e-05
6.15153e-05
6.36055e-05
6.58360e-05
6.57743e-05
6.39187e-05
6.20406e-05
6.12480e-05
6.11635e-05
6.08866e-05
6.00561e-05
5.89333e-05
5.79066e-05
5.71121e-05
5.64887e-05
5.69411e-05
5.99125e-05
6.25412e-05
6.21286e-05
6.07782e-05
5.98083e-05
5.90589e-05
5.80565e-05
5.58901e-05
5.17790e-05
4.73080e-05
4.49372e-05
4.47689e-05
4.51198e-05
4.47241e-05
4.36205e-05
4.25003e-05
4.18002e-05
4.14346e-05
4.10956e-05
4.06065e-05
4.00045e-05
3.94111e-05
3.88915e-05
3.84292e-05
3.79761e-05
3.75084e-05
3.70297e-05
3.65341e-05
3.60430e-05
3.56152e-05
3.51815e-05
3.44781e-05
3.37970e-05
3.33655e-05
3.31399e-05
3.28760e-05
3.23652e-05
3.19968e-05
3.18115e-05
3.17231e-05
3.16582e-05
3.14701e-05
3.11497e-05
3.07251e-05
3.00305e-05
2.92936e-05
2.89047e-05
2.88818e-05
2.90634e-05
2.92254e-05
2.89865e-05
2.84442e-05
2.80593e-05
2.80814e-05
2.83336e-05
2.83995e-05
2.82268e-05
2.80049e-05
2.78417e-05
2.77338e-05
2.76350e-05
2.75225e-05
2.74011e-05
2.72839e-05
2.71800e-05
2.70900e-05
2.70101e-05
2.69475e-05
2.69270e-05
2.69364e-05
2.69214e-05
2.68479e-05
2.67236e-05
2.66229e-05
2.65948e-05
2.66165e-05
2.66427e-05
2.66549e-05
2.66602e-05
2.66700e-05
2.67046e-05
2.67706e-05
2.68476e-05
2.69193e-05
2.69882e-05
2.70659e-05
2.71580e-05
2.72625e-05
2.73751e-05
2.74940e-05
2.76205e-05
2.77549e-05
2.78961e-05
2.80476e-05
2.82124e-05
2.83866e-05
2.85672e-05
2.87555e-05
2.89534e-05
2.91598e-05
2.93741e-05
2.95970e-05
2.98286e-05
3.00685e-05
3.03168e-05
3.05738e-05
3.08394e-05
3.11135e-05
3.13964e-05
3.16880e-05
3.19880e-05
3.22965e-05
3.26134e-05
3.29386e-05
3.32722e-05
3.36143e-05
3.39648e-05
3.43236e-05
3.46908e-05
3.50664e-05
3.54503e-05
3.58425e-05
3.62430e-05
3.66517e-05
3.70687e-05
3.74939e-05
3.79272e-05
3.83688e-05
3.88185e-05
3.92763e-05
3.97421e-05
4.02161e-05
4.06981e-05
4.11880e-05
4.16860e-05
