1.46647e-03
1.50688e-03
1.54732e-03
1.58786e-03
1.62836e-03
1.66882e-03
1.70912e-03
1.74928e-03
1.78918e-03
1.82870e-03
1.86776e-03
1.90640e-03
1.94487e-03
1.98336e-03
2.02195e-03
2.06073e-03
2.09997e-03
2.13949e-03
2.17900e-03
2.21848e-03
2.25856e-03
2.29951e-03
2.34209e-03
2.38614e-03
2.43110e-03
2.47510e-03
2.51953e-03
2.56490e-03
2.61188e-03
2.66053e-03
2.71231e-03
2.76734e-03
2.82386e-03
2.87518e-03
2.91762e-03
2.95392e-03
2.98763e-03
3.01822e-03
3.04917e-03
3.08100e-03
3.10626e-03
3.09884e-03
3.03672e-03
2.92712e-03
2.78332e-03
2.64561e-03
2.60840e-03
2.71310e-03
2.89973e-03
3.13503e-03
3.40618e-03
3.62857e-03
3.67017e-03
3.54781e-03
3.35930e-03
3.13624e-03
2.89466e-03
2.62569e-03
2.32731e-03
1.98374e-03
1.60153e-03
1.21465e-03
9.19309e-04
7.50317e-04
6.48357e-04
5.59258e-04
4.38703e-04
1.83076e-04
-2.34293e-04
-7.42516e-04
-1.27182e-03
-1.81501e-03
-2.38117e-03
-3.04594e-03
-3.78768e-03
-4.36743e-03
-4.25027e-03
-3.30983e-03
-1.86464e-03
-2.78371e-04
8.02548e-04
4.38779e-04
-9.58876e-04
-2.72799e-03
-4.58296e-03
-6.18500e-03
-7.16629e-03
-7.75159e-03
-8.26674e-03
-8.65131e-03
-8.64036e-03
-8.17345e-03
-7.51893e-03
-6.81640e-03
-6.07855e-03
-5.29667e-03
-4.52918e-03
-3.91240e-03
-3.49188e-03
-3.14488e-03
-2.79248e-03
-2.42507e-03
-2.04092e-03
-1.65049e-03
-1.24916e-03
-8.43799e-04
-4.30227e-04
-1.21053e-05
4.33007e-04
8.77254e-04
1.26660e-03
1.53450e-03
1.74564e-03
2.01124e-03
2.44360e-03
2.80782e-03
2.39242e-03
5.18786e-04
-1.73945e-03
-2.89864e-03
-2.40875e-03
-1.19374e-03
4.77388e-05
1.26372e-03
2.50781e-03
3.84133e-03
4.93559e-03
5.21968e-03
4.63616e-03
3.75102e-03
2.82842e-03
1.89048e-03
8.68323e-04
-2.02739e-04
-1.28695e-03
-2.36204e-03
-3.43973e-03
-4.51636e-03
-5.59880e-03
-6.66497e-03
-7.72189e-03
-8.79310e-03
-9.94289e-03
-1.11062e-02
-1.19718e-02
-1.20714e-02
-1.16558e-02
-1.11125e-02
-1.05714e-02
-1.00528e-02
-9.53200e-03
-9.00072e-03
-8.47057e-03
-7.95058e-03
-7.41007e-03
-6.80412e-03
-6.11126e-03
-5.38432e-03
-4.65554e-03
-3.92808e-03
-3.19657e-03
-2.46397e-03
-1.76028e-03
-1.13309e-03
-5.62116e-04
-1.09497e-05
5.48334e-04
1.16896e-03
1.80821e-03
2.23043e-03
2.07425e-03
1.46767e-03
7.24596e-04
-9.88791e-06
-7.09986e-04
-1.42975e-03
-2.23960e-03
-3.08669e-03
-3.60320e-03
-3.21373e-03
-2.08364e-03
-6.66040e-04
7.93500e-04
1.90375e-03
2.15600e-03
1.73809e-03
1.13183e-03
4.94319e-04
-1.48626e-04
-7.64425e-04
-1.12497e-03
-1.07724e-03
-8.39094e-04
-6.35067e-04
-4.53609e-04
-1.22225e-04
7.19987e-04
2.00490e-03
3.45562e-03
4.91455e-03
6.34795e-03
7.72148e-03
9.11974e-03
1.06901e-02
1.24529e-02
1.36502e-02
1.28459e-02
9.59583e-03
5.29597e-03
8.84418e-04
-3.12437e-03
-6.37618e-03
-9.27370e-03
-1.23688e-02
-1.51261e-02
-1.57499e-02
-1.28119e-02
-8.28910e-03
-4.32156e-03
-2.16755e-03
-1.11553e-03
-1.88518e-04
7.70971e-04
1.79734e-03
2.76981e-03
3.72313e-03
4.66727e-03
5.69598e-03
6.72523e-03
7.51512e-03
7.69596e-03
7.54086e-03
7.31929e-03
7.11246e-03
6.91313e-03
6.70871e-03
6.49296e-03
6.27776e-03
6.05279e-03
5.83994e-03
5.66818e-03
5.51375e-03
5.19968e-03
4.45826e-03
3.36123e-03
2.15762e-03
9.83217e-04
-7.30167e-05
-1.12754e-03
-2.51840e-03
-4.45275e-03
-5.87378e-03
-4.52595e-03
4.42545e-04
6.96549e-03
1.27157e-02
1.54987e-02
1.53361e-02
1.41637e-02
1.28705e-02
1.16478e-02
1.04425e-02
9.20517e-03
7.93361e-03
6.66605e-03
5.41249e-03
4.18514e-03
2.94809e-03
1.67013e-03
3.37760e-04
-8.54976e-04
-1.54586e-03
-1.61679e-03
-1.45173e-03
-1.25845e-03
-1.07298e-03
-8.76391e-04
-7.21518e-04
-7.05976e-04
-8.62795e-04
-1.07718e-03
-1.29180e-03
-1.45582e-03
-1.63114e-03
-1.96739e-03
-2.69161e-03
-3.60843e-03
-4.56854e-03
-5.66607e-03
-7.03977e-03
-8.14533e-03
-7.53519e-03
-4.20904e-03
9.16877e-05
2.38816e-03
2.78188e-06
-4.26227e-03
-5.88337e-03
-4.88063e-03
-3.00168e-03
-1.14348e-03
6.54631e-04
2.53177e-03
4.27443e-03
5.15132e-03
4.76439e-03
3.82126e-03
2.84202e-03
1.90461e-03
9.69748e-04
-7.87988e-05
-1.12841e-03
-1.82476e-03
-1.72794e-03
-1.26044e-03
-8.42672e-04
-2.54714e-04
1.17157e-03
3.61809e-03
5.66267e-03
5.12341e-03
1.67369e-03
-2.70227e-03
-4.65335e-03
-2.50731e-04
8.18472e-03
1.66572e-02
2.16347e-02
2.07319e-02
1.72510e-02
1.34236e-02
9.69892e-03
6.53374e-03
4.68654e-03
4.25865e-03
4.45884e-03
4.49754e-03
2.78294e-03
-1.74110e-03
-8.31721e-03
-1.52239e-02
-1.87507e-02
-1.36443e-02
-3.69415e-03
4.18276e-03
3.92521e-03
-3.29256e-03
-1.24511e-02
-2.00961e-02
-2.28990e-02
-2.16218e-02
-1.89723e-02
-1.62957e-02
-1.37250e-02
-1.12513e-02
-8.86261e-03
-6.60129e-03
-4.47821e-03
-2.41830e-03
1.45777e-04
3.78441e-03
7.89714e-03
1.02794e-02
8.05591e-03
2.64123e-03
-2.65587e-03
-5.39375e-03
-5.20290e-03
-4.06248e-03
-3.05650e-03
-2.70364e-03
-2.67027e-03
-2.70719e-03
-2.68501e-03
-2.68911e-03
-2.67041e-03
-2.67789e-03
-2.65292e-03
-2.71910e-03
-2.89275e-03
-3.16574e-03
-3.36890e-03
-3.60887e-03
-4.08443e-03
-5.16877e-03
-6.46155e-03
-7.70652e-03
-8.93709e-03
-1.07109e-02
-1.35578e-02
-1.68065e-02
-1.97248e-02
-2.24800e-02
-2.47224e-02
-2.53187e-02
-2.32533e-02
-2.00587e-02
-1.60150e-02
-9.94037e-03
-1.61328e-03
7.69896e-03
1.71650e-02
2.57069e-02
3.20521e-02
3.46199e-02
3.46084e-02
3.38873e-02
3.21420e-02
2.76675e-02
2.12044e-02
1.38682e-02
6.44985e-03
5.69904e-04
-1.68535e-03
-1.50954e-03
-7.98404e-04
-2.18039e-05
8.27015e-04
1.77003e-03
1.97346e-03
2.04692e-04
-3.20220e-03
-7.32411e-03
-1.20643e-02
-1.64445e-02
-1.76302e-02
-1.24769e-02
-4.08293e-03
5.22747e-03
1.47171e-02
2.16952e-02
2.23593e-02
1.79449e-02
1.22445e-02
6.43178e-03
7.36552e-04
-5.47838e-03
-1.17321e-02
-1.61793e-02
-1.59758e-02
-1.30396e-02
-9.44269e-03
-5.96924e-03
-2.94121e-03
-5.74028e-04
1.62939e-03
4.05609e-03
6.92732e-03
8.96421e-03
7.48773e-03
7.32094e-04
-8.69581e-03
-1.95254e-02
-2.98188e-02
-3.40474e-02
-2.60488e-02
-1.13575e-02
4.87037e-03
1.82665e-02
2.13256e-02
1.21453e-02
-2.53939e-03
-1.90318e-02
-3.52156e-02
-4.48503e-02
-4.04464e-02
-2.88402e-02
-1.62081e-02
-2.44001e-03
1.10194e-02
2.00678e-02
1.76314e-02
8.97623e-03
1.05164e-03
-2.68023e-03
-4.03739e-03
-5.21979e-03
-6.92038e-03
-9.53467e-03
-1.17199e-02
-1.05048e-02
-3.39517e-03
6.76488e-03
1.75912e-02
2.71299e-02
3.21339e-02
3.18475e-02
2.93839e-02
2.67049e-02
2.40889e-02
2.15886e-02
1.92192e-02
1.72352e-02
1.55038e-02
1.47058e-02
1.61144e-02
1.96592e-02
2.39346e-02
2.85320e-02
3.39119e-02
3.94655e-02
4.15201e-02
3.46931e-02
2.15910e-02
6.51228e-03
-9.54131e-03
-2.44151e-02
-3.32093e-02
-3.16549e-02
-2.50480e-02
-1.76654e-02
-1.16758e-02
-9.78916e-03
-1.15514e-02
-1.50887e-02
-1.88336e-02
-2.02006e-02
-1.54786e-02
-6.17242e-03
4.47322e-03
1.56710e-02
2.76543e-02
3.87358e-02
4.35610e-02
3.77272e-02
2.66772e-02
1.47958e-02
3.99308e-03
-2.69760e-03
-4.69886e-03
-4.47854e-03
-4.16253e-03
-5.09942e-03
-8.83095e-03
-1.35465e-02
-1.60445e-02
-1.28561e-02
-6.31286e-03
7.34076e-04
7.63034e-03
1.44967e-02
2.20135e-02
2.96989e-02
3.50436e-02
3.41894e-02
2.87761e-02
2.05789e-02
1.08185e-02
7.01738e-04
-1.00724e-02
-2.12620e-02
-3.06461e-02
-3.38229e-02
-3.04031e-02
-2.43968e-02
-1.79555e-02
-1.16472e-02
-6.31285e-03
-3.02487e-03
-1.23492e-03
2.15372e-04
1.59722e-03
3.07689e-03
4.52504e-03
5.97860e-03
7.27291e-03
8.47357e-03
9.67419e-03
1.11955e-02
1.27369e-02
1.31213e-02
1.05702e-02
6.31859e-03
1.65706e-03
-3.00434e-03
-7.30106e-03
-1.06070e-02
-1.26528e-02
-1.25286e-02
-1.02009e-02
-7.00064e-03
-3.67215e-03
-6.25676e-04
1.59367e-03
2.96960e-03
3.94107e-03
4.75844e-03
5.62204e-03
6.99904e-03
8.78496e-03
8.99090e-03
3.69350e-03
-7.62592e-03
-2.12400e-02
-3.42947e-02
-4.54228e-02
-5.50699e-02
-6.51351e-02
-7.52884e-02
-8.10725e-02
-7.62253e-02
-6.48253e-02
-5.18195e-02
-3.83471e-02
-2.64994e-02
-1.94155e-02
-1.81141e-02
-1.87616e-02
-1.69045e-02
-8.00323e-03
5.42227e-03
1.97345e-02
3.43930e-02
5.04367e-02
6.68820e-02
7.71518e-02
7.17595e-02
5.63999e-02
4.01080e-02
2.93274e-02
2.82432e-02
3.11355e-02
3.44419e-02
3.84595e-02
4.27310e-02
4.34004e-02
3.34193e-02
1.43577e-02
-8.53361e-03
-3.19154e-02
-5.06403e-02
-5.81253e-02
-5.79142e-02
-5.66728e-02
-5.70440e-02
-5.86456e-02
-5.92874e-02
-5.82898e-02
-5.67344e-02
-5.52739e-02
-5.24499e-02
-4.63168e-02
-3.78772e-02
-2.94165e-02
-2.24146e-02
-1.68537e-02
-9.34064e-03
4.84676e-03
2.60982e-02
5.11071e-02
7.74298e-02
9.78528e-02
1.01221e-01
8.84618e-02
7.21797e-02
6.15006e-02
5.93451e-02
6.19138e-02
6.82355e-02
7.50054e-02
7.33649e-02
5.61366e-02
3.21060e-02
7.64766e-03
-1.70692e-02
-4.36272e-02
-7.06939e-02
-8.89990e-02
-8.58018e-02
-6.94910e-02
-5.08518e-02
-3.24890e-02
-1.46584e-02
4.68444e-03
2.48338e-02
4.08234e-02
4.38661e-02
3.51295e-02
2.23513e-02
9.22853e-03
-4.34353e-03
-1.81257e-02
-2.91657e-02
-3.20316e-02
-2.80446e-02
-2.17093e-02
-1.51980e-02
-9.81090e-03
-6.95227e-03
-6.03039e-03
-5.67823e-03
-5.32621e-03
-4.85645e-03
-4.40830e-03
-4.33979e-03
-4.95872e-03
-5.77228e-03
-6.25313e-03
-6.88191e-03
-9.34056e-03
-1.54783e-02
-2.32743e-02
-3.11557e-02
-3.91303e-02
-4.77161e-02
-5.66390e-02
-6.28901e-02
-6.17841e-02
-5.47261e-02
-4.59577e-02
-3.70846e-02
-2.85060e-02
-1.98501e-02
-1.09069e-02
-1.22289e-03
8.93549e-03
1.92063e-02
2.95533e-02
4.04601e-02
5.15387e-02
6.06048e-02
6.40507e-02
6.30925e-02
6.08812e-02
5.85138e-02
5.57203e-02
5.18935e-02
4.75706e-02
4.32608e-02
3.88240e-02
3.38801e-02
2.82959e-02
2.35689e-02
2.22363e-02
2.48193e-02
2.80642e-02
2.68650e-02
1.62034e-02
8.33576e-04
-1.55317e-02
-3.18076e-02
-4.56811e-02
-5.43153e-02
-5.90312e-02
-6.23241e-02
-6.25289e-02
-5.62232e-02
-4.63674e-02
-3.56583e-02
-2.42383e-02
-1.34062e-02
-4.86162e-03
9.13558e-04
7.73060e-03
2.03771e-02
3.85386e-02
5.63443e-02
6.78205e-02
7.28691e-02
7.57604e-02
7.84476e-02
8.12583e-02
8.37896e-02
8.57036e-02
8.50256e-02
7.56525e-02
5.37794e-02
2.70837e-02
1.90143e-03
-2.02237e-02
-4.05505e-02
-5.87696e-02
-7.26556e-02
-8.47772e-02
-9.65177e-02
-1.04071e-01
-1.00961e-01
-9.00099e-02
-7.69542e-02
-6.39927e-02
-5.27006e-02
-4.34163e-02
-3.50129e-02
-2.63880e-02
-1.78769e-02
-9.85231e-03
-2.97912e-03
4.48740e-03
1.51251e-02
2.95415e-02
4.36434e-02
4.96566e-02
4.06142e-02
2.49622e-02
1.34360e-02
1.50039e-02
2.62908e-02
4.09414e-02
5.59387e-02
6.55331e-02
6.19809e-02
4.86758e-02
3.23028e-02
1.64594e-02
5.81998e-03
3.37832e-03
4.97163e-03
7.27345e-03
9.47783e-03
9.66790e-03
6.58075e-03
1.84878e-03
-3.14234e-03
-8.68552e-03
-1.44208e-02
-2.03478e-02
-2.61457e-02
-3.17281e-02
-3.64172e-02
-3.93428e-02
-3.94265e-02
-3.39431e-02
-2.30027e-02
-9.78824e-03
3.53671e-03
1.39365e-02
1.86283e-02
2.04918e-02
2.23645e-02
2.46802e-02
2.73649e-02
2.76772e-02
2.24167e-02
1.30380e-02
2.45416e-03
-9.43268e-03
-2.11230e-02
-2.79154e-02
-2.27499e-02
-1.11422e-02
1.78032e-03
1.41389e-02
2.38185e-02
2.97230e-02
3.40827e-02
3.75206e-02
3.78507e-02
3.34484e-02
2.51109e-02
1.08612e-02
-9.35501e-03
-2.80704e-02
-3.56554e-02
-3.05497e-02
-2.07396e-02
-1.07303e-02
-8.74830e-04
9.77178e-03
2.07424e-02
2.80875e-02
2.61760e-02
1.83414e-02
9.25418e-03
2.07713e-04
-8.15906e-03
-1.63398e-02
-2.58527e-02
-3.97372e-02
-5.77077e-02
-7.70064e-02
-9.16553e-02
-9.34893e-02
-8.47294e-02
-7.28161e-02
-6.06640e-02
-4.87996e-02
-3.67686e-02
-2.49763e-02
-1.47714e-02
-7.30751e-03
-3.71606e-03
-2.84906e-03
-2.66872e-03
-2.43681e-03
-1.19486e-03
1.35741e-03
4.64882e-03
7.60338e-03
9.29355e-03
9.13114e-03
8.32971e-03
7.43256e-03
6.58750e-03
5.55301e-03
4.54148e-03
4.18599e-03
5.57893e-03
8.13378e-03
1.11489e-02
1.43778e-02
1.76958e-02
2.00147e-02
1.98055e-02
1.81835e-02
1.79414e-02
2.18925e-02
2.94071e-02
3.82691e-02
4.68160e-02
5.14044e-02
4.92842e-02
4.38437e-02
3.83439e-02
3.34645e-02
2.98315e-02
2.63956e-02
2.31995e-02
2.00312e-02
1.66558e-02
1.15020e-02
4.27181e-03
-3.97780e-03
-1.24199e-02
-2.22088e-02
-3.22601e-02
-3.76678e-02
-2.93959e-02
-1.02311e-02
1.38552e-02
3.63502e-02
4.61681e-02
3.39755e-02
1.20449e-02
-1.06088e-02
-3.34442e-02
-5.77826e-02
-8.27283e-02
-9.97802e-02
-9.70852e-02
-8.16776e-02
-6.37214e-02
-4.60084e-02
-2.87750e-02
-1.03022e-02
8.79764e-03
2.42996e-02
2.89487e-02
2.43327e-02
1.67613e-02
9.00614e-03
1.73296e-03
-5.34079e-03
-1.27825e-02
-2.13070e-02
-3.00357e-02
-3.48440e-02
-2.96733e-02
-1.74302e-02
-3.40957e-03
1.10321e-02
2.66806e-02
4.24605e-02
5.22713e-02
4.75703e-02
3.45217e-02
1.97814e-02
5.78241e-03
-4.10772e-03
-8.57398e-03
-1.04018e-02
-1.15776e-02
-1.19793e-02
-1.22969e-02
-1.22048e-02
-1.10219e-02
-7.88300e-03
-3.55741e-03
3.28473e-03
1.50066e-02
2.92938e-02
4.46011e-02
6.11428e-02
7.56930e-02
8.05084e-02
7.03659e-02
5.36764e-02
3.58463e-02
1.66913e-02
-2.22299e-03
-1.44864e-02
-1.05563e-02
2.65107e-03
1.83471e-02
3.46793e-02
4.69166e-02
4.82505e-02
3.84575e-02
2.45128e-02
9.46039e-03
-4.76990e-03
-1.51146e-02
-1.85092e-02
-1.87533e-02
-1.86901e-02
-1.87070e-02
-1.84640e-02
-1.73594e-02
-1.58783e-02
-1.43892e-02
-1.25038e-02
-9.49348e-03
-5.32684e-03
-3.29500e-04
5.46737e-03
1.01897e-02
9.42076e-03
2.01163e-04
-1.26317e-02
-2.55933e-02
-3.85485e-02
-5.23833e-02
-6.70293e-02
-7.80882e-02
-7.78549e-02
-6.62615e-02
-5.05759e-02
-3.43776e-02
-1.83079e-02
-3.11142e-03
8.31348e-03
1.03834e-02
2.85472e-03
-8.80547e-03
-2.15360e-02
-3.15629e-02
-3.27288e-02
-2.36737e-02
-1.08498e-02
2.16779e-03
1.50481e-02
2.86010e-02
4.26052e-02
5.40920e-02
5.77997e-02
5.45993e-02
4.92142e-02
4.43704e-02
4.03023e-02
3.41535e-02
2.05154e-02
-6.82670e-04
-2.36922e-02
-4.20619e-02
-5.16892e-02
-4.69965e-02
-3.07204e-02
-1.06574e-02
8.93906e-03
2.52796e-02
3.74171e-02
4.61040e-02
5.15610e-02
5.56564e-02
5.99621e-02
6.55020e-02
7.09503e-02
7.08371e-02
5.83740e-02
3.93831e-02
1.86708e-02
-2.48973e-03
-1.90861e-02
-2.40296e-02
-1.85222e-02
-9.85645e-03
-1.08316e-03
7.31356e-03
1.65826e-02
2.67035e-02
3.47740e-02
3.42163e-02
2.32568e-02
7.92892e-03
-6.07298e-03
-1.48644e-02
-1.82656e-02
-2.00415e-02
-2.18685e-02
-2.42016e-02
-2.61750e-02
-2.67246e-02
-2.46666e-02
-2.25620e-02
-2.10884e-02
-1.62445e-02
-1.05084e-03
2.14485e-02
3.69819e-02
2.81611e-02
-5.46900e-04
-3.21470e-02
-5.15617e-02
-5.05270e-02
-4.07732e-02
-3.06554e-02
-2.10167e-02
-1.09964e-02
7.66783e-05
9.19223e-03
1.04676e-02
2.31313e-03
-9.44178e-03
-2.12037e-02
-3.26015e-02
-4.47312e-02
-5.84308e-02
-7.04060e-02
-7.21320e-02
-5.75982e-02
-3.56511e-02
-1.22267e-02
1.24080e-02
3.49382e-02
4.76945e-02
4.43084e-02
3.36539e-02
2.22556e-02
1.12063e-02
1.89945e-04
-1.16097e-02
-2.29081e-02
-3.02351e-02
-3.08039e-02
-2.78941e-02
-2.42265e-02
-2.16465e-02
-2.32723e-02
-2.93477e-02
-3.50324e-02
-3.36862e-02
-2.39384e-02
-1.07783e-02
3.19183e-03
1.84013e-02
3.25094e-02
3.86727e-02
2.95934e-02
1.33307e-02
-4.20805e-03
-2.30317e-02
-4.15943e-02
-5.41627e-02
-5.21176e-02
-4.17804e-02
-3.08246e-02
-2.08286e-02
-8.98415e-03
1.15689e-02
3.99805e-02
6.36013e-02
6.54180e-02
4.70975e-02
2.11908e-02
-5.09627e-03
-2.66517e-02
-3.75201e-02
-4.05800e-02
-3.93054e-02
-3.08778e-02
-1.41035e-02
6.96717e-03
3.06601e-02
5.40971e-02
6.73121e-02
5.80613e-02
3.76772e-02
1.54067e-02
-9.16846e-03
-3.28603e-02
-4.60360e-02
-3.44880e-02
-1.07382e-02
1.53623e-02
4.31525e-02
6.92044e-02
8.44766e-02
7.86727e-02
6.30644e-02
4.65047e-02
2.94427e-02
1.13726e-02
-5.87620e-03
-1.32295e-02
-2.86457e-03
1.80769e-02
3.89626e-02
4.65493e-02
2.71436e-02
-5.22624e-03
-3.34849e-02
-4.34821e-02
-3.39555e-02
-1.78808e-02
-3.61126e-03
4.66123e-03
9.17213e-03
1.31350e-02
1.75166e-02
2.21932e-02
2.58207e-02
2.66351e-02
2.51231e-02
2.31787e-02
2.16537e-02
2.05891e-02
1.79959e-02
1.06031e-02
-1.63824e-03
-1.48366e-02
-2.27877e-02
-1.83363e-02
-7.89828e-03
3.16062e-03
1.43076e-02
2.55360e-02
3.62856e-02
4.37756e-02
4.64559e-02
4.68733e-02
4.73805e-02
4.88975e-02
5.05868e-02
4.80895e-02
3.61029e-02
1.90281e-02
1.44027e-03
-1.51385e-02
-2.88698e-02
-4.10229e-02
-5.27220e-02
-6.39829e-02
-7.35340e-02
-8.17601e-02
-8.99702e-02
-9.91489e-02
-1.07233e-01
-1.09222e-01
-1.01002e-01
-8.84607e-02
-7.55635e-02
-6.22663e-02
-4.75133e-02
-3.32094e-02
-2.66567e-02
-3.50897e-02
-4.76089e-02
-4.90900e-02
-3.35303e-02
-1.02235e-02
1.35384e-02
3.64640e-02
5.84064e-02
8.11871e-02
1.06798e-01
1.33806e-01
1.50228e-01
1.36573e-01
9.79205e-02
5.01686e-02
8.24786e-04
-3.91829e-02
-5.50614e-02
-4.87517e-02
-3.49308e-02
-1.90561e-02
-3.80108e-03
6.16970e-03
3.04829e-03
-7.63166e-03
-1.99312e-02
-3.17565e-02
-4.31451e-02
-5.51677e-02
-6.89371e-02
-8.21841e-02
-8.79566e-02
-7.85040e-02
-6.24208e-02
-4.93351e-02
-4.41719e-02
-4.34006e-02
-4.31079e-02
-4.12310e-02
-3.44989e-02
-2.25065e-02
-7.39761e-03
9.11558e-03
2.20712e-02
2.15302e-02
4.99965e-03
-1.75880e-02
-3.24767e-02
-2.45617e-02
2.06862e-03
3.54071e-02
7.01269e-02
9.91289e-02
1.11799e-01
1.07004e-01
9.49917e-02
7.96340e-02
6.13795e-02
4.17052e-02
2.14568e-02
1.61859e-03
-1.61161e-02
-3.18185e-02
-4.73918e-02
-6.44072e-02
-8.08872e-02
-8.93900e-02
-8.20539e-02
-6.70855e-02
-5.10799e-02
-3.39993e-02
-1.56258e-02
4.76340e-03
2.22159e-02
2.58347e-02
9.15076e-03
-1.67071e-02
-4.53290e-02
-7.50537e-02
-9.81986e-02
-1.00828e-01
-8.11442e-02
-5.31082e-02
-2.44511e-02
3.87444e-03
3.26459e-02
6.17442e-02
8.81948e-02
1.08534e-01
1.25737e-01
1.43590e-01
1.60697e-01
1.70902e-01
1.65594e-01
1.52764e-01
1.38710e-01
1.24607e-01
1.11230e-01
9.78060e-02
8.43978e-02
6.98011e-02
5.26713e-02
3.33230e-02
1.27187e-02
-9.79294e-03
-3.15856e-02
-4.45217e-02
-3.93480e-02
-2.52562e-02
-1.05820e-02
1.83878e-03
1.02743e-02
1.52705e-02
1.69447e-02
1.87113e-02
2.33548e-02
2.97358e-02
3.63548e-02
4.33499e-02
5.09208e-02
5.79676e-02
6.03817e-02
5.50435e-02
4.59265e-02
3.64582e-02
2.70670e-02
1.79724e-02
8.62899e-03
-5.78216e-04
-9.87801e-03
-1.92938e-02
-2.92015e-02
-3.83450e-02
-4.42271e-02
-4.48078e-02
-4.27992e-02
-3.96606e-02
-3.70254e-02
-3.89887e-02
-5.01954e-02
-6.58956e-02
-8.33138e-02
-1.02375e-01
-1.18628e-01
-1.20702e-01
-1.00895e-01
-6.98790e-02
-3.78221e-02
-1.29813e-02
-5.23808e-03
-6.28220e-03
-6.66326e-03
2.27080e-04
1.60887e-02
3.53298e-02
5.04701e-02
5.29307e-02
4.35506e-02
3.06309e-02
1.74862e-02
3.49934e-03
-1.39538e-02
-3.43712e-02
-5.59627e-02
-7.85996e-02
-1.03327e-01
-1.25959e-01
-1.34952e-01
-1.19965e-01
-9.33115e-02
-6.39649e-02
-3.49484e-02
-1.25283e-02
-4.01405e-03
-2.88429e-03
-2.74703e-03
-2.64325e-03
-2.09881e-03
-1.58453e-03
-1.01869e-03
-9.64689e-04
-1.78993e-03
-1.92914e-03
3.92722e-03
2.08771e-02
4.42472e-02
6.95805e-02
9.11545e-02
9.76171e-02
8.48717e-02
6.35980e-02
4.08315e-02
1.97579e-02
5.58897e-03
2.87694e-04
-1.21676e-03
-6.06497e-03
-2.13564e-02
-4.55449e-02
-7.27485e-02
-9.57690e-02
-1.03378e-01
-9.40269e-02
-7.89711e-02
-6.76360e-02
-6.40531e-02
-6.45762e-02
-6.59079e-02
-6.64522e-02
-6.19512e-02
-4.92355e-02
-3.25647e-02
-1.55497e-02
1.53395e-03
1.82536e-02
3.49324e-02
5.14211e-02
6.87069e-02
8.72149e-02
1.04624e-01
1.13487e-01
1.07837e-01
9.52939e-02
8.17392e-02
6.68791e-02
5.24713e-02
4.39039e-02
4.91513e-02
6.09675e-02
6.87298e-02
6.28488e-02
4.56349e-02
2.54076e-02
5.10406e-03
-1.58157e-02
-3.81166e-02
-5.77197e-02
-6.51716e-02
-5.63923e-02
-4.10246e-02
-2.65370e-02
-1.55555e-02
-6.24065e-03
4.06040e-03
1.58725e-02
2.84274e-02
4.07006e-02
5.26276e-02
6.45926e-02
7.78173e-02
9.17965e-02
1.01681e-01
9.84781e-02
8.23041e-02
6.05553e-02
3.72974e-02
1.72075e-02
8.58277e-03
1.37045e-02
2.35749e-02
2.69002e-02
1.38869e-02
-7.99188e-03
-3.07205e-02
-5.33252e-02
-7.60987e-02
-9.98991e-02
-1.21185e-01
-1.34187e-01
-1.37689e-01
-1.37177e-01
-1.34947e-01
-1.30609e-01
-1.24528e-01
-1.14670e-01
-9.54808e-02
-6.97675e-02
-4.20458e-02
-1.47799e-02
1.19441e-02
3.91486e-02
6.89096e-02
9.91738e-02
1.19770e-01
1.15523e-01
9.53116e-02
7.06941e-02
4.58849e-02
2.62545e-02
1.77634e-02
1.67432e-02
1.72378e-02
1.61198e-02
9.71708e-03
-5.80532e-04
-1.29264e-02
-2.53432e-02
-3.35218e-02
-3.19426e-02
-2.56792e-02
-2.36024e-02
-2.66418e-02
-3.13738e-02
-3.61451e-02
-4.09675e-02
-4.62387e-02
-5.08142e-02
-5.12588e-02
-4.52449e-02
-3.61626e-02
-2.61761e-02
-1.57962e-02
-7.24787e-03
-4.88765e-03
-1.00130e-02
-1.83055e-02
-2.60115e-02
-2.98846e-02
-2.87398e-02
-2.55623e-02
-2.23093e-02
-1.92314e-02
-1.62926e-02
-1.31357e-02
-9.30791e-03
-4.56302e-03
3.91216e-04
5.09699e-03
1.01384e-02
1.72582e-02
2.77253e-02
3.97278e-02
5.17541e-02
6.35297e-02
7.52896e-02
8.75584e-02
1.00429e-01
1.12128e-01
1.18483e-01
1.17513e-01
1.13620e-01
1.09464e-01
1.04900e-01
9.93765e-02
9.33788e-02
8.75090e-02
8.05927e-02
7.06863e-02
5.77510e-02
4.44347e-02
3.25449e-02
2.26660e-02
1.59094e-02
1.40192e-02
1.44345e-02
1.55466e-02
1.67677e-02
1.63145e-02
1.16983e-02
3.89318e-03
-4.94924e-03
-1.38302e-02
-2.18845e-02
-2.80899e-02
-3.28070e-02
-3.55201e-02
-3.57637e-02
-3.50154e-02
-3.41145e-02
-3.31064e-02
-3.23017e-02
-3.25903e-02
-3.43979e-02
-3.70079e-02
-3.97253e-02
-4.16944e-02
-4.18215e-02
-4.09224e-02
-3.99042e-02
-3.88732e-02
-3.78602e-02
-3.69927e-02
-3.67002e-02
-3.70111e-02
-3.75819e-02
-3.81605e-02
-3.86347e-02
-3.88734e-02
-3.87948e-02
-3.85894e-02
-3.79907e-02
-3.62507e-02
-3.38084e-02
-3.12219e-02
-2.86211e-02
-2.60807e-02
-2.36184e-02
-2.12611e-02
-1.89461e-02
-1.66405e-02
-1.44113e-02
-1.22123e-02
-9.77823e-03
-6.66059e-03
-3.01287e-03
7.17305e-04
3.69733e-03
4.76669e-03
4.54955e-03
4.06963e-03
3.56925e-03
3.08811e-03
2.66769e-03
2.37081e-03
2.08291e-03
1.67355e-03
1.08482e-03
6.74752e-04
1.62121e-03
5.09915e-03
9.27044e-03
1.38861e-02
2.27942e-02
3.89578e-02
5.34285e-02
5.24835e-02
3.91741e-02
2.23415e-02
5.30152e-03
-1.20781e-02
-3.01783e-02
-4.55860e-02
-5.14262e-02
-4.69114e-02
-3.86452e-02
-3.22109e-02
-3.14978e-02
-3.49185e-02
-3.91281e-02
-4.33142e-02
-4.79948e-02
-5.35831e-02
-5.74248e-02
-5.36644e-02
-3.96024e-02
-2.14995e-02
-2.91520e-03
1.66431e-02
3.72482e-02
5.43127e-02
5.75301e-02
4.40417e-02
2.31623e-02
1.04170e-03
-1.85368e-02
-2.98444e-02
-3.16717e-02
-2.92650e-02
-2.66436e-02
-2.67837e-02
-3.25253e-02
-4.15903e-02
-5.13281e-02
-5.74871e-02
-5.37097e-02
-4.16126e-02
-2.70707e-02
-1.23040e-02
3.43032e-03
2.03682e-02
3.41316e-02
3.52927e-02
2.25275e-02
9.21729e-03
7.91030e-03
1.54589e-02
2.58882e-02
3.63500e-02
4.34875e-02
4.34022e-02
3.86246e-02
3.48957e-02
3.66382e-02
4.34807e-02
5.20842e-02
6.17466e-02
7.17570e-02
7.87221e-02
7.57819e-02
6.28047e-02
4.62484e-02
2.96370e-02
1.30595e-02
-4.35431e-03
-2.24903e-02
-3.70722e-02
-4.11391e-02
-3.58263e-02
-2.77197e-02
-1.93575e-02
-1.02330e-02
1.31858e-03
1.39747e-02
2.66204e-02
3.92185e-02
5.26021e-02
6.68432e-02
7.86133e-02
8.08243e-02
7.15385e-02
5.76802e-02
4.35946e-02
2.97519e-02
1.56417e-02
7.68780e-04
-1.29378e-02
-2.14414e-02
-2.28020e-02
-2.11165e-02
-1.77648e-02
-1.08892e-02
-1.25197e-03
9.54316e-03
1.94735e-02
2.50018e-02
2.45510e-02
2.15452e-02
1.83055e-02
1.50610e-02
1.19064e-02
8.64672e-03
5.79781e-03
4.03139e-03
3.21660e-03
2.66119e-03
2.20267e-03
1.63812e-03
1.08269e-03
4.73552e-04
4.14189e-05
-3.99161e-04
-1.14271e-03
-2.78655e-03
-4.90328e-03
-7.19073e-03
-9.41876e-03
-1.16111e-02
-1.38541e-02
-1.65738e-02
-1.98962e-02
-2.35707e-02
-2.71942e-02
-3.06736e-02
-3.39820e-02
-3.80172e-02
-4.38818e-02
-5.13313e-02
-5.88812e-02
-6.36819e-02
-6.16479e-02
-5.56837e-02
-4.89810e-02
-4.23641e-02
-3.57929e-02
-2.91700e-02
-2.28509e-02
-1.74081e-02
-1.24243e-02
-7.57886e-03
-2.77155e-03
2.10092e-03
7.34474e-03
1.26839e-02
1.65807e-02
1.67333e-02
1.42774e-02
1.09667e-02
7.67888e-03
5.41814e-03
5.24777e-03
6.04039e-03
6.94797e-03
8.09361e-03
9.93709e-03
1.23841e-02
1.50432e-02
1.77089e-02
2.02975e-02
2.28683e-02
2.52502e-02
2.73630e-02
2.93903e-02
3.14553e-02
3.38610e-02
3.61440e-02
3.69723e-02
3.48819e-02
3.14030e-02
2.76695e-02
2.38756e-02
2.05256e-02
1.82108e-02
1.69923e-02
1.58878e-02
1.42705e-02
1.30519e-02
1.48319e-02
2.16799e-02
3.10217e-02
3.77596e-02
3.48951e-02
2.15710e-02
3.79121e-03
-1.45416e-02
-2.98106e-02
-3.74744e-02
-3.92339e-02
-3.92669e-02
-3.91316e-02
-3.91810e-02
-3.93872e-02
-3.97961e-02
-3.96334e-02
-3.71497e-02
-3.13616e-02
-2.41500e-02
-1.67690e-02
-9.42678e-03
-2.09580e-03
5.28644e-03
1.25792e-02
1.95058e-02
2.59998e-02
3.25200e-02
3.77172e-02
3.80631e-02
3.24945e-02
2.45041e-02
1.61801e-02
7.50188e-03
-1.10925e-03
-7.83752e-03
-9.84226e-03
-8.98025e-03
-7.54274e-03
-6.11163e-03
-4.85416e-03
-3.55341e-03
-2.18708e-03
-5.90394e-04
8.51704e-04
1.24946e-03
-1.80102e-04
-2.45179e-03
-4.84053e-03
-7.16938e-03
-9.44467e-03
-1.17419e-02
-1.40807e-02
-1.64352e-02
-1.86876e-02
-2.06771e-02
-2.24906e-02
-2.42606e-02
-2.60904e-02
-2.80624e-02
-2.99479e-02
-3.10574e-02
-3.08325e-02
-2.99167e-02
-2.90310e-02
-2.85358e-02
-2.81296e-02
-2.62018e-02
-2.06808e-02
-1.29856e-02
-4.97071e-03
3.03623e-03
1.10456e-02
1.95200e-02
2.78085e-02
3.38672e-02
3.52548e-02
3.43952e-02
3.34189e-02
3.25918e-02
3.12629e-02
2.83383e-02
2.41166e-02
1.95551e-02
1.50933e-02
1.07084e-02
6.03997e-03
5.94325e-04
-5.64510e-03
-1.21478e-02
-1.86555e-02
-2.51980e-02
-3.18811e-02
-3.85139e-02
-4.44667e-02
-4.90544e-02
-5.29287e-02
-5.67589e-02
-6.06355e-02
-6.44589e-02
-6.81609e-02
-7.19719e-02
-7.61784e-02
-8.06083e-02
-8.35935e-02
-8.19942e-02
-7.60904e-02
-6.87135e-02
-6.12475e-02
-5.41373e-02
-4.70283e-02
-3.87997e-02
-2.85107e-02
-1.72037e-02
-5.78560e-03
5.49281e-03
1.62770e-02
2.67765e-02
3.75771e-02
4.89997e-02
5.93236e-02
6.43365e-02
6.14255e-02
5.50308e-02
4.83633e-02
4.19934e-02
3.56703e-02
2.87629e-02
2.16711e-02
1.60880e-02
1.47371e-02
1.68258e-02
2.00660e-02
2.49767e-02
2.82202e-02
3.01263e-02
3.00080e-02
2.89639e-02
2.78024e-02
2.65773e-02
2.53622e-02
2.43665e-02
2.40901e-02
2.45852e-02
2.52939e-02
2.60201e-02
2.68772e-02
2.77785e-02
2.80051e-02
2.64176e-02
2.33793e-02
2.00058e-02
1.66400e-02
1.32302e-02
9.49576e-03
5.74644e-03
3.43979e-03
4.55794e-03
7.80747e-03
1.14592e-02
1.49874e-02
1.82941e-02
2.14957e-02
2.46481e-02
2.77107e-02
3.06489e-02
3.37027e-02
3.69271e-02
3.97190e-02
4.04512e-02
3.81845e-02
3.46845e-02
3.10861e-02
2.75442e-02
2.41362e-02
2.08894e-02
1.77329e-02
1.39136e-02
8.33306e-03
1.26044e-03
-6.03670e-03
-1.29975e-02
-1.94923e-02
-2.57230e-02
-3.19370e-02
-3.85740e-02
-4.51622e-02
-4.94288e-02
-4.79687e-02
-4.24904e-02
-3.60860e-02
-2.97774e-02
-2.36590e-02
-1.76428e-02
-1.20379e-02
-7.32593e-03
-3.24494e-03
5.71712e-04
4.27609e-03
7.88004e-03
1.13242e-02
1.48324e-02
1.84193e-02
2.15136e-02
2.27731e-02
2.14639e-02
1.90913e-02
1.66457e-02
1.42767e-02
1.20182e-02
9.76964e-03
7.57018e-03
5.41716e-03
3.36033e-03
1.37568e-03
-5.41753e-04
-2.45318e-03
-4.28411e-03
-5.69968e-03
-6.30459e-03
-6.55270e-03
-6.69977e-03
-6.83678e-03
-6.99793e-03
-7.09893e-03
-7.06584e-03
-7.03883e-03
-7.59137e-03
-9.47360e-03
-1.20156e-02
-1.45354e-02
-1.69059e-02
-1.90185e-02
-2.09914e-02
-2.29728e-02
-2.51406e-02
-2.70401e-02
-2.72885e-02
-2.42654e-02
-1.98522e-02
-1.54951e-02
-1.13510e-02
-7.39717e-03
-3.50466e-03
-1.09782e-04
2.08555e-03
2.99595e-03
3.41592e-03
3.74425e-03
4.06939e-03
4.38309e-03
4.63515e-03
4.83315e-03
4.99059e-03
5.09082e-03
5.19604e-03
5.31444e-03
5.38857e-03
5.21355e-03
4.60886e-03
3.83420e-03
3.11156e-03
2.44279e-03
1.83579e-03
1.26952e-03
7.29816e-04
1.92945e-04
-2.61834e-04
-4.48446e-04
-2.08087e-04
1.66464e-04
5.18268e-04
8.06862e-04
1.03234e-03
1.19301e-03
1.30570e-03
1.40442e-03
1.50268e-03
1.49231e-03
1.16568e-03
4.41808e-04
-3.75234e-04
-1.11020e-03
-1.74169e-03
-2.26021e-03
-2.63597e-03
-2.83052e-03
-2.92521e-03
-2.97380e-03
-2.98823e-03
-2.97362e-03
-2.93372e-03
-2.87191e-03
-2.77569e-03
-2.61961e-03
-2.40434e-03
-2.17569e-03
-1.95847e-03
-1.75546e-03
-1.56534e-03
-1.38633e-03
-1.21892e-03
-1.06192e-03
-9.11994e-04
-7.64974e-04
-6.25631e-04
-4.98085e-04
-3.81786e-04
-2.74671e-04
-1.77826e-04
-9.71864e-05
-3.81452e-05
1.22692e-05
6.34584e-05
1.15707e-04
1.67916e-04
2.19544e-04
2.72854e-04
3.29303e-04
3.82978e-04
4.30221e-04
4.71325e-04
5.06751e-04
5.37417e-04
5.63588e-04
5.85732e-04
6.04100e-04
6.19077e-04
6.30810e-04
6.39552e-04
6.45645e-04
6.49423e-04
6.50995e-04
6.50483e-04
6.47951e-04
6.43502e-04
6.37209e-04
6.29163e-04
6.19433e-04
6.08100e-04
5.95229e-04
5.80893e-04
5.65156e-04
5.48085e-04
5.29742e-04
5.10191e-04
4.89493e-04
4.67711e-04
4.44902e-04
4.21128e-04
3.96446e-04
3.70914e-04
3.44589e-04
3.17527e-04
0.00000e+00
0.00000e+00
0.00000e+00
0.00000e+00
0.00000e+00
0.00000e+00
0.00000e+00
0.00000e+00
0.00000e+00
