2.44141e-04
2.46906e-04
2.46171e-04
2.35183e-04
2.09184e-04
1.72245e-04
1.35597e-04
1.15119e-04
1.27139e-04
1.85061e-04
2.89909e-04
4.18449e-04
5.33118e-04
6.04195e-04
6.03204e-04
5.18592e-04
3.55307e-04
1.42931e-04
-5.62311e-05
-2.01551e-04
-2.39101e-04
-1.76905e-04
-7.72650e-05
7.88496e-05
2.82412e-04
4.61835e-04
5.69061e-04
5.25746e-04
2.40137e-04
-3.23241e-04
-1.08212e-03
-1.86196e-03
-2.55430e-03
-2.96262e-03
-2.94642e-03
-2.62702e-03
-2.14537e-03
-1.58928e-03
-1.17871e-03
-8.90155e-04
-7.17525e-04
-7.38458e-04
-1.01596e-03
-1.45704e-03
-1.91929e-03
-2.26517e-03
-2.31698e-03
-2.09808e-03
-1.68360e-03
-1.09515e-03
-4.49236e-04
1.02823e-04
6.30110e-04
1.20135e-03
1.81228e-03
2.41171e-03
3.05187e-03
3.85695e-03
4.95108e-03
6.43012e-03
8.27222e-03
1.01402e-02
1.14691e-02
1.20967e-02
1.22917e-02
1.22729e-02
1.23388e-02
1.27657e-02
1.33983e-02
1.40385e-02
1.45196e-02
1.45960e-02
1.39802e-02
1.24789e-02
1.02030e-02
7.65256e-03
4.99360e-03
2.51738e-03
8.42075e-04
1.07175e-04
2.10848e-04
9.97440e-04
2.63060e-03
4.73259e-03
6.00358e-03
5.11928e-03
1.64362e-03
-4.35278e-03
-1.19999e-02
-1.92052e-02
-2.40762e-02
-2.63394e-02
-2.58257e-02
-2.25493e-02
-1.74538e-02
-1.18653e-02
-7.04500e-03
-4.07822e-03
-2.89391e-03
-3.65487e-03
-6.47345e-03
-1.03939e-02
-1.41747e-02
-1.67605e-02
-1.74133e-02
-1.66100e-02
-1.49315e-02
-1.24890e-02
-9.63777e-03
-7.33264e-03
-5.66438e-03
-3.87980e-03
-1.41562e-03
1.87619e-03
5.90004e-03
1.04036e-02
1.45979e-02
1.71902e-02
1.78947e-02
1.75208e-02
1.55607e-02
1.12683e-02
5.22017e-03
-6.77456e-04
-6.88260e-03
-1.33420e-02
-1.87385e-02
-2.21345e-02
-2.33381e-02
-2.27645e-02
-2.20080e-02
-2.33616e-02
-2.77595e-02
-3.57194e-02
-4.57108e-02
-5.50164e-02
-6.33986e-02
-7.03785e-02
-7.45252e-02
-7.45995e-02
-7.22388e-02
-7.06442e-02
-6.94673e-02
-6.87244e-02
-6.96386e-02
-7.20858e-02
-7.55055e-02
-7.97687e-02
-8.42879e-02
-8.79165e-02
-9.11382e-02
-9.44192e-02
-9.76740e-02
-1.00588e-01
-1.03184e-01
-1.05601e-01
-1.08026e-01
-1.10094e-01
-1.11307e-01
-1.11480e-01
-1.10552e-01
-1.08616e-01
-1.06540e-01
-1.05259e-01
-1.05090e-01
-1.06489e-01
-1.09255e-01
-1.12326e-01
-1.15232e-01
-1.17454e-01
-1.18839e-01
-1.19607e-01
-1.19876e-01
-1.19660e-01
-1.18611e-01
-1.16491e-01
-1.13603e-01
-1.09933e-01
-1.04639e-01
-9.75033e-02
-8.97634e-02
-8.40077e-02
-8.11030e-02
-8.09768e-02
-8.27384e-02
-8.37215e-02
-8.29579e-02
-8.13797e-02
-7.98378e-02
-7.87605e-02
-7.83254e-02
-7.88132e-02
-8.02466e-02
-8.21541e-02
-8.36223e-02
-8.42943e-02
-8.37486e-02
-8.14628e-02
-7.70971e-02
-7.12779e-02
-6.54668e-02
-5.84962e-02
-4.83065e-02
-3.37903e-02
-1.58099e-02
3.74207e-03
2.52128e-02
4.71114e-02
6.68340e-02
8.49089e-02
1.01808e-01
1.17346e-01
1.31043e-01
1.42875e-01
1.52680e-01
1.61143e-01
1.70615e-01
1.80609e-01
1.89776e-01
1.97614e-01
2.04707e-01
2.12010e-01
2.19040e-01
2.25212e-01
2.30200e-01
2.34034e-01
2.36896e-01
2.38420e-01
2.38773e-01
2.39264e-01
2.41571e-01
2.45720e-01
2.51319e-01
2.57704e-01
2.64627e-01
2.71956e-01
2.78517e-01
2.82104e-01
2.82228e-01
2.80576e-01
2.78087e-01
2.73720e-01
2.67382e-01
2.60434e-01
2.51899e-01
2.40578e-01
2.27330e-01
2.14953e-01
2.03316e-01
1.91186e-01
1.77903e-01
1.63520e-01
1.48872e-01
1.34600e-01
1.20451e-01
1.06064e-01
9.11946e-02
7.58777e-02
6.05694e-02
4.61069e-02
3.36776e-02
2.45393e-02
1.99211e-02
1.95939e-02
2.13752e-02
2.39416e-02
2.52925e-02
2.57069e-02
2.46925e-02
2.17213e-02
1.62889e-02
7.90188e-03
-2.39743e-03
-1.21551e-02
-2.25446e-02
-3.41951e-02
-4.57578e-02
-5.62162e-02
-6.63916e-02
-7.69701e-02
-8.77824e-02
-9.78451e-02
-1.05670e-01
-1.09917e-01
-1.09725e-01
-1.04276e-01
-9.40566e-02
-7.94862e-02
-6.27875e-02
-4.34455e-02
-2.21365e-02
-3.68871e-03
7.94321e-03
1.42424e-02
1.80939e-02
1.99506e-02
2.07165e-02
2.15635e-02
2.32268e-02
2.69237e-02
3.09764e-02
3.37807e-02
3.45448e-02
3.30148e-02
2.96274e-02
2.58179e-02
2.35944e-02
2.41305e-02
2.85097e-02
3.73295e-02
4.90493e-02
5.97463e-02
6.84172e-02
7.45206e-02
7.65869e-02
7.46348e-02
6.98796e-02
6.43968e-02
6.00086e-02
5.86138e-02
5.87378e-02
5.85323e-02
5.64807e-02
5.12056e-02
4.17334e-02
2.80547e-02
1.16236e-02
-7.06411e-03
-2.74261e-02
-4.66944e-02
-6.38043e-02
-7.94419e-02
-9.36461e-02
-1.05482e-01
-1.13011e-01
-1.14966e-01
-1.12422e-01
-1.08621e-01
-1.04701e-01
-1.00900e-01
-9.95035e-02
-9.99119e-02
-1.01729e-01
-1.05240e-01
-1.10657e-01
-1.17011e-01
-1.21846e-01
-1.25060e-01
-1.27171e-01
-1.28101e-01
-1.27833e-01
-1.27280e-01
-1.27874e-01
-1.29349e-01
-1.30690e-01
-1.31009e-01
-1.29629e-01
-1.25824e-01
-1.19538e-01
-1.12074e-01
-1.05148e-01
-9.83767e-02
-9.17216e-02
-8.57913e-02
-8.09057e-02
-7.76622e-02
-7.66403e-02
-7.67987e-02
-7.60070e-02
-7.53403e-02
-7.61111e-02
-7.94661e-02
-8.57502e-02
-9.41005e-02
-1.05387e-01
-1.19248e-01
-1.32206e-01
-1.38574e-01
-1.37731e-01
-1.31342e-01
-1.22554e-01
-1.11129e-01
-9.89757e-02
-8.94264e-02
-8.10358e-02
-7.32198e-02
-6.72610e-02
-6.42582e-02
-6.30489e-02
-6.12866e-02
-5.93184e-02
-5.80972e-02
-5.76290e-02
-5.72550e-02
-5.74833e-02
-5.81985e-02
-5.86208e-02
-5.84319e-02
-5.70692e-02
-5.37534e-02
-4.78686e-02
-3.95566e-02
-2.86990e-02
-1.44055e-02
2.07195e-03
1.69493e-02
2.94968e-02
3.98579e-02
4.77480e-02
5.29904e-02
5.55627e-02
5.56991e-02
5.53527e-02
5.57431e-02
5.64568e-02
5.61769e-02
5.46185e-02
5.21140e-02
4.78292e-02
4.14996e-02
3.41280e-02
2.72643e-02
2.11795e-02
1.64661e-02
1.42120e-02
1.49695e-02
1.81911e-02
2.33273e-02
2.98991e-02
3.60834e-02
4.26421e-02
5.09326e-02
6.08003e-02
7.06828e-02
8.08388e-02
9.20831e-02
1.04449e-01
1.17285e-01
1.30809e-01
1.44850e-01
1.58509e-01
1.70945e-01
1.80969e-01
1.87308e-01
1.89486e-01
1.88455e-01
1.85912e-01
1.83168e-01
1.78685e-01
1.72119e-01
1.63680e-01
1.50405e-01
1.30564e-01
1.05522e-01
7.72012e-02
4.70437e-02
1.97918e-02
-1.44376e-03
-1.59462e-02
-2.32455e-02
-2.27246e-02
-1.66442e-02
-1.11937e-02
-5.87174e-03
-2.03939e-03
4.75414e-04
3.87130e-03
8.66026e-03
1.36690e-02
1.80558e-02
2.19225e-02
2.58293e-02
3.03048e-02
3.43750e-02
3.71028e-02
3.78920e-02
3.55830e-02
2.93978e-02
2.04530e-02
1.17961e-02
3.39330e-03
-5.49738e-03
-1.40439e-02
-2.00624e-02
-2.29539e-02
-2.34499e-02
-2.33208e-02
-2.35599e-02
-2.30626e-02
-2.15089e-02
-1.99607e-02
-1.84547e-02
-1.60490e-02
-1.22785e-02
-7.61589e-03
-3.23987e-03
1.11417e-03
5.81550e-03
1.09468e-02
1.63484e-02
2.18744e-02
2.76126e-02
3.35683e-02
3.95630e-02
4.54842e-02
5.18038e-02
5.90643e-02
6.75822e-02
7.71913e-02
8.68454e-02
9.45164e-02
9.85864e-02
9.82879e-02
9.36581e-02
8.52581e-02
7.25989e-02
5.73865e-02
4.04642e-02
2.31099e-02
9.12937e-03
-2.63047e-03
-1.36473e-02
-2.47085e-02
-3.58603e-02
-4.61562e-02
-5.51396e-02
-6.32681e-02
-7.03274e-02
-7.57011e-02
-8.01922e-02
-8.58525e-02
-9.21634e-02
-9.83225e-02
-1.03826e-01
-1.08213e-01
-1.10909e-01
-1.11336e-01
-1.09380e-01
-1.04743e-01
-9.70245e-02
-8.72054e-02
-7.54861e-02
-6.18942e-02
-4.91787e-02
-4.24612e-02
-4.20771e-02
-4.64710e-02
-5.35587e-02
-5.95505e-02
-6.46318e-02
-6.81487e-02
-7.03560e-02
-7.13899e-02
-7.06008e-02
-6.79469e-02
-6.38163e-02
-5.78843e-02
-5.10397e-02
-4.41311e-02
-3.66658e-02
-2.95767e-02
-2.51395e-02
-2.28204e-02
-2.12074e-02
-1.94656e-02
-1.76617e-02
-1.53493e-02
-1.20499e-02
-7.98894e-03
-3.25739e-03
2.08060e-03
7.79951e-03
1.39104e-02
1.98907e-02
2.43173e-02
2.56352e-02
2.42081e-02
2.12224e-02
1.58905e-02
8.39886e-03
5.66295e-04
-8.19434e-03
-1.85520e-02
-2.96255e-02
-4.12430e-02
-5.36969e-02
-6.63437e-02
-7.89984e-02
-9.19724e-02
-1.05157e-01
-1.18049e-01
-1.29633e-01
-1.38460e-01
-1.42869e-01
-1.41975e-01
-1.36224e-01
-1.23049e-01
-1.01370e-01
-7.41731e-02
-4.11180e-02
-4.35785e-03
2.63027e-02
4.31843e-02
5.37412e-02
5.71393e-02
5.44949e-02
5.17642e-02
4.89918e-02
4.41274e-02
3.65289e-02
2.91113e-02
2.00401e-02
8.79575e-03
-3.83407e-03
-1.73626e-02
-2.96905e-02
-3.74017e-02
-3.86410e-02
-3.47399e-02
-2.98824e-02
-2.56882e-02
-2.16548e-02
-1.86922e-02
-1.56253e-02
-1.08336e-02
-3.80711e-03
5.26514e-03
1.65771e-02
2.92073e-02
4.08392e-02
5.00775e-02
5.57623e-02
5.72577e-02
5.55999e-02
5.30197e-02
5.08397e-02
4.89301e-02
4.76126e-02
4.70603e-02
4.61429e-02
4.39049e-02
3.98362e-02
3.35418e-02
2.47979e-02
1.41994e-02
2.51113e-03
-8.82338e-03
-1.77946e-02
-2.39718e-02
-2.70974e-02
-2.71476e-02
-2.49698e-02
-2.25491e-02
-1.99560e-02
-1.74452e-02
-1.57705e-02
-1.35431e-02
-9.58127e-03
-3.58966e-03
4.26603e-03
1.42515e-02
2.56655e-02
3.70989e-02
4.79872e-02
5.70265e-02
6.30374e-02
6.64217e-02
6.82538e-02
6.82120e-02
6.68269e-02
6.44653e-02
6.04309e-02
5.54496e-02
5.01502e-02
4.36414e-02
3.60917e-02
2.90970e-02
2.34355e-02
1.97070e-02
1.85862e-02
2.01183e-02
2.31055e-02
2.63356e-02
2.93176e-02
3.14212e-02
3.38449e-02
3.75596e-02
4.26668e-02
4.91160e-02
5.69936e-02
6.54689e-02
7.26349e-02
7.73573e-02
7.82806e-02
7.44205e-02
6.65200e-02
5.57907e-02
4.39930e-02
3.03821e-02
1.58926e-02
1.40433e-03
-1.21244e-02
-2.15831e-02
-2.42839e-02
-2.38764e-02
-2.51126e-02
-2.79115e-02
-3.24713e-02
-3.79774e-02
-4.34376e-02
-4.84183e-02
-5.23526e-02
-5.47667e-02
-5.52791e-02
-5.35809e-02
-4.93213e-02
-4.32064e-02
-3.69927e-02
-2.96731e-02
-2.07365e-02
-1.13540e-02
-2.79234e-03
4.57782e-03
9.93913e-03
1.37934e-02
1.73823e-02
1.93533e-02
1.84102e-02
1.42810e-02
6.27931e-03
-4.70876e-03
-1.64928e-02
-2.91022e-02
-4.03839e-02
-4.61566e-02
-4.79231e-02
-4.74941e-02
-4.58055e-02
-4.49514e-02
-4.43679e-02
-4.32293e-02
-4.19500e-02
-3.95544e-02
-3.49984e-02
-2.84165e-02
-2.13876e-02
-1.55025e-02
-1.11907e-02
-8.93235e-03
-9.22092e-03
-1.18042e-02
-1.53940e-02
-1.97098e-02
-2.32575e-02
-2.44268e-02
-2.29975e-02
-1.87291e-02
-1.13518e-02
-1.47538e-03
8.67395e-03
1.86605e-02
2.74597e-02
3.25334e-02
3.42535e-02
3.38884e-02
3.27586e-02
3.11078e-02
2.85473e-02
2.40279e-02
1.77809e-02
9.93640e-03
-6.24448e-04
-1.35539e-02
-2.77850e-02
-4.21398e-02
-5.37653e-02
-6.10992e-02
-6.46315e-02
-6.54918e-02
-6.46099e-02
-6.19077e-02
-5.54016e-02
-4.53833e-02
-3.49923e-02
-2.33167e-02
-1.10825e-02
-1.57677e-03
4.91116e-03
9.76033e-03
1.46922e-02
1.93349e-02
2.28367e-02
2.48406e-02
2.52969e-02
2.52568e-02
2.38026e-02
2.07648e-02
1.74290e-02
1.38949e-02
9.19816e-03
2.91310e-03
-4.27333e-03
-1.05750e-02
-1.50568e-02
-1.79362e-02
-1.98909e-02
-2.16983e-02
-2.33414e-02
-2.52690e-02
-2.82128e-02
-3.19153e-02
-3.60269e-02
-4.01551e-02
-4.38699e-02
-4.70172e-02
-4.93518e-02
-5.04881e-02
-4.99713e-02
-4.75852e-02
-4.40219e-02
-4.11204e-02
-4.01087e-02
-4.14510e-02
-4.53058e-02
-5.07000e-02
-5.57463e-02
-6.01256e-02
-6.37854e-02
-6.56477e-02
-6.42740e-02
-6.14707e-02
-5.87882e-02
-5.60484e-02
-5.34952e-02
-5.07023e-02
-4.68241e-02
-4.17535e-02
-3.66699e-02
-3.37882e-02
-3.41753e-02
-3.83853e-02
-4.65527e-02
-5.72741e-02
-6.69631e-02
-7.50380e-02
-8.14085e-02
-8.46259e-02
-8.38386e-02
-8.07208e-02
-7.72990e-02
-7.26937e-02
-6.72024e-02
-6.30228e-02
-5.97956e-02
-5.63620e-02
-5.21098e-02
-4.70293e-02
-4.13698e-02
-3.38215e-02
-2.27455e-02
-7.00589e-03
1.36103e-02
3.77500e-02
6.11651e-02
8.09099e-02
9.58243e-02
1.05182e-01
1.08442e-01
1.07059e-01
1.05755e-01
1.06115e-01
1.07057e-01
1.07840e-01
1.08070e-01
1.08736e-01
1.09418e-01
1.09007e-01
1.06513e-01
1.01430e-01
9.43731e-02
8.69194e-02
8.03292e-02
7.63688e-02
7.73710e-02
8.30614e-02
9.15972e-02
1.01621e-01
1.10190e-01
1.17285e-01
1.21932e-01
1.21748e-01
1.18318e-01
1.15524e-01
1.12756e-01
1.09494e-01
1.06911e-01
1.05932e-01
1.05949e-01
1.06358e-01
1.06713e-01
1.06298e-01
1.04128e-01
9.99992e-02
9.44215e-02
8.83546e-02
8.19522e-02
7.55053e-02
7.01481e-02
6.67571e-02
6.57698e-02
6.73087e-02
7.12196e-02
7.73563e-02
8.39649e-02
8.92097e-02
9.26461e-02
9.28920e-02
8.87006e-02
8.16244e-02
7.32328e-02
6.54024e-02
5.92835e-02
5.36413e-02
4.78345e-02
4.22584e-02
3.66693e-02
2.99761e-02
2.14312e-02
1.17471e-02
2.53135e-03
-3.96064e-03
-6.53139e-03
-6.55108e-03
-5.74958e-03
-5.20618e-03
-5.75291e-03
-8.35607e-03
-1.38270e-02
-2.25770e-02
-3.42088e-02
-4.71027e-02
-6.07502e-02
-7.51312e-02
-8.97592e-02
-1.02286e-01
-1.10558e-01
-1.13379e-01
-1.10204e-01
-1.02724e-01
-9.37311e-02
-8.34748e-02
-7.41454e-02
-6.51359e-02
-5.74230e-02
-5.32370e-02
-5.17266e-02
-5.12479e-02
-5.13868e-02
-5.06105e-02
-4.70476e-02
-4.16298e-02
-3.55221e-02
-2.95796e-02
-2.46968e-02
-2.12737e-02
-1.92212e-02
-1.81499e-02
-1.72545e-02
-1.53588e-02
-1.19686e-02
-6.96264e-03
-4.47435e-04
6.94037e-03
1.36195e-02
1.71537e-02
1.80789e-02
1.97075e-02
2.22940e-02
2.55197e-02
2.92411e-02
3.29648e-02
3.62024e-02
3.85824e-02
4.02937e-02
4.19087e-02
4.37558e-02
4.59001e-02
4.84648e-02
5.15923e-02
5.52456e-02
5.90870e-02
6.23040e-02
6.37182e-02
6.30627e-02
6.04999e-02
5.62683e-02
5.14947e-02
4.66281e-02
4.02389e-02
3.14578e-02
2.06818e-02
8.55211e-03
-3.98307e-03
-1.71747e-02
-3.11086e-02
-4.46690e-02
-5.64136e-02
-6.54091e-02
-7.09002e-02
-7.26758e-02
-7.15040e-02
-6.95146e-02
-6.51623e-02
-5.82828e-02
-5.12137e-02
-4.30914e-02
-3.26896e-02
-2.06625e-02
-8.19076e-03
4.04176e-03
1.48486e-02
2.39366e-02
3.09848e-02
3.50896e-02
3.60266e-02
3.42088e-02
3.04789e-02
2.55105e-02
1.99470e-02
1.47805e-02
9.50988e-03
4.50088e-03
1.70339e-04
-3.38694e-03
-5.97460e-03
-7.87352e-03
-1.02982e-02
-1.41214e-02
-1.89017e-02
-2.40235e-02
-2.88831e-02
-3.32492e-02
-3.70112e-02
-3.99155e-02
-4.16299e-02
-4.19776e-02
-4.12188e-02
-3.96954e-02
-3.77634e-02
-3.65387e-02
-3.65984e-02
-3.78248e-02
-3.99981e-02
-4.24570e-02
-4.38787e-02
-4.29961e-02
-3.92913e-02
-3.27415e-02
-2.43382e-02
-1.48851e-02
-4.45704e-03
5.55218e-03
1.40766e-02
2.03049e-02
2.27758e-02
2.05865e-02
1.42041e-02
5.79142e-03
-3.67610e-03
-1.29272e-02
-2.36442e-02
-3.66372e-02
-5.14535e-02
-6.46727e-02
-7.10305e-02
-7.25302e-02
-7.20202e-02
-7.09919e-02
-6.96961e-02
-6.76475e-02
-6.39825e-02
-5.92201e-02
-5.22645e-02
-4.22901e-02
-3.02748e-02
-1.67604e-02
-2.39133e-03
1.06238e-02
2.13127e-02
3.00919e-02
3.61406e-02
3.88527e-02
3.96506e-02
3.94452e-02
3.69367e-02
3.11015e-02
2.17949e-02
9.21808e-03
-6.29768e-03
-2.17364e-02
-3.54838e-02
-4.74424e-02
-5.64390e-02
-6.04041e-02
-5.77071e-02
-5.02395e-02
-4.08726e-02
-3.11825e-02
-2.36809e-02
-1.77575e-02
-1.39504e-02
-1.29661e-02
-1.47940e-02
-1.92524e-02
-2.54227e-02
-3.34170e-02
-4.13222e-02
-4.73229e-02
-5.19405e-02
-5.48607e-02
-5.49432e-02
-5.28445e-02
-4.95357e-02
-4.46111e-02
-3.88512e-02
-3.28016e-02
-2.53428e-02
-1.67528e-02
-9.00484e-03
-2.12798e-03
4.58678e-03
1.12369e-02
1.67809e-02
1.98860e-02
2.02717e-02
1.94401e-02
1.84308e-02
1.74270e-02
1.64402e-02
1.56810e-02
1.41157e-02
1.09318e-02
6.05645e-03
-2.26756e-04
-7.38801e-03
-1.36688e-02
-1.64861e-02
-1.64690e-02
-1.43427e-02
-1.02402e-02
-5.19682e-03
6.81469e-04
6.87759e-03
1.34303e-02
1.91963e-02
2.29604e-02
2.48899e-02
2.47830e-02
2.24834e-02
1.83318e-02
1.31078e-02
8.87582e-03
4.78218e-03
3.17810e-04
-3.70077e-03
-6.55272e-03
-8.60209e-03
-1.05256e-02
-1.24269e-02
-1.35682e-02
-1.33573e-02
-1.10612e-02
-6.28376e-03
5.32240e-05
6.72910e-03
1.29341e-02
1.67114e-02
1.68740e-02
1.47329e-02
1.19034e-02
1.05644e-02
1.14794e-02
1.55600e-02
2.25623e-02
3.11761e-02
3.92405e-02
4.65495e-02
5.23141e-02
5.47227e-02
5.37924e-02
5.08842e-02
4.71199e-02
4.33200e-02
4.00706e-02
3.75927e-02
3.50175e-02
3.19493e-02
2.89167e-02
2.70235e-02
2.64874e-02
2.66088e-02
2.64760e-02
2.60353e-02
2.49397e-02
2.29367e-02
2.00435e-02
1.63369e-02
1.21025e-02
7.18690e-03
1.39193e-03
-4.94557e-03
-1.21692e-02
-2.03826e-02
-2.86394e-02
-3.56614e-02
-4.04470e-02
-4.18609e-02
-3.97653e-02
-3.51911e-02
-2.79935e-02
-1.94025e-02
-1.26866e-02
-6.68957e-03
-3.51635e-04
5.85972e-03
1.05442e-02
1.31986e-02
1.39151e-02
1.35429e-02
1.34231e-02
1.50285e-02
1.74718e-02
1.96706e-02
2.09274e-02
2.08016e-02
1.91846e-02
1.62505e-02
1.28059e-02
9.39128e-03
5.69520e-03
1.67885e-03
-2.02463e-03
-4.64321e-03
-6.40025e-03
-7.94526e-03
-1.01254e-02
-1.30225e-02
-1.66066e-02
-2.08754e-02
-2.55621e-02
-3.00083e-02
-3.30704e-02
-3.37920e-02
-3.28846e-02
-3.13758e-02
-2.90457e-02
-2.62213e-02
-2.41581e-02
-2.30812e-02
-2.21191e-02
-2.03468e-02
-1.69890e-02
-1.15477e-02
-4.20467e-03
4.00020e-03
1.20794e-02
1.81438e-02
2.09486e-02
2.03031e-02
1.59090e-02
7.63014e-03
-2.64552e-03
-1.27636e-02
-2.32146e-02
-3.41754e-02
-4.35851e-02
-4.93549e-02
-5.13714e-02
-5.06434e-02
-4.90749e-02
-4.53578e-02
-3.92315e-02
-3.31665e-02
-2.90461e-02
-2.57890e-02
-2.26313e-02
-1.96438e-02
-1.67804e-02
-1.31359e-02
-7.48588e-03
-1.14230e-05
8.44960e-03
1.65765e-02
2.36706e-02
2.90836e-02
3.20639e-02
3.37336e-02
3.63686e-02
3.97415e-02
4.33071e-02
4.68372e-02
4.99835e-02
5.15280e-02
5.02155e-02
4.52356e-02
3.71641e-02
2.79223e-02
1.64379e-02
2.57987e-03
-1.10247e-02
-2.10257e-02
-2.80964e-02
-3.37187e-02
-3.94653e-02
-4.55059e-02
-5.07851e-02
-5.48576e-02
-5.81003e-02
-5.97880e-02
-5.99891e-02
-5.93227e-02
-5.69307e-02
-5.27941e-02
-4.82588e-02
-4.37454e-02
-3.88455e-02
-3.38753e-02
-2.99900e-02
-2.79860e-02
-2.78388e-02
-2.89119e-02
-3.03347e-02
-3.04500e-02
-2.83263e-02
-2.39381e-02
-1.75197e-02
-9.80068e-03
-1.15158e-03
7.80945e-03
1.50821e-02
1.90991e-02
2.05340e-02
2.07278e-02
2.00896e-02
1.88063e-02
1.79368e-02
1.72581e-02
1.65389e-02
1.60582e-02
1.55867e-02
1.52183e-02
1.54415e-02
1.69856e-02
2.06919e-02
2.67596e-02
3.41711e-02
4.18328e-02
4.92918e-02
5.50231e-02
5.77609e-02
5.68780e-02
5.27689e-02
4.75138e-02
4.12151e-02
3.49107e-02
2.85164e-02
2.10240e-02
1.27167e-02
4.15851e-03
-4.69726e-03
-1.31485e-02
-1.99308e-02
-2.44149e-02
-2.63790e-02
-2.59996e-02
-2.38607e-02
-1.96178e-02
-1.28939e-02
-5.31181e-03
1.69354e-03
8.72059e-03
1.53580e-02
2.00485e-02
2.32186e-02
2.58676e-02
2.86042e-02
3.22462e-02
3.65482e-02
4.09843e-02
4.52795e-02
4.90423e-02
5.18809e-02
5.35550e-02
5.39080e-02
5.27620e-02
5.00654e-02
4.56986e-02
4.02104e-02
3.29191e-02
2.34294e-02
1.29615e-02
2.68681e-03
-7.47782e-03
-1.69010e-02
-2.42625e-02
-2.74935e-02
-2.57119e-02
-2.20793e-02
-1.77081e-02
-1.20974e-02
-6.37206e-03
-4.45192e-04
6.77954e-03
1.48336e-02
2.17287e-02
2.72990e-02
3.15204e-02
3.42442e-02
3.50444e-02
3.39936e-02
3.15452e-02
2.79958e-02
2.36889e-02
1.86741e-02
1.19746e-02
3.72370e-03
-4.17764e-03
-1.00159e-02
-1.38206e-02
-1.59167e-02
-1.63045e-02
-1.50333e-02
-1.28766e-02
-8.76005e-03
-2.55136e-03
5.01564e-03
1.47616e-02
2.59239e-02
3.55120e-02
4.17779e-02
4.46733e-02
4.46188e-02
4.26887e-02
4.10393e-02
4.11021e-02
4.14857e-02
4.11113e-02
3.97826e-02
3.65514e-02
3.06066e-02
2.21993e-02
1.30445e-02
4.91735e-03
-1.41183e-03
-5.50615e-03
-8.75547e-03
-1.19129e-02
-1.38937e-02
-1.38748e-02
-1.32009e-02
-1.32442e-02
-1.31289e-02
-1.22479e-02
-1.07989e-02
-8.76469e-03
-6.50804e-03
-5.00149e-03
-4.87713e-03
-6.47022e-03
-9.81680e-03
-1.43862e-02
-1.88700e-02
-2.34206e-02
-2.83887e-02
-3.31675e-02
-3.67188e-02
-3.89764e-02
-4.00706e-02
-4.01633e-02
-3.94374e-02
-3.81631e-02
-3.57154e-02
-3.22036e-02
-2.88887e-02
-2.59460e-02
-2.24932e-02
-1.79413e-02
-1.23253e-02
-6.48470e-03
-1.60177e-03
2.01567e-03
4.24446e-03
5.10906e-03
4.71314e-03
3.75006e-03
2.11246e-03
1.91046e-05
-1.39534e-03
-2.20438e-03
-2.85494e-03
-3.52413e-03
-4.18570e-03
-4.68829e-03
-4.63657e-03
-3.57933e-03
-1.39960e-03
1.33068e-03
3.84207e-03
6.51311e-03
9.57517e-03
1.26184e-02
1.48079e-02
1.62004e-02
1.71774e-02
1.82339e-02
1.91844e-02
1.99031e-02
2.05039e-02
2.05232e-02
1.93740e-02
1.68312e-02
1.32536e-02
8.80567e-03
2.98444e-03
-3.97599e-03
-1.07701e-02
-1.69322e-02
-2.28242e-02
-2.86645e-02
-3.43724e-02
-3.96090e-02
-4.40754e-02
-4.76675e-02
-5.05271e-02
-5.21246e-02
-5.20367e-02
-5.01712e-02
-4.60447e-02
-4.04008e-02
-3.45509e-02
-2.77507e-02
-2.00385e-02
-1.28986e-02
-7.06839e-03
-2.40215e-03
1.24846e-03
4.08153e-03
6.72009e-03
9.77551e-03
1.23914e-02
1.37847e-02
1.36769e-02
1.24127e-02
1.06716e-02
9.38805e-03
8.36814e-03
7.10408e-03
5.47248e-03
3.79956e-03
2.89740e-03
3.85824e-03
7.70568e-03
1.47712e-02
2.40691e-02
3.45634e-02
4.59430e-02
5.60208e-02
6.17516e-02
6.29868e-02
6.06212e-02
5.65960e-02
5.23957e-02
4.85241e-02
4.53023e-02
4.19694e-02
3.70982e-02
3.02112e-02
2.23214e-02
1.49578e-02
7.89473e-03
8.63487e-04
-6.05195e-03
-1.24135e-02
-1.74087e-02
-2.02767e-02
-2.09099e-02
-2.02766e-02
-1.85453e-02
-1.55577e-02
-1.24328e-02
-1.00314e-02
-7.63295e-03
-4.86589e-03
-2.07023e-03
3.39324e-04
2.38236e-03
4.16060e-03
5.45479e-03
5.94480e-03
5.60094e-03
4.16212e-03
1.48106e-03
-1.90018e-03
-6.02343e-03
-1.13028e-02
-1.71908e-02
-2.20960e-02
-2.53410e-02
-2.60799e-02
-2.43791e-02
-2.19161e-02
-1.81802e-02
-1.33326e-02
-8.87936e-03
-4.42104e-03
8.08470e-04
6.52991e-03
1.15811e-02
1.60191e-02
2.00316e-02
2.37170e-02
2.69149e-02
2.97522e-02
3.27800e-02
3.57790e-02
3.83491e-02
4.04177e-02
4.21042e-02
4.32586e-02
4.40263e-02
4.49561e-02
4.62786e-02
4.78528e-02
4.95095e-02
5.10392e-02
5.21865e-02
5.28095e-02
5.28445e-02
5.23544e-02
5.17347e-02
5.17233e-02
5.24399e-02
5.36283e-02
5.48212e-02
5.53206e-02
5.47059e-02
5.25977e-02
4.89817e-02
4.42995e-02
3.81328e-02
3.02371e-02
2.16554e-02
1.39627e-02
7.09287e-03
1.18197e-03
-3.80843e-03
-8.15667e-03
-1.23913e-02
-1.70598e-02
-2.17480e-02
-2.62007e-02
-3.04846e-02
-3.40927e-02
-3.66545e-02
-3.82391e-02
-3.89532e-02
-3.89045e-02
-3.86546e-02
-3.80137e-02
-3.67199e-02
-3.52251e-02
-3.45937e-02
-3.51237e-02
-3.70004e-02
-4.03004e-02
-4.43802e-02
-4.79481e-02
-5.13466e-02
-5.47869e-02
-5.77243e-02
-5.95164e-02
-6.06854e-02
-6.17659e-02
-6.22508e-02
-6.17110e-02
-5.99843e-02
-5.70058e-02
-5.35530e-02
-5.02266e-02
-4.65995e-02
-4.26714e-02
-3.92349e-02
-3.72528e-02
-3.63842e-02
-3.57960e-02
-3.51245e-02
-3.39877e-02
-3.24989e-02
-3.06493e-02
-2.85466e-02
-2.65348e-02
-2.50539e-02
-2.45084e-02
-2.49151e-02
-2.60097e-02
-2.75740e-02
-2.94555e-02
-3.12026e-02
-3.31224e-02
-3.53634e-02
-3.75194e-02
-3.87097e-02
-3.82961e-02
-3.62310e-02
-3.26733e-02
-2.77199e-02
-2.23047e-02
-1.67006e-02
-1.07015e-02
-5.18751e-03
-1.97417e-03
-1.33176e-03
-2.73280e-03
-4.58305e-03
-6.27211e-03
-7.96536e-03
-8.97168e-03
-8.65650e-03
-7.40242e-03
-5.74246e-03
-4.47821e-03
-4.74149e-03
-6.83781e-03
-1.08294e-02
-1.63765e-02
-2.23450e-02
-2.77616e-02
-3.24111e-02
-3.56752e-02
-3.73026e-02
-3.78413e-02
-3.81808e-02
-3.81129e-02
-3.72350e-02
-3.60054e-02
-3.55999e-02
-3.53697e-02
-3.45000e-02
-3.25089e-02
-2.93214e-02
-2.53106e-02
-2.02884e-02
-1.45378e-02
-9.08131e-03
-4.40388e-03
-4.22754e-04
2.83891e-03
5.21685e-03
6.68334e-03
7.59312e-03
8.70037e-03
1.04744e-02
1.24796e-02
1.43407e-02
1.59688e-02
1.74778e-02
1.88828e-02
2.02213e-02
2.15627e-02
2.29427e-02
2.43248e-02
2.55326e-02
2.62931e-02
2.62479e-02
2.49161e-02
2.20176e-02
1.79907e-02
1.40125e-02
9.85732e-03
4.99735e-03
-3.26265e-04
-5.03244e-03
-8.32836e-03
-9.41682e-03
-8.08453e-03
-5.79574e-03
-2.74963e-03
7.33005e-04
3.92785e-03
7.56749e-03
1.18336e-02
1.58292e-02
1.85661e-02
1.98061e-02
1.95489e-02
1.82355e-02
1.68597e-02
1.54940e-02
1.43334e-02
1.38695e-02
1.37099e-02
1.34865e-02
1.30059e-02
1.21819e-02
1.09955e-02
9.41473e-03
7.42846e-03
5.07480e-03
2.35788e-03
-5.55930e-04
-3.12532e-03
-4.74580e-03
-5.56268e-03
-5.98415e-03
-6.08229e-03
-5.38550e-03
-3.55972e-03
-9.27885e-04
1.58201e-03
4.42652e-03
8.49799e-03
1.41386e-02
2.08604e-02
2.79331e-02
3.47883e-02
4.01138e-02
4.33069e-02
4.56214e-02
4.74517e-02
4.83588e-02
4.84056e-02
4.81167e-02
4.77409e-02
4.67444e-02
4.51458e-02
4.33155e-02
4.08371e-02
3.75901e-02
3.40476e-02
3.05719e-02
2.69474e-02
2.30447e-02
1.90277e-02
1.52671e-02
1.17387e-02
8.17823e-03
4.24256e-03
-3.43734e-04
-5.40433e-03
-1.04653e-02
-1.46426e-02
-1.69696e-02
-1.84651e-02
-2.03776e-02
-2.22583e-02
-2.35127e-02
-2.39328e-02
-2.37179e-02
-2.26750e-02
-2.11478e-02
-2.01464e-02
-1.97206e-02
-1.95380e-02
-1.93422e-02
-1.90597e-02
-1.88454e-02
-1.88834e-02
-1.94197e-02
-2.06150e-02
-2.23232e-02
-2.43722e-02
-2.67558e-02
-2.90132e-02
-3.02351e-02
-3.03606e-02
-2.98783e-02
-2.90823e-02
-2.78277e-02
-2.63650e-02
-2.54029e-02
-2.46758e-02
-2.39274e-02
-2.31801e-02
-2.26445e-02
-2.25350e-02
-2.29127e-02
-2.36536e-02
-2.47137e-02
-2.59512e-02
-2.69196e-02
-2.77024e-02
-2.85678e-02
-2.96661e-02
-3.09983e-02
-3.23733e-02
-3.34751e-02
-3.40442e-02
-3.38317e-02
-3.25973e-02
-3.00973e-02
-2.65894e-02
-2.24826e-02
-1.71646e-02
-1.05741e-02
-3.77475e-03
2.36109e-03
8.11411e-03
1.35255e-02
1.83062e-02
2.23249e-02
2.55792e-02
2.79980e-02
2.95371e-02
3.06826e-02
3.11645e-02
3.08937e-02
3.04599e-02
2.96568e-02
2.86466e-02
2.76758e-02
2.65983e-02
2.54748e-02
2.46815e-02
2.47490e-02
2.58208e-02
2.75915e-02
2.92502e-02
3.05292e-02
3.16652e-02
3.26940e-02
3.33482e-02
3.32762e-02
3.24885e-02
3.13788e-02
3.07565e-02
3.10273e-02
3.21142e-02
3.38652e-02
3.58877e-02
3.75432e-02
3.88649e-02
3.98593e-02
4.02986e-02
3.98643e-02
3.85235e-02
3.66819e-02
3.52538e-02
3.46970e-02
3.49812e-02
3.61027e-02
3.80140e-02
4.03151e-02
4.22189e-02
4.38706e-02
4.56994e-02
4.78642e-02
5.01137e-02
5.18076e-02
5.26036e-02
5.27068e-02
5.25557e-02
5.18710e-02
5.05701e-02
4.91255e-02
4.78379e-02
4.63498e-02
4.44773e-02
4.24730e-02
4.09727e-02
4.03846e-02
4.06970e-02
4.13676e-02
4.13425e-02
4.03892e-02
3.86566e-02
3.63737e-02
3.39631e-02
3.17333e-02
2.96815e-02
2.79785e-02
2.70296e-02
2.69962e-02
2.75907e-02
2.81056e-02
2.80060e-02
2.73687e-02
2.62310e-02
2.45162e-02
2.21220e-02
1.91743e-02
1.61645e-02
1.31984e-02
1.01201e-02
7.08423e-03
4.37051e-03
2.37273e-03
1.59584e-03
1.65159e-03
1.55012e-03
1.66916e-03
2.35087e-03
3.33986e-03
4.16946e-03
5.05876e-03
6.06881e-03
6.86334e-03
6.80486e-03
5.35195e-03
2.32928e-03
-1.68591e-03
-5.39540e-03
-9.10148e-03
-1.28465e-02
-1.59811e-02
-1.82923e-02
-1.97021e-02
-2.00631e-02
-1.94592e-02
-1.84387e-02
-1.68752e-02
-1.52378e-02
-1.43679e-02
-1.40494e-02
-1.41261e-02
-1.46643e-02
-1.57804e-02
-1.73960e-02
-1.90171e-02
-2.03993e-02
-2.20198e-02
-2.42099e-02
-2.68502e-02
-2.93187e-02
-3.10398e-02
-3.20104e-02
-3.23356e-02
-3.18873e-02
-3.08323e-02
-2.94194e-02
-2.71112e-02
-2.37808e-02
-2.00413e-02
-1.60587e-02
-1.23362e-02
-9.94287e-03
-8.78973e-03
-8.46222e-03
-8.78074e-03
-9.19494e-03
-9.07047e-03
-8.93068e-03
-9.25320e-03
-1.00323e-02
-1.09000e-02
-1.19651e-02
-1.32620e-02
-1.48067e-02
-1.71157e-02
-2.06735e-02
-2.56687e-02
-3.15778e-02
-3.71740e-02
-4.23821e-02
-4.68488e-02
-4.97691e-02
-5.13118e-02
-5.20588e-02
-5.20770e-02
-5.17368e-02
-5.16012e-02
-5.10739e-02
-4.98891e-02
-4.85473e-02
-4.74782e-02
-4.64439e-02
-4.52769e-02
-4.40063e-02
-4.27818e-02
-4.17672e-02
-4.10575e-02
-4.06087e-02
-4.01959e-02
-3.97859e-02
-3.95074e-02
-3.93554e-02
-3.91582e-02
-3.88949e-02
-3.85673e-02
-3.81044e-02
-3.73869e-02
-3.63150e-02
-3.48547e-02
-3.28246e-02
-3.00151e-02
-2.66101e-02
-2.32479e-02
-2.00160e-02
-1.69510e-02
-1.43585e-02
-1.22830e-02
-1.03759e-02
-8.07847e-03
-5.01262e-03
-1.30697e-03
2.70271e-03
6.39640e-03
8.98600e-03
1.05961e-02
1.17576e-02
1.28380e-02
1.38491e-02
1.49344e-02
1.60009e-02
1.67196e-02
1.69435e-02
1.67280e-02
1.58445e-02
1.40998e-02
1.17275e-02
9.04842e-03
5.61704e-03
1.21622e-03
-3.56857e-03
-7.51098e-03
-1.06737e-02
-1.32394e-02
-1.53214e-02
-1.70932e-02
-1.81927e-02
-1.84765e-02
-1.83409e-02
-1.80394e-02
-1.72016e-02
-1.59245e-02
-1.48809e-02
-1.40445e-02
-1.35239e-02
-1.36810e-02
-1.45780e-02
-1.58119e-02
-1.70580e-02
-1.83348e-02
-1.93708e-02
-1.98639e-02
-1.98137e-02
-1.92427e-02
-1.82191e-02
-1.66168e-02
-1.45499e-02
-1.24903e-02
-1.00858e-02
-7.13337e-03
-4.03286e-03
-1.64139e-03
2.08547e-04
2.22532e-03
4.70821e-03
7.53085e-03
1.03860e-02
1.25754e-02
1.34233e-02
1.36391e-02
1.37912e-02
1.35835e-02
1.28439e-02
1.19086e-02
1.15553e-02
1.16779e-02
1.20710e-02
1.26312e-02
1.34809e-02
1.46756e-02
1.60119e-02
1.73121e-02
1.86058e-02
1.96968e-02
2.01481e-02
1.98980e-02
1.91799e-02
1.81237e-02
1.69268e-02
1.61836e-02
1.63181e-02
1.70370e-02
1.78717e-02
1.86793e-02
1.93322e-02
1.96615e-02
1.97546e-02
1.96806e-02
1.94215e-02
1.88281e-02
1.77682e-02
1.63277e-02
1.48278e-02
1.31296e-02
1.10196e-02
8.61440e-03
6.39238e-03
4.58433e-03
3.11282e-03
1.89583e-03
9.28065e-04
2.66581e-04
-1.54620e-04
-2.97693e-04
6.41117e-05
1.03240e-03
3.29892e-03
7.54478e-03
1.37131e-02
2.05821e-02
2.67009e-02
3.10783e-02
3.29774e-02
3.35799e-02
3.36603e-02
3.34249e-02
3.26011e-02
3.08431e-02
2.87937e-02
2.74591e-02
2.63010e-02
2.48322e-02
2.30034e-02
2.09058e-02
1.86513e-02
1.65005e-02
1.48632e-02
1.41327e-02
1.43567e-02
1.52362e-02
1.69025e-02
1.92469e-02
2.15054e-02
2.33414e-02
2.48152e-02
2.57152e-02
2.57330e-02
2.51075e-02
2.43801e-02
2.35338e-02
2.27661e-02
2.21275e-02
2.11139e-02
1.93221e-02
1.67376e-02
1.37051e-02
1.00604e-02
5.95008e-03
2.07031e-03
-1.14752e-03
-3.56188e-03
-4.96709e-03
-5.24033e-03
-4.54511e-03
-2.72874e-03
2.27938e-04
3.53490e-03
7.16761e-03
1.16833e-02
1.67971e-02
2.12079e-02
2.39387e-02
2.41491e-02
2.22687e-02
1.94721e-02
1.53174e-02
1.01495e-02
4.95048e-03
-8.14021e-04
-6.75936e-03
-1.13257e-02
-1.44696e-02
-1.70945e-02
-2.02387e-02
-2.34015e-02
-2.58852e-02
-2.74591e-02
-2.83850e-02
-2.87375e-02
-2.90814e-02
-2.95583e-02
-2.98281e-02
-2.98273e-02
-2.97909e-02
-2.96948e-02
-2.94433e-02
-2.90546e-02
-2.86558e-02
-2.84866e-02
-2.87859e-02
-2.96763e-02
-3.10596e-02
-3.25570e-02
-3.40198e-02
-3.54735e-02
-3.66938e-02
-3.71959e-02
-3.68528e-02
-3.59596e-02
-3.44054e-02
-3.23707e-02
-3.05372e-02
-2.89750e-02
-2.71817e-02
-2.47799e-02
-2.17610e-02
-1.84656e-02
-1.47891e-02
-1.06049e-02
-6.14697e-03
-1.86054e-03
1.49984e-03
2.96221e-03
2.74103e-03
1.65941e-03
-6.40940e-04
-3.89882e-03
-6.74423e-03
-8.80120e-03
-1.06556e-02
-1.26042e-02
-1.45349e-02
-1.63346e-02
-1.78746e-02
-1.90948e-02
-2.00742e-02
-2.05504e-02
-2.03382e-02
-1.96288e-02
-1.84201e-02
-1.66880e-02
-1.49048e-02
-1.34886e-02
-1.23174e-02
-1.13596e-02
-1.07630e-02
-1.08636e-02
-1.19660e-02
-1.40501e-02
-1.64388e-02
-1.82753e-02
-1.98693e-02
-2.14815e-02
-2.29630e-02
-2.39170e-02
-2.42777e-02
-2.41966e-02
-2.38028e-02
-2.27685e-02
-2.10164e-02
-1.91087e-02
-1.77517e-02
-1.65789e-02
-1.51535e-02
-1.32520e-02
-1.08387e-02
-8.18984e-03
-5.81218e-03
-3.82033e-03
-2.25791e-03
-1.13226e-03
-2.51139e-04
8.09162e-04
2.25099e-03
4.03430e-03
6.13919e-03
8.52033e-03
1.10601e-02
1.37384e-02
1.63423e-02
1.84082e-02
1.98775e-02
2.11210e-02
2.21236e-02
2.25193e-02
2.20651e-02
2.09241e-02
1.98383e-02
1.93565e-02
1.92259e-02
1.91922e-02
1.91304e-02
1.89715e-02
1.86643e-02
1.81841e-02
1.76318e-02
1.71200e-02
1.67393e-02
1.65415e-02
1.65150e-02
1.65533e-02
1.64335e-02
1.58872e-02
1.47976e-02
1.31763e-02
1.12895e-02
9.70805e-03
8.72721e-03
8.31542e-03
8.37574e-03
8.65401e-03
8.67922e-03
8.22422e-03
7.31511e-03
5.98908e-03
4.33007e-03
2.60593e-03
1.28694e-03
4.82230e-04
1.47426e-04
1.81270e-04
4.09513e-04
9.40951e-04
1.88897e-03
3.03422e-03
3.83425e-03
4.29147e-03
4.65171e-03
5.14549e-03
6.01638e-03
7.49746e-03
9.77147e-03
1.28028e-02
1.62620e-02
2.00556e-02
2.42063e-02
2.82117e-02
3.10918e-02
3.27675e-02
3.37940e-02
3.46907e-02
3.52858e-02
3.54639e-02
3.46853e-02
3.27721e-02
3.04275e-02
2.86377e-02
2.71724e-02
2.58538e-02
2.48335e-02
2.43596e-02
2.46696e-02
2.57856e-02
2.71642e-02
2.77289e-02
2.75130e-02
2.66141e-02
2.50284e-02
2.28490e-02
2.05508e-02
1.89375e-02
1.76473e-02
1.61739e-02
1.41861e-02
1.15337e-02
8.39822e-03
5.28910e-03
2.42905e-03
-2.77940e-04
-2.89651e-03
-5.43664e-03
-7.87875e-03
-1.01439e-02
-1.21056e-02
-1.37225e-02
-1.51884e-02
-1.68845e-02
-1.86206e-02
-2.01418e-02
-2.12942e-02
-2.20611e-02
-2.26277e-02
-2.30900e-02
-2.32754e-02
-2.31075e-02
-2.27945e-02
-2.27799e-02
-2.31065e-02
-2.37844e-02
-2.48319e-02
-2.61493e-02
-2.74076e-02
-2.82050e-02
-2.85780e-02
-2.86128e-02
-2.84386e-02
-2.82403e-02
-2.78302e-02
-2.70505e-02
-2.59969e-02
-2.50474e-02
-2.43327e-02
-2.37153e-02
-2.30990e-02
-2.24509e-02
-2.17774e-02
-2.10969e-02
-2.04121e-02
-1.96924e-02
-1.89400e-02
-1.81848e-02
-1.74425e-02
-1.67051e-02
-1.59434e-02
-1.51071e-02
-1.41505e-02
-1.30319e-02
-1.15785e-02
-9.61617e-03
-7.13173e-03
-4.42196e-03
-2.17506e-03
-8.79039e-04
-2.92377e-04
1.16406e-04
6.51770e-04
1.13683e-03
1.46619e-03
1.80900e-03
2.43861e-03
3.31370e-03
4.36355e-03
5.51384e-03
6.59225e-03
7.31816e-03
7.51439e-03
7.18211e-03
6.48806e-03
5.88077e-03
6.14299e-03
7.90333e-03
1.11445e-02
1.52367e-02
1.88833e-02
2.15432e-02
2.34378e-02
2.47258e-02
2.54414e-02
2.56431e-02
2.55616e-02
2.50320e-02
2.40338e-02
2.31128e-02
2.26787e-02
2.24449e-02
2.21543e-02
2.17027e-02
2.10746e-02
2.03293e-02
1.95623e-02
1.88869e-02
1.83991e-02
1.81492e-02
1.80736e-02
1.79965e-02
1.79351e-02
1.79478e-02
1.79911e-02
1.78850e-02
1.73333e-02
1.61650e-02
1.43183e-02
1.20300e-02
9.84474e-03
7.56656e-03
4.78768e-03
1.38486e-03
-2.28732e-03
-5.32511e-03
-7.05368e-03
-7.79886e-03
-8.25232e-03
-8.38331e-03
-8.08422e-03
-7.76227e-03
-7.99434e-03
-8.52223e-03
-9.07375e-03
-9.53924e-03
-9.88707e-03
-1.01368e-02
-1.03106e-02
-1.04817e-02
-1.07465e-02
-1.11719e-02
-1.17423e-02
-1.23701e-02
-1.31389e-02
-1.41627e-02
-1.54259e-02
-1.67118e-02
-1.75125e-02
-1.71256e-02
-1.52577e-02
-1.20771e-02
-8.31094e-03
-3.90279e-03
1.69931e-03
8.32926e-03
1.43770e-02
1.73094e-02
1.81589e-02
1.85000e-02
1.85228e-02
1.86839e-02
1.87640e-02
1.80494e-02
1.64713e-02
1.48053e-02
1.32385e-02
1.13752e-02
9.07719e-03
6.67721e-03
4.83438e-03
3.65584e-03
3.01051e-03
2.67517e-03
3.08607e-03
4.57161e-03
6.80571e-03
8.83428e-03
1.07611e-02
1.29749e-02
1.54790e-02
1.77328e-02
1.88520e-02
1.90263e-02
1.89917e-02
1.94835e-02
2.02838e-02
2.11099e-02
2.18781e-02
2.25304e-02
2.27809e-02
2.23528e-02
2.10910e-02
1.87716e-02
1.55118e-02
1.19237e-02
8.05443e-03
4.04981e-03
7.49488e-04
-8.44921e-04
-9.02498e-04
-1.35676e-04
1.07090e-03
2.19577e-03
2.18146e-03
1.30475e-03
-1.27120e-05
-1.46005e-03
-2.60566e-03
-3.02899e-03
-2.63533e-03
-1.42112e-03
5.20665e-04
2.71353e-03
4.36004e-03
5.58041e-03
6.55323e-03
7.27213e-03
7.64962e-03
7.61704e-03
7.29774e-03
7.08592e-03
7.25952e-03
7.65147e-03
8.08893e-03
8.45391e-03
8.63541e-03
8.42933e-03
7.60409e-03
5.97621e-03
3.57459e-03
7.77610e-04
-2.19718e-03
-5.64400e-03
-9.48971e-03
-1.31465e-02
-1.64542e-02
-1.93038e-02
-2.13618e-02
-2.22340e-02
-2.16482e-02
-1.99892e-02
-1.83121e-02
-1.63735e-02
-1.42567e-02
-1.21605e-02
-9.84799e-03
-7.52656e-03
-5.89132e-03
-5.34541e-03
-5.68205e-03
-6.33426e-03
-7.35829e-03
-8.72640e-03
-9.87656e-03
-1.07950e-02
-1.19984e-02
-1.38448e-02
-1.63688e-02
-1.91553e-02
-2.13649e-02
-2.26166e-02
-2.31892e-02
-2.36046e-02
-2.38250e-02
-2.37160e-02
-2.34274e-02
-2.30141e-02
-2.21959e-02
-2.09138e-02
-1.91557e-02
-1.67986e-02
-1.40887e-02
-1.18997e-02
-1.15227e-02
-1.27909e-02
-1.45948e-02
-1.69417e-02
-1.94034e-02
-2.09034e-02
-2.17239e-02
-2.22203e-02
-2.25461e-02
-2.28145e-02
-2.29209e-02
-2.25420e-02
-2.15161e-02
-2.01947e-02
-1.93592e-02
-1.88345e-02
-1.83821e-02
-1.79369e-02
-1.75427e-02
-1.74051e-02
-1.77200e-02
-1.85630e-02
-1.96808e-02
-2.05026e-02
-2.10238e-02
-2.14598e-02
-2.19437e-02
-2.25312e-02
-2.31957e-02
-2.38152e-02
-2.41696e-02
-2.40308e-02
-2.32613e-02
-2.19489e-02
-2.05662e-02
-1.96537e-02
-1.89779e-02
-1.82144e-02
-1.71157e-02
-1.55151e-02
-1.33885e-02
-1.09682e-02
-8.73062e-03
-6.73938e-03
-4.90615e-03
-3.20542e-03
-1.65686e-03
-2.86090e-04
8.10533e-04
1.26337e-03
8.14055e-04
-4.27714e-04
-1.73672e-03
-2.16998e-03
-1.68015e-03
-3.30999e-04
1.76735e-03
4.11592e-03
5.82471e-03
6.78600e-03
7.21782e-03
7.25868e-03
6.87495e-03
6.04123e-03
5.04882e-03
4.51877e-03
4.48164e-03
4.73562e-03
5.14150e-03
5.54553e-03
5.78602e-03
5.99469e-03
6.33378e-03
6.88669e-03
7.59587e-03
8.28195e-03
9.13592e-03
1.04991e-02
1.26199e-02
1.55040e-02
1.87147e-02
2.15911e-02
2.39534e-02
2.54630e-02
2.56389e-02
2.46638e-02
2.32019e-02
2.13877e-02
1.95784e-02
1.83199e-02
1.71976e-02
1.58739e-02
1.43511e-02
1.28381e-02
1.15709e-02
1.08234e-02
1.07246e-02
1.10155e-02
1.10937e-02
1.09565e-02
1.07797e-02
1.05870e-02
1.04261e-02
1.02921e-02
1.00959e-02
9.68393e-03
8.86820e-03
7.52137e-03
5.74421e-03
3.92140e-03
2.12296e-03
1.50498e-04
-2.02217e-03
-4.11971e-03
-5.76659e-03
-6.97120e-03
-7.87998e-03
-8.70039e-03
-9.24925e-03
-9.23951e-03
-8.61403e-03
-7.40381e-03
-5.32637e-03
-2.43030e-03
1.23426e-03
5.91624e-03
1.11271e-02
1.55724e-02
1.91306e-02
2.21902e-02
2.50568e-02
2.75393e-02
2.90819e-02
2.93662e-02
2.89610e-02
2.87475e-02
2.85344e-02
2.84408e-02
2.88831e-02
2.97057e-02
3.07256e-02
3.17016e-02
3.22969e-02
3.26119e-02
3.27779e-02
3.28494e-02
3.28447e-02
3.27599e-02
3.25455e-02
3.22157e-02
3.19314e-02
3.19026e-02
3.21254e-02
3.25408e-02
3.30172e-02
3.33096e-02
3.32672e-02
3.27562e-02
3.16665e-02
2.99919e-02
2.77154e-02
2.47719e-02
2.16140e-02
1.91814e-02
1.74018e-02
1.61041e-02
1.52070e-02
1.47532e-02
1.49336e-02
1.55922e-02
1.60901e-02
1.62053e-02
1.61201e-02
1.58453e-02
1.51984e-02
1.40429e-02
1.23719e-02
1.04947e-02
9.03906e-03
7.90101e-03
6.67464e-03
5.02040e-03
2.73295e-03
-1.78141e-04
-3.33858e-03
-6.04214e-03
-8.12527e-03
-9.69984e-03
-1.09951e-02
-1.23595e-02
-1.36802e-02
-1.46964e-02
-1.52912e-02
-1.56325e-02
-1.59523e-02
-1.59653e-02
-1.54524e-02
-1.45241e-02
-1.36270e-02
-1.29562e-02
-1.24330e-02
-1.20635e-02
-1.19374e-02
-1.22016e-02
-1.30989e-02
-1.47432e-02
-1.68197e-02
-1.85950e-02
-2.01497e-02
-2.18419e-02
-2.38190e-02
-2.59624e-02
-2.78154e-02
-2.87078e-02
-2.84109e-02
-2.70790e-02
-2.54808e-02
-2.45654e-02
-2.41246e-02
-2.39661e-02
-2.41554e-02
-2.47584e-02
-2.57844e-02
-2.69911e-02
-2.78366e-02
-2.81908e-02
-2.80227e-02
-2.71982e-02
-2.55872e-02
-2.32989e-02
-2.08137e-02
-1.82044e-02
-1.52877e-02
-1.22836e-02
-9.51801e-03
-7.12413e-03
-5.42344e-03
-4.70514e-03
-4.47790e-03
-3.85083e-03
-3.12897e-03
-2.66554e-03
-2.46582e-03
-2.38529e-03
-2.53777e-03
-2.85233e-03
-3.02113e-03
-3.04168e-03
-2.92335e-03
-2.65034e-03
-2.18100e-03
-1.45649e-03
-5.72617e-04
2.00395e-04
8.78073e-04
1.55755e-03
2.24656e-03
2.85547e-03
3.27827e-03
3.47809e-03
3.48953e-03
3.33844e-03
2.85225e-03
1.94687e-03
7.97276e-04
-3.73482e-04
-1.82081e-03
-3.71864e-03
-5.92373e-03
-8.14314e-03
-1.03692e-02
-1.24294e-02
-1.39421e-02
-1.47298e-02
-1.47609e-02
-1.41562e-02
-1.31938e-02
-1.25967e-02
-1.26199e-02
-1.30071e-02
-1.35329e-02
-1.40008e-02
-1.42247e-02
-1.42812e-02
-1.42868e-02
-1.43178e-02
-1.43936e-02
-1.44768e-02
-1.45865e-02
-1.47356e-02
-1.49194e-02
-1.51170e-02
-1.53014e-02
-1.54584e-02
-1.55660e-02
-1.55855e-02
-1.54678e-02
-1.50861e-02
-1.42352e-02
-1.27503e-02
-1.07132e-02
-8.41095e-03
-5.35720e-03
-1.18901e-03
3.85706e-03
9.22724e-03
1.49016e-02
2.02570e-02
2.40698e-02
2.68470e-02
2.94558e-02
3.13744e-02
3.20046e-02
3.13207e-02
2.99303e-02
2.78602e-02
2.55287e-02
2.36763e-02
2.17703e-02
1.94148e-02
1.67591e-02
1.43589e-02
1.24213e-02
1.09156e-02
9.71464e-03
8.92518e-03
8.72299e-03
9.01574e-03
9.89618e-03
1.10090e-02
1.17893e-02
1.24565e-02
1.31550e-02
1.37537e-02
1.39498e-02
1.34504e-02
1.20486e-02
9.90022e-03
7.59112e-03
5.04342e-03
2.15473e-03
-6.15193e-04
-2.62534e-03
-4.04970e-03
-5.24364e-03
-6.48950e-03
-7.75843e-03
-9.09752e-03
-1.05893e-02
-1.19474e-02
-1.29093e-02
-1.33417e-02
-1.31314e-02
-1.22992e-02
-1.12655e-02
-1.05902e-02
-1.02213e-02
-1.01239e-02
-1.04080e-02
-1.12076e-02
-1.25745e-02
-1.42358e-02
-1.55928e-02
-1.66377e-02
-1.72707e-02
-1.72197e-02
-1.66536e-02
-1.59852e-02
-1.54476e-02
-1.51756e-02
-1.52903e-02
-1.57747e-02
-1.66199e-02
-1.77834e-02
-1.90118e-02
-1.98560e-02
-2.03853e-02
-2.07005e-02
-2.07704e-02
-2.04302e-02
-1.95253e-02
-1.81254e-02
-1.65955e-02
-1.49557e-02
-1.29583e-02
-1.06784e-02
-8.56610e-03
-6.79320e-03
-5.66732e-03
-5.43570e-03
-5.70270e-03
-6.13210e-03
-6.71585e-03
-7.16488e-03
-7.25069e-03
-6.95471e-03
-6.42390e-03
-5.82762e-03
-5.33611e-03
-4.85469e-03
-4.29519e-03
-3.55362e-03
-2.29426e-03
-2.56872e-04
2.48255e-03
5.51177e-03
8.96536e-03
1.26927e-02
1.60360e-02
1.86078e-02
2.00183e-02
2.02250e-02
2.01529e-02
1.99062e-02
1.97967e-02
2.00617e-02
2.03449e-02
2.04452e-02
2.03847e-02
1.99719e-02
1.89609e-02
1.72401e-02
1.49158e-02
1.21149e-02
8.94433e-03
5.80745e-03
2.68117e-03
-4.76220e-04
-3.44514e-03
-6.20929e-03
-9.01709e-03
-1.21066e-02
-1.52923e-02
-1.82211e-02
-2.04987e-02
-2.18762e-02
-2.23167e-02
-2.20885e-02
-2.18135e-02
-2.11729e-02
-2.00454e-02
-1.88963e-02
-1.80892e-02
-1.74123e-02
-1.66989e-02
-1.59361e-02
-1.51873e-02
-1.45262e-02
-1.39619e-02
-1.33840e-02
-1.25435e-02
-1.13009e-02
-9.68032e-03
-7.83242e-03
-6.07691e-03
-4.59169e-03
-3.17132e-03
-1.57569e-03
3.69010e-04
2.69167e-03
5.21784e-03
7.48074e-03
8.82248e-03
9.46242e-03
1.01120e-02
1.05423e-02
1.04763e-02
9.85027e-03
8.83346e-03
8.00666e-03
7.48643e-03
7.29963e-03
7.66082e-03
8.80445e-03
1.07637e-02
1.31656e-02
1.55012e-02
1.79583e-02
2.04498e-02
2.24089e-02
2.36750e-02
2.46117e-02
2.55063e-02
2.59654e-02
2.56967e-02
2.51909e-02
2.46501e-02
2.39409e-02
2.32206e-02
2.26302e-02
2.19935e-02
2.11995e-02
2.02824e-02
1.93480e-02
1.84609e-02
1.76899e-02
1.71012e-02
1.67335e-02
1.65556e-02
1.63598e-02
1.58046e-02
1.49165e-02
1.38328e-02
1.27785e-02
1.19840e-02
1.13981e-02
1.09087e-02
1.04069e-02
9.92394e-03
9.56323e-03
9.40728e-03
9.47416e-03
9.63208e-03
9.62854e-03
9.55133e-03
9.52621e-03
9.63376e-03
9.94035e-03
1.04687e-02
1.11311e-02
1.17357e-02
1.22756e-02
1.27255e-02
1.30027e-02
1.30675e-02
1.29755e-02
1.28676e-02
1.27669e-02
1.26026e-02
1.23821e-02
1.22003e-02
1.20216e-02
1.18230e-02
1.15944e-02
1.13029e-02
1.09299e-02
1.04841e-02
9.98739e-03
9.43419e-03
8.85629e-03
8.34240e-03
7.96083e-03
7.74894e-03
7.72175e-03
7.85769e-03
8.20009e-03
8.72619e-03
9.28719e-03
9.93992e-03
1.07496e-02
1.16550e-02
1.26625e-02
1.37086e-02
1.45984e-02
1.52981e-02
1.58368e-02
1.61475e-02
1.61575e-02
1.58005e-02
1.48957e-02
1.34850e-02
1.16869e-02
9.17875e-03
5.89925e-03
2.48365e-03
1.33250e-04
-1.01126e-03
-1.31430e-03
-1.53881e-03
-2.21038e-03
-3.13888e-03
-4.21271e-03
-5.50614e-03
-6.88971e-03
-8.23801e-03
-9.45353e-03
-1.04496e-02
-1.12254e-02
-1.17925e-02
-1.21518e-02
-1.22992e-02
-1.23611e-02
-1.25810e-02
-1.28699e-02
-1.31188e-02
-1.33009e-02
-1.34550e-02
-1.36194e-02
-1.37603e-02
-1.38438e-02
-1.38475e-02
-1.37726e-02
-1.36576e-02
-1.35964e-02
-1.37399e-02
-1.42583e-02
-1.52357e-02
-1.66103e-02
-1.80574e-02
-1.91664e-02
-1.99603e-02
-2.04648e-02
-2.06554e-02
-2.05096e-02
-1.98742e-02
-1.87556e-02
-1.75367e-02
-1.66935e-02
-1.60148e-02
-1.52836e-02
-1.44508e-02
-1.36103e-02
-1.29610e-02
-1.26824e-02
-1.28889e-02
-1.35514e-02
-1.45061e-02
-1.52897e-02
-1.57113e-02
-1.58720e-02
-1.58211e-02
-1.55645e-02
-1.51060e-02
-1.43348e-02
-1.32818e-02
-1.22003e-02
-1.10206e-02
-9.40519e-03
-7.16921e-03
-4.48885e-03
-1.93848e-03
2.33569e-04
2.13162e-03
3.82080e-03
5.23134e-03
6.20564e-03
6.64380e-03
6.42456e-03
5.50247e-03
3.90417e-03
2.11525e-03
2.66463e-04
-1.81366e-03
-3.84782e-03
-5.16583e-03
-5.86305e-03
-6.24145e-03
-6.41759e-03
-6.28240e-03
-5.91921e-03
-5.39644e-03
-4.56363e-03
-3.57952e-03
-2.72791e-03
-1.75291e-03
-4.29309e-04
1.25908e-03
3.08811e-03
4.67254e-03
5.76100e-03
6.07858e-03
5.57061e-03
4.62039e-03
3.59567e-03
2.87076e-03
2.48196e-03
2.16325e-03
1.73156e-03
1.14370e-03
4.70001e-04
-2.22124e-04
-8.29804e-04
-1.23037e-03
-1.32434e-03
-1.04393e-03
-4.55160e-04
1.92453e-04
9.65370e-04
2.19776e-03
4.09320e-03
6.50623e-03
8.88246e-03
1.09619e-02
1.27704e-02
1.42222e-02
1.52305e-02
1.58292e-02
1.60421e-02
1.56267e-02
1.45709e-02
1.32074e-02
1.21124e-02
1.14150e-02
1.08039e-02
1.00283e-02
8.96032e-03
7.58244e-03
6.01651e-03
4.48075e-03
2.96434e-03
1.42830e-03
-1.31660e-04
-1.71118e-03
-3.33322e-03
-4.99486e-03
-6.63593e-03
-8.14786e-03
-9.46938e-03
-1.05989e-02
-1.15674e-02
-1.21601e-02
-1.21236e-02
-1.13827e-02
-1.02728e-02
-9.53057e-03
-9.20097e-03
-9.05714e-03
-8.94434e-03
-8.75895e-03
-8.47214e-03
-8.12040e-03
-7.73775e-03
-7.31455e-03
-6.79874e-03
-6.14196e-03
-5.31936e-03
-4.35368e-03
-3.38548e-03
-2.65854e-03
-2.23566e-03
-2.13446e-03
-2.31150e-03
-2.55790e-03
-2.59092e-03
-2.33694e-03
-1.68704e-03
-4.83609e-04
1.37261e-03
3.79059e-03
6.29637e-03
8.43017e-03
1.00555e-02
1.08666e-02
1.04409e-02
9.08338e-03
7.69624e-03
6.53460e-03
5.81881e-03
5.29932e-03
4.81648e-03
4.47700e-03
4.50044e-03
4.85475e-03
5.23185e-03
5.06734e-03
4.10062e-03
2.23288e-03
-4.85589e-04
-3.67970e-03
-7.06410e-03
-1.06943e-02
-1.42271e-02
-1.72077e-02
-1.87073e-02
-1.80025e-02
-1.72153e-02
-1.66405e-02
-1.64839e-02
-1.69658e-02
-1.77096e-02
-1.84567e-02
-1.91080e-02
-1.96726e-02
-2.02066e-02
-2.09120e-02
-2.19392e-02
-2.32514e-02
-2.45791e-02
-2.58067e-02
-2.69631e-02
-2.79836e-02
-2.87059e-02
-2.90439e-02
-2.90904e-02
-2.91075e-02
-2.90940e-02
-2.88336e-02
-2.82124e-02
-2.73798e-02
-2.66983e-02
-2.59803e-02
-2.47835e-02
-2.27290e-02
-1.96261e-02
-1.57359e-02
-1.18470e-02
-8.27030e-03
-4.85472e-03
-1.69017e-03
9.02796e-04
2.91474e-03
4.55393e-03
6.21361e-03
7.81941e-03
9.23840e-03
1.06325e-02
1.21261e-02
1.35634e-02
1.48661e-02
1.61164e-02
1.74540e-02
1.89140e-02
2.04701e-02
2.20139e-02
2.33348e-02
2.41973e-02
2.43338e-02
2.35535e-02
2.17381e-02
1.91844e-02
1.67421e-02
1.45241e-02
1.25317e-02
1.12578e-02
1.13879e-02
1.21986e-02
1.28344e-02
1.32949e-02
1.33956e-02
1.29422e-02
1.20447e-02
1.08166e-02
9.41568e-03
8.20265e-03
7.56592e-03
7.41644e-03
7.55832e-03
7.78523e-03
8.11230e-03
8.48349e-03
8.68263e-03
8.69643e-03
8.54651e-03
8.17751e-03
7.49616e-03
6.43725e-03
5.11944e-03
3.82063e-03
2.16504e-03
-2.00114e-04
-3.31787e-03
-6.69606e-03
-9.34679e-03
-1.11025e-02
-1.22685e-02
-1.32307e-02
-1.39037e-02
-1.43029e-02
-1.47884e-02
-1.55596e-02
-1.63067e-02
-1.67493e-02
-1.67692e-02
-1.62975e-02
-1.54134e-02
-1.44119e-02
-1.32379e-02
-1.15271e-02
-9.05122e-03
-5.96716e-03
-2.88788e-03
-7.35732e-05
2.55399e-03
4.89278e-03
6.65421e-03
7.65404e-03
8.05371e-03
8.29266e-03
8.16871e-03
7.71052e-03
7.18766e-03
6.52169e-03
5.88313e-03
5.34278e-03
4.83168e-03
4.39364e-03
4.17366e-03
4.30935e-03
4.86045e-03
5.63744e-03
6.23538e-03
6.89470e-03
7.87008e-03
9.20148e-03
1.06587e-02
1.18939e-02
1.29069e-02
1.37053e-02
1.42717e-02
1.46465e-02
1.50055e-02
1.55484e-02
1.61604e-02
1.67178e-02
1.71686e-02
1.75375e-02
1.79188e-02
1.83100e-02
1.85949e-02
1.86304e-02
1.82877e-02
1.75039e-02
1.62497e-02
1.47698e-02
1.35545e-02
1.24565e-02
1.12934e-02
1.00430e-02
8.79482e-03
7.54157e-03
6.24000e-03
4.88262e-03
3.48603e-03
2.10609e-03
9.03774e-04
1.30923e-04
1.56229e-05
6.48693e-04
1.77266e-03
2.71885e-03
3.24473e-03
3.53879e-03
3.71546e-03
3.76791e-03
3.56420e-03
2.95926e-03
1.91517e-03
7.09484e-04
-1.11644e-04
-7.11961e-04
-1.31745e-03
-2.03377e-03
-2.88239e-03
-3.78536e-03
-4.62464e-03
-5.26004e-03
-5.56614e-03
-5.49145e-03
-5.17217e-03
-4.96624e-03
-5.04885e-03
-5.39748e-03
-6.00817e-03
-6.87569e-03
-7.90005e-03
-8.84275e-03
-9.63853e-03
-1.03716e-02
-1.10583e-02
-1.16136e-02
-1.18759e-02
-1.16620e-02
-1.08706e-02
-9.64097e-03
-8.46821e-03
-7.68793e-03
-7.07767e-03
-6.40454e-03
-5.54133e-03
-4.45127e-03
-3.21991e-03
-2.02419e-03
-9.20180e-04
1.04446e-04
1.07923e-03
2.07367e-03
3.18679e-03
4.45768e-03
5.86846e-03
7.34811e-03
8.72250e-03
9.74947e-03
1.04129e-02
1.08197e-02
1.11940e-02
1.16151e-02
1.18139e-02
1.15411e-02
1.07086e-02
9.55386e-03
8.62962e-03
7.97654e-03
7.43836e-03
6.92504e-03
6.39562e-03
5.83859e-03
5.23378e-03
4.55196e-03
3.78268e-03
2.89815e-03
1.85705e-03
6.39812e-04
-7.01848e-04
-2.00562e-03
-3.15297e-03
-4.19247e-03
-5.18123e-03
-6.16693e-03
-7.20367e-03
-8.31452e-03
-9.49698e-03
-1.07480e-02
-1.20588e-02
-1.33949e-02
-1.46851e-02
-1.59150e-02
-1.71135e-02
-1.82922e-02
-1.94133e-02
-2.02740e-02
-2.04346e-02
-1.94624e-02
-1.71242e-02
-1.38138e-02
-1.05132e-02
-6.87598e-03
-2.78888e-03
1.02962e-03
3.64746e-03
5.32813e-03
6.57931e-03
7.32820e-03
7.67998e-03
7.71816e-03
7.32137e-03
6.42851e-03
5.10233e-03
3.88324e-03
2.72055e-03
1.42713e-03
8.52243e-05
-9.32819e-04
-1.11836e-03
-6.94078e-04
-1.53185e-04
6.26740e-04
1.55988e-03
2.20569e-03
2.65073e-03
3.16562e-03
3.93025e-03
5.01796e-03
6.35895e-03
7.74795e-03
9.10465e-03
1.04767e-02
1.18772e-02
1.32481e-02
1.44572e-02
1.53677e-02
1.58615e-02
1.59306e-02
1.57296e-02
1.52424e-02
1.43642e-02
1.33232e-02
1.26535e-02
1.22438e-02
1.19250e-02
1.16070e-02
1.12017e-02
1.06207e-02
9.83626e-03
8.85883e-03
7.72858e-03
6.55107e-03
5.53230e-03
4.88448e-03
4.57834e-03
4.45323e-03
4.21563e-03
3.63464e-03
2.72417e-03
1.56306e-03
3.25072e-04
-7.07083e-04
-1.41866e-03
-1.76968e-03
-1.72725e-03
-1.24575e-03
-3.65539e-04
5.94324e-04
1.26852e-03
1.89540e-03
2.73116e-03
3.86969e-03
5.20895e-03
6.55223e-03
7.92137e-03
9.28155e-03
1.04740e-02
1.12495e-02
1.13928e-02
1.09147e-02
1.00811e-02
8.92875e-03
7.43027e-03
5.88879e-03
4.38602e-03
2.81122e-03
1.29972e-03
2.52413e-04
-9.10998e-05
-1.20557e-04
-4.97288e-04
-1.11258e-03
-1.79606e-03
-2.52525e-03
-3.33948e-03
-4.22284e-03
-5.15120e-03
-6.07341e-03
-6.87669e-03
-7.52308e-03
-8.04926e-03
-8.51555e-03
-8.99380e-03
-9.45847e-03
-9.85090e-03
-1.01587e-02
-1.04191e-02
-1.05792e-02
-1.05775e-02
-1.04328e-02
-1.02677e-02
-1.01579e-02
-1.00163e-02
-9.75161e-03
-9.32407e-03
-8.73769e-03
-7.87621e-03
-6.62288e-03
-5.01334e-03
-3.30778e-03
-1.68289e-03
-5.41397e-06
1.76710e-03
3.49906e-03
5.02973e-03
6.12484e-03
6.52579e-03
6.31769e-03
5.86098e-03
5.07157e-03
3.91428e-03
2.72249e-03
1.55412e-03
2.21848e-04
-1.22421e-03
-2.50359e-03
-3.68096e-03
-4.86125e-03
-6.13498e-03
-7.59324e-03
-9.25854e-03
-1.11213e-02
-1.31118e-02
-1.50479e-02
-1.65827e-02
-1.72837e-02
-1.72435e-02
-1.71486e-02
-1.72535e-02
-1.73787e-02
-1.74663e-02
-1.76385e-02
-1.78328e-02
-1.79325e-02
-1.78785e-02
-1.76545e-02
-1.71977e-02
-1.64531e-02
-1.54461e-02
-1.43506e-02
-1.33443e-02
-1.22348e-02
-1.08206e-02
-9.04075e-03
-7.02415e-03
-4.91768e-03
-2.75750e-03
-7.51743e-04
8.10598e-04
1.89749e-03
2.62029e-03
3.21232e-03
3.61330e-03
3.93396e-03
4.51598e-03
5.21309e-03
5.86532e-03
6.42092e-03
6.90745e-03
7.38189e-03
7.87171e-03
8.40175e-03
8.97718e-03
9.56546e-03
1.01399e-02
1.07112e-02
1.12676e-02
1.17637e-02
1.21227e-02
1.22009e-02
1.18759e-02
1.11206e-02
1.01561e-02
9.40968e-03
8.72073e-03
7.89516e-03
6.88642e-03
5.80716e-03
4.83564e-03
3.93364e-03
3.03790e-03
2.09820e-03
1.12514e-03
1.43793e-04
-8.15943e-04
-1.71826e-03
-2.53218e-03
-3.25750e-03
-3.90759e-03
-4.29867e-03
-4.24750e-03
-3.68726e-03
-2.81780e-03
-2.10709e-03
-1.61933e-03
-1.50042e-03
-1.97628e-03
-3.04417e-03
-4.46736e-03
-5.73890e-03
-6.73936e-03
-7.70567e-03
-8.78897e-03
-9.93967e-03
-1.09535e-02
-1.18448e-02
-1.26795e-02
-1.35213e-02
-1.42377e-02
-1.46943e-02
-1.48619e-02
-1.48888e-02
-1.49731e-02
-1.49979e-02
-1.48737e-02
-1.46632e-02
-1.45496e-02
-1.45370e-02
-1.45386e-02
-1.44552e-02
-1.41716e-02
-1.36153e-02
-1.27707e-02
-1.17381e-02
-1.07534e-02
-9.88322e-03
-9.03267e-03
-8.14404e-03
-7.24019e-03
-6.41582e-03
-5.74195e-03
-5.26353e-03
-4.97900e-03
-4.77666e-03
-4.53535e-03
-4.39806e-03
-4.48848e-03
-4.79096e-03
-5.11926e-03
-5.29225e-03
-5.28674e-03
-5.06331e-03
-4.56991e-03
-3.83087e-03
-2.98662e-03
-2.07216e-03
-1.18885e-03
-4.67682e-04
3.55840e-05
2.13423e-04
-8.26816e-05
-1.01624e-03
-2.59409e-03
-4.36469e-03
-5.48281e-03
-6.02039e-03
-6.15688e-03
-6.02218e-03
-5.76071e-03
-5.46724e-03
-5.38388e-03
-5.54617e-03
-5.79068e-03
-5.98883e-03
-6.07697e-03
-6.04501e-03
-5.93375e-03
-5.82278e-03
-5.78157e-03
-5.85558e-03
-6.06814e-03
-6.40227e-03
-6.75432e-03
-6.96088e-03
-7.10191e-03
-7.31144e-03
-7.68093e-03
-8.17727e-03
-8.65851e-03
-8.88638e-03
-8.66125e-03
-7.88742e-03
-6.62604e-03
-5.17997e-03
-3.65564e-03
-1.67008e-03
1.02651e-03
4.26520e-03
7.35005e-03
9.73716e-03
1.15935e-02
1.32143e-02
1.49039e-02
1.65976e-02
1.80973e-02
1.93073e-02
2.00918e-02
2.02601e-02
1.98545e-02
1.88420e-02
1.72501e-02
1.56490e-02
1.47722e-02
1.44541e-02
1.43669e-02
1.42126e-02
1.40472e-02
1.39430e-02
1.37993e-02
1.33388e-02
1.24157e-02
1.10879e-02
9.56451e-03
8.21006e-03
7.04350e-03
5.98483e-03
5.05170e-03
4.35893e-03
4.04696e-03
4.19392e-03
4.67726e-03
5.10344e-03
5.28215e-03
5.20773e-03
4.75227e-03
3.69390e-03
1.93539e-03
-3.56428e-04
-2.60523e-03
-4.36155e-03
-5.72077e-03
-6.71997e-03
-7.32310e-03
-7.50714e-03
-7.22221e-03
-6.24282e-03
-4.66636e-03
-3.15101e-03
-2.18206e-03
-1.50965e-03
-8.99784e-04
-2.60354e-04
4.32168e-04
1.17211e-03
1.98934e-03
2.91495e-03
3.86252e-03
4.74618e-03
5.51783e-03
6.16698e-03
6.74494e-03
7.35382e-03
8.00860e-03
8.68524e-03
9.36470e-03
1.00308e-02
1.06710e-02
1.12717e-02
1.18077e-02
1.22451e-02
1.25592e-02
1.27636e-02
1.29161e-02
1.29372e-02
1.26418e-02
1.19072e-02
1.08065e-02
9.65496e-03
8.57085e-03
7.50394e-03
6.54875e-03
5.97812e-03
6.06990e-03
6.90351e-03
8.27309e-03
9.56482e-03
1.03765e-02
1.09990e-02
1.17265e-02
1.27027e-02
1.39166e-02
1.51841e-02
1.63366e-02
1.73647e-02
1.82934e-02
1.91753e-02
2.00400e-02
2.07271e-02
2.10772e-02
2.09894e-02
2.03010e-02
1.88859e-02
1.70270e-02
1.53694e-02
1.36549e-02
1.16420e-02
9.47218e-03
7.56399e-03
5.90483e-03
4.44596e-03
3.15212e-03
1.93007e-03
8.68607e-04
4.06380e-05
-7.03480e-04
-1.72052e-03
-3.01078e-03
-4.54913e-03
-6.32053e-03
-8.22780e-03
-1.00099e-02
-1.12643e-02
-1.23097e-02
-1.31766e-02
-1.40614e-02
-1.49065e-02
-1.55648e-02
-1.59632e-02
-1.60219e-02
-1.56328e-02
-1.49303e-02
-1.43527e-02
-1.40494e-02
-1.38630e-02
-1.36485e-02
-1.33064e-02
-1.27682e-02
-1.20028e-02
-1.10281e-02
-9.95577e-03
-8.98050e-03
-8.11017e-03
-7.27150e-03
-6.40469e-03
-5.46989e-03
-4.45828e-03
-3.39936e-03
-2.36548e-03
-1.43106e-03
-6.59800e-04
-9.11022e-05
2.94703e-04
6.42770e-04
1.21923e-03
2.13782e-03
3.41998e-03
5.02567e-03
6.73237e-03
8.16002e-03
9.36716e-03
1.04414e-02
1.14012e-02
1.22167e-02
1.27603e-02
1.29167e-02
1.27379e-02
1.24179e-02
1.16452e-02
1.01736e-02
8.18214e-03
6.20739e-03
4.03983e-03
1.58989e-03
-8.30044e-04
-2.92921e-03
-4.72370e-03
-6.23004e-03
-7.41514e-03
-8.22601e-03
-8.79765e-03
-9.35483e-03
-9.76695e-03
-1.00861e-02
-1.06004e-02
-1.12079e-02
-1.17934e-02
-1.23047e-02
-1.27109e-02
-1.29890e-02
-1.30737e-02
-1.28710e-02
-1.23213e-02
-1.14731e-02
-1.05758e-02
-9.90826e-03
-9.32196e-03
-8.64343e-03
-7.78899e-03
-6.77141e-03
-5.73676e-03
-4.88243e-03
-4.27163e-03
-3.92492e-03
-3.79815e-03
-3.70336e-03
-3.43138e-03
-3.07155e-03
-2.73356e-03
-2.47501e-03
-2.30682e-03
-2.18568e-03
-2.09392e-03
-2.09125e-03
-2.23398e-03
-2.53961e-03
-2.94106e-03
-3.29025e-03
-3.57968e-03
-3.78420e-03
-3.82022e-03
-3.59760e-03
-3.21572e-03
-2.93875e-03
-2.89394e-03
-3.06542e-03
-3.42566e-03
-3.95000e-03
-4.61689e-03
-5.31304e-03
-5.97741e-03
-6.70556e-03
-7.52270e-03
-8.30084e-03
-8.78392e-03
-8.84448e-03
-8.47905e-03
-7.81145e-03
-6.91664e-03
-5.96356e-03
-5.31125e-03
-4.76078e-03
-4.07047e-03
-3.11207e-03
-1.86818e-03
-4.94584e-04
6.96314e-04
1.55647e-03
2.14682e-03
2.64014e-03
3.28061e-03
4.01092e-03
4.73322e-03
5.38806e-03
5.95406e-03
6.46876e-03
6.98473e-03
7.47580e-03
7.91216e-03
8.28332e-03
8.60259e-03
8.91487e-03
9.24500e-03
9.56245e-03
9.83302e-03
1.00357e-02
1.01686e-02
1.02665e-02
1.03949e-02
1.05558e-02
1.07200e-02
1.08544e-02
1.09232e-02
1.08900e-02
1.06944e-02
1.02926e-02
9.70627e-03
9.07544e-03
8.55311e-03
8.03188e-03
7.39598e-03
6.59437e-03
5.67470e-03
4.76629e-03
3.81266e-03
2.75996e-03
1.63118e-03
5.12435e-04
-6.29751e-04
-1.94014e-03
-3.52559e-03
-5.38914e-03
-7.42020e-03
-9.47724e-03
-1.11794e-02
-1.20037e-02
-1.20727e-02
-1.18660e-02
-1.18222e-02
-1.16373e-02
-1.10120e-02
-9.95452e-03
-8.83058e-03
-7.90233e-03
-6.96201e-03
-5.85415e-03
-4.59380e-03
-3.34332e-03
-2.19755e-03
-1.15884e-03
-2.27985e-04
6.18225e-04
1.43589e-03
2.17318e-03
2.76003e-03
3.19132e-03
3.56892e-03
4.01132e-03
4.43048e-03
4.73016e-03
4.86784e-03
4.87207e-03
4.86505e-03
4.95089e-03
5.13445e-03
5.41597e-03
5.79481e-03
6.22472e-03
6.61002e-03
6.94926e-03
7.25638e-03
7.49345e-03
7.57691e-03
7.38849e-03
6.79078e-03
5.72688e-03
4.36585e-03
3.13339e-03
2.13279e-03
1.16452e-03
1.00011e-04
-1.05396e-03
-2.14422e-03
-2.97200e-03
-3.51408e-03
-3.84487e-03
-4.15069e-03
-4.53722e-03
-4.88866e-03
-5.11322e-03
-5.22426e-03
-5.31814e-03
-5.33512e-03
-5.16641e-03
-4.75975e-03
-4.16498e-03
-3.56638e-03
-3.09789e-03
-2.71119e-03
-2.36970e-03
-2.08135e-03
-1.87893e-03
-1.80886e-03
-1.88338e-03
-2.05141e-03
-2.26560e-03
-2.45852e-03
-2.59506e-03
-2.74560e-03
-2.95350e-03
-3.20290e-03
-3.42049e-03
-3.51945e-03
-3.44369e-03
-3.16562e-03
-2.72240e-03
-2.26923e-03
-1.97621e-03
-1.77039e-03
-1.56345e-03
-1.30647e-03
-9.81266e-04
-6.10748e-04
-2.53535e-04
4.44788e-05
2.57432e-04
3.69088e-04
3.78575e-04
2.64187e-04
3.75334e-05
-2.00819e-04
-3.29981e-04
-3.83452e-04
-3.97718e-04
-3.84684e-04
-3.48528e-04
-2.76560e-04
-1.77409e-04
-9.30597e-05
-4.77318e-05
-4.99233e-05
-1.24749e-04
-2.99466e-04
-5.66364e-04
-8.54828e-04
-1.04446e-03
-1.15091e-03
-1.19581e-03
-1.18060e-03
-1.09321e-03
-9.02558e-04
-6.06618e-04
-2.82564e-04
-6.84447e-05
7.77045e-05
2.10875e-04
3.58082e-04
5.30907e-04
7.24562e-04
9.23180e-04
1.10969e-03
1.28623e-03
1.45958e-03
1.63749e-03
1.82553e-03
2.02325e-03
2.21649e-03
2.38053e-03
2.51990e-03
2.64050e-03
2.74344e-03
2.82838e-03
2.89610e-03
2.95030e-03
2.98370e-03
2.98290e-03
2.94265e-03
2.87577e-03
2.81353e-03
2.76340e-03
2.71132e-03
2.64756e-03
2.57132e-03
2.48866e-03
2.39705e-03
2.29243e-03
2.17590e-03
2.05484e-03
1.93006e-03
1.78954e-03
1.62555e-03
1.44511e-03
1.26823e-03
1.08841e-03
8.96012e-04
6.98878e-04
5.24319e-04
3.95303e-04
3.11123e-04
2.65402e-04
2.40471e-04
2.05011e-04
1.53728e-04
1.02911e-04
6.38136e-05
3.81666e-05
1.83841e-05
-3.69459e-06
-3.04478e-05
-6.44123e-05
-1.07300e-04
-1.56457e-04
-2.03076e-04
-2.42236e-04
-2.78854e-04
-3.14980e-04
-3.46977e-04
-3.69670e-04
-3.84108e-04
-3.92305e-04
-3.97049e-04
-4.03102e-04
-4.14862e-04
-4.31016e-04
-4.47992e-04
-4.59394e-04
-4.56634e-04
-4.35979e-04
-3.96040e-04
-3.39280e-04
-2.77586e-04
-2.30245e-04
-1.95184e-04
-1.63757e-04
-1.31411e-04
-9.77531e-05
-6.62687e-05
-4.08103e-05
-2.32153e-05
-1.40703e-05
-1.16553e-05
-1.02398e-05
-4.14899e-06
3.82138e-06
1.10304e-05
1.67353e-05
2.14674e-05
2.66739e-05
3.35200e-05
4.26806e-05
5.38048e-05
6.44308e-05
7.08903e-05
7.52414e-05
7.97080e-05
8.52313e-05
9.14709e-05
9.66547e-05
9.97719e-05
1.01548e-04
1.02057e-04
1.00229e-04
9.43012e-05
8.37920e-05
6.97557e-05
5.45933e-05
4.15516e-05
3.03584e-05
1.97494e-05
9.01801e-06
-2.13852e-06
-1.37763e-05
-2.58861e-05
-3.83328e-05
-5.08635e-05
-6.32962e-05
-7.55449e-05
-8.75811e-05
-9.94159e-05
-1.11057e-04
-1.22481e-04
-1.33676e-04
-1.44670e-04
-1.55545e-04
-1.66434e-04
-1.77416e-04
-1.88462e-04
-1.99483e-04
-2.10299e-04
-2.20638e-04
-2.30408e-04
-2.39779e-04
-2.48874e-04
-2.57742e-04
-2.66406e-04
-2.74870e-04
-2.83148e-04
-2.91264e-04
-2.99229e-04
-3.07038e-04
-3.14693e-04
-3.22198e-04
-3.29564e-04
-3.36803e-04
-3.43934e-04
-3.50969e-04
-3.57917e-04
-3.64782e-04
-3.71576e-04
-3.78304e-04
-3.84975e-04
-3.91594e-04
-3.98164e-04
-4.04692e-04
-4.11182e-04
-4.17639e-04
-4.24064e-04
-4.30460e-04
-4.36828e-04
-4.43169e-04
-4.49484e-04
-4.55773e-04
-4.62035e-04
-4.68269e-04
-4.74477e-04
