0.0198885 0.00204821 -0.000292022 0.000160538 0.000130794
0.1962 0.0254575 -0.0021075 0.000487097 0.00108186
0.00563369 0.058558 0.00348081 -0.00110753 0.00200342
0.3924 0.103333 0.020606 -0.00256502 0.00281241
0.0291097 0.149644 0.0533878 -0.00133839 0.00151195
0.5886 0.203437 0.0965125 0.00866199 -0.0021544
0.0271971 0.254734 0.148732 0.0299111 -0.00770094
0.7848 0.31112 0.203518 0.0644993 -0.0106112
0.00711438 0.36203 0.261139 0.10894 -0.00575743
0.981 0.415442 0.316991 0.160968 0.0139705
-0.0207956 0.460689 0.373898 0.216448 0.0533178
1.1772 0.509019 0.425403 0.27482 0.113803
-0.030047 0.55167 0.476787 0.335851 0.194884
1.3734 0.601487 0.521173 0.400144 0.294009
0.000771914 0.650034 0.565717 0.469653 0.407487
1.5696 0.703463 0.614983 0.545086 0.525257
-0.00876608 0.751433 0.684374 0.624827 0.630702
1.7658 0.80836 0.757729 0.713312 0.725896
0.00104168 0.873674 0.834943 0.804167 0.811182
1.962 0.960869 0.89796 0.886738 0.892769
-0.0316228 1.01724 0.983016 0.960635 0.969981
2.1582 0.961142 1.05972 1.03893 1.04489
-0.00241034 0.924117 1.05995 1.11228 1.10544
2.3544 1.00126 1.0322 1.15046 1.17644
0.0282551 1.06837 1.04849 1.13879 1.26788
2.5506 1.12651 1.05626 1.13349 1.33895
-0.018416 1.20577 1.06439 1.13134 1.37855
2.7468 1.20928 1.09247 1.12953 1.39701
-0.071535 1.24406 1.10115 1.15676 1.38192
2.943 1.2532 1.10537 1.19935 1.34295
-0.0347316 1.26556 1.13486 1.24112 1.28727
3.1392 1.26483 1.18759 1.26795 1.23611
0.025892 1.28492 1.23607 1.28205 1.19498
3.3354 1.27971 1.29319 1.28177 1.17112
0.0171773 1.33164 1.30179 1.28027 1.16287
3.5316 1.42584 1.25772 1.28986 1.17257
-0.00643695 1.51443 1.21863 1.28461 1.2002
