-7.9221e-04
-7.9162e-04
-7.9099e-04
-7.9006e-04
-7.8908e-04
-7.8820e-04
-7.8628e-04
-7.8390e-04
-7.8225e-04
-7.7931e-04
-7.7450e-04
-7.6854e-04
-7.6185e-04
-7.5759e-04
-7.5307e-04
-7.4829e-04
-7.4324e-04
-7.3792e-04
-7.3235e-04
-7.2979e-04
-7.3372e-04
-7.3206e-04
-7.2710e-04
-7.2195e-04
-7.1662e-04
-7.1110e-04
-7.1498e-04
-7.2699e-04
-7.4132e-04
-7.5389e-04
-7.5192e-04
-7.6156e-04
-7.8404e-04
-7.8852e-04
-7.8891e-04
-7.8933e-04
-8.0290e-04
-8.3552e-04
-8.4678e-04
-8.5018e-04
-8.5367e-04
-8.5725e-04
-8.6093e-04
-8.6470e-04
-8.6857e-04
-8.2798e-04
-7.9575e-04
-7.9650e-04
-7.9727e-04
-7.9807e-04
-7.4888e-04
-7.0129e-04
-6.9846e-04
-6.3218e-04
-4.9730e-04
-4.6234e-04
-4.4309e-04
-3.5987e-04
-3.0336e-04
-2.8783e-04
-2.7209e-04
-2.5614e-04
-2.3998e-04
-2.5371e-04
-3.2752e-04
-3.4626e-04
-3.3383e-04
-3.2125e-04
-3.0853e-04
-2.9567e-04
-2.8267e-04
-2.6953e-04
-2.5626e-04
-2.0009e-04
4.9489e-05
1.9227e-04
2.1624e-04
2.4044e-04
2.7868e-04
4.3628e-04
4.8814e-04
3.7837e-04
3.6479e-04
3.8257e-04
1.1117e-04
-1.2245e-04
-2.6352e-04
-4.1109e-04
-5.6524e-04
-8.8225e-04
-1.1361e-03
-1.1435e-03
-1.3473e-03
-1.7161e-03
-1.7831e-03
-1.8027e-03
-1.8223e-03
-1.8421e-03
-1.8620e-03
-1.7248e-03
-1.5577e-03
-1.5718e-03
-1.5018e-03
-1.3002e-03
-1.2455e-03
-1.2537e-03
-1.2619e-03
-1.1968e-03
-9.7098e-04
-7.3765e-04
-4.9677e-04
-4.7629e-04
-3.5274e-04
1.5741e-04
4.0331e-04
4.2088e-04
8.8818e-04
1.3617e-03
1.3926e-03
1.4236e-03
1.4547e-03
1.4859e-03
1.4942e-03
1.2344e-03
1.0807e-03
1.1054e-03
9.2033e-04
6.3567e-04
6.5383e-04
5.7549e-04
2.7370e-04
1.6190e-04
1.7338e-04
1.8486e-04
1.2047e-04
-2.0783e-04
-5.4419e-04
-8.8862e-04
-9.4629e-04
-9.4844e-04
-9.5059e-04
-1.1174e-03
-1.4886e-03
-1.5857e-03
-1.5947e-03
-1.6037e-03
-1.6127e-03
-1.6217e-03
-1.6307e-03
-1.6397e-03
-1.2545e-03
-8.5587e-04
-4.4919e-04
-2.8145e-04
-2.7678e-04
1.0843e-04
4.5007e-04
4.6152e-04
6.9743e-04
1.1466e-03
8.7683e-04
5.6626e-04
1.0258e-03
1.2945e-03
1.3125e-03
9.8731e-04
5.6356e-04
5.7476e-04
5.8594e-04
5.9708e-04
2.8885e-04
-1.8555e-04
-1.9392e-04
-1.8942e-04
-1.8494e-04
-1.8047e-04
-1.7602e-04
-1.7158e-04
-2.6907e-04
-7.7874e-04
-1.0339e-03
-1.0358e-03
-6.1120e-04
-1.4532e-04
-1.4101e-04
-1.3671e-04
-1.3244e-04
2.6979e-04
8.2290e-04
1.3831e-03
1.7585e-03
1.7746e-03
2.1567e-03
2.7387e-03
3.3275e-03
3.7708e-03
3.7979e-03
4.1560e-03
4.7655e-03
4.8674e-03
4.8993e-03
4.9310e-03
4.9624e-03
4.9936e-03
5.5049e-03
6.0774e-03
6.1132e-03
6.4007e-03
7.0501e-03
7.2617e-03
7.3013e-03
7.3405e-03
7.3793e-03
7.4178e-03
7.0521e-03
6.4542e-03
6.4528e-03
6.3229e-03
5.7117e-03
5.0946e-03
4.4718e-03
3.8434e-03
3.2093e-03
2.5698e-03
1.6090e-03
2.9679e-04
-1.0256e-03
-2.2958e-03
-2.9694e-03
-3.9161e-03
-5.2731e-03
-6.6393e-03
-8.0144e-03
-9.3983e-03
-1.0572e-02
-1.1288e-02
-1.2008e-02
-1.2731e-02
-1.2813e-02
-1.2848e-02
-1.2883e-02
-1.2536e-02
-1.1870e-02
-1.1797e-02
-1.1601e-02
-1.0220e-02
-9.4903e-03
-9.5114e-03
-8.4348e-03
-7.0870e-03
-6.3884e-03
-5.1338e-03
-2.9955e-03
-1.3453e-03
9.1291e-05
1.5336e-03
3.2025e-03
5.3786e-03
7.1180e-03
8.5826e-03
1.0051e-02
1.1524e-02
1.3001e-02
1.4482e-02
1.5965e-02
1.6837e-02
1.7700e-02
1.9191e-02
2.0018e-02
2.0041e-02
2.0623e-02
2.1283e-02
2.0567e-02
2.0123e-02
2.0140e-02
1.9151e-02
1.7685e-02
1.5487e-02
1.3491e-02
1.2017e-02
1.0541e-02
9.0620e-03
7.5819e-03
5.9421e-03
3.7173e-03
1.4913e-03
-7.3534e-04
-2.9623e-03
-5.1891e-03
-7.4160e-03
-9.3161e-03
-1.0801e-02
-1.1731e-02
-1.2512e-02
-1.3996e-02
-1.5214e-02
-1.5955e-02
-1.6202e-02
-1.6202e-02
-1.6201e-02
-1.5993e-02
-1.5249e-02
-1.4942e-02
-1.4941e-02
-1.3614e-02
-1.2425e-02
-1.2425e-02
-1.1672e-02
-1.0186e-02
-9.9082e-03
-9.7294e-03
-8.2438e-03
-7.0750e-03
-6.3318e-03
-5.0442e-03
-3.5586e-03
-2.0729e-03
-5.8727e-04
8.9834e-04
2.3840e-03
3.8697e-03
5.3554e-03
6.6430e-03
7.3861e-03
7.7036e-03
7.7042e-03
7.0515e-03
6.4482e-03
6.4488e-03
6.8158e-03
7.5589e-03
7.7081e-03
7.8671e-03
9.3527e-03
1.0225e-02
1.0225e-02
1.0761e-02
1.1484e-02
1.1484e-02
1.1238e-02
1.0496e-02
9.7539e-03
9.0121e-03
7.5673e-03
5.8949e-03
3.6680e-03
1.8569e-03
3.7254e-04
-2.3988e-03
-5.1108e-03
-6.5952e-03
-8.4360e-03
-1.0663e-02
-1.2306e-02
-1.3790e-02
-1.5274e-02
-1.6462e-02
-1.7204e-02
-1.7946e-02
-1.8678e-02
-1.8677e-02
-1.8439e-02
-1.7696e-02
-1.7418e-02
-1.7417e-02
-1.6723e-02
-1.6159e-02
-1.6158e-02
-1.6157e-02
-1.6157e-02
-1.5522e-02
-1.4779e-02
-1.4036e-02
-1.2600e-02
-1.0372e-02
-8.1438e-03
-5.8563e-03
-2.8856e-03
-2.0211e-04
2.0261e-03
4.2542e-03
6.4824e-03
7.9680e-03
9.2261e-03
9.9692e-03
1.0712e-02
1.1455e-02
1.1516e-02
1.1516e-02
1.1517e-02
1.1517e-02
1.1518e-02
1.1519e-02
1.1628e-02
1.2371e-02
1.3451e-02
1.4937e-02
1.5294e-02
1.5393e-02
1.6879e-02
1.8365e-02
1.9850e-02
2.0326e-02
2.0327e-02
2.1060e-02
2.1586e-02
2.1586e-02
2.1141e-02
2.0400e-02
1.9658e-02
1.9074e-02
1.9075e-02
1.9076e-02
1.9076e-02
1.7849e-02
1.6563e-02
1.6564e-02
1.6564e-02
1.6565e-02
1.6011e-02
1.5269e-02
1.4527e-02
1.3786e-02
1.3044e-02
1.1312e-02
9.0849e-03
7.5808e-03
6.0964e-03
4.6122e-03
2.6921e-03
4.6530e-04
-1.7617e-03
-3.8399e-03
-5.3244e-03
-7.1848e-03
-9.4118e-03
-1.1639e-02
-1.3776e-02
-1.5261e-02
-1.6428e-02
-1.7170e-02
-1.8457e-02
-1.9941e-02
-2.1425e-02
-2.2652e-02
-2.3394e-02
-2.4136e-02
-2.4878e-02
-2.4907e-02
-2.4907e-02
-2.4906e-02
-2.4054e-02
-2.2568e-02
-2.1736e-02
-2.0854e-02
-1.9369e-02
-1.7883e-02
-1.6397e-02
-1.4912e-02
-1.3347e-02
-1.1119e-02
-8.8906e-03
-6.6625e-03
-3.8997e-03
-9.4895e-04
1.2793e-03
3.5074e-03
5.7357e-03
8.4389e-03
1.1410e-02
1.2974e-02
1.4460e-02
1.5946e-02
1.6600e-02
1.6601e-02
1.6601e-02
1.6602e-02
1.6603e-02
1.6247e-02
1.5505e-02
1.4763e-02
1.4091e-02
1.4091e-02
1.3795e-02
1.3053e-02
1.2311e-02
1.1569e-02
1.0828e-02
9.8481e-03
8.3638e-03
6.8794e-03
5.3950e-03
4.6037e-03
3.6836e-03
2.1993e-03
7.1495e-04
-7.6942e-04
-2.8874e-03
-4.9955e-03
-6.4799e-03
-7.2713e-03
-7.2706e-03
-7.2700e-03
-7.2100e-03
-6.4669e-03
-5.1495e-03
-2.9214e-03
-6.9327e-04
1.5349e-03
4.5055e-03
7.2485e-03
9.4768e-03
1.1250e-02
1.2735e-02
1.4221e-02
1.5538e-02
1.6281e-02
1.6233e-02
1.5491e-02
1.4749e-02
1.3898e-02
1.2414e-02
1.0593e-02
8.3659e-03
6.7035e-03
5.1696e-03
2.9428e-03
9.9306e-04
-4.9127e-04
-2.4806e-03
-4.7074e-03
-6.2017e-03
-7.4682e-03
-8.2101e-03
-8.9520e-03
-9.6939e-03
-1.0436e-02
-1.1019e-02
-1.1019e-02
-1.0632e-02
-9.8887e-03
-9.1455e-03
-8.2044e-03
-5.9763e-03
-3.7480e-03
-1.5199e-03
1.5386e-04
1.6395e-03
3.1252e-03
4.3435e-03
5.0867e-03
5.8299e-03
6.5730e-03
7.3162e-03
8.0593e-03
8.8025e-03
9.1101e-03
9.1107e-03
9.1114e-03
9.2606e-03
1.0004e-02
1.0747e-02
1.1490e-02
1.1629e-02
1.1630e-02
1.1631e-02
1.1315e-02
1.0573e-02
8.7419e-03
6.5150e-03
4.2882e-03
2.0613e-03
-1.6553e-04
-2.3925e-03
-4.6193e-03
-5.4206e-03
-6.1624e-03
-6.9043e-03
-6.7948e-03
-6.0516e-03
-5.3085e-03
-4.4267e-03
-2.9411e-03
-1.0891e-03
1.1390e-03
3.3672e-03
5.5161e-03
7.0019e-03
7.8738e-03
7.8744e-03
8.9443e-03
1.0410e-02
1.1153e-02
1.1649e-02
1.1650e-02
1.1650e-02
1.1651e-02
1.0949e-02
1.0019e-02
8.5346e-03
7.8818e-03
7.8825e-03
6.5961e-03
5.1118e-03
3.6275e-03
2.1431e-03
6.5880e-04
-8.2554e-04
-2.2406e-03
-2.9825e-03
-4.6153e-03
-7.5846e-03
-9.5046e-03
-1.0999e-02
-1.3226e-02
-1.5690e-02
-1.8659e-02
-2.0698e-02
-2.2183e-02
-2.2974e-02
-2.4072e-02
-2.6299e-02
-2.7308e-02
-2.7308e-02
-2.7307e-02
-2.7306e-02
-2.7306e-02
-2.6612e-02
-2.5127e-02
-2.3641e-02
-2.2037e-02
-1.9066e-02
-1.6382e-02
-1.4154e-02
-1.1411e-02
-8.4404e-03
-5.4699e-03
-2.4991e-03
4.7144e-04
3.4423e-03
6.4130e-03
8.7006e-03
1.1097e-02
1.4068e-02
1.6642e-02
1.8871e-02
2.0475e-02
2.1852e-02
2.2595e-02
2.3675e-02
2.5161e-02
2.5518e-02
2.5518e-02
2.5519e-02
2.5520e-02
2.5521e-02
2.5016e-02
2.4274e-02
2.2800e-02
2.1533e-02
2.0792e-02
1.9159e-02
1.6932e-02
1.4705e-02
1.2320e-02
9.3507e-03
5.9953e-03
2.2833e-03
-1.4283e-03
-5.1403e-03
-8.8521e-03
-1.2891e-02
-1.7345e-02
-2.0691e-02
-2.3699e-02
-2.7411e-02
-3.1123e-02
-3.4835e-02
-3.7557e-02
-3.9784e-02
-4.2011e-02
-4.4030e-02
-4.5514e-02
-4.6999e-02
-4.8483e-02
-4.8641e-02
-4.8343e-02
-4.6858e-02
-4.5372e-02
-4.3886e-02
-4.1193e-02
-3.7955e-02
-3.2757e-02
-2.7558e-02
-2.2360e-02
-1.7162e-02
-1.1934e-02
-5.9938e-03
-5.3017e-05
5.8878e-03
1.1343e-02
1.6542e-02
2.2453e-02
2.7799e-02
3.1513e-02
3.6077e-02
4.1275e-02
4.4513e-02
4.7346e-02
4.9574e-02
5.1802e-02
5.4030e-02
5.5071e-02
5.5735e-02
5.5735e-02
5.5429e-02
5.4687e-02
5.3411e-02
5.1907e-02
4.9680e-02
4.7206e-02
4.4236e-02
3.9842e-02
3.4645e-02
2.9448e-02
2.3875e-02
1.7193e-02
9.2640e-03
3.5504e-04
-6.6243e-03
-1.3306e-02
-1.9988e-02
-2.5957e-02
-3.1154e-02
-3.5767e-02
-4.0083e-02
-4.3052e-02
-4.5427e-02
-4.6912e-02
-4.7347e-02
-4.7346e-02
-4.7345e-02
-4.7107e-02
-4.6364e-02
-4.5621e-02
-4.4878e-02
-4.3442e-02
-4.1778e-02
-3.9550e-02
-3.6916e-02
-3.3945e-02
-3.1608e-02
-2.9142e-02
-2.5429e-02
-2.1716e-02
-1.8003e-02
-1.4290e-02
-1.0636e-02
-7.6650e-03
-3.8330e-03
1.3652e-03
5.0190e-03
7.9896e-03
1.3930e-02
1.9188e-02
2.2901e-02
2.6614e-02
3.0328e-02
3.3358e-02
3.6329e-02
3.9299e-02
4.1082e-02
4.1825e-02
4.2569e-02
4.2985e-02
4.1501e-02
4.0017e-02
3.8532e-02
3.6484e-02
3.4158e-02
3.0446e-02
2.7011e-02
2.4042e-02
2.1073e-02
1.8104e-02
1.5134e-02
1.2383e-02
1.0156e-02
7.9291e-03
5.7021e-03
3.4754e-03
1.4069e-03
-7.7353e-05
-1.5618e-03
-3.0461e-03
-3.9166e-03
-4.7574e-03
-6.2418e-03
-7.7261e-03
-9.2105e-03
-1.0140e-02
-1.0882e-02
-1.1624e-02
-1.2099e-02
-1.2098e-02
-1.2097e-02
-1.2096e-02
-1.0650e-02
-9.5805e-03
-9.5798e-03
-8.7080e-03
-7.2223e-03
-7.0631e-03
-7.2109e-03
-7.9526e-03
-8.6945e-03
-9.4364e-03
-1.0178e-02
-1.0920e-02
-1.1662e-02
-1.2720e-02
-1.4205e-02
-1.5689e-02
-1.7114e-02
-1.7113e-02
-1.7627e-02
-1.9112e-02
-1.9626e-02
-1.9625e-02
-1.8912e-02
-1.8169e-02
-1.7426e-02
-1.6682e-02
-1.5939e-02
-1.3889e-02
-1.1799e-02
-1.0314e-02
-8.8280e-03
-7.3423e-03
-5.2628e-03
-3.1137e-03
-1.6280e-03
-1.4224e-04
1.3434e-03
2.8291e-03
4.2952e-03
5.0384e-03
5.7816e-03
6.5248e-03
6.7928e-03
6.7935e-03
6.7942e-03
6.6069e-03
5.8651e-03
5.1233e-03
4.3814e-03
2.9963e-03
1.5119e-03
2.7615e-05
-1.4568e-03
-2.9410e-03
-4.4254e-03
-5.8404e-03
-6.5823e-03
-6.7301e-03
-5.9869e-03
-5.2437e-03
-4.4905e-03
-3.0050e-03
-1.5192e-03
-3.3493e-05
9.8696e-04
1.7302e-03
2.4733e-03
3.0384e-03
3.0391e-03
2.6339e-03
1.8922e-03
-1.1682e-04
-2.1061e-03
-2.8479e-03
-4.2825e-03
-6.5094e-03
-7.0137e-03
-7.0130e-03
-7.0123e-03
-7.0116e-03
-7.0109e-03
-7.0102e-03
-7.0095e-03
-7.0088e-03
-7.0081e-03
-7.0074e-03
-7.0067e-03
-7.0060e-03
-7.6884e-03
-8.0936e-03
-7.3504e-03
-7.0032e-03
-7.0025e-03
-7.0018e-03
-7.0011e-03
-7.0004e-03
-6.9997e-03
-6.9990e-03
-6.9982e-03
-6.8986e-03
-5.4128e-03
-4.4815e-03
-4.4808e-03
-3.9753e-03
-3.2320e-03
-1.7562e-03
-4.8827e-04
2.5487e-04
1.4436e-03
2.9293e-03
3.0687e-03
3.2277e-03
3.9710e-03
4.3281e-03
4.3289e-03
4.9434e-03
5.5876e-03
5.5883e-03
5.9157e-03
6.6590e-03
7.9565e-03
9.4423e-03
1.0928e-02
1.2146e-02
1.2890e-02
1.4128e-02
1.5614e-02
1.5654e-02
1.5863e-02
1.6606e-02
1.6478e-02
1.5736e-02
1.4331e-02
1.2698e-02
1.0472e-02
8.2448e-03
6.0182e-03
2.5836e-03
-1.1283e-03
-4.8401e-03
-8.2349e-03
-1.1204e-02
-1.4174e-02
-1.7113e-02
-1.9340e-02
-2.1052e-02
-2.1794e-02
-2.2051e-02
-2.2050e-02
-2.1337e-02
-2.0396e-02
-1.8910e-02
-1.7424e-02
-1.5939e-02
-1.4453e-02
-1.2967e-02
-1.1481e-02
-1.0362e-02
-9.6185e-03
-8.2813e-03
-6.9540e-03
-6.9532e-03
-6.6456e-03
-5.9024e-03
-5.1591e-03
-4.4357e-03
-4.4350e-03
-4.1868e-03
-3.4436e-03
-3.1755e-03
-3.1748e-03
-3.8769e-03
-4.4306e-03
-4.4299e-03
-4.8450e-03
-5.5868e-03
-5.6850e-03
-5.8131e-03
-6.5548e-03
-6.9402e-03
-6.9395e-03
-7.5229e-03
-8.2646e-03
-9.0064e-03
-9.4513e-03
-9.4506e-03
-9.4498e-03
-9.4393e-03
-8.6960e-03
-7.4775e-03
-5.2494e-03
-3.0212e-03
-7.9288e-04
1.4354e-03
3.8419e-03
6.8124e-03
9.3773e-03
1.1606e-02
1.3834e-02
1.6062e-02
1.8290e-02
1.9826e-02
2.0569e-02
2.0738e-02
2.0620e-02
1.9136e-02
1.7939e-02
1.7197e-02
1.6455e-02
1.5713e-02
1.4229e-02
1.2973e-02
1.2231e-02
1.1034e-02
9.5494e-03
8.0653e-03
6.7493e-03
6.0075e-03
5.2656e-03
4.5238e-03
3.7820e-03
2.9314e-03
1.4471e-03
-3.7219e-05
-1.5214e-03
-3.0057e-03
-4.4405e-03
-5.1823e-03
-6.2012e-03
-7.6854e-03
-8.6649e-03
-9.4066e-03
-1.0881e-02
-1.1930e-02
-1.1929e-02
-1.1483e-02
-1.0740e-02
-9.3231e-03
-7.6790e-03
-5.4507e-03
-3.9947e-03
-3.2515e-03
-1.8944e-03
-5.0766e-04
2.3561e-04
9.7879e-04
1.7221e-03
1.9110e-03
1.9117e-03
1.9125e-03
1.6459e-03
9.0411e-04
6.5737e-04
6.5811e-04
6.5886e-04
6.5960e-04
6.6034e-04
6.6108e-04
6.6182e-04
1.3258e-03
2.2176e-03
3.7032e-03
5.1890e-03
6.6749e-03
6.9529e-03
7.1318e-03
8.6175e-03
9.7865e-03
1.0530e-02
1.1818e-02
1.3244e-02
1.3245e-02
1.3245e-02
1.3246e-02
1.2277e-02
1.0793e-02
1.0021e-02
9.2793e-03
8.5376e-03
7.3701e-03
5.8858e-03
3.7482e-03
1.7987e-03
1.0569e-03
3.1514e-04
-4.2659e-04
-1.7623e-03
-3.1674e-03
-3.9092e-03
-4.3440e-03
-4.3433e-03
-4.8771e-03
-5.5991e-03
-5.5983e-03
-5.8451e-03
-6.5868e-03
-6.8534e-03
-6.8526e-03
-8.2577e-03
-9.5537e-03
-1.0296e-02
-1.1453e-02
-1.2937e-02
-1.4421e-02
-1.5906e-02
-1.7390e-02
-1.8518e-02
-1.9260e-02
-2.0002e-02
-2.0743e-02
-2.1485e-02
-2.1930e-02
-2.1929e-02
-2.1404e-02
-2.0650e-02
-1.9165e-02
-1.7441e-02
-1.5213e-02
-1.2985e-02
-1.0757e-02
-8.5285e-03
-6.4783e-03
-4.9924e-03
-3.5066e-03
-2.0209e-03
-5.3512e-04
7.1307e-04
7.1384e-04
7.1463e-04
7.1539e-04
7.1617e-04
7.1693e-04
7.1771e-04
7.1848e-04
7.1925e-04
2.0524e-04
-5.3644e-04
-5.3575e-04
-5.3498e-04
-5.3421e-04
-5.3344e-04
-5.3267e-04
-5.3190e-04
-6.9943e-04
-1.4411e-03
-2.1829e-03
-2.9246e-03
-4.2900e-03
-5.7743e-03
-7.2584e-03
-8.4061e-03
-9.1479e-03
-1.0454e-02
-1.1839e-02
-1.1838e-02
-1.1838e-02
-1.1837e-02
-1.1836e-02
-1.1835e-02
-1.1835e-02
-1.1398e-02
-9.9126e-03
-8.8722e-03
-8.1290e-03
-6.7125e-03
-5.2268e-03
-3.7409e-03
-2.2551e-03
-7.6926e-04
1.0261e-04
9.4491e-04
2.4307e-03
3.2631e-03
3.2639e-03
4.3734e-03
5.7800e-03
5.7809e-03
6.0490e-03
6.7922e-03
7.0405e-03
7.0413e-03
7.0421e-03
7.0429e-03
7.0436e-03
7.0445e-03
7.0452e-03
7.0460e-03
7.0468e-03
7.0476e-03
7.0484e-03
7.0492e-03
6.4461e-03
5.7044e-03
4.9627e-03
4.2210e-03
3.4793e-03
2.1930e-03
7.6817e-04
7.6893e-04
5.1234e-04
-2.2941e-04
-4.8601e-04
-4.8523e-04
-1.1972e-03
-1.7410e-03
-1.7402e-03
-2.1651e-03
-2.9068e-03
-3.6485e-03
-4.2517e-03
-4.2509e-03
-4.9826e-03
-6.4669e-03
-6.7631e-03
-6.7623e-03
-6.7616e-03
-6.7608e-03
-6.7600e-03
-6.7592e-03
-6.7584e-03
-6.7576e-03
-6.7569e-03
-6.7561e-03
-5.8049e-03
-4.3192e-03
-4.2391e-03
-3.8621e-03
-2.3762e-03
-1.7221e-03
-1.7213e-03
-4.3348e-04
7.9488e-04
7.9569e-04
1.1529e-03
1.8962e-03
2.0554e-03
1.9870e-03
1.2452e-03
5.0353e-04
-2.3819e-04
-9.7985e-04
-1.7117e-03
-1.7109e-03
-1.9478e-03
-2.6894e-03
-2.9659e-03
-2.9651e-03
-2.2713e-03
-1.7062e-03
-1.7054e-03
-8.9281e-04
5.9301e-04
8.1164e-04
1.0499e-03
2.5358e-03
3.3287e-03
3.3295e-03
3.9045e-03
4.5884e-03
4.5892e-03
4.5900e-03
4.5908e-03
4.5916e-03
4.5924e-03
4.5933e-03
4.3664e-03
3.6247e-03
3.3384e-03
3.3392e-03
2.6570e-03
1.9153e-03
1.1735e-03
8.2782e-04
8.2864e-04
2.0574e-04
-5.3596e-04
-1.2777e-03
-1.6828e-03
-1.6819e-03
-2.2454e-03
-2.9871e-03
-3.7288e-03
-4.7476e-03
-6.2318e-03
-6.7063e-03
-6.7055e-03
-8.1698e-03
-9.2185e-03
-9.2177e-03
-1.0108e-02
-1.1592e-02
-1.1730e-02
-1.1729e-02
-1.1728e-02
-1.0955e-02
-9.4696e-03
-8.5975e-03
-7.7552e-03
-6.2695e-03
-5.1103e-03
-4.3670e-03
-3.0692e-03
-1.6229e-03
-8.7967e-04
-4.0363e-04
-4.0281e-04
-4.0198e-04
-4.0117e-04
-4.0034e-04
-3.9953e-04
-3.9870e-04
-3.9789e-04
-3.9707e-04
2.6701e-04
8.6188e-04
8.6268e-04
1.2397e-03
1.9830e-03
2.7264e-03
3.3806e-03
3.3814e-03
3.6991e-03
4.4424e-03
4.6412e-03
4.6420e-03
4.6429e-03
4.3863e-03
3.6446e-03
3.3880e-03
3.3889e-03
3.3897e-03
3.1925e-03
2.4509e-03
2.1349e-03
2.1357e-03
1.4831e-03
8.8005e-04
8.8087e-04
8.8169e-04
8.8252e-04
2.8939e-04
-3.7313e-04
-3.7231e-04
-3.7148e-04
-3.7066e-04
-3.6983e-04
-3.6899e-04
-3.6817e-04
-6.1481e-04
-1.3565e-03
-2.0982e-03
-2.8399e-03
-3.5816e-03
-4.3232e-03
-5.0649e-03
-5.3908e-03
-5.3900e-03
-4.7457e-03
-4.0024e-03
-3.2590e-03
-2.5157e-03
-1.7724e-03
-4.4488e-04
1.0410e-03
2.5268e-03
4.3095e-03
6.5379e-03
8.2416e-03
9.7275e-03
1.1213e-02
1.2699e-02
1.4185e-02
1.5206e-02
1.5949e-02
1.7385e-02
1.8515e-02
1.8516e-02
1.8517e-02
1.8517e-02
1.8518e-02
1.8281e-02
1.6797e-02
1.5313e-02
1.3829e-02
1.1771e-02
9.5441e-03
7.3175e-03
5.3779e-03
3.8937e-03
1.3800e-03
-1.5890e-03
-3.0734e-03
-4.7854e-03
-7.0121e-03
-8.7833e-03
-1.0267e-02
-1.1069e-02
-1.1979e-02
-1.3463e-02
-1.4155e-02
-1.4154e-02
-1.4777e-02
-1.5301e-02
-1.4558e-02
-1.3478e-02
-1.1992e-02
-9.9416e-03
-7.6639e-03
-4.6929e-03
-1.4448e-03
2.2686e-03
5.9817e-03
9.6951e-03
1.2676e-02
1.5429e-02
1.7657e-02
1.9886e-02
2.2114e-02
2.2996e-02
2.3740e-02
2.4483e-02
2.4454e-02
2.3712e-02
2.2357e-02
2.0873e-02
1.9389e-02
1.7905e-02
1.6421e-02
1.3828e-02
1.0898e-02
8.6715e-03
5.9102e-03
2.1988e-03
-1.0179e-03
-3.9871e-03
-6.2337e-03
-8.6683e-03
-1.1637e-02
-1.4171e-02
-1.6398e-02
-1.8624e-02
-2.0702e-02
-2.2187e-02
-2.4047e-02
-2.6274e-02
-2.7896e-02
-2.9292e-02
-3.0033e-02
-3.0775e-02
-3.1517e-02
-3.1714e-02
-3.1713e-02
-3.1712e-02
-3.1454e-02
-3.0711e-02
-2.8997e-02
-2.6769e-02
-2.3828e-02
-2.0659e-02
-1.6945e-02
-1.3658e-02
-1.0687e-02
-7.7161e-03
-4.6067e-03
-8.9319e-04
2.4537e-03
5.4249e-03
7.2078e-03
8.6145e-03
9.3578e-03
1.0101e-02
1.0845e-02
1.1053e-02
1.1074e-02
1.1817e-02
1.2313e-02
1.2314e-02
1.2315e-02
1.2316e-02
1.3020e-02
1.3575e-02
1.3576e-02
1.3161e-02
1.2419e-02
1.2321e-02
1.2322e-02
1.2323e-02
1.2324e-02
1.2325e-02
1.1742e-02
1.1000e-02
1.0258e-02
9.5167e-03
8.7751e-03
8.0335e-03
7.3017e-03
7.3026e-03
7.0658e-03
6.3242e-03
6.0479e-03
6.0487e-03
6.7426e-03
7.3078e-03
7.3086e-03
7.3095e-03
7.3104e-03
7.9449e-03
8.5695e-03
8.5703e-03
8.5712e-03
8.5721e-03
7.9988e-03
7.2572e-03
6.5156e-03
6.0610e-03
6.0619e-03
5.5480e-03
4.8064e-03
4.8072e-03
4.5805e-03
3.8389e-03
2.6419e-03
1.1577e-03
3.5673e-04
-5.5319e-04
-2.0374e-03
-3.1256e-03
-3.8672e-03
-5.2326e-03
-6.4989e-03
-6.4980e-03
-6.8338e-03
-7.5753e-03
-7.7527e-03
-7.7518e-03
-7.7509e-03
-7.4729e-03
-6.7295e-03
-6.4910e-03
-6.4901e-03
-6.4892e-03
-6.4884e-03
-6.4875e-03
-6.4866e-03
-6.4857e-03
-7.8312e-03
-8.9986e-03
-8.9977e-03
-9.3829e-03
-1.0125e-02
-1.0252e-02
-1.0252e-02
-1.0251e-02
-9.9231e-03
-9.1797e-03
-8.9907e-03
-8.9502e-03
-8.2069e-03
-7.4635e-03
-6.7201e-03
-5.9767e-03
-5.2334e-03
-4.4899e-03
-3.7466e-03
-3.0031e-03
-1.8243e-03
-3.3835e-04
1.1475e-03
2.6335e-03
4.1192e-03
5.6052e-03
7.0912e-03
8.5772e-03
9.9739e-03
1.0717e-02
1.1777e-02
1.3263e-02
1.4205e-02
1.4919e-02
1.4919e-02
1.4920e-02
1.4921e-02
1.4922e-02
1.4923e-02
1.4211e-02
1.3668e-02
1.3668e-02
1.2818e-02
1.1334e-02
1.1157e-02
1.1019e-02
1.0277e-02
9.9019e-03
9.9028e-03
9.3096e-03
8.6473e-03
8.6482e-03
8.0353e-03
6.5511e-03
6.1362e-03
6.0975e-03
4.6134e-03
3.6243e-03
3.6252e-03
2.6758e-03
1.1917e-03
1.1132e-03
9.2608e-04
1.8444e-04
-1.4137e-04
-1.4049e-04
-1.3958e-04
-2.6743e-04
-1.0089e-03
-1.7505e-03
-2.4921e-03
-3.2338e-03
-4.0446e-03
-5.5288e-03
-6.4190e-03
-6.4181e-03
-7.4663e-03
-8.9505e-03
-1.0435e-02
-1.1444e-02
-1.1443e-02
-1.1907e-02
-1.2649e-02
-1.3391e-02
-1.3776e-02
-1.3032e-02
-1.2695e-02
-1.2694e-02
-1.2060e-02
-1.1316e-02
-1.0573e-02
-9.1363e-03
-6.9079e-03
-5.2540e-03
-3.6494e-03
-6.7843e-04
2.0054e-03
4.2339e-03
6.4623e-03
8.6908e-03
1.0177e-02
1.1890e-02
1.4118e-02
1.5892e-02
1.7378e-02
1.8180e-02
1.8924e-02
1.9667e-02
2.0015e-02
2.0016e-02
2.0017e-02
2.0127e-02
2.0870e-02
2.1613e-02
2.2357e-02
2.3100e-02
2.3794e-02
2.3795e-02
2.4073e-02
2.4816e-02
2.5560e-02
2.6303e-02
2.6314e-02
2.6315e-02
2.6316e-02
2.5426e-02
2.3942e-02
2.2458e-02
2.0816e-02
1.8589e-02
1.6362e-02
1.4136e-02
1.1909e-02
9.6822e-03
7.4560e-03
4.9028e-03
1.9337e-03
-4.8143e-04
-2.7083e-03
-4.9350e-03
-7.1616e-03
-9.3883e-03
-1.1615e-02
-1.3841e-02
-1.5345e-02
-1.6829e-02
-1.8313e-02
-1.8926e-02
-1.8926e-02
-1.7598e-02
-1.6409e-02
-1.6408e-02
-1.5655e-02
-1.4169e-02
-1.2683e-02
-1.1286e-02
-1.0543e-02
-9.4828e-03
-7.9969e-03
-6.5113e-03
-4.9958e-03
-2.7673e-03
-5.3892e-04
1.6896e-03
3.9180e-03
6.1465e-03
8.3749e-03
1.0603e-02
1.2832e-02
1.5060e-02
1.7289e-02
1.8864e-02
2.0350e-02
2.1836e-02
2.3322e-02
2.4808e-02
2.6293e-02
2.7700e-02
2.8444e-02
2.9187e-02
2.9930e-02
2.9605e-02
2.8863e-02
2.8121e-02
2.7133e-02
2.5648e-02
2.3689e-02
2.1463e-02
1.8533e-02
1.5940e-02
1.4456e-02
1.2556e-02
1.0330e-02
8.1032e-03
5.8767e-03
3.6500e-03
1.4233e-03
-8.0369e-04
-3.0303e-03
-5.2570e-03
-7.4836e-03
-1.0007e-02
-1.2976e-02
-1.5421e-02
-1.7647e-02
-1.9874e-02
-2.2101e-02
-2.4327e-02
-2.6089e-02
-2.7572e-02
-2.8364e-02
-2.8927e-02
-2.8926e-02
-2.8520e-02
-2.7776e-02
-2.6399e-02
-2.4913e-02
-2.3427e-02
-2.1595e-02
-1.9367e-02
-1.7139e-02
-1.4851e-02
-1.1880e-02
-8.9089e-03
-5.9380e-03
-2.9670e-03
3.3847e-06
2.9747e-03
5.4905e-03
6.9764e-03
9.3732e-03
1.2344e-02
1.5315e-02
1.8118e-02
2.0346e-02
2.2574e-02
2.4803e-02
2.6408e-02
2.7894e-02
2.9380e-02
3.0529e-02
3.1272e-02
3.1451e-02
3.1354e-02
2.9869e-02
2.8385e-02
2.6901e-02
2.4912e-02
2.2686e-02
1.9726e-02
1.6757e-02
1.3789e-02
1.0819e-02
7.8502e-03
5.5543e-03
3.1692e-03
2.0010e-04
-2.3832e-03
-4.6101e-03
-6.2226e-03
-7.6078e-03
-8.3494e-03
-9.4177e-03
-1.0902e-02
-1.1277e-02
-1.1316e-02
-1.2058e-02
-1.2532e-02
-1.2531e-02
-1.2530e-02
-1.2529e-02
-1.1806e-02
-1.1062e-02
-1.0319e-02
-8.7043e-03
-6.4759e-03
-4.2479e-03
-1.8710e-03
1.0999e-03
4.0709e-03
7.0418e-03
1.0013e-02
1.2895e-02
1.5123e-02
1.7351e-02
1.9580e-02
2.0719e-02
2.1493e-02
2.2979e-02
2.3950e-02
2.3951e-02
2.3951e-02
2.3952e-02
2.3240e-02
2.2697e-02
2.2698e-02
2.2699e-02
2.2700e-02
2.2701e-02
2.2563e-02
2.1821e-02
2.0713e-02
1.9229e-02
1.7745e-02
1.6182e-02
1.3955e-02
1.1115e-02
7.4032e-03
4.2262e-03
1.2182e-03
-3.2360e-03
-7.1955e-03
-1.0165e-02
-1.2659e-02
-1.4885e-02
-1.7112e-02
-1.9339e-02
-2.1566e-02
-2.2960e-02
-2.3702e-02
-2.5087e-02
-2.6443e-02
-2.7184e-02
-2.7570e-02
-2.7569e-02
-2.6984e-02
-2.6310e-02
-2.6309e-02
-2.5714e-02
-2.4228e-02
-2.3267e-02
-2.2514e-02
-2.1028e-02
-1.9542e-02
-1.8056e-02
-1.6105e-02
-1.3877e-02
-1.2341e-02
-1.0677e-02
-8.4489e-03
-6.6264e-03
-5.1404e-03
-3.0214e-03
-9.1159e-04
5.7432e-04
1.3675e-03
1.3683e-03
2.5176e-03
3.9442e-03
4.6876e-03
5.1438e-03
5.1447e-03
4.6308e-03
3.8892e-03
3.8901e-03
3.2078e-03
9.8117e-04
-7.9006e-04
-2.2742e-03
-3.7581e-03
-5.2423e-03
-6.7264e-03
-7.8146e-03
-8.5563e-03
-9.9217e-03
-1.1188e-02
-1.1187e-02
-1.1523e-02
-1.2265e-02
-1.2442e-02
-1.2441e-02
-1.2440e-02
-1.2439e-02
-1.2439e-02
-1.1933e-02
-1.1189e-02
-1.1179e-02
-1.0524e-02
-8.2960e-03
-6.5131e-03
-5.0273e-03
-2.1949e-03
6.1754e-04
2.8460e-03
5.0740e-03
7.3024e-03
1.0145e-02
1.3017e-02
1.5245e-02
1.7147e-02
1.8633e-02
1.9564e-02
2.0307e-02
2.1051e-02
2.2061e-02
2.3547e-02
2.4043e-02
2.4044e-02
2.4768e-02
2.5095e-02
2.4354e-02
2.3612e-02
2.2871e-02
2.1466e-02
1.9982e-02
1.8497e-02
1.7013e-02
1.5529e-02
1.4045e-02
1.2561e-02
1.1076e-02
9.9091e-03
9.1675e-03
7.8812e-03
6.4565e-03
6.4574e-03
6.2008e-03
5.4592e-03
4.7176e-03
3.9759e-03
3.9470e-03
3.7498e-03
3.0082e-03
2.6922e-03
2.6930e-03
2.6938e-03
2.8332e-03
3.5765e-03
3.9537e-03
3.9545e-03
4.5493e-03
5.2927e-03
6.0361e-03
6.4725e-03
6.4734e-03
5.9397e-03
5.2178e-03
5.2186e-03
4.9719e-03
4.2302e-03
3.4886e-03
2.7469e-03
2.7082e-03
2.7090e-03
2.7099e-03
2.7107e-03
2.7116e-03
2.0689e-03
1.1985e-03
-2.8573e-04
-1.4134e-03
-2.1550e-03
-3.4807e-03
-4.9649e-03
-6.4491e-03
-7.9334e-03
-9.4175e-03
-1.0902e-02
-1.2376e-02
-1.3118e-02
-1.3859e-02
-1.4601e-02
-1.4878e-02
-1.4877e-02
-1.5569e-02
-1.6311e-02
-1.7052e-02
-1.7794e-02
-1.8536e-02
-1.8644e-02
-1.8762e-02
-1.9504e-02
-1.9899e-02
-1.9898e-02
-1.9897e-02
-1.9896e-02
-1.9896e-02
-1.9608e-02
-1.8864e-02
-1.8636e-02
-1.8635e-02
-1.7149e-02
-1.5891e-02
-1.5148e-02
-1.4405e-02
-1.3661e-02
-1.2235e-02
-1.0749e-02
-9.2633e-03
-8.1734e-03
-7.4301e-03
-5.4394e-03
-3.4290e-03
-2.6857e-03
-1.6059e-03
-1.2002e-04
1.3660e-03
2.8024e-03
3.5457e-03
4.2891e-03
5.0324e-03
5.7756e-03
6.5189e-03
6.5296e-03
6.7482e-03
7.4915e-03
7.7893e-03
7.7901e-03
7.7910e-03
7.6334e-03
6.8917e-03
6.1500e-03
5.4083e-03
4.6666e-03
3.8259e-03
2.3416e-03
8.5739e-04
-6.2659e-04
-2.1108e-03
-3.6346e-03
-5.8613e-03
-7.8209e-03
-9.3051e-03
-1.0789e-02
-1.2274e-02
-1.3035e-02
-1.3777e-02
-1.4519e-02
-1.4825e-02
-1.4824e-02
-1.4823e-02
-1.4674e-02
-1.3931e-02
-1.3564e-02
-1.3563e-02
-1.3562e-02
-1.3561e-02
-1.3561e-02
-1.3560e-02
-1.3559e-02
-1.4103e-02
-1.4815e-02
-1.4814e-02
-1.4556e-02
-1.3813e-02
-1.3069e-02
-1.2326e-02
-1.0870e-02
-9.1864e-03
-6.9581e-03
-4.7298e-03
-2.5019e-03
-2.7363e-04
2.0932e-03
5.0640e-03
8.0350e-03
1.1006e-02
1.3977e-02
1.6789e-02
1.8275e-02
2.0068e-02
2.2296e-02
2.3455e-02
2.4218e-02
2.5704e-02
2.6695e-02
2.6695e-02
2.5746e-02
2.4262e-02
2.3480e-02
2.2550e-02
2.1066e-02
1.9166e-02
1.6939e-02
1.5356e-02
1.3614e-02
1.0646e-02
8.0324e-03
5.8057e-03
3.5788e-03
1.2828e-03
-1.6866e-03
-4.3589e-03
-6.5857e-03
-8.8121e-03
-1.1029e-02
-1.2514e-02
-1.3998e-02
-1.5482e-02
-1.6501e-02
-1.7243e-02
-1.7985e-02
-1.8549e-02
-1.8548e-02
-1.7735e-02
-1.6250e-02
-1.4764e-02
-1.3278e-02
-1.1792e-02
-9.6136e-03
-6.6428e-03
-4.2467e-03
-2.0184e-03
2.0986e-04
2.1510e-03
3.6368e-03
5.1225e-03
6.6083e-03
8.0941e-03
9.3520e-03
1.0095e-02
1.0838e-02
1.1582e-02
1.1642e-02
1.1811e-02
1.2554e-02
1.2901e-02
1.2902e-02
1.2903e-02
1.2795e-02
1.2053e-02
1.0974e-02
9.4901e-03
8.0058e-03
6.5710e-03
5.8292e-03
4.8104e-03
3.3260e-03
1.8417e-03
3.5733e-04
-1.8596e-03
-3.8687e-03
-5.3530e-03
-7.7284e-03
-1.0697e-02
-1.2320e-02
-1.4121e-02
-1.7091e-02
-1.8902e-02
-1.9644e-02
-2.1000e-02
-2.2385e-02
-2.3127e-02
-2.3868e-02
-2.4610e-02
-2.4243e-02
-2.3500e-02
-2.2757e-02
-2.1747e-02
-2.0261e-02
-1.8775e-02
-1.7290e-02
-1.6527e-02
-1.5784e-02
-1.5040e-02
-1.3862e-02
-1.2376e-02
-1.0227e-02
-7.9987e-03
-5.7709e-03
-3.5427e-03
-1.3145e-03
9.1368e-04
3.3201e-03
7.0333e-03
1.0113e-02
1.2341e-02
1.5113e-02
1.8054e-02
2.0283e-02
2.2254e-02
2.3739e-02
2.5225e-02
2.6711e-02
2.6771e-02
2.6376e-02
2.4891e-02
2.3407e-02
2.1923e-02
1.9131e-02
1.6162e-02
1.3192e-02
1.0223e-02
7.2536e-03
4.8787e-03
2.6518e-03
4.2490e-04
-1.8021e-03
-4.0290e-03
-5.1867e-03
-5.9286e-03
-6.6705e-03
-7.1648e-03
-7.1642e-03
-7.1636e-03
-7.1630e-03
-6.4596e-03
-5.7164e-03
-4.9733e-03
-4.2302e-03
-3.4872e-03
-2.7441e-03
-1.7438e-03
4.8438e-04
1.6436e-03
1.6442e-03
2.8132e-03
4.2294e-03
4.9726e-03
5.7156e-03
6.4587e-03
6.6771e-03
6.6975e-03
8.1832e-03
9.1935e-03
9.1942e-03
9.6601e-03
1.0403e-02
1.0453e-02
1.0454e-02
1.0455e-02
1.0049e-02
9.3073e-03
9.1990e-03
8.8432e-03
6.6166e-03
5.0825e-03
4.3406e-03
3.0245e-03
1.5401e-03
5.5642e-05
-1.4288e-03
-2.9133e-03
-3.8830e-03
-4.6247e-03
-5.3668e-03
-6.1088e-03
-6.8508e-03
-7.1372e-03
-7.1367e-03
-7.8193e-03
-8.3929e-03
-8.3923e-03
-8.7877e-03
-9.5297e-03
-9.6480e-03
-9.6474e-03
-9.6469e-03
-9.6463e-03
-9.6458e-03
-9.6452e-03
-9.6942e-03
-1.0436e-02
-1.1178e-02
-1.1920e-02
-1.2157e-02
-1.2157e-02
-1.2156e-02
-1.1938e-02
-1.1195e-02
-1.0897e-02
-1.0897e-02
-9.5497e-03
-8.3808e-03
-8.3803e-03
-7.6076e-03
-6.1219e-03
-4.6365e-03
-3.2500e-03
-2.5069e-03
-1.4372e-03
4.8429e-05
9.7953e-04
1.7622e-03
3.2478e-03
4.4659e-03
5.2089e-03
5.9519e-03
6.6950e-03
6.7154e-03
6.9238e-03
7.6668e-03
7.9742e-03
7.9748e-03
7.9753e-03
7.9758e-03
7.9763e-03
7.9768e-03
7.9773e-03
7.9778e-03
7.9784e-03
7.9789e-03
7.9794e-03
7.9799e-03
7.4360e-03
6.6939e-03
5.9519e-03
4.9524e-03
3.4679e-03
1.9833e-03
4.9910e-04
-9.8546e-04
-2.4700e-03
-3.9546e-03
-5.0134e-03
-5.7554e-03
-7.1509e-03
-8.3582e-03
-8.3577e-03
-8.3572e-03
-8.3568e-03
-7.7624e-03
-7.0194e-03
-6.2764e-03
-5.8403e-03
-5.8399e-03
-5.3048e-03
-4.5816e-03
-4.5811e-03
-4.3332e-03
-3.5903e-03
-3.3224e-03
-3.3220e-03
-2.6186e-03
-2.0637e-03
-2.0633e-03
-2.0628e-03
-2.0623e-03
-1.4184e-03
-8.0413e-04
-8.0367e-04
-4.4677e-04
2.9620e-04
4.5499e-04
4.5544e-04
4.5589e-04
4.5635e-04
4.5678e-04
4.5724e-04
4.4776e-04
-2.9429e-04
-7.9874e-04
-7.9828e-04
-1.7283e-03
-3.2129e-03
-4.6975e-03
-6.0039e-03
-6.7461e-03
-7.8940e-03
-9.3786e-03
-1.0863e-02
-1.2348e-02
-1.3832e-02
-1.4970e-02
-1.5712e-02
-1.7029e-02
-1.8454e-02
-1.9196e-02
-1.9651e-02
-1.9651e-02
-2.0165e-02
-2.0907e-02
-2.0907e-02
-2.0907e-02
-2.0906e-02
-2.0906e-02
-2.0905e-02
-2.0222e-02
-1.9479e-02
-1.8736e-02
-1.7597e-02
-1.6112e-02
-1.4627e-02
-1.3141e-02
-1.1656e-02
-9.4976e-03
-6.5272e-03
-4.6851e-03
-3.1998e-03
-1.7143e-03
-2.2892e-04
1.2565e-03
2.7419e-03
4.2274e-03
4.9801e-03
5.7231e-03
6.4659e-03
7.6544e-03
9.1398e-03
1.0625e-02
1.1794e-02
1.1794e-02
1.2567e-02
1.4052e-02
1.4310e-02
1.4211e-02
1.3469e-02
1.2727e-02
1.1985e-02
1.0688e-02
9.2038e-03
7.7191e-03
6.2345e-03
4.7498e-03
2.2752e-03
-6.9456e-04
-2.2189e-03
-3.9115e-03
-6.1387e-03
-7.9300e-03
-9.4147e-03
-1.1563e-02
-1.3493e-02
-1.4235e-02
-1.4977e-02
-1.5720e-02
-1.6462e-02
-1.7115e-02
-1.7115e-02
-1.7114e-02
-1.7114e-02
-1.7658e-02
-1.8371e-02
-1.8370e-02
-1.8628e-02
-1.9370e-02
-1.9627e-02
-1.9627e-02
-1.8914e-02
-1.8369e-02
-1.8368e-02
-1.7517e-02
-1.6031e-02
-1.4546e-02
-1.3200e-02
-1.2457e-02
-1.0982e-02
-8.7537e-03
-7.1198e-03
-5.5553e-03
-3.3275e-03
-1.7134e-03
-9.7081e-04
3.0650e-04
1.7918e-03
3.2773e-03
4.7627e-03
6.2481e-03
7.7333e-03
9.2187e-03
9.2980e-03
9.4864e-03
1.0229e-02
1.0556e-02
1.0556e-02
1.1844e-02
1.3072e-02
1.3072e-02
1.2716e-02
1.1974e-02
1.1231e-02
1.0489e-02
9.7468e-03
8.7076e-03
7.2228e-03
6.2628e-03
5.5106e-03
4.0261e-03
2.3038e-03
7.6503e-05
-1.6856e-03
-3.1704e-03
-4.6552e-03
-5.9619e-03
-6.7043e-03
-7.0406e-03
-7.0404e-03
-7.0401e-03
-7.0399e-03
-7.0397e-03
-6.6930e-03
-5.9502e-03
-5.2075e-03
-4.5243e-03
-4.5241e-03
-4.5238e-03
-4.5236e-03
-4.5234e-03
-4.5232e-03
-4.5230e-03
-4.5228e-03
-4.5226e-03
-4.9777e-03
-5.7200e-03
-6.4623e-03
-7.0364e-03
-7.0363e-03
-6.6401e-03
-5.8974e-03
-5.1547e-03
-4.4122e-03
-3.6695e-03
-2.9268e-03
-2.1841e-03
-8.7707e-04
6.0833e-04
2.0935e-03
3.8561e-03
6.0834e-03
7.8062e-03
9.2914e-03
1.1509e-02
1.3301e-02
1.4044e-02
1.4787e-02
1.5529e-02
1.6272e-02
1.7015e-02
1.7757e-02
1.7728e-02
1.6986e-02
1.5629e-02
1.4244e-02
1.3501e-02
1.2432e-02
1.0948e-02
9.4627e-03
7.9383e-03
5.7109e-03
3.7507e-03
2.2658e-03
7.8090e-04
-7.0399e-04
-1.4661e-03
-2.2085e-03
-2.9510e-03
-3.6934e-03
-4.4358e-03
-5.8415e-03
-7.0294e-03
-7.0293e-03
-7.0291e-03
-7.0290e-03
-7.6328e-03
-8.1970e-03
-7.4544e-03
-7.0286e-03
-7.0285e-03
-6.4839e-03
-5.7115e-03
-4.2267e-03
-2.7415e-03
-1.2564e-03
-7.4137e-04
-7.4130e-04
6.8436e-04
2.1695e-03
3.6546e-03
4.7139e-03
5.4565e-03
6.8524e-03
8.1990e-03
8.9416e-03
1.0051e-02
1.1536e-02
1.2427e-02
1.3090e-02
1.3090e-02
1.3090e-02
1.3090e-02
1.3091e-02
1.3091e-02
1.3091e-02
1.2843e-02
1.2101e-02
1.1834e-02
1.1834e-02
1.0428e-02
9.1311e-03
8.3886e-03
8.0619e-03
8.0620e-03
8.0620e-03
8.0621e-03
8.0621e-03
8.4185e-03
9.1610e-03
1.0488e-02
1.1903e-02
1.2646e-02
1.3389e-02
1.4131e-02
1.4874e-02
1.5606e-02
1.5606e-02
1.5606e-02
1.5606e-02
1.5606e-02
1.5607e-02
1.4913e-02
1.4171e-02
1.3429e-02
1.2686e-02
1.1944e-02
1.0568e-02
9.2014e-03
8.4589e-03
7.0233e-03
4.7962e-03
2.5686e-03
3.4113e-04
-1.8865e-03
-4.1140e-03
-6.3416e-03
-8.0543e-03
-9.5394e-03
-1.1024e-02
-1.2282e-02
-1.3024e-02
-1.4222e-02
-1.5707e-02
-1.5826e-02
-1.5994e-02
-1.6737e-02
-1.6688e-02
-1.5945e-02
-1.5203e-02
-1.4569e-02
-1.4569e-02
-1.4233e-02
-1.3490e-02
-1.2748e-02
-1.2005e-02
-1.1263e-02
-1.0798e-02
-1.0798e-02
-9.2831e-03
-7.0555e-03
-5.5606e-03
-4.0756e-03
-2.5907e-03
-6.6011e-04
1.5669e-03
3.7945e-03
5.8636e-03
7.3486e-03
8.8335e-03
1.0319e-02
1.1190e-02
1.1932e-02
1.2675e-02
1.3090e-02
1.3090e-02
1.3090e-02
1.3051e-02
1.2308e-02
1.1565e-02
1.0823e-02
1.0575e-02
1.0575e-02
9.8525e-03
9.1099e-03
8.3673e-03
7.6247e-03
6.8821e-03
6.1395e-03
5.5454e-03
5.5454e-03
5.1691e-03
4.4265e-03
3.0800e-03
1.6840e-03
9.4135e-04
1.9870e-04
-5.4390e-04
-1.8308e-03
-3.3159e-03
-4.8011e-03
-5.7716e-03
-5.7717e-03
-6.7419e-03
-8.2271e-03
-8.9995e-03
-9.5442e-03
-9.5444e-03
-9.1188e-03
-8.3764e-03
-7.6340e-03
-6.8917e-03
-6.1493e-03
-5.7733e-03
-5.7734e-03
-5.1797e-03
-4.4373e-03
-3.6949e-03
-3.2594e-03
-3.2596e-03
-2.7251e-03
-2.0224e-03
-2.7651e-03
-3.2602e-03
-3.2604e-03
-2.7854e-03
-2.0430e-03
-1.3007e-03
-7.4643e-04
-7.4662e-04
8.4810e-05
1.5694e-03
3.0542e-03
4.4105e-03
5.1529e-03
5.8952e-03
6.6375e-03
7.3799e-03
8.1224e-03
8.8647e-03
9.6069e-03
1.0349e-02
1.0567e-02
1.0567e-02
1.0566e-02
1.0566e-02
1.0566e-02
1.0566e-02
1.0566e-02
1.0566e-02
1.0565e-02
1.0565e-02
1.0565e-02
1.0565e-02
9.2974e-03
8.0498e-03
8.0495e-03
8.0493e-03
8.0491e-03
8.0489e-03
7.9893e-03
7.2466e-03
6.5039e-03
5.7612e-03
4.5036e-03
3.0187e-03
1.5332e-03
4.7880e-05
-1.4374e-03
-3.8335e-03
-6.8039e-03
-8.4079e-03
-9.8931e-03
-1.1378e-02
-1.2467e-02
-1.3210e-02
-1.4577e-02
-1.5844e-02
-1.5845e-02
-1.5508e-02
-1.4766e-02
-1.4024e-02
-1.3331e-02
-1.3331e-02
-1.2777e-02
-1.1293e-02
-9.8079e-03
-8.3232e-03
-6.8384e-03
-5.3536e-03
-3.8691e-03
-1.9390e-03
2.8830e-04
2.5155e-03
4.7428e-03
6.9701e-03
8.8114e-03
1.0296e-02
1.1167e-02
1.2008e-02
1.3493e-02
1.4324e-02
1.4324e-02
1.4324e-02
1.4244e-02
1.2759e-02
1.1541e-02
1.0798e-02
1.0055e-02
9.3127e-03
8.5698e-03
7.8270e-03
7.0842e-03
6.3414e-03
5.5986e-03
4.8559e-03
3.9646e-03
2.4793e-03
9.9391e-04
-4.9143e-04
-1.3729e-03
-2.2048e-03
-3.6902e-03
-5.1753e-03
-6.6607e-03
-8.1460e-03
-9.6314e-03
-1.1117e-02
-1.2860e-02
-1.5088e-02
-1.5860e-02
-1.5861e-02
-1.6574e-02
-1.6921e-02
-1.6179e-02
-1.5862e-02
-1.5862e-02
-1.4556e-02
-1.3071e-02
-1.1587e-02
-1.0468e-02
-9.7263e-03
-8.3902e-03
-6.9848e-03
-6.2426e-03
-5.1936e-03
-3.7089e-03
-2.7589e-03
-2.0169e-03
-1.2747e-03
-5.3258e-04
2.0955e-04
4.7657e-04
4.7617e-04
4.7578e-04
6.6345e-04
1.4055e-03
2.1476e-03
2.8898e-03
2.9883e-03
3.1167e-03
3.8587e-03
4.6008e-03
5.3429e-03
5.5009e-03
5.4312e-03
4.6883e-03
3.9453e-03
3.2024e-03
2.9841e-03
2.9837e-03
2.9833e-03
2.9828e-03
2.9824e-03
2.9819e-03
2.9815e-03
2.2881e-03
1.5452e-03
8.0218e-04
4.6509e-04
4.6463e-04
4.6417e-04
4.6371e-04
4.6324e-04
8.0919e-04
1.5512e-03
2.2934e-03
2.9760e-03
2.9756e-03
2.9751e-03
2.9746e-03
2.4594e-03
1.7164e-03
9.7341e-04
2.3041e-04
-5.1258e-04
-1.2556e-03
-1.9986e-03
-2.0584e-03
-2.0589e-03
-2.0594e-03
-2.0599e-03
-2.0604e-03
-2.0609e-03
-1.9525e-03
-1.2105e-03
-4.6863e-04
2.7336e-04
1.5796e-03
3.0147e-03
3.7567e-03
4.7759e-03
6.2604e-03
7.7449e-03
9.2293e-03
9.2489e-03
9.4660e-03
1.0208e-02
1.0059e-02
9.3161e-03
9.2463e-03
8.9289e-03
7.4433e-03
5.9581e-03
4.4725e-03
2.9869e-03
1.6993e-03
1.6988e-03
1.3715e-03
6.2849e-04
4.3987e-04
4.3933e-04
4.3878e-04
4.3824e-04
4.3769e-04
4.3715e-04
4.3659e-04
4.3605e-04
4.3549e-04
4.3495e-04
4.3439e-04
4.3384e-04
4.3328e-04
4.3273e-04
4.3217e-04
5.5443e-05
-6.8773e-04
-1.4308e-03
-2.1738e-03
-2.9168e-03
-3.6599e-03
-4.4030e-03
-4.6016e-03
-4.6022e-03
-4.6028e-03
-4.8608e-03
-5.6038e-03
-6.3468e-03
-7.0900e-03
-7.1203e-03
-7.1209e-03
-7.1215e-03
-7.5478e-03
-8.2909e-03
-9.0339e-03
-9.6385e-03
-9.6391e-03
-9.6397e-03
-9.6403e-03
-9.0470e-03
-8.3051e-03
-7.5632e-03
-6.8213e-03
-6.0795e-03
-5.3376e-03
-4.6154e-03
-4.6160e-03
-4.3691e-03
-3.6272e-03
-2.8853e-03
-2.1434e-03
-2.1045e-03
-1.9170e-03
-1.1752e-03
-4.3326e-04
3.0862e-04
4.0700e-04
5.3509e-04
1.2770e-03
1.6624e-03
1.6618e-03
1.6612e-03
1.5913e-03
8.4813e-04
1.0498e-04
-6.3820e-04
-8.5666e-04
-8.5732e-04
-8.5796e-04
-8.5864e-04
-8.5929e-04
7.0470e-05
1.5549e-03
2.3463e-03
3.0882e-03
3.8301e-03
4.9777e-03
6.4621e-03
7.9465e-03
9.3120e-03
1.0054e-02
1.0449e-02
1.0449e-02
1.0448e-02
1.0447e-02
1.0447e-02
1.0159e-02
9.4157e-03
8.1578e-03
6.6721e-03
6.6714e-03
6.2153e-03
4.7296e-03
3.2441e-03
1.7584e-03
2.7270e-04
-8.7656e-04
-8.7727e-04
-1.2739e-03
-2.0171e-03
-2.7604e-03
-3.5034e-03
-4.2467e-03
-4.6534e-03
-4.6542e-03
-4.0906e-03
-3.3487e-03
-2.6069e-03
-2.1424e-03
-2.1431e-03
-2.1438e-03
-2.1445e-03
-2.1453e-03
-2.1460e-03
-2.1467e-03
-2.1474e-03
-2.1482e-03
-2.1489e-03
-2.1496e-03
-2.1503e-03
-1.7650e-03
-1.0232e-03
-8.9522e-04
-6.9800e-04
7.8631e-04
1.9439e-03
2.6855e-03
3.4273e-03
4.2086e-03
5.6929e-03
7.1772e-03
8.6614e-03
9.6508e-03
1.0393e-02
1.1134e-02
1.1876e-02
1.2618e-02
1.2924e-02
1.2923e-02
1.2923e-02
1.2922e-02
1.2921e-02
1.2920e-02
1.2920e-02
1.3523e-02
1.4264e-02
1.5006e-02
1.5431e-02
1.5430e-02
1.5430e-02
1.5429e-02
1.5428e-02
1.5427e-02
1.5427e-02
1.4941e-02
1.4197e-02
1.3454e-02
1.2711e-02
1.1968e-02
1.1224e-02
1.0481e-02
9.7378e-03
8.9945e-03
8.2512e-03
7.5078e-03
6.7645e-03
6.0211e-03
5.2778e-03
4.5346e-03
4.0982e-03
4.0974e-03
3.5620e-03
2.8187e-03
2.0754e-03
1.3320e-03
5.8873e-04
3.2066e-04
3.1986e-04
-3.8383e-04
-1.1271e-03
-1.8705e-03
-2.1980e-03
-2.1988e-03
-2.8432e-03
-3.4578e-03
-3.4586e-03
-3.8158e-03
-4.5591e-03
-5.3024e-03
-5.9765e-03
-5.9774e-03
-5.9782e-03
-5.9791e-03
-5.4554e-03
-4.7234e-03
-4.7243e-03
-4.4875e-03
-3.7458e-03
-3.0041e-03
-2.2624e-03
-1.5208e-03
-7.7924e-04
-3.7563e-05
2.9823e-04
2.9739e-04
2.9655e-04
2.9570e-04
2.9486e-04
-5.2539e-05
-7.9576e-04
-1.5391e-03
-2.1638e-03
-1.4222e-03
-6.8053e-04
6.1125e-05
2.8800e-04
2.8713e-04
2.8627e-04
5.1298e-04
1.2546e-03
1.9963e-03
2.7379e-03
2.7966e-03
2.7957e-03
2.7948e-03
2.7940e-03
2.7931e-03
2.7922e-03
2.7913e-03
2.7905e-03
2.1163e-03
6.3044e-04
2.7322e-04
2.7234e-04
2.7145e-04
-6.5657e-06
-7.4998e-04
-1.4934e-03
-2.2368e-03
-2.2476e-03
-2.4664e-03
-3.2099e-03
-3.5076e-03
-3.5085e-03
-4.1827e-03
-4.7676e-03
-4.7685e-03
-4.7694e-03
-4.7703e-03
-4.7712e-03
-4.7721e-03
-4.7730e-03
-4.7740e-03
-4.7749e-03
-4.7758e-03
-4.7767e-03
-4.7776e-03
-4.7786e-03
-4.7795e-03
-4.2853e-03
-3.5438e-03
-2.8021e-03
-2.2685e-03
-2.2694e-03
-2.2704e-03
-2.2713e-03
-1.6089e-03
-8.6742e-04
-1.2568e-04
2.3963e-04
2.3870e-04
2.3778e-04
1.4791e-04
-5.9567e-04
-1.0223e-03
-1.0233e-03
-1.5686e-03
-2.2824e-03
-2.2834e-03
-2.2843e-03
-2.2853e-03
-2.2862e-03
-2.2871e-03
-2.2881e-03
-2.2890e-03
-2.2900e-03
-2.2909e-03
-2.2919e-03
-2.9460e-03
-3.4126e-03
-2.6712e-03
-2.2957e-03
-2.2967e-03
-2.2976e-03
-2.2986e-03
-2.2995e-03
-2.3005e-03
-2.3015e-03
-2.3024e-03
-2.3034e-03
-2.3044e-03
-2.0578e-03
-1.3161e-03
-1.0500e-03
-1.0510e-03
3.5405e-04
1.8378e-03
3.3222e-03
4.8060e-03
6.2903e-03
7.1306e-03
7.8723e-03
8.6137e-03
8.9988e-03
8.9978e-03
8.9968e-03
8.9265e-03
8.1831e-03
7.7366e-03
7.7357e-03
7.2099e-03
6.4566e-03
4.9709e-03
3.7222e-03
2.9788e-03
2.2352e-03
1.4918e-03
5.5104e-05
-1.0744e-03
-1.0753e-03
-1.8881e-03
-3.3738e-03
-4.8602e-03
-6.3459e-03
-7.8322e-03
-8.6252e-03
-8.6263e-03
-9.2014e-03
-9.9447e-03
-1.0688e-02
-1.1432e-02
-1.2175e-02
-1.2404e-02
-1.2405e-02
-1.1664e-02
-1.0922e-02
-1.0181e-02
-8.9845e-03
-7.5002e-03
-6.0165e-03
-4.5322e-03
-3.0484e-03
-1.5641e-03
-8.0433e-05
1.4039e-03
2.8876e-03
4.3714e-03
5.8556e-03
7.3394e-03
8.2596e-03
9.0011e-03
9.7428e-03
1.0207e-02
1.0206e-02
1.0710e-02
1.1451e-02
1.2193e-02
1.2499e-02
1.1755e-02
1.1457e-02
1.1456e-02
1.0109e-02
8.6227e-03
7.1364e-03
6.0366e-03
5.2930e-03
3.9357e-03
2.4494e-03
9.6360e-04
-5.2272e-04
-2.0086e-03
-2.9400e-03
-3.7234e-03
-5.2092e-03
-6.6956e-03
-8.1814e-03
-9.6677e-03
-1.1154e-02
-1.1917e-02
-1.2661e-02
-1.3404e-02
-1.4583e-02
-1.6069e-02
-1.6892e-02
-1.7784e-02
-1.9270e-02
-2.0004e-02
-2.0005e-02
-2.0006e-02
-2.0007e-02
-2.0008e-02
-2.0009e-02
-2.0010e-02
-1.9467e-02
-1.8696e-02
-1.7212e-02
-1.5986e-02
-1.5244e-02
-1.4018e-02
-1.2534e-02
-1.1050e-02
-9.5657e-03
-8.0821e-03
-6.1730e-03
-3.9461e-03
-2.3732e-03
-7.5042e-04
1.4756e-03
3.3363e-03
4.8200e-03
5.7104e-03
6.4519e-03
7.1932e-03
7.9348e-03
8.6761e-03
9.4177e-03
1.0139e-02
1.0138e-02
9.6419e-03
8.1556e-03
7.6203e-03
7.6192e-03
6.9152e-03
5.9836e-03
4.4972e-03
3.0114e-03
1.5250e-03
6.8267e-04
-1.8940e-04
-1.6758e-03
-3.1617e-03
-4.6481e-03
-6.1339e-03
-7.5509e-03
-8.2944e-03
-9.3353e-03
-1.0821e-02
-1.1782e-02
-1.2516e-02
-1.2517e-02
-1.2519e-02
-1.2520e-02
-1.3451e-02
-1.4937e-02
-1.5038e-02
-1.5039e-02
-1.5040e-02
-1.4635e-02
-1.3894e-02
-1.3152e-02
-1.2411e-02
-1.1670e-02
-1.1275e-02
-1.1276e-02
-1.0129e-02
-8.7043e-03
-7.9627e-03
-7.2214e-03
-6.4799e-03
-5.7386e-03
-4.9970e-03
-4.2558e-03
-3.5145e-03
-2.7730e-03
-2.4869e-03
-2.4880e-03
-2.4891e-03
-2.4902e-03
-2.4914e-03
-2.4925e-03
-2.4936e-03
-2.4947e-03
-2.4958e-03
-2.4970e-03
-2.4981e-03
-2.4992e-03
-2.5003e-03
-2.5015e-03
-2.5026e-03
-2.5037e-03
-2.5048e-03
-3.0110e-03
-3.7545e-03
-4.4983e-03
-5.0240e-03
-5.0251e-03
-5.0263e-03
-5.0274e-03
-5.7018e-03
-6.4453e-03
-7.1891e-03
-7.5466e-03
-7.5477e-03
-7.5488e-03
-7.4509e-03
-6.7097e-03
-5.9684e-03
-5.2269e-03
-5.0399e-03
-5.0015e-03
-4.2602e-03
-3.5187e-03
-2.7775e-03
-2.0363e-03
-1.2947e-03
-1.2760e-03
-8.6139e-04
6.2220e-04
1.2351e-03
1.2340e-03
1.8962e-03
2.6374e-03
3.3787e-03
4.1202e-03
4.8614e-03
4.9991e-03
4.9979e-03
4.9968e-03
4.9957e-03
4.9945e-03
4.9934e-03
4.9922e-03
4.9911e-03
4.9899e-03
4.9888e-03
4.9876e-03
4.9865e-03
4.9853e-03
4.7864e-03
4.0425e-03
3.2989e-03
2.5551e-03
1.8116e-03
9.2897e-04
-5.5694e-04
-1.3104e-03
-1.3115e-03
-2.5006e-03
-3.9078e-03
-4.6513e-03
-5.3951e-03
-6.1387e-03
-6.8825e-03
-7.6063e-03
-7.6074e-03
-7.6086e-03
-7.6098e-03
-7.6110e-03
-7.6121e-03
-6.9103e-03
-6.3572e-03
-6.3584e-03
-5.5279e-03
-4.0444e-03
-3.8472e-03
-3.5912e-03
-2.1071e-03
-1.3361e-03
-1.3373e-03
-7.5442e-04
-8.2298e-05
-8.3471e-05
-8.4625e-05
-8.5800e-05
-8.6958e-05
-8.8131e-05
-8.9293e-05
-9.0473e-05
-9.1634e-05
-9.2810e-05
-9.3972e-05
-9.5150e-05
8.1839e-05
8.2304e-04
1.1587e-03
1.1575e-03
5.2272e-04
-1.0214e-04
-1.0331e-04
-4.5088e-04
-1.1944e-03
-2.5124e-03
-3.8799e-03
-3.8811e-03
-4.4561e-03
-5.9426e-03
-6.9139e-03
-7.6575e-03
-8.4015e-03
-8.9174e-03
-8.9186e-03
-8.9198e-03
-8.9210e-03
-9.6054e-03
-1.0012e-02
-9.2710e-03
-8.5298e-03
-7.7883e-03
-7.0472e-03
-6.3057e-03
-5.5645e-03
-4.8230e-03
-4.0818e-03
-3.3407e-03
-2.5992e-03
-1.8580e-03
-1.1165e-03
-3.7530e-04
-1.3881e-04
-1.4000e-04
-1.4116e-04
-1.4236e-04
-1.4353e-04
7.4633e-04
2.2299e-03
2.3675e-03
2.2080e-03
1.4642e-03
1.1067e-03
1.1055e-03
4.9056e-04
-2.5300e-04
-9.9684e-04
-1.4138e-03
-1.4150e-03
-2.5248e-03
-3.9320e-03
-3.9332e-03
-4.4686e-03
-5.9551e-03
-6.4514e-03
-6.4526e-03
-7.1763e-03
-7.7123e-03
-7.7134e-03
-7.7147e-03
-7.7158e-03
-7.0540e-03
-6.4609e-03
-6.4622e-03
-5.7110e-03
-4.2275e-03
-3.3472e-03
-2.6061e-03
-1.8646e-03
-8.0678e-04
6.7681e-04
2.1609e-03
3.6445e-03
5.1289e-03
6.0978e-03
6.0966e-03
7.0658e-03
8.5494e-03
9.3206e-03
9.8638e-03
9.8627e-03
9.8615e-03
9.8603e-03
9.8591e-03
9.8579e-03
9.8568e-03
9.8556e-03
9.8544e-03
9.2593e-03
8.5154e-03
7.7719e-03
7.3351e-03
7.3339e-03
6.7979e-03
6.0346e-03
4.5486e-03
3.5572e-03
3.5560e-03
2.6043e-03
1.1184e-03
-3.6815e-04
-1.8541e-03
-3.3401e-03
-3.9950e-03
-3.9962e-03
-5.2844e-03
-6.6418e-03
-7.3856e-03
-7.7729e-03
-7.7741e-03
-7.7753e-03
-7.7765e-03
-7.7777e-03
-7.4821e-03
-6.7406e-03
-6.5240e-03
-6.5054e-03
-5.0219e-03
-4.0130e-03
-4.0142e-03
-3.0852e-03
-1.6011e-03
-8.1036e-04
-6.8919e-05
6.7229e-04
1.4137e-03
2.1549e-03
2.2628e-03
2.3803e-03
3.1214e-03
3.8629e-03
4.6041e-03
4.7715e-03
4.7703e-03
4.7691e-03
5.0551e-03
5.7963e-03
6.5378e-03
7.2790e-03
7.2778e-03
7.2766e-03
7.2754e-03
7.2742e-03
7.2730e-03
7.2719e-03
7.2707e-03
7.2695e-03
7.2683e-03
7.2671e-03
7.2659e-03
7.2648e-03
7.2636e-03
7.2624e-03
7.2612e-03
7.2600e-03
7.2588e-03
7.2576e-03
7.2564e-03
7.2553e-03
7.2541e-03
7.2529e-03
7.2517e-03
7.0327e-03
6.2892e-03
5.5453e-03
4.8018e-03
4.7312e-03
4.7300e-03
4.7288e-03
4.7276e-03
4.7264e-03
4.1115e-03
3.3679e-03
2.6240e-03
2.2071e-03
2.2059e-03
2.7590e-03
3.5001e-03
4.2416e-03
4.7157e-03
4.7145e-03
4.7134e-03
4.7122e-03
4.7110e-03
4.7098e-03
4.7086e-03
4.7074e-03
4.7062e-03
4.7051e-03
4.7039e-03
4.7027e-03
5.0777e-03
5.8191e-03
6.5606e-03
7.2126e-03
7.2114e-03
7.2102e-03
7.2090e-03
8.2972e-03
9.7213e-03
9.7201e-03
9.7190e-03
9.7178e-03
9.7166e-03
9.7154e-03
9.7143e-03
9.7131e-03
9.7119e-03
9.7108e-03
9.7096e-03
9.0550e-03
8.3114e-03
7.5676e-03
7.1903e-03
7.1891e-03
7.1880e-03
7.1868e-03
7.1856e-03
7.1844e-03
7.1832e-03
7.1821e-03
7.1809e-03
7.1797e-03
7.1786e-03
7.1774e-03
7.1762e-03
7.1751e-03
7.1739e-03
7.1727e-03
7.1716e-03
7.1704e-03
7.1693e-03
6.5245e-03
5.7810e-03
5.0372e-03
4.6499e-03
4.6487e-03
4.6476e-03
4.6464e-03
4.6452e-03
4.6441e-03
4.6429e-03
5.1663e-03
5.9075e-03
6.6490e-03
7.1528e-03
7.1517e-03
7.1505e-03
7.1494e-03
7.1482e-03
6.9689e-03
6.2254e-03
5.4817e-03
4.7377e-03
4.6278e-03
4.6266e-03
4.6255e-03
4.6243e-03
4.6231e-03
5.1964e-03
5.9376e-03
6.6788e-03
7.1332e-03
7.1320e-03
7.1308e-03
7.1297e-03
7.1285e-03
7.1274e-03
7.1262e-03
7.1251e-03
7.1239e-03
7.1228e-03
7.1216e-03
7.1205e-03
7.1193e-03
7.1182e-03
7.1170e-03
7.1159e-03
7.1148e-03
7.1136e-03
7.1125e-03
7.1113e-03
7.0606e-03
6.3171e-03
5.5733e-03
4.8298e-03
4.5910e-03
4.5899e-03
4.5887e-03
4.3698e-03
3.6263e-03
2.8825e-03
2.1389e-03
2.0684e-03
1.9089e-03
1.1654e-03
4.2160e-04
-3.2190e-04
-1.0657e-03
-1.8092e-03
-2.5530e-03
-2.9700e-03
-2.9711e-03
-3.5266e-03
-4.2701e-03
-5.0139e-03
-5.4903e-03
-5.4914e-03
-5.4926e-03
-5.4937e-03
-5.4949e-03
-5.4960e-03
-5.4972e-03
-5.4983e-03
-5.4994e-03
-5.5006e-03
-5.5017e-03
-5.5028e-03
-5.5040e-03
-5.5051e-03
-4.9024e-03
-4.1609e-03
-3.4196e-03
-2.9950e-03
-2.9961e-03
-2.4526e-03
-1.7114e-03
-9.7013e-04
-2.2858e-04
5.1267e-04
1.2542e-03
1.9955e-03
2.0241e-03
2.0230e-03
2.0219e-03
2.0208e-03
2.0196e-03
3.3254e-03
4.5320e-03
4.5309e-03
4.5298e-03
4.5287e-03
4.5276e-03
4.5265e-03
4.5254e-03
4.5243e-03
4.5232e-03
4.5220e-03
4.5209e-03
4.5198e-03
4.5187e-03
4.5176e-03
4.5165e-03
4.5154e-03
3.8116e-03
3.2559e-03
3.2548e-03
2.8379e-03
2.0945e-03
1.9942e-03
1.9931e-03
1.9920e-03
1.9909e-03
1.9898e-03
1.9887e-03
1.8494e-03
3.6297e-04
-5.2921e-04
-5.3032e-04
-5.3141e-04
-5.3252e-04
-5.3361e-04
-5.3471e-04
-5.3580e-04
-5.3690e-04
-5.3800e-04
1.5399e-04
7.1712e-04
7.1603e-04
1.1208e-03
1.8624e-03
1.9701e-03
2.0880e-03
2.8292e-03
3.5708e-03
4.3121e-03
4.4793e-03
4.4782e-03
4.4771e-03
4.4761e-03
4.4750e-03
4.4739e-03
4.4729e-03
4.4718e-03
4.2430e-03
3.4996e-03
2.7558e-03
2.0124e-03
1.2687e-03
6.9346e-04
6.9236e-04
2.9534e-04
-4.4812e-04
-5.6814e-04
-5.6922e-04
-5.7027e-04
-1.2443e-03
-2.7307e-03
-3.0881e-03
-3.0892e-03
-3.0903e-03
-3.0913e-03
-3.0924e-03
-3.0934e-03
-3.0945e-03
-3.0956e-03
-3.0966e-03
-3.0977e-03
-3.0988e-03
-3.0998e-03
-3.1009e-03
-3.1019e-03
-3.1030e-03
-3.4901e-03
-4.2335e-03
-4.9772e-03
-5.6218e-03
-5.6228e-03
-5.6239e-03
-5.6249e-03
-5.6260e-03
-5.6271e-03
-5.6281e-03
-5.8965e-03
-6.6402e-03
-7.3836e-03
-8.1271e-03
-8.1479e-03
-8.1490e-03
-8.1501e-03
-8.1511e-03
-8.1521e-03
-8.1532e-03
-8.1542e-03
-8.1553e-03
-7.7802e-03
-7.0386e-03
-6.2972e-03
-5.6448e-03
-5.6458e-03
-5.6469e-03
-5.6479e-03
-5.1046e-03
-4.3629e-03
-3.6216e-03
-2.8800e-03
-2.1386e-03
-1.3970e-03
-6.5563e-04
8.5999e-05
8.2737e-04
1.5687e-03
1.8847e-03
1.8837e-03
1.8826e-03
1.8816e-03
1.8806e-03
1.8796e-03
1.8786e-03
1.8776e-03
1.8766e-03
1.8756e-03
1.8746e-03
1.8736e-03
1.8726e-03
1.8716e-03
1.8706e-03
1.8696e-03
1.8686e-03
1.8676e-03
1.8666e-03
1.1629e-03
4.1923e-04
-3.2414e-04
-6.5201e-04
-6.5299e-04
-1.2972e-03
-2.0409e-03
-2.7843e-03
-3.1716e-03
-3.1726e-03
-3.7578e-03
-4.5013e-03
-5.2446e-03
-5.6912e-03
-5.6922e-03
-5.6932e-03
-5.6942e-03
-5.6952e-03
-5.6962e-03
-5.6972e-03
-5.2328e-03
-4.4914e-03
-3.7497e-03
-3.1865e-03
-3.1875e-03
-2.7826e-03
-2.0409e-03
-1.9331e-03
-1.8151e-03
-1.0737e-03
-6.7868e-04
-6.7964e-04
-6.8061e-04
-6.8157e-04
-6.8254e-04
-6.8350e-04
-6.8446e-04
-6.8543e-04
-6.8640e-04
5.5018e-05
3.4129e-04
-4.0204e-04
-6.9021e-04
-6.9116e-04
-6.9211e-04
-6.9307e-04
-6.9401e-04
-1.0909e-03
-1.8342e-03
-2.5779e-03
-3.2124e-03
-3.2134e-03
-3.5508e-03
-4.2944e-03
-5.0377e-03
-5.7318e-03
-5.7327e-03
-5.7337e-03
-5.7346e-03
-6.2403e-03
-6.9839e-03
-7.7272e-03
-8.2530e-03
-8.2540e-03
-8.2549e-03
-8.2559e-03
-8.2568e-03
-8.2578e-03
-8.2587e-03
-8.2598e-03
-8.2607e-03
-8.2615e-03
-8.2625e-03
-8.2634e-03
-7.9375e-03
-7.1960e-03
-6.4543e-03
-5.7128e-03
-4.9711e-03
-4.2296e-03
-3.4882e-03
-2.7464e-03
-2.0050e-03
-5.4037e-04
5.2765e-04
5.2677e-04
9.6146e-04
1.7029e-03
2.4447e-03
3.1862e-03
3.9279e-03
4.2932e-03
4.2923e-03
4.2915e-03
4.2905e-03
4.2896e-03
4.2887e-03
4.2879e-03
4.2870e-03
4.2861e-03
4.2852e-03
4.2843e-03
4.2834e-03
4.2825e-03
4.2816e-03
4.2807e-03
4.2798e-03
4.2789e-03
4.2781e-03
4.2772e-03
4.2763e-03
4.1369e-03
3.3937e-03
2.6501e-03
1.9069e-03
1.1634e-03
4.2012e-04
-3.2342e-04
-1.0667e-03
-1.8102e-03
-2.5534e-03
-3.2967e-03
-4.0402e-03
-4.7835e-03
-5.5270e-03
-5.7953e-03
-5.7961e-03
-6.4997e-03
-7.2432e-03
-7.9865e-03
-8.3142e-03
-8.3151e-03
-8.3159e-03
-8.3168e-03
-8.3177e-03
-8.3185e-03
-8.3194e-03
-8.3202e-03
-8.3211e-03
-8.3219e-03
-8.3228e-03
-8.3236e-03
-8.3245e-03
-8.3253e-03
-8.3262e-03
-8.0894e-03
-7.3479e-03
-6.6060e-03
-5.8645e-03
-5.8158e-03
-5.6385e-03
-4.8966e-03
-4.1551e-03
-3.4133e-03
-2.6718e-03
-1.9302e-03
-1.1884e-03
-7.9322e-04
-7.9406e-04
-7.9487e-04
-7.9571e-04
-7.9652e-04
-7.9735e-04
-7.9816e-04
-7.9900e-04
-7.9981e-04
6.8410e-04
1.7132e-03
1.7123e-03
1.7116e-03
1.7107e-03
1.7099e-03
1.7091e-03
1.7083e-03
2.1035e-03
2.8450e-03
3.5869e-03
4.2197e-03
4.2189e-03
4.2181e-03
4.2173e-03
4.2165e-03
4.2157e-03
4.2149e-03
4.2141e-03
4.2134e-03
4.2126e-03
4.2118e-03
4.2110e-03
4.2102e-03
4.2094e-03
4.2086e-03
4.2079e-03
4.2071e-03
3.8891e-03
2.4036e-03
1.6901e-03
1.6894e-03
1.0748e-03
3.3137e-04
-4.1178e-04
-1.1552e-03
-1.8984e-03
-2.6418e-03
-3.3453e-03
-3.3461e-03
-3.3468e-03
-3.3476e-03
-3.8435e-03
-4.5866e-03
-4.6072e-03
-4.4001e-03
-3.6585e-03
-3.3522e-03
-3.3530e-03
-3.3537e-03
-3.3545e-03
-3.3552e-03
-3.3560e-03
-3.3567e-03
-2.7536e-03
-2.0120e-03
-1.2701e-03
-8.4509e-04
-8.4584e-04
-8.4657e-04
-8.4732e-04
-8.4805e-04
-8.4879e-04
-8.4953e-04
-8.5027e-04
-8.5100e-04
-8.5173e-04
-8.5246e-04
-8.5320e-04
-8.5392e-04
-8.5465e-04
-8.5537e-04
-8.5610e-04
-8.5682e-04
-8.5755e-04
-8.5826e-04
-8.5899e-04
-8.5970e-04
-8.6042e-04
-8.6113e-04
-8.6185e-04
-1.3970e-03
-2.1206e-03
-2.1213e-03
-2.3695e-03
-3.1129e-03
-3.3807e-03
-3.3814e-03
-3.3822e-03
-3.3828e-03
-3.3836e-03
-3.3843e-03
-3.3850e-03
-3.3857e-03
-3.3864e-03
-3.3871e-03
-3.0315e-03
-2.2895e-03
-1.5478e-03
-8.0583e-04
-6.4165e-05
6.7782e-04
1.4195e-03
2.1615e-03
2.8933e-03
2.8926e-03
3.1295e-03
3.8712e-03
4.6132e-03
5.3549e-03
6.0969e-03
6.6605e-03
6.6598e-03
6.6591e-03
6.6585e-03
6.6578e-03
6.6572e-03
6.6565e-03
6.6558e-03
6.6552e-03
6.6545e-03
6.5947e-03
5.8514e-03
5.1083e-03
4.3650e-03
4.1366e-03
4.1360e-03
4.1354e-03
4.1347e-03
4.1340e-03
4.1334e-03
4.1328e-03
2.7663e-03
1.6169e-03
1.6162e-03
1.6156e-03
1.6149e-03
1.6143e-03
1.3962e-03
-8.9227e-05
-9.0221e-04
-9.0284e-04
-9.0348e-04
-9.0411e-04
-9.0475e-04
-9.0537e-04
-9.0600e-04
-9.0663e-04
-9.0726e-04
-9.0788e-04
-6.9070e-04
5.1345e-05
7.9309e-04
1.5351e-03
1.6036e-03
1.6030e-03
1.6024e-03
1.6018e-03
1.6012e-03
1.6006e-03
1.6000e-03
1.5994e-03
1.9257e-03
2.6674e-03
2.3006e-03
1.5970e-03
1.5964e-03
1.5958e-03
1.5952e-03
1.5946e-03
1.5940e-03
1.5934e-03
1.5928e-03
1.5923e-03
1.5917e-03
1.5911e-03
1.5905e-03
1.5899e-03
1.5893e-03
1.5888e-03
1.5882e-03
1.5876e-03
1.5870e-03
1.5865e-03
1.5859e-03
1.5853e-03
1.5848e-03
1.5842e-03
1.5836e-03
1.5831e-03
1.5825e-03
1.5820e-03
1.5814e-03
1.5808e-03
1.5803e-03
1.5797e-03
1.5792e-03
1.5786e-03
9.2491e-04
1.8170e-04
-5.6123e-04
-9.3821e-04
-9.3876e-04
-9.3931e-04
-9.3985e-04
-9.4040e-04
-9.4094e-04
-9.4148e-04
-9.4203e-04
-9.4256e-04
-9.4310e-04
-9.4363e-04
-9.4418e-04
5.8410e-06
1.4901e-03
1.5689e-03
1.5683e-03
1.5678e-03
1.5673e-03
1.5668e-03
1.5662e-03
1.5657e-03
1.5652e-03
1.5647e-03
1.5642e-03
1.5637e-03
1.6325e-03
2.3744e-03
3.1165e-03
3.8584e-03
4.0757e-03
4.0752e-03
4.0747e-03
4.0742e-03
4.0737e-03
4.0732e-03
4.0727e-03
4.0722e-03
3.7154e-03
2.2302e-03
1.5562e-03
1.5557e-03
1.5552e-03
1.5547e-03
1.5542e-03
1.5537e-03
1.5532e-03
1.5527e-03
1.5523e-03
1.5518e-03
1.5513e-03
1.5508e-03
1.5503e-03
1.5499e-03
3.0341e-03
4.0635e-03
4.0631e-03
4.0626e-03
4.0621e-03
4.0617e-03
4.0612e-03
4.0607e-03
4.8518e-03
6.3370e-03
6.5740e-03
6.5735e-03
6.5731e-03
6.5726e-03
6.5722e-03
6.5718e-03
6.5713e-03
6.5709e-03
6.0159e-03
4.5307e-03
4.0550e-03
4.0545e-03
4.0541e-03
3.6180e-03
2.1323e-03
1.5382e-03
1.5377e-03
8.6402e-04
1.2123e-04
-6.2187e-04
-9.7861e-04
-9.7905e-04
-2.2070e-03
-3.4945e-03
-3.4950e-03
-3.8220e-03
-4.5650e-03
-5.3078e-03
-6.0113e-03
-6.0117e-03
-6.0121e-03
-6.0125e-03
-6.0129e-03
-6.0133e-03
-6.0138e-03
-6.0142e-03
-6.0146e-03
-6.0150e-03
-6.0154e-03
-6.0158e-03
-6.0162e-03
-6.0166e-03
-5.6409e-03
-4.8989e-03
-4.7605e-03
-4.6720e-03
-3.9297e-03
-3.1877e-03
-2.4458e-03
-1.7035e-03
-9.9095e-04
-9.9133e-04
-9.9172e-04
-9.9210e-04
-5.0759e-04
2.3471e-04
9.7669e-04
1.7187e-03
2.4612e-03
3.2033e-03
3.9456e-03
4.0341e-03
4.1725e-03
4.9146e-03
5.6569e-03
6.3989e-03
6.5469e-03
6.5466e-03
6.5463e-03
6.2389e-03
5.4962e-03
4.7532e-03
4.0303e-03
4.0299e-03
4.0295e-03
4.0292e-03
3.0783e-03
1.5932e-03
1.5136e-03
1.3251e-03
5.8216e-04
-1.6057e-04
-9.0328e-04
-1.0028e-03
-1.0031e-03
-1.0034e-03
-1.7164e-03
-3.2021e-03
-3.5191e-03
-3.5194e-03
-3.5197e-03
-3.5201e-03
-3.5204e-03
-3.5207e-03
-3.5210e-03
-3.5214e-03
-3.5217e-03
-3.5220e-03
-3.5223e-03
-3.5226e-03
-3.5230e-03
-3.5233e-03
-3.5236e-03
-3.5239e-03
-3.5242e-03
-2.8909e-03
-2.1489e-03
-1.4068e-03
-1.0108e-03
-1.0111e-03
-1.0114e-03
-1.0117e-03
-1.0120e-03
-1.0123e-03
-1.0126e-03
-1.0129e-03
-1.0132e-03
-2.7111e-04
2.4353e-04
2.4326e-04
2.4298e-04
2.4270e-04
-4.4075e-04
-1.0152e-03
-1.0155e-03
-1.0157e-03
-1.0160e-03
-1.0163e-03
-1.0166e-03
-1.0168e-03
-1.0171e-03
-1.0174e-03
-1.0176e-03
-1.0179e-03
-1.0182e-03
-1.0184e-03
-1.0187e-03
-1.5240e-03
-2.2666e-03
-2.2768e-03
-2.4948e-03
-3.2375e-03
-3.0893e-03
-2.3472e-03
-1.6048e-03
-1.0210e-03
-1.0213e-03
-1.0215e-03
-1.0218e-03
-1.0220e-03
-1.0222e-03
-1.0225e-03
-3.6959e-04
1.1155e-03
1.4914e-03
1.4912e-03
1.4909e-03
1.4907e-03
1.4905e-03
1.9851e-03
2.7275e-03
3.4696e-03
4.0042e-03
4.0040e-03
4.4394e-03
5.1815e-03
5.9237e-03
6.5177e-03
6.5175e-03
5.7650e-03
4.2801e-03
4.0023e-03
4.0021e-03
4.0018e-03
4.0016e-03
4.0014e-03
4.0012e-03
3.9421e-03
2.4563e-03
1.4860e-03
1.4858e-03
1.4856e-03
1.4854e-03
7.7233e-04
2.9758e-05
-7.1310e-04
-1.0300e-03
-1.0302e-03
-1.0303e-03
-1.0305e-03
-1.0307e-03
-1.7634e-03
-3.2489e-03
-3.5459e-03
-3.3875e-03
-1.9029e-03
-1.0318e-03
-1.0320e-03
-1.0322e-03
-1.0324e-03
-1.0325e-03
-1.0327e-03
-1.0329e-03
-8.2493e-05
1.4021e-03
1.4812e-03
1.4811e-03
1.4809e-03
1.8965e-03
2.6388e-03
3.3813e-03
3.9949e-03
3.9948e-03
3.9946e-03
3.9945e-03
3.9943e-03
3.9942e-03
3.9940e-03
3.9939e-03
3.9937e-03
3.9936e-03
3.9935e-03
3.9933e-03
3.7558e-03
3.0131e-03
2.2705e-03
1.5277e-03
1.4780e-03
1.2998e-03
5.5725e-04
-1.8553e-04
-9.2804e-04
-1.0372e-03
-1.0373e-03
-1.0375e-03
-1.7304e-03
-3.2153e-03
-3.5525e-03
-3.5526e-03
-3.5527e-03
-3.5528e-03
-3.5529e-03
-3.5531e-03
-3.5532e-03
-3.5533e-03
-3.5534e-03
-3.5535e-03
-3.5536e-03
-3.5538e-03
-2.8707e-03
-2.1284e-03
-1.3858e-03
-1.0395e-03
-1.0396e-03
-4.1605e-04
3.2652e-04
1.0688e-03
1.4746e-03
1.4745e-03
1.4744e-03
1.4743e-03
1.4743e-03
1.4742e-03
1.4741e-03
2.4840e-03
3.9687e-03
3.2560e-03
2.5133e-03
1.7708e-03
1.4736e-03
1.4736e-03
1.4735e-03
1.4734e-03
1.4734e-03
1.4733e-03
1.4732e-03
1.4732e-03
1.4731e-03
1.4730e-03
8.1984e-04
-6.6554e-04
-1.0418e-03
-1.0418e-03
-1.0419e-03
-1.0419e-03
-1.0420e-03
-1.0421e-03
-1.0421e-03
-1.0422e-03
-1.0422e-03
-1.0423e-03
-1.0423e-03
-1.0424e-03
-1.0424e-03
-1.0424e-03
-1.0425e-03
-1.0425e-03
-1.0426e-03
-1.0426e-03
-1.0426e-03
-1.0427e-03
-7.2578e-04
1.6561e-05
7.5920e-04
1.4718e-03
1.4718e-03
1.4718e-03
1.4717e-03
1.4717e-03
1.4717e-03
1.4717e-03
1.4717e-03
1.4717e-03
1.4716e-03
1.4716e-03
8.1817e-04
2.1429e-04
2.1427e-04
2.1426e-04
2.1426e-04
-3.7970e-04
-1.0431e-03
-1.0431e-03
-1.0431e-03
-1.0431e-03
-1.0431e-03
-1.0431e-03
-1.0431e-03
-1.0431e-03
-1.0431e-03
-1.0431e-03
-1.0431e-03
-1.0431e-03
-1.0430e-03
-1.0430e-03
-1.0430e-03
-1.0430e-03
-1.0430e-03
-1.0430e-03
-1.0430e-03
-1.0429e-03
-1.0429e-03
-1.0429e-03
-1.0429e-03
-1.0429e-03
-1.0428e-03
-1.0428e-03
6.3185e-06
1.4718e-03
1.4719e-03
1.4719e-03
1.4719e-03
1.4720e-03
1.4720e-03
1.4721e-03
1.4721e-03
1.4721e-03
1.4722e-03
1.4722e-03
1.4723e-03
1.4723e-03
1.4724e-03
1.4724e-03
1.4725e-03
1.4725e-03
1.4726e-03
1.4726e-03
8.9827e-04
-5.8642e-04
-1.0418e-03
-1.0418e-03
-1.0417e-03
-1.0417e-03
-1.0416e-03
-1.0415e-03
-1.0415e-03
-1.0414e-03
-1.0414e-03
-1.0413e-03
-1.0412e-03
-1.0411e-03
-1.0411e-03
-1.0410e-03
-1.0409e-03
-1.3773e-03
-2.1199e-03
-2.8622e-03
-3.4561e-03
-1.9713e-03
-1.0405e-03
-1.0404e-03
-1.0403e-03
-1.0402e-03
-1.0401e-03
-1.0401e-03
-1.0400e-03
-1.4882e-04
1.3360e-03
1.4749e-03
1.4750e-03
1.4751e-03
1.4752e-03
1.4753e-03
1.4754e-03
1.4755e-03
1.4756e-03
1.4757e-03
1.4759e-03
1.4760e-03
1.4367e-03
6.9415e-04
-4.8124e-05
-7.9067e-04
-1.0381e-03
-1.0380e-03
-1.0379e-03
-1.0378e-03
-1.0377e-03
-1.0376e-03
-1.0374e-03
-1.0373e-03
-1.0372e-03
-1.0371e-03
-1.0370e-03
-1.0368e-03
-4.3286e-04
3.0993e-04
1.0524e-03
1.1613e-03
4.1909e-04
7.6591e-04
1.4489e-03
7.0671e-04
4.7911e-04
1.2216e-03
9.9405e-04
2.5182e-04
2.2221e-04
2.4374e-05
-7.1815e-04
-1.0347e-03
-1.0345e-03
2.7247e-04
1.4804e-03
1.4805e-03
1.4807e-03
1.4808e-03
1.4810e-03
1.4811e-03
1.4813e-03
1.4815e-03
1.4816e-03
1.4818e-03
1.4819e-03
1.4821e-03
1.2347e-03
4.9252e-04
2.2529e-04
2.2546e-04
2.2562e-04
3.7729e-05
-7.0448e-04
-1.0312e-03
-1.0310e-03
-1.0308e-03
-1.0307e-03
-1.0305e-03
-1.0303e-03
-1.0301e-03
-1.0300e-03
-1.0298e-03
-1.0296e-03
-1.0294e-03
-1.0292e-03
-1.0291e-03
-1.0289e-03
-1.0287e-03
-1.0285e-03
-1.0283e-03
-1.0281e-03
-1.0279e-03
-1.0277e-03
-8.4940e-04
-1.0655e-04
2.3014e-04
2.3033e-04
8.6414e-04
1.4880e-03
1.4883e-03
1.4885e-03
1.4887e-03
1.4889e-03
1.4891e-03
1.4893e-03
1.4895e-03
1.4897e-03
1.4899e-03
1.4901e-03
1.4903e-03
1.4906e-03
1.4908e-03
1.4910e-03
1.4912e-03
1.2510e-04
-1.0229e-03
-1.0227e-03
-1.0225e-03
-1.0223e-03
-1.0221e-03
-1.0219e-03
-1.0216e-03
-1.0214e-03
-1.0212e-03
-2.1494e-03
-3.5353e-03
-3.5351e-03
-3.5349e-03
-3.5346e-03
-3.5344e-03
-3.5342e-03
-3.5340e-03
-3.5337e-03
-3.5335e-03
-3.0880e-03
-2.3451e-03
-1.6025e-03
-1.0179e-03
-1.0177e-03
-1.0174e-03
-1.0172e-03
-1.0169e-03
-8.1899e-04
6.6600e-04
1.4984e-03
1.4987e-03
1.4990e-03
1.4992e-03
1.4995e-03
1.4997e-03
1.5000e-03
1.5003e-03
1.5005e-03
1.5008e-03
1.5010e-03
1.5013e-03
1.5016e-03
1.5019e-03
1.7543e-04
-1.0122e-03
-1.0120e-03
-1.0117e-03
-1.0114e-03
-1.0111e-03
-1.0109e-03
-1.0106e-03
-1.0103e-03
-1.0100e-03
-2.0985e-03
-3.5241e-03
-3.5238e-03
-3.5236e-03
-3.5233e-03
-3.5230e-03
-3.5227e-03
-3.5224e-03
-3.7201e-03
-4.4622e-03
-5.2046e-03
-5.9467e-03
-6.0356e-03
-6.0353e-03
-6.0350e-03
-6.0348e-03
-6.0345e-03
-6.0342e-03
-5.8759e-03
-4.3903e-03
-3.5187e-03
-3.5184e-03
-3.5181e-03
-3.5178e-03
-3.5175e-03
-3.5172e-03
-3.5169e-03
-3.5166e-03
-3.5163e-03
-3.5160e-03
-3.5157e-03
-3.5153e-03
-3.5150e-03
-3.5147e-03
-3.5144e-03
-3.5141e-03
-3.5138e-03
-3.5135e-03
-3.5132e-03
-2.3445e-03
-9.9793e-04
-9.9760e-04
-9.9727e-04
-9.9696e-04
-9.9662e-04
-9.9630e-04
-9.9597e-04
-9.9565e-04
-9.9531e-04
-9.9499e-04
-9.9466e-04
-9.9433e-04
-9.9399e-04
-9.9366e-04
-9.9333e-04
-9.9300e-04
-9.9266e-04
-9.9233e-04
-9.9199e-04
-9.9165e-04
-9.9131e-04
-9.9097e-04
-9.9063e-04
-9.9029e-04
-9.8994e-04
-9.8960e-04
-9.8925e-04
-9.8891e-04
-9.8856e-04
-9.8821e-04
-9.8785e-04
-1.4429e-03
-2.1850e-03
-2.9273e-03
-3.5011e-03
-3.5007e-03
-3.5004e-03
-3.5000e-03
-3.4997e-03
-3.4993e-03
-3.4989e-03
-3.8351e-03
-4.5774e-03
-4.1910e-03
-3.4975e-03
-3.4972e-03
-3.4968e-03
-3.4964e-03
-3.4961e-03
-3.4957e-03
-3.4953e-03
-3.4950e-03
-3.4946e-03
-3.4942e-03
-3.4939e-03
-3.4935e-03
-3.4931e-03
-3.4928e-03
-3.1063e-03
-2.3636e-03
-1.6207e-03
-9.7666e-04
-9.7626e-04
-9.7589e-04
-9.7550e-04
-9.7512e-04
-9.7474e-04
-9.7436e-04
-9.7397e-04
-9.7359e-04
-9.7319e-04
-9.7281e-04
-9.7242e-04
-9.7204e-04
-9.7164e-04
-1.0002e-04
1.3851e-03
1.5441e-03
1.3961e-03
6.5387e-04
6.6418e-04
1.4072e-03
1.5461e-03
1.5465e-03
1.5469e-03
9.1402e-04
-5.7089e-04
-9.6647e-04
-9.6606e-04
-9.6567e-04
-9.6526e-04
-9.6486e-04
-9.6445e-04
-9.6405e-04
-9.6364e-04
-9.6324e-04
-9.6283e-04
-1.1102e-04
1.3742e-03
1.5530e-03
1.5534e-03
1.5538e-03
1.5543e-03
1.5547e-03
1.5551e-03
1.5555e-03
1.5559e-03
1.5564e-03
1.5568e-03
1.5572e-03
1.5576e-03
1.5580e-03
1.5585e-03
1.5589e-03
2.0343e-03
2.7774e-03
2.8175e-03
2.6301e-03
1.8879e-03
1.5615e-03
1.5619e-03
1.5623e-03
1.5628e-03
1.5632e-03
1.5636e-03
1.5641e-03
1.5645e-03
1.5649e-03
1.5654e-03
1.5658e-03
1.5663e-03
1.5667e-03
1.5671e-03
1.5676e-03
1.0928e-03
-3.9154e-04
-1.0732e-03
-1.0658e-03
-1.0584e-03
-1.0509e-03
-1.0433e-03
-1.0356e-03
-1.0278e-03
-1.0200e-03
-1.0120e-03
-1.0040e-03
-9.9586e-04
-9.8766e-04
-9.7937e-04
-9.7100e-04
-9.6254e-04
-9.5401e-04
-9.4539e-04
-9.3669e-04
-9.2791e-04
-9.1906e-04
-9.1011e-04
-9.0110e-04
-4.3849e-04
3.0911e-04
1.0556e-03
1.6339e-03
1.6401e-03
1.6462e-03
1.6520e-03
1.6578e-03
1.7713e-03
2.5130e-03
3.2533e-03
3.9916e-03
4.1696e-03
4.1702e-03
4.1704e-03
4.1702e-03
4.1697e-03
4.1688e-03
4.1676e-03
4.1659e-03
4.1640e-03
4.1616e-03
4.1589e-03
4.1558e-03
4.1524e-03
4.1486e-03
4.1444e-03
4.1399e-03
4.1350e-03
4.1298e-03
4.1242e-03
4.1182e-03
3.4733e-03
2.0191e-03
1.6507e-03
1.6498e-03
1.6489e-03
1.6478e-03
1.6465e-03
6.8388e-04
-7.5490e-04
-7.8797e-04
-7.8245e-04
-7.7684e-04
-1.6128e-03
-3.0373e-03
-3.1772e-03
-3.1635e-03
-3.1495e-03
-3.1353e-03
-3.1207e-03
-3.1059e-03
-3.0909e-03
-3.0755e-03
-3.0599e-03
-3.0440e-03
-3.0279e-03
-3.0115e-03
-2.9948e-03
-2.9779e-03
-2.9608e-03
-2.0247e-03
-6.0546e-04
-5.4049e-04
-5.3188e-04
-5.2322e-04
-5.1451e-04
-5.0576e-04
-4.9695e-04
-2.2853e-04
1.1686e-03
1.8739e-03
1.8726e-03
1.8711e-03
1.8695e-03
1.8677e-03
1.8658e-03
1.8638e-03
1.8616e-03
1.8592e-03
1.8567e-03
1.8541e-03
1.8513e-03
1.8484e-03
1.8453e-03
3.1275e-03
4.1295e-03
4.1143e-03
3.3424e-03
1.9818e-03
1.7974e-03
1.7930e-03
1.7885e-03
1.7839e-03
1.7791e-03
1.7742e-03
1.6447e-03
3.1140e-04
-4.8179e-04
-4.7443e-04
-4.6704e-04
-4.5960e-04
-4.5212e-04
-4.4460e-04
-4.3704e-04
-4.2944e-04
-4.2180e-04
-4.1413e-04
-4.0642e-04
-3.9867e-04
3.1722e-04
1.6130e-03
1.7977e-03
1.7915e-03
1.7852e-03
1.7788e-03
1.7723e-03
1.7656e-03
1.7588e-03
1.7519e-03
1.7448e-03
1.7376e-03
1.7303e-03
1.7229e-03
1.7153e-03
1.7077e-03
1.6999e-03
1.6919e-03
1.6839e-03
1.6758e-03
1.6675e-03
1.6591e-03
1.6506e-03
1.6419e-03
1.6332e-03
1.6243e-03
1.6154e-03
1.0549e-03
-1.6336e-04
-4.4987e-04
-4.4321e-04
-4.3651e-04
-4.2977e-04
-4.2301e-04
-4.1622e-04
-4.0940e-04
-4.0255e-04
-3.9568e-04
-3.8878e-04
-3.8185e-04
-3.7490e-04
-3.6793e-04
-3.6093e-04
-3.5390e-04
-3.4686e-04
-3.3979e-04
-3.3270e-04
-3.2559e-04
-3.1846e-04
-3.1132e-04
-3.0415e-04
-2.9697e-04
-2.8977e-04
-2.8256e-04
-2.7533e-04
-2.6808e-04
-2.6082e-04
-2.5355e-04
-2.4626e-04
-2.3896e-04
-2.3165e-04
-2.2433e-04
-2.1700e-04
-2.0966e-04
-2.0231e-04
-1.9496e-04
-1.8759e-04
-1.8023e-04
-1.7285e-04
-1.6547e-04
-1.5809e-04
-1.5070e-04
-1.4331e-04
-1.3592e-04
-1.2852e-04
-1.2113e-04
-1.1373e-04
-1.0635e-04
-9.8951e-05
-9.1566e-05
-8.4177e-05
-7.6799e-05
-6.9420e-05
5.2403e-04
1.5443e-03
1.6559e-03
1.6441e-03
1.6321e-03
1.6201e-03
1.6080e-03
1.5958e-03
1.5835e-03
1.5712e-03
1.9660e-03
2.9298e-03
3.1745e-03
3.1423e-03
3.1099e-03
3.0773e-03
3.0447e-03
3.0119e-03
2.9789e-03
2.9458e-03
2.9126e-03
2.8793e-03
2.8459e-03
2.8123e-03
2.7787e-03
2.7449e-03
2.7110e-03
2.6770e-03
2.6429e-03
2.6087e-03
2.5744e-03
2.5401e-03
2.5056e-03
2.4711e-03
2.4365e-03
2.4018e-03
2.3670e-03
2.0507e-03
1.1444e-03
7.9977e-04
7.8503e-04
7.7027e-04
7.5551e-04
7.4072e-04
2.6049e-04
-5.9506e-04
-7.1515e-04
-7.0958e-04
-7.0399e-04
-6.9839e-04
-6.9275e-04
-1.3237e-03
-2.0626e-03
-2.0365e-03
-2.0103e-03
-1.9841e-03
-1.9578e-03
-1.9315e-03
-1.9052e-03
-1.8789e-03
-1.8525e-03
-1.8262e-03
-1.7998e-03
-1.7734e-03
-1.8343e-03
-2.1898e-03
-2.1308e-03
-1.7178e-03
-1.6301e-03
-1.6036e-03
-1.5772e-03
-1.5508e-03
-1.5244e-03
-9.3967e-04
-2.4107e-04
-2.3525e-04
-2.2944e-04
-2.2363e-04
-2.1783e-04
-2.1203e-04
4.8921e-04
9.7748e-04
9.6210e-04
9.4668e-04
9.3120e-04
9.1567e-04
9.0011e-04
8.8451e-04
1.0427e-03
1.3558e-03
1.6601e-03
1.9120e-03
1.8748e-03
1.8375e-03
1.8003e-03
1.7630e-03
1.7257e-03
1.6884e-03
1.6511e-03
1.6139e-03
1.5766e-03
1.5394e-03
9.1722e-04
4.6310e-04
4.4759e-04
4.3210e-04
4.1664e-04
4.0122e-04
3.8583e-04
3.7048e-04
3.5518e-04
3.3992e-04
-1.2323e-04
-6.0836e-04
-6.0214e-04
-5.9593e-04
-5.8973e-04
-5.8354e-04
-5.7735e-04
-5.7118e-04
-5.6501e-04
-5.5886e-04
-5.5272e-04
-5.4660e-04
-5.4049e-04
-5.3439e-04
-5.2831e-04
-5.2225e-04
-5.1621e-04
-5.1018e-04
-5.0418e-04
-4.9819e-04
-2.7093e-04
1.7230e-04
2.4804e-04
2.3391e-04
2.1988e-04
2.0594e-04
1.9210e-04
3.2707e-04
5.1319e-04
6.9119e-04
7.9488e-04
7.6230e-04
7.2997e-04
6.9790e-04
6.6609e-04
6.3454e-04
6.0326e-04
5.7226e-04
5.4153e-04
5.1109e-04
4.8093e-04
4.5107e-04
4.2150e-04
3.9223e-04
2.3341e-04
4.6093e-05
-1.3335e-04
-2.4187e-04
-2.5225e-04
-2.6247e-04
-2.7255e-04
-2.8246e-04
-2.9222e-04
-3.0183e-04
-4.8952e-04
-7.7295e-04
-7.8479e-04
-7.7759e-04
-7.7040e-04
-7.6323e-04
-7.5607e-04
-7.4894e-04
-7.4182e-04
-7.3472e-04
-7.2764e-04
-7.2058e-04
-7.1354e-04
-7.0652e-04
-6.9953e-04
-6.9255e-04
-6.8560e-04
-6.7867e-04
-6.7176e-04
-6.6488e-04
-6.5802e-04
-6.5119e-04
-6.4438e-04
-6.3759e-04
-6.3083e-04
-6.2410e-04
-6.1739e-04
-6.1071e-04
-6.0406e-04
-5.9743e-04
-5.9083e-04
-5.8426e-04
-5.7772e-04
-5.7120e-04
-5.6471e-04
-5.5323e-04
-4.7330e-04
-4.2521e-04
-4.2437e-04
-3.7646e-04
-3.1007e-04
-3.1342e-04
-3.1753e-04
-3.2148e-04
-3.2527e-04
-3.2890e-04
-3.3237e-04
-3.3568e-04
-3.3884e-04
-3.1325e-04
-2.6387e-04
-2.6157e-04
-2.6858e-04
-2.7534e-04
-2.6047e-04
-2.2043e-04
-2.1833e-04
-2.2824e-04
-2.3782e-04
-2.4706e-04
-2.5598e-04
-2.6456e-04
-2.7283e-04
-2.8077e-04
-2.8838e-04
-2.9568e-04
-3.2339e-04
-3.6321e-04
-3.9976e-04
-4.2669e-04
-4.2592e-04
-4.2500e-04
-4.2394e-04
-4.2274e-04
-4.2140e-04
-4.1992e-04
-4.4074e-04
-4.8855e-04
-4.9520e-04
-4.8779e-04
-4.8040e-04
-4.7302e-04
-4.6567e-04
-4.5834e-04
-4.5102e-04
-4.4372e-04
-4.3645e-04
-4.2919e-04
-4.2195e-04
-4.1473e-04
-4.2202e-04
-4.2373e-04
-3.9949e-04
-3.8431e-04
-3.7720e-04
-3.7012e-04
-3.6305e-04
-3.5600e-04
-3.4897e-04
-3.4196e-04
-3.3496e-04
-3.2799e-04
-3.2103e-04
-3.1409e-04
-3.0717e-04
-3.0026e-04
-2.9338e-04
-2.8651e-04
-2.7965e-04
-2.7282e-04
-2.6600e-04
-2.5920e-04
-2.5241e-04
-2.4565e-04
-2.3890e-04
-2.3216e-04
-2.2544e-04
-2.1874e-04
-2.1205e-04
-2.0538e-04
-1.9873e-04
-1.9209e-04
-1.9116e-04
-1.9146e-04
-1.8345e-04
-1.7554e-04
-1.6770e-04
-1.5995e-04
-1.5228e-04
-1.4469e-04
-1.3718e-04
-1.2975e-04
-1.2239e-04
-1.1510e-04
-1.0788e-04
-1.0073e-04
-9.3648e-05
-8.6631e-05
-7.9679e-05
-7.1709e-05
-6.3737e-05
-5.6094e-05
-4.9185e-05
-4.3086e-05
-3.7002e-05
-3.0931e-05
-2.4061e-05
-1.7404e-05
-1.0936e-05
-5.0230e-06
6.1985e-07
6.2801e-06
1.1957e-05
1.7648e-05
2.3353e-05
2.9071e-05
3.4800e-05
4.0582e-05
4.6579e-05
5.2396e-05
5.8074e-05
6.3631e-05
6.9222e-05
7.5007e-05
8.0796e-05
8.6586e-05
9.2378e-05
9.8170e-05
1.0396e-04
1.0975e-04
1.1554e-04
1.2132e-04
1.2710e-04
1.3288e-04
1.3865e-04
1.4441e-04
1.5017e-04
1.5591e-04
1.6165e-04
1.6738e-04
1.7311e-04
1.7882e-04
1.8452e-04
1.9022e-04
1.9590e-04
2.0157e-04
2.0722e-04
2.1287e-04
2.1849e-04
2.2411e-04
2.2970e-04
2.3529e-04
2.4086e-04
2.4641e-04
2.5195e-04
